(-0.10744104583984611+2.7755575615628914e-17j)
-2.133714978636136905e+00 -3.201092416826206710e-01 4.757968105814950333e-01 -6.476446643749979026e-01 9.600908639819022428e-03 -1.436466243113873331e-01 -1.210203567837903338e-01
1.571609548506802900e+00 5.441870369904883153e-01 -1.076789117586552935e+00 -1.645800481073517174e-02 5.419996623107364853e-02 -2.824244278331403124e-02 -2.116500926050625397e-01
-1.235242511644220942e+00 5.065675337471878814e-01 9.296004550785672005e-02 -9.647738375306627590e-02 -3.213111779878531360e-01 -8.498904810058097170e-02 -8.040518182011333059e-02
-4.381110587416274793e-01 -7.631226677005495951e-01 -8.556565955993843398e-01 -9.632564388357095497e-02 -7.698761168469744898e-02 -1.149135136094242837e-01 -5.672069223524536796e-02
-8.537595610932686707e-01 4.871273594399333495e-01 -1.776487326787273002e-01 -4.240822383383967553e-01 -2.614517647249078314e-01 -2.081346399564446281e-01 -1.356189258120212016e-01
1.209597389527486522e+00 -2.226844071046380602e+00 2.223939244347374333e-01 -3.296371111842703039e-01 -2.237865501942959690e-01 -1.337696664192964680e-01 -1.521269771399401949e-01
-1.538823859214951684e+00 -8.788367792109212928e-01 1.243282477745563941e-01 -9.413821073812528306e-02 1.166381281364850253e-01 -1.207761368770541577e-01 -1.029191916199397594e-01
1.642828978506527315e+00 -2.677095796745256884e-01 -2.746356564877364681e-01 -3.987884603424829422e-01 -3.171696943781584510e-01 -2.303237192769781172e-01 -1.407000191134663292e-01
2.166443610581618273e+00 -2.086931975467906764e+00 -7.383148534524031081e-01 -3.513689771317715649e-02 -9.753940490809515085e-02 -1.203868438509061167e-01 -1.327813244710491503e-01
-2.315890212937502801e-01 -1.436910616238190608e+00 3.405842612804873548e-01 -2.943621581270887688e-01 7.873623835293525053e-03 -6.437740511656808717e-02 -7.698494470513722598e-02
4.223150737256735177e+00 1.686486364103130908e+00 1.370324570649138762e-01 -1.272669056869757676e-01 -4.330825187491309514e-01 -1.985950846814466819e-01 -9.396301243303659123e-02
-1.926759309826971966e+00 -4.953890623840798701e-01 -2.419894252587531658e-02 -1.655104480157640057e-01 2.395461457190864452e-02 -7.202139486707095917e-02 -1.204788429677670358e-01
1.105619734769538232e+00 -1.881469298352711261e+00 3.452051484985028673e-01 4.270887893807973068e-01 -2.677620161228784212e-01 -1.088779381834669990e-01 -1.081157028160847355e-01
9.012754958744967348e-01 -6.538872080340210058e-01 -9.379654504849823660e-01 -3.684457681442999677e-01 -1.919530051511847690e-01 -9.910243704181870283e-02 -1.501692241730187283e-01
-3.300572390992311256e-01 6.243201835480749473e-01 7.514313199178067615e-01 -5.491004026406949290e-01 -1.940904319444621551e-01 -2.245771373974772278e-01 -1.340922390602051484e-01
-1.508772976541377542e+00 1.573356333464340118e+00 -2.476537747769844977e-01 -4.194382966464380025e-02 -2.176865289929003355e-01 -1.582874370276896869e-01 -1.986608462676453246e-01
-1.636017119988974200e-01 -1.651072610874722291e-01 -4.966715194574633507e-01 2.663358387975373054e-01 -6.192320033372675225e-02 -2.923490004235709816e-02 -1.166216489192951900e-01
4.076885936195755455e-01 1.865353575488132298e+00 1.796700827400391220e-01 -2.079522154387319077e-01 7.523704766493150009e-02 3.734676720373028558e-02 -2.076057018471644533e-01
5.182293762683386484e-01 8.619846888006743590e-01 1.786798192823644549e-01 -3.558158986694389680e-01 -2.009519384928719898e-01 -9.571603439138853808e-02 -7.400135145282774052e-02
7.328063728924789633e-01 -1.297427972572291477e+00 -6.998292641917731594e-01 -2.699587671692726953e-02 -2.568449163234016730e-01 -1.855544246796012320e-01 -1.491102196966816729e-01
1.337144216064314550e+00 -6.885202522665343494e-01 7.952286015235782157e-01 -5.454127593477126057e-02 -9.415436210730521172e-02 -7.865629517029346096e-02 -9.576561802230337817e-02
1.506585671901067736e+00 3.110534013076391435e-01 -1.203317034641817607e+00 -8.909840757665182798e-03 -1.122370193528994808e-01 -1.563210497287575163e-01 3.063253801541873655e-02
2.331054232165704843e+00 -2.569798508853159413e-01 6.738906606280199441e-01 -1.158383926226889404e-01 -4.113125751938754293e-01 -2.430938411885703865e-01 -1.464351276511129119e-01
-1.842974775168830126e+00 1.258678158709018113e+00 2.761192801146453712e-01 -1.534636835469287697e-01 -1.390333750633918897e-01 -1.541636948473556201e-01 -8.845702566638102837e-02
6.922723151068393976e-01 -1.806197032396761548e+00 8.548453962596950229e-01 -2.741550076222394328e-01 9.251098532840024147e-02 -1.958162494015927568e-02 -3.148201809563888620e-02
2.888677208760229709e-01 1.744568775554848017e+00 4.697607652826933933e-01 7.791081818278042248e-02 1.643021450910254200e-01 -7.899250378494912517e-02 -1.293359589090054829e-01
1.030511925373370774e+00 6.057712015560268171e-01 -2.214732310321121667e-01 -5.273451286324482012e-02 -8.330649561413963622e-02 -1.424135215636829488e-01 -5.061752801358407328e-02
-9.204655476614644893e-01 -2.380037333117669185e+00 -1.893776092021351443e-02 4.508350003194231403e-01 -2.087602767368404166e-01 -1.412724515905751377e-01 -2.163331986996626377e-01
-6.731319033748865976e-01 -3.771745541637482324e-01 -4.201211065507286513e-01 3.513929025987810317e-01 -2.253236720507001134e-01 -2.058380136194011556e-01 -3.672902758031432180e-02
-2.024462396003444464e+00 -1.267508679292054685e+00 -1.174746479001141097e-01 -1.826727822031702086e-01 -4.021222727356491000e-02 5.233921256656004495e-05 -1.139637553091990274e-01
5.933005288736230565e-01 5.780953112155463591e-01 4.537658672185626019e-01 -7.617340104157480085e-02 -1.893779395802200616e-01 -1.378565860457790782e-01 -6.146430992696574891e-02
-8.558744806633373781e-01 -1.254177169648875489e+00 1.168764881181247328e-01 3.763886336117661102e-02 -5.005402363479274919e-02 -1.644005905686466706e-01 -1.142612705556124986e-01
4.180833096805032234e-01 -1.598668415443592172e+00 -1.059052427574988409e+00 -3.711609522151714247e-01 -1.461646750458683031e-01 -7.674274977484041305e-02 -7.907999868350232275e-02
1.150511195201055603e+00 2.150082935357565006e+00 -1.065943813109383687e+00 -1.501496331796440542e-01 1.383122106730139134e-02 -6.731348989628346824e-02 -6.621727471429358913e-02
-1.025564636821502562e+00 2.237872999882609903e+00 -1.145677601788744060e-01 1.951522019391205842e-01 1.501712457964793634e-01 -1.916061719878500713e-02 -1.384679274654254943e-01
-2.857326313655227379e-01 -1.556282383107293610e+00 5.365146038130399475e-01 2.556588686392952114e-02 9.978011185413369899e-02 -4.438544837645250207e-02 -1.080454012358962601e-01
1.121825789166839060e+00 4.400397326615397287e-01 5.506132257207499991e-01 -1.861701485603156903e-01 -1.542798130640442300e-01 -2.194310295212178741e-01 -7.893129700159551287e-02
8.202077794820751278e-01 -1.643201850944434883e-01 1.681117493681207331e-01 6.762845971696085368e-02 -1.891682457784843729e-01 -4.123165837533851463e-02 -1.825191858999039296e-01
1.729783651021399526e+00 -1.828558872326523810e+00 3.818645743132892401e-01 9.014756889346028923e-02 1.022151161858866897e-01 -3.378469956858370926e-02 -2.508960486077940755e-02
2.884331441242543370e+00 3.530265614744143576e-01 8.236182790449958491e-01 -7.111008526837192534e-02 -1.199729209730111823e-01 -1.074451146990526018e-01 -1.282425700729621643e-01
-7.833705811568801858e-01 7.643876220002046029e-01 3.026110510585716673e-01 2.324780105169745870e-01 4.100959182252672530e-03 -1.211325605172046960e-01 -1.236657092583890727e-01
7.202573572191316442e-01 -1.679504289116914073e+00 -1.501516425706828362e-01 4.555398793532464130e-02 -1.451563498616278702e-01 -8.583042601837875818e-02 -5.772548582275280338e-02
-4.956769423949750619e-01 9.442154060579817099e-01 -7.600371605883161630e-01 -1.935113121572070993e-01 5.747330589615579077e-02 -7.601866453981895311e-02 -1.631067545993633849e-01
6.171385141942925534e-01 -7.275712124649473811e-01 -9.219223906743678754e-01 3.013484079903896995e-02 -1.245693652536075391e-01 -2.013174120285543822e-01 -8.687546386197800286e-02
-4.688156423239143722e-01 -2.507388057682355065e+00 -4.980067920478246091e-01 -1.128357315070652178e-01 1.820623057081027785e-02 -1.014630884445653358e-01 -1.196198264540291600e-01
7.935402430127467266e-01 1.236909210703209139e+00 1.255549874882661010e-01 -7.153692887635884068e-01 -9.835711763180665645e-02 -1.055369070590637393e-01 -1.315604688529939115e-01
1.645228437430773072e+00 -1.033767543210182049e+00 -3.473793363083584884e-01 -2.236417651204910817e-01 -1.132304240044815780e-01 -1.575863706593443603e-01 -1.573240675841464931e-01
1.736229472213662584e-01 -4.627211606362515717e-01 8.092120874807226527e-02 3.564176363305078254e-01 4.904587056410808499e-01 -8.346910219951020338e-02 -1.498190779845764153e-01
1.545291868788901679e+00 2.942747334113375857e-01 7.575191861372797542e-01 -3.257646983497497484e-01 2.538722298780832221e-02 -5.640145551900427323e-02 -8.584395856591689467e-02
-1.822688992855962864e+00 1.223267186133134343e+00 3.481091375234689478e-01 -4.299526871947951800e-01 -1.569806870072165683e-02 -8.280876036869644352e-02 -1.020455876536474626e-02
