(-0.10744104583984611+2.7755575615628914e-17j)
1.004051216879238595e+00 8.954108394162606510e-01 1.065390135548649198e-01 -2.487735430309478135e-01 -1.059148131793700431e-01 -9.528827145291329792e-02 -9.471351193841184846e-02
1.406431850516056903e+00 -7.011473008865001244e-01 1.011362021190828353e-01 -1.476947818616413388e-01 -1.321421067519712722e-01 -1.555893849477728852e-01 -8.340864071130144053e-02
-8.813818862859370551e-01 -4.104874175088102373e-01 5.148166573052986861e-02 -1.027571910881685813e-01 -3.882786804046234330e-01 -1.280794104824825308e-01 -1.007699864546951762e-01
6.311666066132772812e-01 -2.382191003792637762e-01 3.612156839517676188e-01 7.083126731342787030e-02 -8.825405343176997985e-02 -1.322651912473302993e-01 -1.023926395032926651e-01
1.161268695736835221e+00 5.049379397728886998e-01 -1.278031837324025977e-01 -1.562656878154490558e-01 -4.316533098598618334e-02 -1.306446806034790298e-01 -6.062024285589734385e-02
-9.425038871862481127e-01 1.147676501348951605e+00 -2.398918504301262022e-01 -3.204841083957046810e-02 -8.776985045261123664e-02 -1.210518169356380735e-01 -6.604042837308818359e-02
-6.934624363822972093e-01 6.552265462397852680e-01 -4.362927959561676561e-01 -2.260511344724761285e-01 -8.306312789704933808e-02 -1.104487276648454808e-01 -1.489686767282332458e-01
-2.127913232675789246e+00 5.686060446687211112e-01 3.160650519856850194e-01 -3.256876864518303272e-01 -2.555104589956496142e-01 -1.594554900247083518e-01 -1.565449433045131011e-01
-1.687183373132488784e+00 1.155797134804734116e-02 -7.194505174728933472e-01 6.511458236007378053e-02 -2.537211988338352597e-01 -1.116824848074790821e-01 -1.008750523663586585e-01
1.658777787286732197e+00 9.695692285258542542e-01 6.745265024241153817e-01 -4.940446753739917707e-01 -2.586572405637829197e-01 -1.636815389093213835e-01 -1.491837507532345342e-02
3.360299244671417274e+00 -7.645377437029936551e-01 -4.791254173764205593e-01 -9.541290211463407389e-02 -2.737344546242177490e-01 -1.362038538418060829e-01 -1.469820164554641873e-01
-2.036009675465226820e+00 -1.125318912475768096e+00 -1.768561643139341666e-01 -2.675577550305852093e-01 -1.490947642206537360e-01 -4.916771576581918657e-02 -8.696302529294197559e-02
-1.232133059527724894e+00 -5.333672741775630222e-02 -4.297115709317033128e-01 -1.314139853397300606e-01 -8.621779625552697390e-02 -1.157717551770602038e-01 -1.141095448953024782e-01
1.995002557728828174e+00 2.832299928571671011e-01 -1.890436443414601764e-01 -2.712062654827358532e-01 6.543904865941030380e-03 -1.730997635029113690e-01 -1.057945300529056498e-01
-1.560094692583195330e+00 1.223234381901988410e+00 -3.542805178048986647e-01 3.624947724584761666e-01 -2.551004658323258178e-01 -2.186300468199681157e-02 -5.231945960796538508e-02
-2.265615879481848616e+00 1.453502797097837140e+00 2.655880416163266533e-01 -1.412150852794942513e-01 -1.983056557728409552e-01 -3.811989198016063618e-02 -1.049971001120656167e-01
3.554757951140051775e-01 4.010652482583636491e-01 3.279618621125182654e-02 -1.892665385635821929e-01 -1.936802834054182632e-02 -1.198453190268902457e-01 -9.944042137317510299e-02
-1.389851048930548894e+00 4.277345390290360205e-01 -4.162242569532794700e-01 3.357753766097630876e-01 -2.171404801610408442e-01 -1.534947473229712755e-01 -9.172847039548842618e-02
-3.225587064346045807e+00 -7.003521354715244174e-01 1.249931673879134675e-01 -1.486541743011373928e-01 -1.582755557543173153e-01 -1.213176967843653531e-01 -8.588064708308726369e-02
-3.484966314209639648e+00 -1.945605543363093437e+00 -4.419355950995975668e-01 -1.141744435436934657e-01 2.181863327711157929e-01 -1.706122314143531937e-01 -1.364239664348119441e-01
-4.793667672145007774e-01 -8.512969425226013520e-01 4.985332420265770059e-01 -4.137565971320460445e-01 -4.534368405249067369e-03 -9.041049098954137553e-02 -1.374837053104211171e-01
-1.006575701389496480e+00 3.680297045196037065e-01 2.105810537541233096e-01 -2.415203308920432501e-01 -1.787669148163890387e-01 -1.010892988609047305e-01 -1.180763957346522008e-01
-1.457128966673515214e+00 1.629613857847903025e-02 9.821093726910948285e-02 -1.305224718014282026e-01 -7.601513320494826531e-02 -1.012188787665209144e-01 -1.169156826263730020e-01
-2.190357586690503677e-01 -7.969836655345527987e-01 -5.967228484262654398e-02 2.819312245178345888e-01 -1.781649841201687068e-01 -2.336390258944440190e-02 -9.707471997637320826e-02
1.050892154044200444e+00 -2.348492737741536829e-01 -5.912652010351071574e-03 -2.636271112166066466e-01 -4.977676249734636071e-03 -8.363595318145658486e-02 -1.049757383754866547e-01
-2.329669679641495961e+00 -9.717452746261086016e-01 -2.468104535456695781e-01 4.357668261765806905e-01 -1.117682301996712479e-01 -1.183513925067473382e-01 -1.380910789922412951e-01
1.909659066881511380e-01 1.345250642134031338e+00 7.572567033926721480e-01 -6.646852857215626575e-02 1.320247502129035522e-01 -9.544406336496308318e-02 -1.426928884074470105e-01
-6.532103428117508326e-01 1.274919822890375531e+00 3.193331485236187151e-01 -2.209889091057495591e-01 -1.305860240435608166e-01 -1.021144568807273167e-01 -1.010788314867026860e-01
-1.759174683567745978e+00 -1.159356154367175151e-01 2.782857619667819526e-01 -7.239003731682805420e-02 -3.464076167776354298e-01 -1.218017620503797638e-01 -2.209721010085978488e-01
5.290900924373918013e-01 -5.332895028152165873e-01 -6.201836132956551895e-01 -4.099497435905472553e-01 -1.208531929350678824e-01 -1.013545212333822332e-01 -1.133596254770695977e-01
-5.821230459166752969e-01 3.116771919730930707e-01 2.047103074657165844e-01 2.560995725219079033e-01 -1.345931100449710149e-01 -2.594562718766071363e-01 -6.561148845863767898e-02
-2.115256034092603876e+00 -2.581495466139884343e+00 1.200011078886796256e-01 1.621127779418924941e-01 -2.920297237920287392e-01 -7.891590289814881531e-02 -8.958663897538035603e-02
-3.085292086880092821e+00 1.314483978390253993e+00 -9.036245854356228513e-01 -4.590086495764238439e-01 -6.277735098531173064e-02 -1.278490054388997932e-01 -1.014367944839073554e-01
-5.364435196653685178e-01 -5.662786336306626644e-01 -8.047171617985904302e-01 1.243479814952864193e-01 -1.192864891376083369e-01 -2.061844965828870946e-01 -1.171409798863526086e-01
5.846654588129427399e-01 8.115314364383615642e-01 -4.833628161451080096e-01 -1.817670358144946874e-01 1.464409931630922257e-01 -1.183555094942516928e-01 -4.607793844180971266e-02
1.064038955986604584e+00 6.122585949811161221e-01 5.769365369361442175e-01 -5.096994493483022470e-01 -2.461059534693213202e-01 -7.626110534107524708e-02 -1.415343760667831796e-01
-1.974555986164447274e+00 -4.955755468250597762e-01 -4.481515186707328846e-01 -1.333495092682671912e-01 -2.347894325139905647e-01 -8.570070166940441103e-02 -1.500905564518520141e-01
4.884091762060163155e-01 -1.263965125189407290e+00 2.887676969840224928e-02 1.651363897199508435e-01 -3.265521193925922105e-01 -1.554797262906384703e-01 -1.462845940296620129e-01
-1.894978839596757336e-01 -3.904373101624923903e-01 -3.234427851382276620e-01 -1.229410436972414866e-01 1.986478443507758151e-02 -5.933269505958713164e-02 -1.603780939760063584e-01
-1.665124302895539588e+00 -9.262639460194572738e-01 -1.607120375878825780e-01 -6.121193903535787628e-01 -4.408512917719165092e-01 -1.026430616463429868e-01 -1.114808442678427158e-01
-4.329553091513582697e-01 -5.751927615560894491e-01 1.504917034270555343e-01 -1.522089303277624761e-01 -2.019087734663279898e-01 4.983721065417229257e-02 -1.188242629231453240e-01
-9.018428042105102183e-01 -5.926351243585357143e-01 -4.944287934755732250e-01 -2.715890514200514083e-04 -2.408591353164584448e-01 -5.126062200987985262e-02 -1.792587993856058215e-01
-1.010959431038206680e-01 -2.797638226427850983e-01 1.223493157633764594e-01 -2.307198322869034313e-01 -2.202892345376731009e-01 -1.074512729996077720e-01 -1.112892945524902588e-01
-1.321789844476924936e+00 1.274598543200741174e+00 -1.374943598932729938e-01 -3.712557915569734135e-01 -2.015315773712611780e-01 -1.898213071582590949e-01 -1.909381365324812896e-01
1.873684735106647403e-01 -4.821439460467292770e-01 2.965226120383678277e-01 3.028366964623636082e-01 -8.665437112968810141e-02 -1.548374570498366742e-01 -5.724751209636949612e-02
-3.539597119377722034e-01 2.901939868625023067e-01 4.832873850361928125e-02 1.023349294623287498e-01 -2.312633269288081606e-01 -1.348432280443230546e-01 -5.082250471392166236e-02
-4.512131106607353281e-01 3.827511547920734447e-01 -8.921083985431168539e-01 -3.302716651074766308e-01 -2.051674565179563980e-01 -1.352609565000239267e-01 -1.360831519554364377e-01
-3.389007949369478467e+00 -5.120717404299161002e-01 -1.635977694886250611e-01 6.268583738723990662e-01 -1.019744351700176688e-01 -7.061834057254942620e-02 -1.058655205090943685e-01
-1.338493092436151832e-01 3.571499863233693062e-01 -5.297016226797703897e-01 4.301050263815656138e-02 -2.944089411607423434e-01 -1.600226793174468753e-01 -1.262066347047756387e-01
6.954557041607921652e-01 5.096495716843155721e-01 5.237450130053947217e-02 -1.758448169074565970e-01 -9.940911133254359822e-02 -2.297373822384471409e-02 -1.898177053217248444e-01
