(-0.2862812728576336+2.7755575615628914e-17j)
1.373680504083834686e+00 1.616162295143477312e+00 -1.388708748078388844e+00 9.777791922571554828e-01 -5.778944915822987749e-01 -3.175682311141789227e-01 -3.522290399096449365e-01
9.679693470101633501e-01 1.512424189157319354e+00 4.970429107280169845e-01 -5.244802985398511197e-01 -4.997755940539707620e-01 1.391556357226058360e-01 -2.960297366179245326e-01
-4.059455730837313592e-01 -2.675081692097693420e+00 8.494130532395598454e-01 -1.269203213931892060e+00 -3.152882594777348668e-01 -5.283307056930847123e-01 -1.461399350278331510e-01
3.886859108129644413e-01 2.041444285023174654e+00 1.321668213473190967e+00 -1.460256614811475728e+00 -3.608613664368778284e-01 -2.365145276605722935e-01 -2.487765907989483716e-01
7.101880807690039710e-01 -9.779451564657739571e-01 -2.337709072510844699e+00 -1.908683814671199963e+00 -6.095500655516447042e-01 -2.896576091201455982e-01 -2.561174929129051980e-01
-5.012712726703543176e-01 3.770886706622393003e+00 1.436247385363657258e+00 -1.292940069768966804e+00 8.731251997566910616e-02 -5.437605543785061224e-01 -2.638182782706990359e-01
-3.347889216252114331e+00 4.703065101481321286e-02 1.746860038728019981e+00 -9.791834872306052207e-01 -7.774642694717601721e-01 -1.002045894412559313e-02 -2.978376274314653571e-01
-2.047117027387489685e+00 -7.309396455017176386e-01 1.453397869023316025e+00 -1.061317568793801680e+00 6.021114141698347133e-01 -5.926282364045480922e-01 -3.658397870172781507e-01
1.048501791765817093e-01 4.441533263721137992e-01 1.044922148715942800e+00 -5.979194336224497031e-01 -3.701164147819224759e-02 -5.085507124843099414e-01 -2.684018528392066449e-01
2.168106475664760835e-01 -1.982542608898720360e+00 6.309703534956052629e-01 -7.738936341594446211e-02 -5.947427616771350234e-01 -2.585796951570552560e-01 -3.705620442643828838e-01
-9.886633240999612715e-01 1.058713721200510882e+00 -2.484595116995116371e+00 -8.954773987840541905e-01 2.138539575337618237e-01 -2.179439346287053991e-01 -3.386078522434444737e-01
1.952441593451220481e+00 -4.047067159113496571e-01 -1.094529895869459368e+00 -1.028223581001212361e+00 -7.072663203866609294e-01 -5.175426577483888124e-02 -1.746797326563632180e-01
2.042793589376782126e+00 -1.661079499850809160e+00 -1.211634446156786837e-02 -1.477794084654598716e+00 -2.806351913283340327e-01 -2.747666926091340001e-01 -3.900673570840974547e-01
-1.100483939874287165e+00 -1.433820769163931752e+00 -4.369356435270894679e-01 -8.487687394770386806e-01 1.799949189855118148e-01 -3.984813269969877947e-01 -3.433299414330001076e-01
-9.288593190153950907e-01 -3.741379540804073311e+00 8.719262494136832409e-01 5.410144599616753536e-02 -1.593262629747715931e-01 -2.494050994703269630e-01 -2.615049245518703547e-01
-1.578562515439909664e+00 8.149669019731389796e-02 -1.911619980934295693e-01 -6.119058298347107572e-01 -4.413726326809932488e-01 -5.822527924425330292e-01 -1.609669213781335373e-01
-2.100208850480544953e+00 -2.250404648039157962e+00 7.991773468851784412e-02 1.654623446573312562e-01 8.852020240393049244e-02 -2.852883863543531628e-01 -2.669284529814175411e-01
-2.352336068013630044e+00 3.458673215274883361e-01 -6.889965963397178816e-01 -1.580936392092997245e-01 -1.986454482049605785e-01 -5.871953820470503238e-02 -3.243914324221847667e-01
1.502746425378279904e-01 -1.406471282555789459e+00 -2.911036015028379609e+00 -8.163089160710037540e-01 -1.621338230456842722e-01 -1.971497356382141963e-01 -3.591659955740557075e-01
2.236355027024306885e+00 -1.290807260176387805e+00 6.045321258603725267e-01 -1.337711437189333052e+00 -5.007359373453923457e-01 -1.569092704964890617e-01 -1.840238149412525281e-01
1.110852522312894664e+00 3.541749570279632220e+00 1.320879633712674917e+00 -4.175853915461069654e-01 4.508994568045077145e-02 -3.165881453939340950e-01 -2.738013903883886879e-01
1.102185498216948112e+00 1.231411078083368249e+00 -4.334274455789317582e-01 -5.697209614032573421e-01 -5.963755620929201973e-01 1.227549144646283008e-01 -3.604025556424366172e-01
-4.323841388463252056e-01 -1.871867043867274372e-01 4.263438325855307687e-01 -5.405961661367286730e-01 -6.723236817516151653e-01 -4.769862032010708797e-01 -3.975030756841267943e-01
9.273104596510615139e-01 7.155810054278179955e-01 6.391062244207286192e-01 -5.122606151577492328e-01 -8.927024697750581828e-01 -2.524576404755002335e-01 -2.183625751977739948e-01
2.088774407878456696e+00 3.091146686978567537e-01 7.927340923856704968e-01 -2.700764738930403475e-01 1.784832020498909044e-01 -3.716091640061060519e-01 -1.934637117431494968e-01
-2.284221283516811862e-01 1.706043964794728751e+00 -5.306654598788881350e-01 7.998822440259850675e-01 -4.138847401688083849e-01 -2.061542425520476729e-01 -2.093576099265446744e-01
-1.873533979998725840e+00 -1.547390047308907945e+00 -1.933921375268068399e+00 -2.949821905284902845e-01 -3.045267320462433647e-01 -6.783029580257944613e-02 -2.023083627380265481e-01
-3.862080154171066981e-01 -1.139795809122230219e+00 -8.317593853371977319e-01 4.583136976208053159e-01 3.437168668731314103e-01 -5.699678855312582115e-01 -1.916390076020355326e-01
-6.668733722278737952e-01 -2.759785127459926990e+00 9.355398143422717361e-01 -2.774082369047600194e-01 7.156261173286135868e-01 -1.640024608943682627e-02 -1.662989329649907921e-01
-5.317318415332603632e-01 1.092166661415441054e+00 -6.122247723930103191e-01 2.879536650893241845e-01 5.501273967736588499e-01 -3.672288629379582003e-01 -3.377643008560796134e-01
-1.503044666146355457e+00 2.950359741755826937e-01 -1.690560706884998599e+00 -1.260803105642076982e+00 -1.079664807315887876e+00 -1.062301116202683526e-01 -1.367302125197432661e-01
-2.176031229133374545e+00 -2.656878469761672079e+00 -1.315395829932387128e+00 -5.812138390440512170e-01 -5.733063263548777710e-01 -4.485185799914906957e-01 -3.080378085865012605e-01
1.389906426117690552e+00 -3.003806475677560428e+00 1.672522540032553018e-01 -6.278320124209724185e-01 -2.217379911145216931e-01 -4.175580474302472700e-01 -3.270873998029589780e-01
-2.549288195711443272e+00 8.741316895393166919e-02 -5.844496017713396441e-01 4.324250805487327431e-01 -4.411581877496696391e-01 -4.276295346738937520e-01 -2.050471312730511031e-01
1.193564266907622518e+00 -2.422421244734967727e-01 2.780319251538301284e-01 -4.152889727452360735e-02 -7.618746519132184591e-01 -1.379256832140136335e-01 -1.194094292882731667e-01
-9.528841992819572226e-01 -5.269911943846740110e-01 -8.385088409110160734e-01 -1.677107638563618330e+00 -4.080363549491102804e-01 -3.608725575272331287e-01 -2.346714365213503073e-01
-1.584282392223162750e-01 -5.767725791456743689e-01 1.644233396543536063e+00 2.100988829618700982e-01 -9.956717023941280553e-02 7.356427305050231014e-02 -3.826160941093751378e-01
2.281115175090116853e+00 -1.057834113131009612e+00 -2.198197269014109112e-01 -5.068379673809224606e-01 -8.172996202651749975e-02 -5.552290518118111473e-01 -1.328933147768208700e-01
-1.697731231758124792e+00 -8.928564361697309826e-01 -1.594910833987723375e+00 -1.219270722143896701e-01 -3.012121919940311532e-01 -2.705353040233478557e-01 -3.541187597075765581e-01
-9.020075855749440374e-02 -1.996339926693524891e+00 -1.367145500757340482e-01 -6.131953675488149846e-01 -1.270775298529210340e-01 3.270695438124712751e-02 -3.822869554276717707e-01
3.138573131354081003e-01 3.462564193886905173e+00 -1.157569814203162073e+00 9.654181924684892557e-01 -2.547796087282889754e-01 -2.800899176967459603e-01 -2.515330309445110712e-01
-1.940163904688145369e+00 -8.611518777070487074e-01 9.435592776951708949e-01 -8.483878818415546696e-01 -1.251596319626221976e-01 -4.023321491130215088e-01 -4.835341687024778956e-01
-2.351364113511386911e-01 -1.983037205174375206e+00 -8.866032379589141588e-01 -2.308402704134537020e-01 -2.474117558495427527e-01 -4.693693579163152885e-01 -1.533824862867997629e-01
1.275984538144050884e+00 3.463824111007056672e-01 -2.427007253663868713e+00 4.373634823209212596e-01 -4.491339958258946385e-01 -2.997009145241313899e-01 -4.372805762557041565e-01
1.176521946002571539e+00 -2.164377793697152885e+00 5.852870445028993673e-01 -1.126492046185035845e+00 -3.496365296075362172e-01 -4.762226980084252048e-01 -2.804266493940771876e-01
1.496119335015273943e+00 1.263377391964383978e-01 -2.345785196030444553e+00 1.098928021960146051e+00 1.943859511492368741e-01 -2.932777761328760890e-01 -5.389262183948689833e-01
-1.444208116080286874e+00 -8.215356158254228935e-01 -1.145017279380676767e+00 -2.601589895645720629e-01 -4.590422459470431260e-01 -3.077443817161099049e-01 -3.210450355414713464e-01
-3.855905469416720521e-01 -7.440992883881893949e-01 -2.414228916674337477e-01 8.234102756558589475e-02 -4.267004736110258101e-01 -1.208577088081402573e-01 -3.004937494817055965e-01
1.352491796285092640e+00 2.485000448890738678e+00 -6.167120089624287260e-01 5.302075953379895568e-01 -6.503916297821222825e-01 -2.826631686107541341e-01 -2.586714526964559724e-01
-2.808842632369225711e+00 -5.569695314874441028e-01 -1.734103545252359879e+00 6.674515674873845450e-01 -7.628535241701213110e-01 -6.418279783582936382e-01 -3.049526060433821462e-01
