(-0.2862812728576336+2.7755575615628914e-17j)
8.760420940513149457e-01 -1.750789125992543660e+00 1.127662289635744663e+00 -3.871768400382323838e-01 -3.003593004932372246e-01 -3.609687944263374471e-01 -1.131089706946590001e-01
6.980901001538591943e-01 1.641517101544042623e+00 -4.576738225818159922e-01 -2.347162464516192038e-01 -4.152728432137597903e-01 -2.293611880585846863e-01 -1.532529591721236706e-01
-2.804794237669697932e+00 -2.247483219025521173e+00 2.270791483051691095e+00 1.295978151377132070e-01 -2.557239624085336782e-01 -3.804898531692911812e-01 -3.081207829305628310e-01
-2.309262283634890167e+00 1.848707496225605873e-01 -1.509021220444749511e+00 -1.718438178816212858e-01 -2.969804412806015259e-01 -5.041172611181593544e-01 -2.091614380752038482e-01
3.987619155622025291e-01 -3.008406270634068846e+00 -6.092278514474220863e-01 -1.805810927533450516e-01 1.885010553007368250e-01 -3.197115233778743404e-01 -2.524246858098220248e-01
-9.658758064587863457e-01 -1.518678171169923985e+00 -2.201430477265375885e-01 -3.677083414690186514e-01 1.409773594576841094e-01 -4.182577303511209044e-01 -2.937333611469104544e-01
1.335722721311077554e-01 4.647415577888369675e-01 -1.366702488529068837e+00 -5.278415965540079746e-01 -1.825825788930847127e-01 -3.200431202776269357e-01 -2.742320772049477995e-01
-8.451256335982867962e-02 1.334833288461420242e+00 -3.096796213864918546e-01 5.888790803500695836e-02 -2.601001132008817218e-01 -1.969594496957239871e-01 -2.449996988755017979e-01
-2.088573638547122968e+00 7.443382598687899865e-01 1.422038771925161704e+00 -6.881722930828374496e-01 -3.680483331756631005e-01 -2.186101869615176274e-01 -3.282447876442481371e-01
5.463754906441797843e-01 -1.298080948361552300e+00 -2.092869903624634986e+00 1.607097090078477841e-01 -3.311375353849358438e-01 -3.894830637769272075e-01 -2.225624444434731175e-01
1.238298848488783577e+00 -4.128315455746909279e-01 -1.703633758758233752e+00 7.006075255226920095e-01 -9.390716226451134574e-02 -3.024688356168727665e-01 -2.313849524349403386e-01
6.890531069920289298e-01 2.283194986996409881e+00 1.231726260186543354e-01 -8.712851935390583669e-02 -1.013204166659772559e-01 -3.068272630825177316e-01 -1.989668454487029392e-01
2.742919954421063178e+00 1.749310894895142798e+00 -1.045566925280427162e+00 -7.476531956448647653e-01 -1.405061536424732083e-01 -2.316223223857280522e-01 -3.595248777716771871e-01
-1.473586901388242776e+00 1.872714286368131198e+00 -7.254477657425014714e-01 -6.170503712634777260e-01 -9.474105193434806393e-03 -2.013742024841385647e-01 -2.388337936400345696e-01
-3.859834839731724365e+00 -2.537031037317121207e+00 -1.500125464926540086e+00 7.736192529903140880e-01 5.616138227909014957e-02 -2.521538096729485090e-02 -2.557861598327281216e-01
2.196468713526083860e+00 2.847699503876293559e+00 -2.738571721650126634e+00 -5.091568409080805546e-01 -4.907554967619159880e-01 -1.618919750527049728e-01 -3.238570344102821852e-01
5.622542566277189957e-01 -2.408881780276979967e+00 6.533885873270046662e-01 -4.189711086006764340e-01 -2.521819357854470645e-01 -2.087112122307865358e-01 -2.202295812483652526e-01
-1.570243429477408970e-01 2.202436246905659367e-01 -7.371557546207471168e-01 -3.204761779751434669e-02 -2.389953149188417947e-01 -1.723204767394316550e-01 -3.681629515922115736e-01
-1.270329373909476478e-01 -2.697860155403073001e+00 -2.989505486607563767e-01 -5.051774231526536818e-01 -7.594310407367610427e-01 -6.697559926810815745e-02 -2.744606314362665334e-01
-1.835939320265058683e+00 9.256770942515848977e-02 -1.171684025278052765e-01 -1.468432074229046591e-01 -3.422593287063291356e-01 -3.133044030098915966e-01 -2.656216093880666707e-01
-1.879930584317861975e+00 6.557905798329175528e-01 -1.607573661467338322e-01 -4.857203831621675905e-01 -1.725282280996808804e-01 -2.394354919704937967e-01 -3.248739199107125719e-01
-1.220271708069148309e+00 1.197222851946385447e+00 1.372570250393852831e+00 -1.238290833087038467e-02 -2.342137202167941246e-01 -4.408184234713976579e-01 -3.142838999572460379e-01
-1.237854000528616494e+00 7.225994545607032915e-01 -1.173692560672905838e+00 5.153145101104306125e-01 -3.435768009798826350e-01 -3.113369161982062483e-01 -2.778814549958078528e-01
9.600033115133310702e-01 -1.034014837517352792e+00 4.007980527925020242e-01 -2.778551447502579652e-01 3.375932317421065365e-02 -3.703606877949522924e-01 -3.324613558560867710e-01
-3.161478220531446226e-01 1.361276738662141383e+00 -8.585912225417448029e-01 -3.854282364287714424e-01 -5.695148152361927396e-01 -3.217688086583381235e-01 -1.976856351083860208e-01
3.176373472981457446e-01 -3.833368215735988738e+00 9.179810960324763514e-01 -2.892620683119553338e-01 -5.490303411636271447e-01 -3.701044815522926967e-01 -1.694849762835232976e-01
-3.315798830649552720e+00 -1.040714204350994931e+00 -1.126771306812926365e+00 6.269895060901364836e-01 -2.301341406454670557e-01 -3.506708836220459036e-01 -1.101590802128971092e-01
3.712011045602981341e+00 3.413988683037167959e+00 -1.170128602035719056e-01 -4.667376015774608033e-01 -1.840876866201477668e-01 -2.773554984233284615e-01 -1.861500301461333218e-01
-8.832793203008419969e-01 1.608464138116330322e-01 -3.098223012953355004e-01 4.140349934938628018e-02 -4.144772464994206373e-02 -1.843390172216313738e-01 -1.931338213194638831e-01
-1.497853623422686464e+00 3.142440731950731925e-01 1.438183402976050740e+00 1.670228427795310833e-01 -1.272925229290007565e-01 -4.614235126753695182e-01 -2.286081177633036143e-01
1.470366214841643870e+00 -1.492352555368935629e+00 -7.205775099939376593e-01 3.630457030898006643e-01 -1.319036394252131317e-01 -2.862064664830646366e-01 -3.311401624744365613e-01
5.781327574852039852e-01 -1.351466361527398075e+00 -4.353927516991257241e-01 3.187424978117447960e-01 -3.677792394682363186e-01 -2.879832967034612334e-01 -3.950926423016988265e-01
2.223082629131014176e+00 -1.158124621717706304e-01 -1.073587250362947554e+00 -2.476569095055422831e-01 -3.027282877482481149e-01 -3.093177272877072337e-01 -2.586468324411075326e-01
2.300899318674021199e+00 -2.836277970474521126e-01 -6.766197468930746917e-01 -8.308173642552350024e-01 -5.010588561368380933e-01 -3.595275032314655395e-01 -2.886529894862217560e-01
-1.133444082523100915e+00 9.349067282802430157e-01 -1.800726920934142272e-01 6.417352727752387853e-01 -4.713827262872050117e-01 -3.295083580984554672e-01 -3.190546780000571014e-01
-4.424040474729121764e-01 2.929852138438169717e+00 -6.007837962952756738e-01 -1.936900593896458689e-01 -3.324964453301504363e-01 -3.246661845851939177e-01 -2.575562500373724251e-01
-1.822999049531958127e+00 -2.198341917354604269e-02 3.264207101811880674e-02 -7.601172482163585098e-01 -3.636141838183218900e-01 -3.599044994378031159e-01 -3.253852204767433420e-01
-1.797056748231742995e+00 -1.934515674645682637e+00 -1.359341324395610950e+00 -1.037790769785232214e+00 -1.302304007210400572e-01 -2.175389917995063649e-01 -3.024814558512964879e-01
-6.855426340175867495e-01 -5.697009481904583561e-01 -3.451368678886382879e-01 -5.373160182388131423e-01 -3.458292424103556195e-01 -5.309883711860186040e-01 -2.981647669116065380e-01
-1.899778107774011460e+00 2.700472067197219328e-01 1.350172468492733646e+00 -2.768052010586629086e-01 -5.225217863105613425e-01 -3.282164993449964152e-01 -3.479942626836679542e-01
-1.967136791827216236e+00 8.972249162628234131e-01 6.691166442741630638e-01 -4.327595649394156974e-01 -1.938952031175519009e-01 -2.910660813798124913e-01 -2.619488252086272784e-01
-1.691305471038981656e+00 1.358545866450792339e+00 -1.575108983431380505e+00 -5.716846441053206052e-01 -2.611860560024006350e-01 -2.495453677144920390e-01 -3.234432259015668776e-01
8.252706948649486396e-01 -1.762955928437894559e-01 9.809176092235238897e-01 -2.109105266914979571e-01 -3.430680275541657664e-01 -1.742336326137079727e-01 -2.286936877164903736e-01
-4.422002976890079928e+00 -1.606774725903831635e+00 -5.285743874307314849e-01 6.857867482308810381e-01 -5.372076470722281227e-01 -3.291377853781879415e-01 -3.922560712162949104e-01
-1.489158149116060814e+00 -4.175404802211197808e-01 3.698447977398713338e-01 -9.733810696713141031e-01 -2.043559220701465229e-01 -9.898860148929811142e-02 -3.672105111140385736e-01
2.854167385140887525e+00 -1.684209818728768848e+00 -1.005327023532664787e+00 5.460499691446460968e-01 -3.241086389567664483e-01 -4.193961592981814146e-01 -3.239807884228571577e-01
-1.345786458226081450e+00 -4.832082656458067671e-01 -1.259266933718453108e-01 -2.677142265661268672e-01 -5.164143777308080607e-02 -3.609497815341980997e-01 -3.490776579443234384e-01
-1.465905643178699425e+00 3.225674062616338933e+00 6.341861081778236153e-01 -6.063706140591932359e-01 -9.004254862444686092e-01 -5.654501517050947168e-01 -2.586282841825517931e-01
2.022713071935016593e+00 -9.972431406320325653e-01 -2.205537152255311051e-01 -3.670827936549264647e-01 -3.631832607536352175e-01 -2.655526091410731482e-01 -2.968778230182048672e-01
1.351690481522351384e+00 -1.055381102661952397e+00 1.645628982633724924e+00 -1.514601844100254835e-01 -8.922186197738210534e-02 -1.537103090771564096e-01 -3.761269843234411603e-01
