(-0.3410284372655433+0j)
-4.691483849367591219e+00 -2.030142753727215865e+00 5.545456622035529470e-01 -9.269655928441521420e-01 2.645981892454005724e-01 1.776277118448126302e-01 -2.861062952315415187e-01
4.526019285139047277e+00 -5.390446925090357055e+00 -2.471858698922197561e+00 -2.030334914723307183e+00 -1.272617287288532628e+00 -6.272973335292618691e-01 -5.406938017850313472e-01
2.828168396495358561e-01 5.288142677354380261e+00 -3.429892736478453941e+00 7.693805722534126090e-01 -8.298717448053456458e-01 -4.979072624851821338e-01 -3.214955635880886176e-01
-1.627130925814503026e+00 -3.488524764668193168e+00 8.894276170062612730e-01 4.965379631538016092e-01 -7.151565162229922556e-02 3.537532574227165300e-02 -6.671706482219771361e-01
-1.768557971223845060e+00 -3.665013284641643221e+00 -7.640284414649460842e-01 -9.799459744040039944e-01 4.409793627977935393e-01 -1.525148540523952878e-01 -2.890090818999622169e-01
-2.040923882129914713e+00 2.447399410532646424e+00 -1.408531415365061434e+00 -7.392155494959882223e-01 -2.252709349074432321e+00 -5.142218950401383770e-01 -5.924626854271473064e-01
-6.794060565134776297e-01 -1.778778455487342258e+00 1.551693381876041028e-02 -1.327194154318680264e+00 -6.867327999101628944e-01 -6.227653827315368096e-01 -7.110151106329016812e-01
-4.402840257020931070e+00 -4.568469578022794408e+00 1.679482161930421658e+00 -2.173502199962102033e+00 -1.262540176911838508e+00 -5.768832467281648224e-01 -4.288978111848358310e-01
9.558712307285166521e-01 -1.309762913262939588e-01 -3.929292822259800477e+00 -6.026088538961795749e-01 -7.993022712073809544e-01 4.692451289524902230e-02 -4.334761771523225615e-01
2.667960166229382590e+00 -1.311138051261310444e+00 1.444778401512578414e+00 -1.550382168006854133e-01 5.423002154300989863e-01 -4.552702919816417060e-01 -4.646030268047319778e-01
8.641855670813367585e-01 2.415879886027939349e+00 -7.776875876672162402e-02 -1.153529094856179160e+00 -1.998476013331994955e-02 -2.928750957097647767e-01 -5.818460709694140975e-01
-2.503821827844359138e+00 -1.397652335065540097e+00 1.624556561136704547e+00 -1.194341994846869870e+00 8.071306943206835172e-02 -8.310190205681893261e-01 -2.913139758665482804e-01
2.030331717196584229e+00 4.209313902284837816e+00 6.295294566068775355e-01 1.411774941137247996e+00 1.901011836473792682e-01 -9.383785592646318729e-01 -5.574602398348325050e-01
-3.247257251309660475e+00 6.571512171472418729e+00 -1.869437015287774617e+00 -1.694191636718684224e+00 -1.538654634697989021e-01 -2.940713465328612664e-01 -3.117417056121645214e-01
-9.575058661936446391e-01 3.910185513288117587e+00 -1.113342516346787825e+00 -2.175579220584272111e+00 -1.318908206663512717e+00 -5.436116218031004088e-01 -3.485902097951898426e-01
2.098026538137508279e+00 1.829171037919101517e+00 4.036417495257351717e+00 6.615649484563062011e-01 -1.805107435127683013e+00 1.788463874307081314e-01 -5.036940399679398217e-01
3.734459142814800181e+00 -1.150262885383674050e+00 -7.137481812071041709e+00 4.445047514105197606e-01 -6.971533821372708495e-01 -8.120503104244631842e-01 -1.601035238154887574e-01
-1.754118484242116471e-01 2.271819031836693537e+00 1.576895571623174730e+00 -1.487400907442064657e-01 -8.085964771088327563e-01 -2.145457582138903807e-01 -3.636713582134526446e-01
-3.693673573200837001e+00 5.468457024070820793e+00 6.210167354306461718e-01 -1.163269215126616629e-01 3.855509072318298869e-01 -4.571572674127244440e-01 -2.602217565471161009e-01
4.503324893302838028e+00 -4.153849850625281448e+00 7.579378539455583486e-01 -1.527128045254353417e-01 -8.193593147916833352e-01 -1.295048555420829750e+00 -5.897610317370678423e-01
-9.427277074015241176e-01 -8.310177673959268319e+00 4.500547039145833539e-01 -1.231884809154703886e+00 -9.851497095557903982e-01 -1.221860639097259726e-01 -2.528215909359211033e-01
3.947364261669897179e+00 -2.585506816788311735e+00 -6.954259776451698905e-01 9.381267344448107615e-02 -1.001016132646571188e+00 -1.154892870848505670e-01 -3.813214631337819016e-01
-2.820755339844245313e-01 -2.313254611560039198e+00 -4.501037265100468865e+00 -8.056410438224137494e-01 -6.500647110761557101e-01 3.550581147260307713e-01 -3.899063811481101594e-01
-3.205211698347113281e+00 -1.711629344297497468e+00 3.928626850920386104e+00 8.643690899307066022e-02 -5.367334387214311997e-01 -2.331315885351621375e-01 1.556208380360236260e-02
4.798339604624179966e-01 1.508046596333917577e+00 -3.825642863769284308e+00 -1.844132933757548942e+00 -1.205167380460247378e-02 1.266425736737291086e-01 -1.843498211023978373e-01
3.542849417658351374e-01 -1.274531668758262182e+00 2.463606661894611527e+00 5.420288830115280732e-01 1.561515447720470684e-01 -4.614470319428345402e-01 -5.077460035572389785e-01
2.536261788101202175e+00 5.934329484738369409e+00 9.260087804216439178e-01 -6.046275702404164676e-01 -1.050944542364190770e+00 -1.535542199659633011e-01 -3.744785324300440310e-01
-1.724265542244020954e+00 5.606853549786793955e+00 -2.290902854279852185e+00 -7.280841158514300693e-01 -4.541726735563280659e-01 -2.855029714994407053e-01 -5.127911438952452716e-01
-2.457969800590659393e+00 -2.292883666976778034e+00 -2.226046460860989118e+00 -1.192193514323298897e+00 -2.089465572836055607e-01 -4.206959321398714424e-01 -4.739451097017016723e-01
8.848778294461890903e-01 -1.748841534539550713e+00 7.228403253702005982e-01 3.987390695400860885e-01 -1.241478677334231229e-01 -5.536786364057341148e-01 -3.579151359670006416e-01
3.337984541863030952e+00 1.293048698434779986e-01 -1.350096364172592267e+00 1.227569631288562446e+00 -8.889292997250979322e-01 1.364609539908121505e-01 -4.125595283840953753e-01
-2.668022006837493354e+00 4.890509681544132903e+00 -3.556018859554096245e+00 -1.461921162190428669e+00 -1.084102900180931472e+00 1.643100485944388733e-01 -4.388672926220766879e-01
2.181255006944597064e+00 9.437166506816274669e-01 -2.476859296635601559e+00 -2.039372204088729656e+00 -1.781753465449208429e+00 -1.459061504105060303e-01 -6.675000876000434236e-01
-2.048339188315495996e+00 -1.011946065300094677e+00 2.578059383355681078e+00 8.488753499896666277e-01 -4.017107806208052717e-02 -2.895956106654872658e-02 -4.784507406289080222e-01
2.059393964795822596e-01 1.243370975345409857e+00 3.192566945381334342e+00 -6.186028053529932791e-01 7.174561468097313544e-01 -5.215481726069423063e-01 -2.026224519389477896e-01
3.948291086532601302e+00 -7.056510785905751426e+00 1.159931707081213625e+00 6.200747388602021459e-01 2.841972629067952144e-02 -4.956110709884369303e-01 2.320570974938584996e-01
-9.850469661548968414e-01 1.772705778934822174e+00 3.970792229814886110e+00 -2.357036784188053513e-01 -1.247019969567167097e+00 -1.490774081448913435e-01 -3.269498472830693059e-01
-2.919326182782265633e+00 -2.075449378434054637e+00 1.159281990206823432e+00 -1.100866710293828543e-01 -1.019237149599674375e+00 -6.273800126535789001e-01 -3.062691821574126116e-01
9.609873779268554017e-01 4.674765888412211190e-01 -1.577831094918630939e+00 -1.523457522891455529e+00 -1.391452998202521218e+00 4.091552491934203478e-02 -5.125846848396836686e-01
-1.045731094136172601e+00 -4.663283719044835962e+00 3.129387734379125874e+00 5.747765665902683230e-01 -6.959580497427177992e-01 -4.440244854896207016e-01 -1.941652850002917319e-01
3.343418350163234631e+00 -3.231868493008598353e+00 -1.516496954588444357e+00 6.069083354298920874e-01 1.010140198067079886e-01 -3.340904775246695824e-01 -4.151687487691051448e-01
1.974395997055057528e+00 -1.087312970320489347e+00 3.105617673170439907e+00 -1.341662078448235595e+00 -7.043815799667973998e-02 7.106957436365435310e-02 -3.535586159621040281e-01
-7.510832981877293424e-01 -4.731849928372329206e-01 -5.350667977544707909e+00 1.121334100921487220e-01 -1.161543042935020420e+00 -6.291095586802295525e-01 -4.242168806965321837e-01
5.314811525457718844e-01 -2.446100895052116808e+00 -5.112300880645862522e-01 -2.162146346737012781e+00 -3.819779694345658977e-02 -4.032752208868349841e-01 -3.534035960822369260e-01
8.059122040026492906e-01 3.293289148391583598e+00 2.287855578841709203e+00 8.424695487964573015e-02 1.222155292503104285e-01 -1.459351978937648564e-01 -1.100444458128445602e-01
5.717183074671272625e-01 2.708614646104048340e-01 -7.998776563183483956e-01 1.469719687341146219e+00 4.392457588602389773e-01 -4.103050684700531026e-01 -2.007689394104120728e-01
1.726770495849169640e+00 1.768756113488931803e+00 2.997414215467688603e+00 1.727548245469253896e+00 4.848292344624700184e-02 -4.184144951718345995e-01 -2.462097232395330515e-01
-2.143140384460499259e+00 3.174019932214627637e+00 4.123947460176591306e-01 2.093896372971129072e-01 1.777793808035650347e-01 2.994639587104965806e-01 -1.910160460674591443e-01
-5.428359602597687683e+00 5.576417792669976503e-01 5.450981043743997195e-02 -3.816471867872096579e-01 -2.462104450359772767e-01 -1.344411056290413242e-01 -3.067710903536678968e-01
-1.261824929431304865e+00 5.298167620267143718e+00 -4.104400380531576076e+00 -6.185912159509106001e-01 -3.081692966735585237e-01 -3.659808549144938361e-01 -5.450638985720182017e-01
