(-0.3410284372655433+0j)
6.039870930971581037e-02 -9.990088625902795449e-01 -2.835447851527190810e+00 5.281192063149000582e-01 -2.666321097881205748e-01 -4.270506632780899370e-01 -4.659870305508447830e-01
2.515446840028727316e+00 1.088893296063591087e-01 1.289613207950379703e+00 9.829347373019358125e-01 -5.855170269332400368e-01 -5.238650867898733132e-01 -4.627468520149449205e-01
2.352782422925424388e+00 2.802899171147728019e+00 -1.556403335235283958e+00 5.673872355301119441e-01 -6.569536400648496866e-01 -6.964998858219604294e-01 -2.795954382653020875e-01
-3.704188663270844728e+00 -5.186401138018824852e+00 -2.190024163447212846e-01 -1.896925577269395813e+00 -1.590486803946423722e+00 -5.645403194518217038e-01 -5.393453057759749480e-01
1.638989897395716211e+00 1.631406944431387895e+00 1.317747993636352866e-01 3.009713408794190137e-01 -2.256771607382020983e-01 -2.947831950619290708e-01 -2.947696109577595536e-01
-4.960979556970235294e+00 -3.834953722162294465e+00 -4.667867932755463301e+00 -2.418722984619345429e+00 -1.687439228204276276e+00 -6.833473345442676594e-01 -7.407493108965220729e-01
-4.185561088857864820e-01 2.385630939526745653e+00 -6.119863263148628274e-01 -7.571232498332729488e-01 -3.119754404300152384e-01 -3.986830807502599328e-01 -2.728692195116324548e-01
-4.564086817912934579e-01 1.342431981760612292e+00 -3.607477853503147536e+00 6.326435088412255547e-01 5.660586487314978738e-02 -5.825965381118718422e-01 -6.367288957048983233e-01
1.097332166052537916e+00 1.118952059006398381e-01 -3.980440976884966897e-01 -1.663585266707152677e-01 -1.251589073236935024e+00 -1.168380003058012484e+00 -7.227060305215067260e-01
4.015043042660939587e-01 6.259118177533855576e-01 3.612848363951919328e-01 -1.078494835092418169e+00 8.930909417993759813e-02 -1.410399200613863258e-01 -2.708624360336018277e-01
-7.205903070480268457e-01 9.615285880075179481e-01 1.806270917315112801e+00 3.141633208800237664e+00 5.021429079100661053e-01 1.879401162239393575e-01 1.744421599647903998e-01
3.096778993810012093e+00 1.028209113818941756e+00 1.834189681214237311e+00 2.031192048734385303e+00 -2.861150061455929317e-01 -8.965052728515787717e-01 -2.660079373599253394e-01
1.604991151124674165e+00 -7.216093824831986137e-01 6.856045364252183472e-01 -9.892066029369122049e-01 -1.090632770818889874e+00 -6.934422097344721259e-01 -6.934641533685246273e-01
-3.144889487863976374e+00 -5.965101449397205435e+00 -3.432661256484434986e+00 -1.647430327587189769e+00 -3.834007428718121391e-01 -6.555837239237602976e-01 -4.757740377739633209e-01
-1.182008961470566888e+00 -3.276551454126266361e+00 -1.684864200548849666e+00 -7.705081303319777364e-02 4.290773238467116696e-02 -2.594349860341533809e-01 -2.466125399651153405e-01
2.907248709286406108e+00 3.320994530287040281e+00 4.668504906994036752e+00 6.528998255663795991e-01 5.486146129396774623e-02 3.397824740850696745e-01 -3.268161879548654447e-01
3.210850901192055407e+00 3.418731334356546636e+00 -2.165825464213627871e+00 -2.149911861795740897e+00 -7.317737040601489662e-01 -4.676415709562760092e-01 -7.192710707457913299e-01
-2.232937981580322084e+00 1.008662354019851604e+00 5.228745858304209015e-01 4.019286819044643605e-02 4.090197304461866690e-01 3.955009929023366455e-01 -4.073082468093160990e-01
-5.199129609873489599e+00 -6.235004854411713815e+00 9.644777436072546895e-01 -5.743997737546635562e-01 5.251730580838105400e-01 -1.628759379349387082e-01 -3.455466010915115849e-01
2.112328143821109006e+00 2.553954804820431246e+00 -1.579727330262033602e+00 -2.084363432687070361e+00 -1.132342045776168149e+00 -4.452654910735526217e-01 -4.377324365146459950e-01
-2.168959148973866657e+00 2.005906988645845157e+00 5.120623522019608354e-01 3.810833552066638097e-01 -2.832872463555787812e-01 1.811964390072147157e-01 -4.319940477297434800e-01
1.022227401921294687e+00 -1.999517234142475175e+00 8.096753702729135860e-01 8.184007951295408922e-01 -4.296236825361314793e-01 -2.019107105394577495e-01 -2.055733466761252570e-01
7.393650780429554814e-01 4.957768062106286955e-01 1.393440120026360862e+00 2.324061400522419163e-01 -3.323459506074435410e-01 -1.269599460085929499e-01 -5.471992362079951544e-01
-7.800791653980003737e-01 -3.518731378901769347e+00 -4.189984513805038446e+00 -2.173915183556332398e+00 -1.214240533857267046e+00 -8.189877888572301146e-01 -6.140965173142045597e-01
1.086574767329791413e+00 1.796652883278800461e+00 -8.056774342049561888e-01 -2.785354544383115805e+00 -7.581775247169800780e-01 -4.718963142920318266e-01 -4.484355320964906744e-01
-2.077990398560040308e+00 1.712594364380060075e-01 -2.301552809881135975e+00 2.807288754277841858e-01 -9.730655379095201063e-01 -6.373947908925248207e-01 -3.428176535156196580e-01
1.283835713899827313e+00 -1.048402325589141038e+00 6.434437791563781817e-01 -1.548680870259880660e+00 -6.009696794510673845e-01 -1.053303699293689943e+00 -3.739322057573669644e-01
9.793827828239597411e-01 -2.934061916590901653e+00 -2.138350810725106577e+00 1.965658787277955399e+00 2.227073474491536587e-01 -2.142806845336473476e-01 -1.426118059296764828e-01
-1.993948149105180256e-01 -3.082239029643049744e+00 -3.711078351937100894e+00 -8.467635447920605074e-01 1.243806960509707960e-01 -4.396370605770184570e-01 -6.569513625767159359e-01
1.196833740127592360e+00 -2.277616397085893585e+00 8.327203968673143608e-01 1.075979138885294617e-01 -1.316819850369183920e+00 -3.761552249762212252e-01 -5.481817923231896428e-01
5.821103202546760169e-01 -9.346284263801609704e-01 2.377272067185379090e+00 -3.979852431951962366e-01 -9.161568853995055717e-01 -8.550398790771889246e-01 -6.709653060284275217e-01
-1.221111885286572996e+00 9.086628507172741509e-01 -6.962916869974082879e-01 -8.609866594109032434e-01 -8.514949325719267659e-02 -4.772067706780991347e-01 -2.853239623108183576e-01
3.104906682695384834e+00 6.186005798959534729e+00 1.592221720173920385e+00 -1.183235260677993672e+00 9.513042672828658786e-02 -4.696981731082799927e-01 -4.033806132515088683e-01
-1.999522391048859316e+00 -2.686094196870405071e+00 -1.822512459580266864e+00 -9.739396692476627315e-01 -7.594704783158422456e-01 2.086619248730748472e-02 -1.162426373813196800e-01
-1.400839598434072131e-01 -1.774081792640290089e+00 -3.026662092976372342e+00 3.193619148938795060e+00 1.772710325040538715e+00 -1.867141871438892514e-02 -7.908886265550618688e-02
3.853268334322462518e+00 2.579722815562254024e+00 6.722672944250627225e-01 9.588796536095793854e-01 -3.714581354603303520e-01 -9.597434572306835499e-01 -8.386634508994350590e-01
7.607361775957581784e-01 -5.931974291132890542e+00 -1.101437912865761204e+00 -6.157719740633748468e-02 1.002612010339674065e-01 -2.786311069952500663e-01 -1.529044022267534997e-01
-2.202820453063599526e+00 -7.699047733936095206e-01 1.942060194800435680e+00 -2.112941027794242199e+00 -1.269178590357671998e+00 -3.146212313806727723e-01 -4.426141637427019049e-01
1.241656392803147879e+00 1.147980061488664605e+00 -4.781310570426827056e+00 -1.527271307711879800e+00 -6.007391222241227347e-01 -3.274895307186731497e-01 -2.876843485992734983e-01
-2.377740055204719205e+00 -3.290090869080543046e-01 -3.429434082733852085e-01 -5.459423258074513896e-01 -3.207847730579120316e-01 -1.990262568695706502e-01 -2.639541462770154112e-01
-1.342430957746588716e-01 -8.946140460860908528e-01 8.298291754110715956e-01 -1.606424275655081724e+00 -6.596463014203570729e-01 -5.705296026485044969e-01 -1.393112969586827177e-01
-2.396574470551894542e+00 -3.363201240423086547e-01 -1.450068344966343181e+00 -1.147269838726086011e-01 4.775946325685053173e-01 -9.910006916327318560e-02 -2.144180795896595271e-01
4.552972574607765388e+00 4.995933864649553691e+00 -7.492604733397218997e-01 -1.765997648192767278e+00 -1.062118657645351849e+00 -7.859311292380397607e-01 -4.438796192676031094e-01
-1.321214433647078357e+00 2.896739528096980543e+00 3.295524963861818257e+00 2.388616917331467526e-01 2.025126963558655097e-02 -2.931077550955992761e-01 -1.509785735354398639e-01
-2.632129397488309319e+00 -3.325563934104519337e+00 -2.143744709958605110e+00 -1.493397589109367374e+00 -8.169568622608051056e-01 1.282144621595276979e-01 7.194017072146514924e-03
2.442850739935316540e+00 4.964063651820659118e+00 2.730971401015248823e+00 3.555979509498936597e-01 -1.867457149520723725e-01 -1.585886593693713875e-01 -4.536183523594666811e-01
1.026732548925137323e+00 -6.052140809287935852e-01 -2.355415894668041688e+00 -3.229839732681515779e-02 -5.099207040452720108e-01 -5.117459154181784875e-01 -2.444214845928407431e-01
-1.042597250979741208e+00 -4.156263569154882376e+00 -4.490492481118158352e+00 -1.145094544431141559e+00 -7.435053358606431573e-01 -7.970778279430190683e-01 -3.499834181393499666e-01
-2.923968050796909690e+00 -4.471128684173248935e+00 -4.480908481705979440e+00 -3.735332430360335909e+00 -1.386838796010589459e+00 -6.595042978054199700e-01 -4.812089930784784197e-01
-4.086556259355594634e+00 -3.579306746653984295e+00 -1.789919137834645513e+00 -6.601234458870748334e-01 -5.786230265329503908e-01 -3.868604240144492001e-01 -4.075307190618452369e-01
