(-0.3410284372655433+0j)
2.426483322405341703e-01 1.692565498540937075e+00 1.205751483587649719e+00 2.319623261765844102e-01 -8.596299785596930310e-01 -1.228261376068694871e-02 -2.706204105824003836e-01
2.349354626770880472e+00 -2.863784418414437649e+00 -2.109131238236959138e+00 -4.501708507476678278e+00 -1.874341294310351014e-01 -1.442696400510998789e-01 -2.129080286842084391e-01
4.614865875442820675e-01 2.239870432781619236e+00 2.781119191619463304e-01 -1.758809050331163748e-01 -1.055160264851598972e-01 -7.125999475253819160e-01 -5.135007290470379182e-01
-1.490747126573028769e-01 2.639166216832928402e+00 -2.161363424980710324e+00 -4.126602107673832620e+00 1.626690926891722011e+00 -4.731847996089777464e-01 -4.919578384700631357e-01
-1.049928934884768239e+00 -1.456344217443734657e+00 3.093398164413077911e+00 2.970882002996368509e+00 4.542793054728888613e-01 -9.195575448533586105e-01 -7.728665142167571167e-01
-2.484685788673407503e-01 -6.529543261016166333e-01 -2.409670173047073316e+00 1.088310067807428005e+00 -5.996546061539924644e-01 -7.915249711454988013e-01 -6.148421415748677177e-01
-1.346047017028939585e+00 9.608549575470367587e-01 -2.629968764738384035e+00 1.482829451516894270e+00 -9.734303515589748379e-01 -1.117209370530535928e+00 -6.365762806765619120e-01
-2.013650158253437628e+00 1.618713748913316541e+00 -9.118118368898238124e-01 -1.191430151710273444e+00 -8.783601193820336217e-01 8.734311964460428346e-02 -6.054603237638393753e-03
-4.745197609141473816e-01 2.831821258618297144e+00 -1.054478225444077655e+00 -1.209206557504815871e+00 1.265838958175532269e+00 -6.488153620013581424e-01 -3.885632112528316084e-01
-8.687641147534899133e-01 -1.515130491679844038e+00 -1.551601714848496405e+00 1.839007314857532549e+00 -1.074318012388124188e+00 -2.374263394280339279e-01 -2.505575426906662129e-01
-2.446452647404990799e-01 -3.227154064652569154e+00 -1.592449446345411745e+00 -3.226707499789602807e+00 -1.161128497760210987e+00 -1.652947658861326552e+00 -3.817172998701943154e-01
-1.995502062548243583e+00 -2.462573362482124217e+00 -4.057230882527624871e+00 1.635235799531389311e+00 1.370068230214127825e+00 -7.545731865419813555e-01 3.970452668009150782e-02
-1.869505140504023055e+00 -2.898328641989363685e+00 5.031434395501117152e+00 -1.189497656422472627e+00 -2.386601481877471453e+00 9.658075408731348066e-01 -9.985445408970872183e-02
-1.169061820750899372e+00 -2.957492700919209572e+00 8.079720838859183463e-01 3.606866238404863090e+00 -1.225288345992404881e+00 -1.041900367825957741e+00 -6.385519360948368472e-01
-1.968773938553835645e+00 -3.993388284907675168e+00 2.488508766579876852e+00 1.149855451551040630e+00 -1.561392556939340315e+00 -2.533723601325688080e-01 -6.444974877208384800e-01
-1.811138065870852909e+00 -8.676681296254868947e-01 -2.496540391917583701e+00 -1.294513592446536077e+00 -4.226795222218846515e-01 -9.398821248116943083e-01 -4.292334149162388979e-01
2.230946506604933877e-01 -1.598810786878972712e+00 2.219245011679479074e+00 -2.599947193512606169e-01 -7.358632067648396280e-02 -1.512245228782391759e-01 -2.343635270342384613e-01
-2.543616762466382131e+00 -1.736344450832824071e+00 4.291177642630195771e-02 -1.157929593457675210e+00 -2.107435576696538027e-01 1.859980387240553479e-01 3.520695462235457623e-02
-1.228181019180350608e+00 -3.858137908586078968e-01 -2.210040111918227357e+00 6.255889720612808347e-01 1.019131278938389729e+00 -6.304934069301374455e-01 -1.817201929080887179e-01
-1.377069542399055546e+00 4.640199126433186549e+00 -2.274491390873494279e+00 1.655962093517793221e-01 1.151284688247709020e+00 -1.965985129207306059e-01 -2.648835750942397649e-01
2.173360194214295493e+00 -4.282979670491821267e+00 1.364262084525710295e+00 8.710179607257662049e-01 -8.528976699757316871e-01 -6.959508873910308369e-02 -1.582602079221242519e-01
-1.305253650155491663e+00 -2.531196343580008445e+00 2.244694668137460436e+00 -2.742198112327419501e+00 -1.032929093731526971e+00 -2.380355842720954795e-01 -1.197481713952802673e-01
-1.545057948956772620e+00 -2.765780497759634304e+00 -2.831790740232144721e+00 2.522364749914992377e+00 9.653851062863836319e-01 -8.725107649668981669e-01 -5.093680200144106163e-01
1.262860714022427500e+00 3.235427690214001117e-01 -1.599105314431466418e+00 5.951169085298344541e-01 -1.203394178660205593e+00 2.059590281706566994e-01 -1.550842000064680537e-01
7.263539081393893815e-01 1.036856679676459114e+00 -4.982133463349813773e+00 -2.473805779407592720e+00 -5.588016998210437736e-01 2.964264537946664779e-01 -4.563656231733806967e-01
-3.345540026616612428e-01 -4.146701648899704828e+00 3.613426729369684676e+00 -6.790835401675723304e-01 -1.603067458675414780e+00 -6.454615954538891476e-01 -5.322461686108675982e-01
-1.913978730368569803e+00 -3.442448531301694370e+00 5.344901789593049513e-01 -1.180152308104743364e+00 5.566402747761611813e-01 1.432665916905904169e-01 -3.636028182881800852e-01
-9.841788962229600646e-01 5.914047634736976811e+00 -4.120269870086621822e+00 6.989607614140120884e-01 1.724385879482410289e+00 2.917898946618222578e-01 -4.920642573070743708e-01
1.077759590536312428e+00 1.233907018971225344e-01 1.795686952510873180e+00 2.818294137627606055e-01 -2.395966652421428922e+00 -4.069430950381236478e-01 -7.073981823341435327e-01
-1.609820161039106523e+00 9.071239561610253688e-01 -2.402774725125172761e+00 2.784471699372481623e-01 -1.215160096015278191e+00 -9.075951789872606090e-01 -4.849872773166086226e-01
-4.247231688517121295e-01 -2.263398387515210164e+00 2.923527235319456796e+00 -2.829622824064534914e-01 8.963420267001966923e-01 -6.938753368692451851e-01 5.300020694488272871e-02
-1.913575544733525646e+00 -1.623448201158564252e+00 1.409905488747732250e+00 1.288557355598562992e+00 -5.284630745075729052e-01 4.799525792184899942e-01 -7.406941809568975410e-01
-9.447893282708010876e-01 1.742307463395317280e-01 1.370560669926821351e-01 -1.519431933032891369e+00 -8.588250100915912899e-01 -3.416515322876138017e-01 -5.299770842426317907e-01
-4.007813883714945180e-01 -3.256484767773085931e+00 1.562912655766329539e+00 -1.048481967502876033e+00 5.604401121049507051e-01 -4.927855833233181215e-01 -2.853433453043273671e-01
1.878489751675603836e-01 -1.975204425379492257e+00 -1.154932702216210361e-01 4.419380668333206669e-02 5.939375717247860065e-01 -7.130269692588688812e-01 -1.622007268030539739e-01
-1.583362247863113748e+00 3.278527748879522363e+00 4.181830184850182874e+00 -1.971394753791945176e-01 -1.029639935071466006e+00 -9.507343475957985568e-01 -5.810976467580840632e-01
-2.256376309615308884e+00 2.153700031288323657e+00 -2.982594508601335459e+00 -9.151551183639408116e-01 -2.132012771393730244e+00 -4.669183021046052762e-01 -4.384996384516609558e-01
-2.316111740895574922e+00 3.026434578247840346e+00 -3.324499034197643810e-01 1.791395568955624906e-01 -5.907353853714074621e-01 -3.590632267601663319e-01 -1.112239732024276062e-01
1.998413846484105250e+00 1.929777506379588559e-01 3.787988477755366290e+00 1.776614692598466744e-02 7.401297265683178805e-01 7.565745226570430582e-02 -1.081549961518630809e-01
-3.130762616713429480e+00 -1.306086948960861749e+00 -2.388735890149833452e+00 2.176828676204397794e+00 2.259418181395513425e+00 -7.743694482848542116e-01 -3.497211495650688340e-01
-5.495924666133342740e-01 2.521439773250128358e+00 1.232847210431339935e+00 -1.733204905186284672e-01 1.028587929554675151e+00 1.252013123152876384e-01 -3.885487613691837039e-01
4.786348676904826904e-01 7.655605979377235748e-01 8.154955996011774566e-01 4.031084046016095712e+00 -3.319992602289235650e-01 -1.671046307747225956e-01 -5.471148254791723814e-02
-6.526746492301129798e-01 2.962835465808699720e-01 -1.583920176700503307e-02 -1.343933805260575376e+00 1.121030116510928210e-01 -2.773850603258485870e-01 -8.465585876413503907e-01
-1.919170014833893712e+00 -1.176207376996245113e+00 -9.873217998763963443e-01 -2.122683454442108264e+00 1.375828780476033852e+00 -1.661890177978803118e+00 1.593759769382441238e-01
1.390657983351480720e+00 3.695179379757789651e+00 2.810144974648128180e+00 -2.264495867047824351e+00 2.476971942562006035e+00 3.816527913017887103e-02 -4.556750466203205452e-01
1.564319713259811895e-01 4.064402364472291751e+00 -3.550284174665016668e+00 -2.346128287437093451e+00 1.140993174813478728e+00 -7.120816628794142122e-01 -1.090623098855942885e+00
2.345178498126124222e-01 3.230189260776852311e-01 -1.359161888425766573e+00 1.643567215667867676e-01 -4.997124395509308092e-01 -4.177002363064132862e-01 -1.128191494234068726e-01
-1.665277963995357879e+00 -3.656413552504517384e+00 -9.628776802559362302e-01 -1.147251377007214135e+00 -4.953336210013735696e-01 -1.065757860345940333e+00 -7.092429125963407577e-01
1.509581380201403977e+00 1.119022606932176034e+00 -1.027514919469466159e+00 6.124866075147021860e+00 -6.857597159029582556e-01 -7.771534590594475489e-02 2.051179713112006447e-02
-2.876565100129097274e+00 1.108933389279651571e+00 -3.046703798843806155e+00 1.865022324380521068e+00 1.925823072183525664e-01 -7.836022024913923412e-01 -4.964693744271395648e-01
