(-0.6306184351844184-5.551115123125783e-17j)
5.586929271509222250e-01 2.596914295930584426e+00 3.420774908691196270e+00 -3.710012188113834264e-01 2.034700086111743911e+00 2.413098017706086784e-01 -6.861158348574883936e-01
3.277575676317204145e+00 -1.665507665157203832e+00 -2.390213125638177782e+00 -2.257269339569897948e+00 -8.678592010321033168e-02 7.347610190157081167e-01 -3.960046733917266804e-01
-1.362524124054037777e+00 -6.160656423582133723e-01 -2.673128978248970888e+00 -7.237850366742064168e+00 -2.915144582846112886e+00 -1.244945029450561735e+00 -3.468015603513066591e-01
-7.773235492649303857e-02 4.797497364995797930e+00 2.559323610855563036e+00 9.496643487614579993e-01 2.737860952993007024e-01 -2.803677106447415857e-01 -4.721473045745597230e-01
2.522263722429618049e+00 3.293371954993437267e+00 2.645497366233892311e+00 -3.957537424853207142e+00 -1.544958748763357037e-01 -6.738869602492268962e-01 -1.401175129034725741e-01
-3.131118143447535918e+00 7.714610285093244091e-01 -3.031605002251760994e-01 -4.353921120901087072e+00 -2.677478724592230908e+00 -2.491653712845778745e+00 -1.144921944808180880e+00
-9.900481315627722712e-01 2.885098409165013589e+00 3.173506697584211889e+00 -1.857263230896472939e+00 2.479618421466964762e+00 3.183364689592070307e-01 -8.306981571053910773e-01
3.005895208186296852e+00 1.940819938789844157e+00 1.544393994170753848e+00 -3.266255333611435496e+00 -1.369743907083951440e+00 -3.616324983412125271e-01 -5.362912987467856052e-01
1.716691052362656400e+00 2.497325907897976816e+00 -7.601049680151887866e-01 2.537549312920826416e+00 -3.504516821471445609e-01 -2.581298861788969279e-01 -1.930374422242805976e-01
2.790402238002750224e+00 3.128636644927924149e+00 3.158703270652535533e+00 -1.792489416560242299e+00 -2.104999516053033481e+00 -5.430684164473442710e-01 -7.318090756208541769e-01
1.642128723576088190e+00 -1.906812329278175566e+00 2.000236934604490369e+00 2.777171637147105798e+00 -1.081366791681896311e+00 -1.518160507358796152e-01 -6.555899085718863706e-01
1.767884713621541870e+00 1.394588043657918996e+00 4.619419541675313934e-02 -7.431621308651368274e+00 -2.580145806905795869e+00 -1.371890234720375190e+00 -9.291788393521548395e-01
4.432037769319173037e+00 7.209939860559155811e-01 1.432167070676795717e+00 -3.911792339843230604e+00 -2.099755745277699592e+00 -8.042412479831685390e-01 -9.862825932870420420e-01
1.385079356323918320e+00 -2.837181062578792989e+00 -4.675738391597785260e+00 -6.209442070078845521e-01 -1.282047962956956333e+00 -1.268899721449188389e+00 1.397926742780620790e-01
2.020101510137099599e+00 -9.536898963197752987e-01 -9.418255873358498675e-01 2.400973143537658228e+00 4.360098097041524290e-01 -1.562547590293822841e+00 -6.612136348936590302e-01
-2.127088671292414634e+00 -2.677817173391007888e+00 1.117037925349516625e+00 -1.160112522910366595e+00 -7.721892908031204872e-01 5.481662472690009835e-01 3.249407599784261969e-01
2.492582437835345832e+00 7.601477930126319116e-01 -2.550422841925550910e-01 7.283779699451921275e+00 2.500923610016435372e+00 4.512678307664425015e-01 -1.397646640550889718e-01
-1.767814942772665932e+00 -3.258682913651231861e+00 3.178681478424530749e+00 2.023473017789553463e+00 7.449105938931506465e-02 -5.098017204427800209e-02 -1.269688208417971476e+00
8.605085984565968849e-01 2.037508608258612242e+00 -2.563308197368033614e+00 -6.039862394245664179e-01 -2.767471549346403048e+00 -6.404853567784418722e-01 -6.094151732959699475e-01
-1.504965375875779277e+00 -2.863975243530061388e+00 -2.945395089613771500e+00 -4.690013040548762113e+00 -1.597021882605283105e+00 8.444106920820718121e-03 -1.565263032895935824e+00
-1.196416177068641451e+00 3.721686579279306351e+00 -3.712922062343797514e+00 -4.341442669444603553e+00 7.364889297494199294e-01 -1.494615539186863407e+00 -1.404333221103515994e+00
-1.836575909658868078e+00 -7.730094134189382515e-01 1.234444690829558100e+00 -1.262147143490377710e+00 -9.461872982198026305e-01 -8.821774266037236689e-01 -9.748628813069397381e-02
-1.704458972448544829e+00 -4.777385994060742824e+00 1.425544138296123586e+00 -1.781124597139234766e-01 -1.013890856598404389e+00 -1.515970863877072583e+00 -5.253133566664477394e-01
-3.395792208832157488e+00 -2.732948512677901398e+00 7.916276962220164748e+00 4.371334034959213632e-02 2.212946441426228095e+00 -7.969865381718596042e-01 -7.340153321136148046e-01
3.260278559792835207e+00 5.637251932974506552e+00 5.520560397290467769e+00 6.282832681570545141e-02 1.727270136373486031e-01 -2.316278454318414060e+00 -1.214615650321471341e+00
1.153995411371240509e+00 -1.317259266725290923e+00 -4.814251839475818251e+00 -3.245833641203553110e+00 -1.409444683262966347e+00 -3.193473002310613651e-02 -9.751997217317227573e-01
-3.690711525473139076e+00 -5.657193567000162737e+00 -6.145792418150594294e+00 1.959060092057008040e+00 3.243856362736504018e+00 6.482818555150678952e-01 -2.524932326977658570e-01
-3.128838451877351989e+00 -4.675526849868847923e-01 2.263974507111084389e+00 -1.084647035374978197e+00 -1.914249342228879325e+00 -8.631741460366882945e-01 -1.542254387332943510e+00
-1.593240839416856458e+00 3.527162330467834006e-01 -2.265981045994254761e-01 5.711344293881846390e+00 -1.814984318343146441e+00 -1.211616157839468633e+00 -8.874558170719497596e-01
2.108294937660095680e+00 -1.031960147844732445e+00 1.920426341739501774e+00 4.875487150085634269e+00 3.743083471575713084e+00 1.893809229368092817e+00 6.211690619282118908e-02
1.475446411153765069e+00 9.783313398800215221e-01 4.226739071867890551e+00 4.634163749532957399e-01 3.667831568850211110e-01 -1.117920197454284059e+00 -6.444380183646882809e-01
-1.388449177728592998e+00 -1.149453048873881889e+00 2.846277150441937298e+00 -1.201645061130398817e+00 -6.810040224900473227e-01 -1.954602459503756995e+00 -7.808673256383166228e-01
-7.440323828589870958e-01 -9.422330829688660980e-01 -2.340523604882512321e-01 -1.749252221578304844e+00 7.895661538027075599e-01 8.004047992787927113e-01 -6.735499505259914255e-01
3.727575879655770308e+00 7.542526539072679448e+00 2.246039151218717667e+00 2.635145721234022909e-01 -9.143458813574444344e-01 -1.114986783767031753e+00 -4.223589206000985530e-01
3.017231696358355197e+00 8.104062714393019118e-02 -1.460320859425589424e+00 -6.990357973823135840e-01 -3.908717673880154897e-01 -1.035329037089142146e+00 -1.343244775945599212e+00
-1.397903460242508888e-01 -2.262746187915133600e+00 -6.657191582777104877e+00 -5.730670800083047745e+00 -4.089171668196708076e+00 -2.464563968781811720e+00 -1.532967081455341107e+00
2.637526257948993091e+00 5.716005594789659583e-02 2.534117601286504762e+00 3.961307385366634737e+00 1.409089651145897237e+00 1.325536481262186705e-01 -7.572066370809302782e-01
-3.307849757989389072e+00 -3.999252687549587737e+00 -9.842961561929175485e-01 6.009480404376803531e-01 1.810546308159264095e+00 3.072954171824182623e-01 -2.618059893136607807e-01
5.469264384932670531e+00 2.362561906150051794e+00 2.934124135790259214e+00 -4.666118848063299240e-01 1.622103230535073992e+00 9.180391806573413582e-01 -1.960959417896054324e-01
1.573910452860434406e+00 7.914181252168409619e-01 -3.554213277684065808e+00 -7.256031803446381101e-01 -6.992783381836866763e-01 -2.127196980956115535e+00 -1.392387876531264945e+00
1.188829063409721609e+00 -3.556034323016352139e-01 -2.854587822486399418e+00 5.584062923398225298e-01 -3.579586147502771820e-01 -9.466010105833460031e-01 -7.877107848596784923e-01
-2.171897954149077048e+00 -5.565490904296193087e+00 -3.321297327245491537e+00 8.248580711334212445e-01 2.210480154067451242e-01 -2.193757174268623711e+00 -1.036738435250968760e+00
8.072381246913732378e-01 -3.182828544481265176e+00 -8.105758572783046123e-01 -3.036812230985468819e+00 9.758204702792943053e-01 1.004773152960227733e+00 -8.298857246985162639e-02
-6.117752598305212786e-01 6.124990638889007410e-01 4.746241627335167634e-01 1.045081439069191376e+00 6.893281568907014822e-01 -1.270338343278535342e-01 9.239717635965206954e-02
2.042523045832435269e+00 -4.581719058027093616e-02 -2.760363346041190713e+00 -7.529186187703122979e-01 -3.672320615244206721e+00 -1.063842446477899939e+00 -4.276235820728108150e-01
-1.707575573930404378e-01 1.923298665261101159e-01 1.713433355259270874e+00 3.408158171730455432e+00 -1.059769822505228332e+00 -1.665291401438180996e+00 -1.571352619809487594e+00
1.538233825405149302e+00 -1.049856393163820734e+00 1.783359765406113295e+00 3.157504314669838497e+00 -3.926441949862211178e+00 -1.166462525716990051e+00 -8.937455927884110363e-01
2.568030377460006175e+00 -1.740050293583565111e+00 2.988043696319329978e+00 3.145181478436995803e+00 -1.269573098201773886e+00 -1.941386273969017084e+00 -1.098110738848990353e+00
-7.935256140120596768e-01 -3.261030268940444454e+00 -1.734787912768958940e+00 -5.217648987268714844e-01 -1.031423712340415300e+00 -1.871528772182390887e-01 -3.546914028093290372e-01
-2.939974263373833274e+00 -2.749885845721502964e+00 -9.558138100000099779e-01 -2.972534961214554183e+00 -2.609299650869359444e-01 -8.143203398488600697e-02 -6.919817039479367882e-01
