(-0.6306184351844184-5.551115123125783e-17j)
-1.921177028946267518e+00 -9.627469444459781922e-01 3.172909449389339276e+00 -3.902998677424956764e+00 -2.125719548482426280e+00 9.536490816424526840e-02 -7.946033895492176091e-01
-2.368745135274615277e-01 -2.813117358828169490e+00 -8.452416628212859606e-02 7.887653385490319691e-01 6.301860200696869363e-01 -1.700163925497296113e-01 -7.933331844014981371e-01
-1.156311949231674657e-01 2.689851649902889608e-01 2.499168966178374252e+00 2.676871363270297177e+00 -9.545412326419237814e-02 -7.855437934187929905e-01 -2.037836041054351399e-02
-3.169799809618817132e+00 -1.843138929359808609e+00 -4.826193608196081564e-01 -2.789849775495381490e+00 -9.900881582388347812e-01 5.933248121576988332e-01 -7.555723941114740327e-01
-4.183023420946320736e-01 5.323656156341516343e-01 4.557451232226986448e+00 -5.167774947882687542e+00 1.257024432332425556e+00 -1.107346916526268599e+00 -3.398254266306577898e-01
1.227254144305565564e+00 3.025527819743247804e+00 -4.530718020618597741e+00 -6.951236997886931057e+00 -2.298550060285759589e+00 -1.678433324031888829e-01 -4.562123195896880534e-01
-2.006705576709758798e+00 4.031066500529118524e-01 -8.777069949990472519e-01 1.205026788394269355e+00 5.677349212586034755e-01 -6.398858347607607744e-01 -2.915795491709100018e-01
7.783076681128456853e-01 -2.416685028468985141e+00 -2.629377995254957412e+00 -1.786336526801150404e+00 2.874006669489634347e-01 -9.946323355409723010e-01 -2.125695311780549712e+00
1.041405479060749872e+00 1.929328231427016371e+00 -3.621649438914702035e+00 7.655484260100590355e+00 -1.683672268369107439e+00 -4.018365350736023689e-02 -6.305241354931694353e-01
1.907201421908543582e+00 3.133543547019089548e+00 -2.898537560643381639e+00 -4.602070723039275002e+00 -1.073440026846902429e+00 -1.267026732196779859e+00 -9.352244904005302395e-01
8.396491315974149439e-01 6.169472263569731219e+00 -8.418425691935992050e-02 3.944136516621794097e+00 -2.165022844211416331e+00 -1.166493450864663828e+00 -5.421023061129472964e-01
8.673450942602336511e-01 -2.325409257693008325e+00 -2.165993720367765274e+00 -1.894840372262724948e-01 -4.419090857520943771e+00 -1.829617080822882880e+00 -4.136671355530812666e-01
-1.176356458883787814e+00 6.656696778939184433e+00 2.061995048977153910e+00 1.690388002687569502e+00 2.008285164761232089e+00 9.102833273612728204e-01 -8.885858582323941102e-01
-3.411634480615546305e+00 -7.803152854690062479e-03 -2.602506682649077252e+00 -2.455669881297362966e+00 -8.987921368469087291e-01 -1.347263311436625477e+00 -1.022074207778115085e+00
2.398531837459667582e+00 -2.152709775820797145e+00 -3.544893112284491554e+00 -5.337667826673329508e+00 1.494955566640737255e+00 4.566522890054519057e-01 -1.180140630004716140e+00
1.125226308329175806e+00 -1.559528526077143207e+00 5.982825344129894418e+00 -7.021114740344156502e+00 -2.322029859809050745e+00 -1.442658262185187334e+00 -8.431361322960185811e-01
1.673137613306072136e-01 -2.792670516467997466e+00 -3.024814608859268450e+00 1.128824387633377446e+00 6.194814106419059829e-01 -6.341947491593431518e-01 -7.732450409070078523e-01
-2.026327882620002629e-01 3.359737729098584591e+00 -2.171508884288359642e+00 -2.575488940658524406e+00 -6.114488680699797785e-01 -6.747513796901717376e-01 -1.446660353625726314e+00
1.763495364918299835e+00 -3.616869643868429740e-02 2.833494392825341546e+00 3.509552735238277155e+00 -4.017199229026847118e-01 4.714573287532945467e-01 -3.365981836605211885e-01
6.541027917245799683e-01 4.190991525825664143e-01 -1.669912822282776599e+00 3.803947842151182424e-01 4.472654908008934505e-01 -1.154176300132743638e+00 -1.139738942152757728e+00
-5.028541591627451179e-01 -7.026579996217460766e-03 4.552959525338083346e-01 -2.344781084346979849e+00 -1.529390061392124966e+00 -5.785708054954977753e-01 -8.586567040845053400e-01
8.810585576604134106e-01 1.606989593792465421e+00 1.907145927407849495e+00 -8.270746735864612731e+00 -2.484776697395083001e-01 -5.834221292360139977e-01 -4.907347635174344469e-01
1.354143224998225259e+00 -9.129395863227267316e-02 -3.195167919405434098e+00 -1.273337233399098656e+00 2.533668130114743011e+00 -9.750137756586527704e-01 -1.496975926173874427e+00
-1.545961336604509073e+00 1.419160422024954959e+00 -1.920394226070994081e+00 2.498116238765223596e+00 -3.384851453675069788e+00 -2.519459637778509897e+00 -3.585755485966273248e-01
-2.402203773003118048e+00 8.183636061592620969e-02 -5.953396130794161856e+00 5.191446430729824701e-01 -9.765813316749440975e-01 7.227252220386161108e-01 3.574422320798922859e-03
1.831684740858873006e+00 -3.002196321515517852e+00 -1.939122978470763536e+00 -4.702773725355030798e+00 2.851229181729715290e+00 -1.479902484415919206e+00 -1.683703919525869397e+00
1.555113926050430750e+00 2.424311176119663958e-01 1.705977351097073935e+00 -1.747041294000964085e+00 -1.803901399507740644e+00 1.060351992582472480e+00 -1.271729515540477307e-01
-1.309530169708320368e+00 -3.632857050096129470e+00 -1.214779665560716593e+00 -2.606466298763929768e+00 1.593182578420247131e+00 -2.872944171607335062e-01 -1.014934576157749513e+00
-1.426618884974649060e+00 -3.304596292403555235e+00 -7.948367965924909573e-01 -6.055206721204884346e+00 3.971928538514701290e-01 -1.452926934560421213e+00 -9.987487076397081331e-01
-3.606312811386702122e-01 2.417807841777734890e+00 1.094194162608084886e+00 -2.093114073153526378e-01 -1.357105082397887852e+00 -1.449858091087629308e+00 -4.687931772672097597e-01
-1.660534892692821507e-01 -5.309254125572203664e-01 5.784918952745586873e-01 -2.995919684423021256e-01 -2.046368291417516971e+00 -1.392284792026946327e+00 -5.833124531667599477e-01
8.053751974666137903e-01 -3.066925585697960699e+00 -4.433473649399506833e+00 5.024641584431659425e+00 -5.783806899741974483e-01 -1.502690622714733859e+00 1.929237092771019513e-01
8.669146026334995092e-01 1.594525605596271156e-02 1.903115424269731681e+00 1.535759953097622921e+00 -4.092453199838741007e+00 2.611901966913650341e-02 -4.576745462574643986e-01
-6.856885954237347258e-01 -1.984733276775831667e+00 -2.310717516996727117e+00 -1.687585853136342573e+00 3.669959972155484085e+00 -1.258829599204727701e-01 -1.445730915398143468e+00
1.047746159298941881e+00 1.117860019957493067e+00 -5.352043685263729422e+00 -6.825791563684399321e+00 -2.871034786541533101e+00 4.155990522091008998e-02 -6.537986588111848185e-01
-6.855737256024796444e-01 -3.483405397974592699e+00 3.801198684819147910e+00 -1.467756539263785465e+00 4.411037610717767343e-01 -4.648348349674882307e-01 -3.336764646218358110e-01
1.957943401088843460e+00 -1.706132200193464676e+00 2.218248686696269623e+00 9.174521716478000188e-01 -7.347417620722935805e-01 -9.158269433051678954e-01 -6.006478916034883875e-02
-1.136296861796242341e+00 -1.235914148508348465e+00 -5.083789465166252963e-01 5.500543104963411700e+00 -2.815798571616014545e+00 -1.358661292414138577e+00 -1.873374932691951877e-01
-8.988809716540644423e-01 -1.824210057691220355e+00 3.538593935288091852e-01 -1.292135286780026870e+00 -7.622320016434755985e-01 1.675533720277018468e-02 -5.545444457489601131e-01
-1.314334703616587552e+00 -3.528382644204035135e+00 -4.202288548056986706e+00 1.099665166440093378e+00 -3.325803031131674192e+00 2.193331398951919864e-01 -4.821764580306686088e-01
-1.386367862261409734e+00 2.806527010116838805e-01 -3.130758933866299998e+00 -2.887635347806170483e+00 -2.325392624798699348e+00 -1.109687886184084427e+00 -9.430492889118333721e-01
7.904578142743852454e-02 -1.362230418264790188e+00 -1.592656850834798687e+00 2.978436129403558841e+00 -2.609238616856533799e+00 2.239332147828971831e-01 -1.017758292498282868e+00
-1.665731921555986927e+00 -5.112259904161368940e-02 -5.292264510530064747e+00 -1.718179906875902940e+00 4.090770634956849006e-01 -1.924366030912423753e+00 -4.321671935333898373e-01
-1.563124592514036459e+00 3.336896930821054319e+00 -1.349588057106845929e+00 -1.718580540806979196e+00 4.339730273833493079e+00 2.312516319256974762e-01 -5.381096365798510028e-01
-1.626020515167655223e+00 1.270141289444009502e-01 1.871327039529975533e-02 -2.395560112914293938e-01 1.591122465811209419e-01 -7.404284440694686165e-01 -5.288970654437470387e-01
-1.617002571603395999e+00 -4.102192287926394343e+00 3.827740428805533224e+00 -2.971697725455139771e+00 -3.496883000602655667e+00 1.499324673372999794e-01 -3.681787962466141484e-01
9.968703553745157375e-01 -9.868020508776542687e-01 -1.952043264441185810e+00 5.299606758167947795e+00 -4.303978933213348790e-01 2.010375735036464273e-01 -9.299551753884744976e-01
1.323919259359806810e+00 5.440932790987601742e+00 3.353935102072143071e+00 4.143097467452391824e-01 -3.634331101536292685e+00 -8.321079568689397910e-01 -9.211817587946600216e-01
-1.277942095093684616e+00 -2.001838030308970229e+00 1.889394371537792328e+00 -2.616581867611780798e-01 -5.142554562339525681e+00 -1.955771882917476168e+00 -8.498516283859880449e-01
9.013490076706805187e-02 2.561101329391743064e+00 -2.047320926684963016e+00 -2.945160022995361726e-01 -2.220445952637637443e+00 -7.439457877241315575e-01 -1.053758138867901151e+00
