(-0.6306184351844184-5.551115123125783e-17j)
4.495909635066829502e+00 4.607407015675213380e+00 -3.141183814906535865e+00 -4.770509638611620140e+00 -2.466989398513416365e+00 -2.127090997970740305e-01 -2.075497249121868726e-01
5.645417346400967595e+00 -4.940021767748894455e+00 -6.461914573379927695e+00 -2.712924350074267799e-01 3.922026177794500357e-01 -1.855359614365024834e+00 -3.376193263748439310e-01
1.349407816950321637e+00 -5.380054432263640940e-02 -4.550620021377357105e+00 2.886324937768058319e-01 1.106772165508072225e+00 3.668235126223701736e-01 -5.988316195661347319e-01
-4.770256552439782749e-01 -5.500291131695324021e-01 -1.911090799529369777e+00 5.251843168143284224e-01 -7.898472835148540039e-01 -2.426017302761955263e-01 -8.525056450998140800e-01
-2.883382681970379391e+00 -9.218311233091218415e-02 -1.008536765100263111e+01 2.125271903055613865e-01 -2.834358820339039742e+00 -1.324173964927475966e+00 -1.191581812940054386e+00
1.002909622592614847e+00 -1.375921296421309670e+00 -7.509342565323552598e+00 2.747032284117542744e+00 -7.589116856842625936e-01 -1.770631295536444494e+00 -2.579818711569843437e-01
4.140580671733222751e+00 1.888507279855569099e+00 -4.129961587521321142e+00 -2.592164789270043346e-01 -1.300392623069303477e+00 -1.513481030431055752e+00 -3.443991356524726821e-02
-3.932070645229978734e+00 9.651510961447578030e-01 2.729028916531090587e+00 -2.744339209712936434e+00 8.968187172018180497e-01 -1.514718011828300570e+00 -4.599297001640174631e-01
9.022874377853919992e-01 -1.130598785665880124e+00 -2.509260927051104151e+00 -2.370762927020340083e+00 6.918418749787247357e-01 -1.092052772325821319e+00 -1.934060409901964261e-01
1.340973928533659487e+00 4.490797075112739734e+00 -8.297401073509726999e-01 5.250014949824535204e-01 -4.176107142984283094e+00 -2.461704328058053726e+00 1.200427010650701037e-01
-3.484688643628885085e+00 5.715017834995190782e+00 -5.376853462946014073e-01 -1.281518855118894296e+00 -4.400379949941259361e-01 -1.553722412551828969e+00 -1.019540064922167977e+00
4.234918812056213788e+00 1.286382257288807951e+00 2.917573415820049032e+00 -1.997106570020166783e-01 -1.883237808549839132e+00 -6.906068041720282435e-01 -1.190153882132379382e+00
6.267591140203317146e-02 -2.981339351736669752e+00 4.754314297905181341e+00 3.085220737367081689e+00 -1.029526289368363212e+00 -1.244634537549449194e+00 -1.166250722078682855e+00
-9.832998393582428331e-01 9.192006373841687950e-01 4.147139968885978689e+00 6.533154086853223852e+00 -9.777919207032164106e-01 -8.954245896779267078e-01 -2.157993571816717582e-01
3.900724051133165893e-01 4.579942980355866666e+00 -2.670459971411658806e+00 -5.750388953865286368e-01 2.083820916764520970e+00 -1.782344745015787546e-01 -1.215500645062101315e+00
6.456858340792905882e-01 2.942554652885527311e+00 -3.940214355804992241e+00 1.868242096604508795e+00 -3.521319665608012794e+00 -1.698813808653165114e-01 -8.164075273656267173e-01
4.003826534182741148e-01 -1.793882759507267499e+00 -3.866763956515622880e+00 2.118195352290883071e-01 -1.283040039025998835e+00 -3.384457336777196290e-01 -1.034803333577521967e+00
-2.198307946492580989e+00 -3.815825325738204654e+00 -3.962445057706269758e+00 -2.600366577948761471e+00 7.973848134016527922e-01 3.973577280022117519e-01 -1.104435224470294408e+00
-5.584373163127551720e-01 -3.387971028272525054e+00 -6.027599092064656050e-01 -1.450539096928259220e+00 -1.262601591888869335e+00 1.545770727382455245e+00 -8.390980849237155148e-01
-3.861810887918072144e+00 1.179559021977264477e+00 9.967585545058719187e-01 7.067083315819343570e-01 -3.761367029316618815e+00 -1.428869550827497115e+00 -6.341126847528599786e-01
1.630292364064128474e+00 3.706874350157349784e+00 4.600282602429349943e+00 -4.530600729185704445e+00 -1.569205610457797162e+00 -9.948331867889816937e-01 -8.781537641462580090e-01
-3.452769727292372526e+00 1.017356343065595858e+00 -3.651408190732425840e+00 -1.477090289561267644e+00 -5.943991599410112237e-01 -2.242658982277586421e+00 -2.452598353702087897e-01
1.756390688998658689e+00 -8.937235689037603681e-01 3.235492394627841883e-01 -1.317487622409591608e-01 -9.948935683292903231e-01 -1.684815914767738620e+00 -1.208007134331296362e+00
2.964059001622183498e+00 2.110936363643211244e+00 -3.594618875273972503e+00 1.968515723603504242e+00 -2.255489970530047295e+00 4.368314547347544319e-01 -6.091773117354696288e-01
-2.228421529209307916e+00 3.738849361858733733e+00 -5.065621903056330977e-01 -4.014515851608314811e+00 -6.434768778930390898e-01 8.228818156089436064e-02 -3.394901506811140446e-01
-3.209900703832799240e-01 1.542876786263362998e+00 -6.908385095731595982e+00 3.429545659212403508e-01 -6.482163444584881917e-01 5.573944627501368210e-01 -3.498284101682817560e-01
-1.480159258308293146e-02 -3.917416145274084549e+00 1.569206876977826681e+01 3.026353003325552127e+00 1.477081927427408736e+00 2.799845239424020860e-01 -8.234855725093732648e-01
1.158771807537863463e+00 5.099209565475446571e-01 -3.449867232224539837e+00 -2.789771710864220378e+00 -1.258195909907503296e+00 -2.644543093941197132e+00 2.126295756739275400e-01
1.906316321275129066e+00 4.676978964745098999e+00 3.955142428149587719e+00 -1.088594403725981818e+00 -1.860406159062663489e+00 1.948413257169118173e-01 -1.307256065049971383e+00
-1.632887224726179864e+00 9.271699909840427356e-01 -6.201110587801071716e+00 1.811387106132694269e+00 -2.257557405350822055e+00 8.228648051673222164e-02 -5.543757463272893649e-01
-2.222087900004958705e+00 6.558392593134939830e+00 7.658019239936363576e+00 -3.375475991954995370e-01 1.032532144949225072e+00 4.230204213260173041e-01 -5.727652457353994420e-01
7.300131847386437833e+00 2.652409050084624909e+00 -2.183982961053688943e+00 -1.421196814969196032e+00 -1.074921298368054501e+00 7.535725090690831296e-01 -4.389988872796615760e-01
-3.370754995513439045e+00 4.651305477901898300e+00 -6.014049018463835772e+00 -2.508624099063012647e+00 -1.341573901130550306e+00 -1.050945392198611161e+00 -9.382646828883312029e-01
1.798823868023545325e+00 -5.522487688964448083e+00 -8.133546137175347024e-01 -1.793216268074989239e+00 -2.853329421396295196e+00 -1.722812692650092847e+00 -1.115687729474715617e+00
-1.648691446828109308e+00 4.533032964664047149e-01 7.916198065546645957e+00 -4.612952778670430298e+00 -1.149126564068203793e+00 -9.078339022548125303e-01 -6.574008644603978047e-01
1.293923200526599926e-01 -6.366991726530200069e+00 1.347319195071046805e+00 3.134263546379162935e-01 -2.768114045600688300e+00 -1.324040354029336619e+00 -2.014683490819484946e-01
-3.596458889083161026e+00 3.921335885793002962e+00 -2.153002540617686145e-01 -1.815926417673646154e-01 -7.950657676539318874e-01 -1.924626066720378281e+00 -2.665725031360522412e-01
2.652629920856212298e+00 -2.289649063402296125e+00 -1.726973517502486954e+00 1.225931931477251435e+00 -2.796094025870449418e+00 -7.121356120142365853e-01 3.893190603375158709e-02
-1.759133108724149519e+00 2.534241984001971981e-01 -5.703167157973255463e+00 -1.688563569301151590e+00 1.997162669777112209e-01 -1.430729925327045793e+00 -5.784485586050561734e-01
-3.655987926393798659e+00 -1.260428360639369805e+00 9.229624397214777343e-01 -3.820486165012095814e+00 -3.560609405792123927e-01 -1.268090734017184085e+00 -2.594577014153427452e-01
1.288620375084015501e+00 -1.014867299955318103e+00 1.880837648456905153e+00 -1.124367376689647591e+00 -1.388398094356599666e+00 8.602560276966835229e-01 -1.762306293117994249e+00
4.030817609146041924e+00 -3.898029475837260893e+00 -4.246370867081078693e+00 -1.116354517384426037e+00 7.194664338121483649e-01 -4.156866079990205187e-01 -5.722101334422641239e-01
1.408206327225854704e+00 -2.403332403115030047e+00 -5.994246321789517218e+00 -3.017876692142157591e+00 4.767351387103404003e-01 -1.128251244731720559e+00 -9.084931042507534693e-01
-2.394334719981856985e+00 -2.743613370168267174e-02 1.451919701265364182e+00 1.285223395199108221e-01 -2.338038752266244469e+00 -8.988956356936164127e-01 -1.484477818843944252e+00
2.537806624247312404e-01 -8.288360995726464786e-01 -2.484522950048679402e+00 1.710746763771015422e+00 -1.425811867679178446e+00 -1.307379554216743012e+00 -2.068096763102684754e-01
1.204675890987627396e+00 -6.110011971277473641e-01 -2.773395815780570484e+00 -1.927885237767615001e+00 -9.023214144379347601e-02 -1.322336538371143844e+00 -9.576721705311428412e-01
-1.171520626086463013e+00 -3.126919398604545375e+00 -4.211606769533383421e+00 8.851596651696616580e-03 -8.154754007761915169e-01 2.131936676022252453e-01 -6.293111631388204064e-01
-3.372344384439662779e+00 1.136345888432905432e-01 -2.639095335385163832e+00 -6.710029895789121568e+00 1.464559255057646392e-01 -1.042676564450602417e+00 -4.052376140729763154e-01
8.028428270823000368e-01 -8.526841516504628238e-02 -4.343035255752126567e+00 -3.943024302341356258e+00 -1.737940011237798288e+00 8.793272826591301827e-01 -9.319840402543064783e-01
-1.209825269220259569e+00 6.692754296376275669e-02 -6.026849485053299205e+00 1.556027727834386476e-01 -1.334333673006094512e-01 -1.694276491334031132e+00 -9.929684191098482327e-01
