(0.3150858436546712-8.326672684688674e-17j)
3.734856020725722203e+00 -5.478913616603994008e+00 2.903096946889625052e+00 -6.057013147869295011e+00 -1.931790633476990759e+00 -3.504852472723835266e+00 8.234894177727052345e-01
3.116383087162921672e-01 5.533613128343283449e+00 1.451893242589601840e+00 5.487157505342949548e+00 -1.360578058257548295e-01 8.639270103951477431e-01 1.841676074379434036e+00
-3.730545704438267274e-01 -3.094942919272253068e+00 -2.097367889578993339e+00 -4.432391726424699918e+00 -4.041535914527086826e-01 -1.126585729938595737e+00 4.077629318990714236e-01
-3.574048722189778760e-01 3.618084081056041512e+00 -4.287487297500351957e+00 -1.798111598361765040e+00 -4.253691297276506189e-01 1.353510978022214040e-01 -8.749554731336020574e-02
-4.275838675102416886e+00 -8.896989975808584639e-01 -2.496401606778696269e+00 1.176612288799412154e+00 -2.562098396715483339e+00 2.878426660645487356e+00 -1.016326072533613623e+00
-1.137367181751179013e+00 4.450703622048409969e+00 1.081580351919131289e+01 3.800540150676888551e+00 -7.332332886823084150e-01 3.796516317135789631e-01 4.954438162023347414e-02
2.326331023732570280e+00 -6.475509616725285689e+00 4.318375178314948215e+00 -4.060376985834635022e+00 2.314677998238444001e+00 -2.098934687988616155e+00 6.070569188465287924e-01
-2.407472697692671915e+00 1.351707479232228948e-01 -3.960522016713817983e+00 4.270009225857073432e+00 5.493671292738698142e+00 2.195671591084022989e+00 9.799878912875720216e-01
-1.336421777306363134e+00 5.394193774345119152e+00 1.164345217302098279e+00 -1.824683400119843313e+00 -2.554527301602354417e+00 5.356565613937572579e+00 5.550732680212171199e-02
7.217281359596077195e-01 -5.601172973208091932e+00 1.351104986939347219e+00 1.693099530153085785e+00 3.437897615931232664e+00 3.913860971682893375e+00 1.021268215652926470e+00
-3.278031458391525543e+00 4.778443537549162734e+00 -9.349002691175194002e+00 -3.870517770003153446e-01 2.634259494013264202e+00 -2.960654615869364292e+00 -2.386509580954186138e-01
3.447084811694731132e-02 -4.474749077846389422e-01 -4.178695138190784419e+00 -4.253985668108423823e+00 -4.156533541271013377e+00 -1.757184334703168205e-01 -1.248697433453658689e+00
-5.466647446755095174e-01 -3.135399823800991914e+00 -7.900145588152432397e-02 -1.688261363241324142e+00 -3.820775513296404968e-01 -4.381033539435613688e-03 -7.349008652031505662e-01
-2.907315634199926890e+00 3.105806697323677756e+00 -3.776106934436068707e-01 6.126147859032185394e+00 5.031872466243305642e-01 7.112280439140895583e-01 -6.722644008502519641e-01
9.997670294614908748e-01 3.889765278363047640e-01 -4.014109548395916605e+00 3.436109776138891014e+00 -2.050227679475782328e+00 -1.020745997018077444e+00 8.802336958126033561e-01
-8.227930451339411366e-01 2.374661502217056075e+00 -4.632217512496946021e+00 1.134992223373855191e-01 -6.282711097375816012e-01 -4.316782770397883162e+00 3.067809172212772495e+00
4.814804661014907561e-01 3.627390692653216231e+00 -7.564280182107386175e+00 -7.280479290906400891e+00 -8.632716232052107586e+00 -2.020909600937801809e+00 3.188973898843268096e+00
2.872808477207000610e-01 -1.845991181528895186e+00 2.464615542124476699e-01 5.009726246695186624e+00 4.851326626306764922e+00 -1.527125456056634523e+00 1.271070106174058967e-01
-3.399253727944253178e+00 2.059145370857583757e+00 8.184893545074167776e+00 -5.731601410486041992e+00 8.754802402336689937e+00 2.517064546362037802e+00 -6.697706270425817232e-01
-3.191413044523711218e+00 4.408844429613489879e+00 1.471040928813483362e+00 2.544293243933303916e+00 -1.575966592831900659e+00 -4.033078491727945192e+00 1.403673328630481665e+00
3.803958108266415339e-01 -6.191454695044047440e-01 1.909398404666251992e+00 9.458525519715411889e+00 3.810077704072921012e+00 2.233271681522570162e+00 1.594766388392625966e+00
4.919181105951439648e+00 -1.701410859126232689e+00 1.264498912119524032e+00 -7.971716006086786876e+00 -3.339694228485624805e+00 -1.698094123557251089e+00 2.445647797700090109e+00
4.574091585442750407e+00 3.772609133984466290e+00 -3.947893965360463331e-02 5.129570099024033603e+00 -3.837475033700980642e+00 -1.844395866528771188e+00 -2.194547368280861110e-01
1.793310937750376421e+00 1.804777986126067324e+00 -1.118115231683692024e+01 2.255505188211293977e+00 1.265077321810775324e+01 9.519597097728355051e-01 -4.995340777259058562e-01
-6.341268783269716769e-01 -3.451784059615126132e-01 -4.333548824825731449e-01 5.873117487352163657e+00 -2.292687770107129097e+00 -2.204184421587616516e+00 -1.979981093521757440e+00
-1.553013063785715908e-02 -1.220163848686218078e+00 -2.651768524371363789e+00 5.606997169035046191e-01 -6.790996313842057042e+00 -6.836833802922256953e-02 4.032986842390466897e-01
6.423152662634112886e-01 1.456524476067996010e-01 1.179924643399439532e-01 3.473324816570993789e+00 4.939500262733957037e+00 2.143959308154369747e+00 -1.264995403857096079e+00
-3.821476352873405258e-01 2.360591499707221264e+00 -4.109021951045234822e+00 3.184484421790395370e+00 -2.497347285810131545e+00 -1.393699524144799584e+00 1.223334244552846561e+00
1.568118640327333724e+00 2.380747956681776578e-01 -5.846384732467597711e-01 -1.180718694352796483e+01 -2.066234188597119825e+00 -2.104121712906938946e+00 4.747753143686748167e-01
-1.809196753687386805e-01 2.538411886185958810e+00 -3.564175870055133810e+00 3.294435572191414252e+00 -5.651542011545886979e+00 6.883414581334255100e-01 1.062525425068347351e+00
-3.121462673023411405e+00 6.668246079727215836e-01 4.023287015696434210e+00 5.449243094489069072e+00 2.007990911237149678e+00 -6.609062660581334070e-01 2.579232761327760470e-01
9.044537582242070384e-01 4.581833067366705148e-01 -1.322345273106537933e+00 -4.518091257923036785e+00 -5.447372206857746590e+00 -1.099162346753143338e-01 -6.877603137741554740e-01
8.240891349921748432e-01 -3.813920023100433099e+00 -4.120562942980027898e+00 4.326305452547106745e-01 1.073689385416920494e+00 2.322958388188695267e+00 -2.180782229892256063e-01
-3.503064945707048405e-01 1.246844302122591397e-01 1.431851867416851221e+00 2.721503635686054690e+00 -2.968934649356405497e+00 1.225551130784302334e+00 2.274925990927735564e-02
-5.265051627133925383e-01 4.552154828333837777e+00 5.168401505959796971e+00 -4.996603593425655632e+00 2.296265896130930351e+00 4.933190443910058232e-01 1.394525616279878033e+00
-4.910624081912169814e+00 -1.683106168194977936e+00 4.400021925907410036e+00 4.901132918870155564e+00 -1.385419420289855541e+00 2.340292089962067723e-02 8.352140871122427646e-01
3.167710883029946523e+00 3.174825438197074412e+00 8.671689625926346512e-01 -1.269391047394078154e+00 -1.559233711116803534e+00 -2.365688867781568838e+00 -1.173912342222306060e-01
2.996660531304168540e+00 1.492311060684077928e+00 -1.539612165272789657e+00 -9.695142795797622171e-01 2.861332011420625321e+00 6.994794388835893217e-01 2.033925858484463056e+00
-1.921997100496427802e+00 1.689954042567239245e+00 1.744808551074536584e+00 -7.286495542137046755e+00 -1.845487361585272268e+00 3.467333084211395855e-01 1.529955279247787292e+00
-7.989025105791801584e-01 -1.009658554549505372e+00 -4.810041823051498522e-01 -4.212065053839605611e+00 8.517845733121854224e+00 -7.069813457219698005e-01 -2.268656077701173557e-01
-1.252185659198010947e+00 -2.302119532797422263e-01 3.759485943927225016e+00 -5.830916439785929661e+00 4.609537853594372625e-02 -5.174001707232789293e-02 -5.852638467462864535e-02
-1.505845108989097625e+00 3.088274488717299704e+00 1.645380641715535219e+00 -2.026116077444050756e+00 4.265174029529061883e+00 7.054745002233218543e+00 2.260706630302888431e+00
-1.831109321385668398e+00 -4.310072930235286037e+00 -2.780601528493185981e+00 -7.443879223608606210e+00 2.865128731450559574e+00 -3.147874300575397744e+00 1.097030030529769551e+00
-3.496843469986691488e+00 7.946218011493527911e+00 -4.569588953736545278e-01 1.372994877127919233e+00 -1.333480381637144774e+00 3.397061339334652708e+00 -6.042494111788301314e-01
2.479300940680057852e-01 -8.016927460175800046e-01 -7.574820826795063411e+00 2.708776711078714428e+00 -4.595008374671825990e+00 2.656048306030879047e+00 -1.550195398575685002e-02
-5.430766319940585340e-01 3.243936956220207612e+00 7.486815552024604914e-01 -8.161821609801361177e+00 -4.824612885311207577e+00 3.407224443002353720e+00 -1.100336018470445820e+00
8.918034221401187622e-01 8.367646849316698887e-01 -1.940646206405271190e+00 -2.848798180249955792e+00 2.435032905879658038e+00 -4.046461931779959942e-01 1.043237312118134197e+00
-9.815920964290887341e-01 5.510166845102306254e+00 -1.019228592340762241e+01 8.470938198728833468e-02 5.673461447915305378e+00 -1.219676452325288762e+00 3.880365447662124101e+00
2.284183587171359164e+00 1.073065215065892586e+00 -2.918258744561426976e+00 3.649715598911993819e+00 2.693064858580664023e+00 -9.540056922735433709e-01 9.317565324940567661e-01
1.894351530970466158e+00 7.026382180370617903e+00 3.489177048839168460e+00 -1.061961082506331644e-01 -1.670300867477745754e+00 1.797466483283166383e+00 1.411495024911205709e+00
