(0.3150858436546712-8.326672684688674e-17j)
-1.757215739285942435e+00 -2.525825759209703314e+00 -4.026375154740049034e+00 -6.086587641619695788e+00 -1.038338995594294545e+00 2.670551031835345368e-01 2.008429787856937043e+00
-5.819250103363082793e-01 2.584736051466068663e+00 -3.104736437145532157e+00 7.721931551574686914e+00 -3.630115408590643522e+00 6.233026228621574294e-01 -6.681296996634792373e-01
-2.235869870204287402e+00 -3.488808759015064709e+00 -6.083453627605499570e+00 -1.064434186678762728e+01 -1.492658311223986844e+00 4.317663430511166078e-01 9.256602768719719709e-02
-2.066451209032342362e+00 -8.236780763072292899e+00 1.546012724689720119e-01 -1.112237625920949657e+00 1.774699062973069008e+00 -1.921125263685566686e+00 1.428334624039306666e+00
2.869256703018603805e+00 -3.778897296426990238e+00 -9.595741428075191592e+00 -1.513638374171297762e+00 9.227887868509985214e-01 1.284913854180703696e+00 -2.389587431331293976e-01
2.977936564226846272e-01 2.299882438679222929e+00 -3.533595865651691703e+00 3.510152457639159174e+00 5.367266964565277076e-01 1.480652478751021128e+00 5.018607381742251627e-01
2.272344597530970844e+00 -3.103021402620091074e+00 -5.633201031146690241e+00 -3.440515296487202113e-01 -2.999696467425731150e+00 3.887396490116740155e-01 -3.467260020805030818e-01
2.470313428608853223e-01 -4.313404597965355691e-01 3.896023928045499574e+00 7.124788199619656481e+00 -1.334541492030875576e+00 -4.002963788587404537e+00 2.999872055904975188e-01
1.856783873465483792e+00 -4.476256194096093211e+00 3.519723104983225159e+00 -1.070241826795305506e+01 -2.149454192182437495e+00 -3.248141433932701716e+00 9.702710922062405263e-01
2.279869044389139621e+00 -7.135113807879298164e+00 1.438278614992357429e+00 -8.877061600883397574e+00 6.796161523422865613e-01 -1.628109980506878829e+00 -1.423982034832996124e+00
5.162891027702436020e+00 -8.642040866610977146e-01 4.282071440897356140e+00 3.969856555507076390e+00 -3.218224978704031791e+00 -2.857191738714953910e+00 1.550531794497359339e+00
1.623167114417362500e+00 -6.288646036366438707e+00 6.934165925773227102e+00 -1.246481991940250778e+00 -5.378943461897555345e+00 3.386327659689376990e+00 -2.913208554485959834e-01
1.035551861983595501e+00 4.588721311996019736e+00 2.125116853900558489e+00 1.435524438397660063e+01 1.857166335880591213e+00 3.789563409316291320e+00 8.397186916387811007e-01
-1.487199105169942026e+00 6.943707579172473388e-01 -9.132556549793845235e+00 -4.974444883030437303e+00 -2.999925493692304213e-02 6.486007170154606261e-01 -1.574367631707687121e-01
-4.166964436157606144e+00 1.709509973993543763e+00 4.096937698385782589e+00 -3.284017743954204871e+00 2.730308832386239004e+00 -1.597717421379190927e+00 8.852157167361763834e-01
3.669824646608716989e+00 9.824671486138978338e-01 4.319365982157132855e-01 -6.977189050168699502e+00 -6.061356557200423545e+00 -1.131980795553331864e+00 -1.358463876948669546e-01
6.001085580893956717e+00 -5.349815412468894138e+00 5.618050327997702098e+00 2.471356478758425013e+00 9.400591157692365085e-01 -1.193046907266061440e+00 5.303259082187807838e-01
-2.520385107706953676e+00 -5.062872630740375968e+00 6.212520403636923483e+00 1.845834800796960717e+00 -1.430921693961203278e+00 -1.641493801323789636e+00 -4.628744033433684901e-01
-3.252069523764204551e+00 -3.338229683088006716e+00 3.833918069091190040e-01 5.851287940741934257e+00 -4.595117464373926763e-01 -1.120115438770741711e+00 -7.937393682763291825e-01
3.179559049473259513e+00 -1.925503714773725061e+00 3.170708384698693205e+00 -3.737144786923130013e+00 -6.757057682717995117e-01 1.955534134453838169e+00 1.032349327242262138e+00
1.961566110895385240e+00 -1.992516154543993168e-01 6.031528479026114553e+00 4.010765779985304924e+00 3.155729466392784843e-01 1.647008260778810573e+00 1.179239046917972100e+00
4.773974286187634419e+00 1.325577277061674941e+00 1.161528509063367132e+00 -7.828384090224727920e+00 2.241428483144037198e+00 -3.448555540021174259e-01 -4.280594741277873316e-01
4.226937276240043673e+00 -8.299304103856930404e-01 -9.773906911054359714e-01 -4.885746443652638327e+00 5.040297157638668146e+00 2.519974489069567891e+00 -2.635124793316209746e-02
1.776719125163695734e-01 -2.423418792927029664e+00 3.633065414392420145e+00 2.152539364519526544e+00 -1.915582584543907174e+00 -9.105186263522183632e-01 1.094786732522484263e+00
2.946187587877476588e+00 5.136789085956306344e+00 -1.840203947759587066e+00 -3.102406379712293827e+00 -3.672002161249566132e+00 -5.711546081200125080e-01 1.023892724933555654e+00
-3.352679743781799004e-01 -2.131962002316550198e+00 -5.334595144200146244e+00 1.567715290505151016e+00 3.167932317720483226e+00 -1.132974806604114093e+00 2.171729843748922140e-02
2.419162849065780829e+00 6.316403169240444981e+00 -1.362246983278816437e+00 4.356269359935740937e+00 4.419584303452261942e+00 3.318832789755480350e-01 5.335118842184377597e-01
-3.212919762483512187e+00 2.707275321527219170e+00 5.377521773999586863e+00 -7.203414618305830075e+00 -5.318460406704420329e+00 6.033925321265928288e-01 9.408140745967344953e-01
-8.479663163896526967e-01 2.174325317097115740e+00 2.579964361983825505e+00 -7.844986583133209734e+00 4.861050156020154667e+00 -1.425141662108416307e+00 1.186597172304509451e+00
-1.557799952193763104e+00 -8.570377467356806722e-01 1.746166271550055049e-01 -1.309995821867204668e+01 1.766109287107755499e+00 1.036551293722679512e+00 1.512289035966475792e+00
7.109385165052324318e-01 5.442948665271870823e+00 -1.861540088543192362e-01 5.308788370737203000e-01 -5.807193611110691656e+00 8.468966050914219501e-01 3.335195565610944435e-01
-4.916587596038844765e+00 -3.090237606481081478e+00 -3.213241575510256354e+00 5.460023210456699694e+00 1.053081898367461688e+00 3.263221595596574875e+00 -4.866683553980544197e-01
-1.111562692187956891e+00 -1.182430973865710389e+00 -2.192356826648584001e+00 -6.953488818790541259e+00 -2.557521504224030684e-03 2.587989281049773993e-01 1.000674291957796891e+00
3.451341987035074332e+00 8.967311955654281519e+00 -4.026310113456566420e+00 1.614727452567471522e+00 -1.616008089890531352e+00 -9.969024792758192088e-01 6.030420119944808199e-01
-1.237731769974698581e+00 1.003930259369497335e+01 4.227720505898657777e+00 3.360934653358237600e+00 1.987107224691744722e+00 -7.168250944617379217e-01 -1.181798225059012664e+00
4.158520613163422475e+00 -6.040622041349448246e-01 7.016187436158239699e+00 -3.564357760825988652e+00 -6.196205360579060129e-01 2.299117906712347725e+00 -5.661033119510258116e-01
1.700169582427405013e+00 -6.138904047042582413e+00 4.062723804298428831e+00 -3.070013341938037321e+00 -2.162902916371724604e+00 2.889139705299103245e+00 -3.209847772310708836e-01
-2.688647095543573506e+00 -5.491333540450245021e-01 -2.189745445380481215e+00 -1.563226543436710525e+00 -1.472135989556365709e+00 -4.573922353310441169e-01 -2.091685340696881334e-01
2.778935982765898594e+00 -6.242641822427446030e+00 5.660362693327254391e+00 4.053764494619192860e+00 -4.633786573041189349e+00 -4.218414751528091200e-01 1.232854276287218998e+00
-6.611252784392580573e-01 -7.610649130453188693e-01 -1.599828063967543956e+00 -1.102273956213217865e+01 5.781985052986700957e+00 -1.314614188948129148e-01 -2.037595683266018476e+00
-1.124045659182227430e+00 2.668495275370254660e+00 -1.917594741390132196e+00 -1.804885081106337719e+00 3.863211946598875457e+00 1.475207025104317449e+00 -7.452488668248244963e-01
1.751165509091774597e+00 -3.090469326069488876e+00 -9.103277637982808201e+00 -3.547102627836629551e+00 -2.170159541613341680e+00 1.776009894251128207e+00 3.259444642701918582e+00
-8.007399064118250753e-02 -7.355239132737811936e-01 1.235404012141739338e+00 4.929641289375188418e-01 8.242693571552025533e-01 -5.998231118114382143e-01 -2.014523110081776480e-01
1.052241680053643380e+00 -7.311204836468483403e-01 -3.916942419966414235e+00 3.760056004605319746e+00 -2.569450529737025590e+00 -1.112948932098123400e+00 -2.792707619947810693e-01
-1.537870840258972249e+00 -4.524556993057364807e-01 1.158698286833188185e+01 -1.060765680984725456e+00 -2.971739781409062697e+00 7.779587480735230542e-01 1.156685394698721003e+00
-3.999361478015669213e+00 -5.549362872272451064e+00 -6.941443982920346700e-01 9.426963398509926151e+00 6.084034820164868407e+00 2.260605518276262438e-02 5.835147334086127069e-01
-2.359793828752365208e+00 3.474222469883441633e+00 4.015737327921700128e+00 -1.759597357154228270e+00 2.573771166596085624e+00 -1.150757780517889906e+00 -4.991864832893553316e-01
1.637449490143136011e+00 1.776453768227963803e-01 -1.270406839841809576e+00 5.214533456034913250e-01 -2.038630319020787507e+00 -2.543411256364277451e-01 2.714422376379453272e+00
1.935248442129553492e+00 4.881749775320470164e+00 9.511270396137587735e-01 4.404148657179909776e+00 1.462571788720812282e+00 -9.406410768319888316e-01 -1.003388262396597730e+00
-2.080809825615084208e+00 -9.592478909673600729e-01 8.417433472599695321e+00 -1.531524653441457495e+00 -1.975366818191987672e+00 -2.436593014497041576e+00 8.644189071501955368e-01
