-0.2577596838366307 0 0 0 0 0 0
-0.1010563544698709 0 0 0 0 3 0
-0.0327308622473307 0 0 0 0 0 3
0.0369450787200799 0 0 0 0 3 3
-0.1695725890342015 0 0 0 3 0 0
0.0447369607418398 0 0 0 3 0 3
0.0462345711624421 0 0 0 0 2 2
-0.0075992749699419 0 0 0 3 2 2
0.0462345711624421 0 0 0 0 1 1
-0.0075992749699419 0 0 0 3 1 1
-0.0327308622473308 0 0 3 0 0 0
0.0935777396768297 0 0 3 0 0 3
0.0289384985010645 0 0 3 0 2 2
0.0289384985010645 0 0 3 0 1 1
0.0462345711624421 0 2 2 0 0 0
0.0289384985010645 0 2 2 0 0 3
0.0462345711624421 0 1 1 0 0 0
0.0289384985010645 0 1 1 0 0 3
0.0294877695352231 0 2 2 0 2 2
0.0294877695352231 0 1 1 0 2 2
0.0294877695352231 0 2 2 0 1 1
0.0294877695352231 0 1 1 0 1 1
0.0060176744913415 2 3 2 2 3 2
0.0060176744913415 1 3 1 2 3 2
0.0060176744913415 2 3 2 1 3 1
0.0060176744913415 1 3 1 1 3 1
-0.1010563544698709 0 3 0 0 0 0
0.0664328482553031 0 3 0 0 0 3
0.0047823112152484 0 3 0 0 2 2
0.0047823112152484 0 3 0 0 1 1
0.0068800326183801 2 2 0 2 3 2
0.0068800326183801 1 1 0 2 3 2
0.0068800326183801 2 2 0 1 3 1
0.0068800326183801 1 1 0 1 3 1
-0.1695725890342016 3 0 0 0 0 0
0.0507546352331814 3 0 0 0 0 3
-0.014479307588322 3 0 0 0 2 2
-0.014479307588322 3 0 0 0 1 1
0.051673683283325 0 0 0 3 3 0
0.0664328482553031 0 0 3 0 3 0
0.0047823112152484 0 2 2 0 3 0
0.0047823112152484 0 1 1 0 3 0
0.0068800326183801 2 3 2 2 2 0
0.0068800326183801 1 3 1 2 2 0
0.0068800326183801 2 3 2 1 1 0
0.0068800326183801 1 3 1 1 1 0
0.0690579929830298 0 3 0 0 3 0
0.0095867029278085 2 2 0 2 2 0
0.0095867029278085 1 1 0 2 2 0
0.0095867029278085 2 2 0 1 1 0
0.0095867029278085 1 1 0 1 1 0
0.0612603862111335 3 0 0 0 3 0
0.0507546352331814 0 0 3 3 0 0
-0.014479307588322 0 2 2 3 0 0
-0.014479307588322 0 1 1 3 0 0
0.0612603862111335 0 3 0 3 0 0
0.0782363777898523 3 0 0 3 0 0
0.0369450787200799 0 3 3 0 0 0
0.0447369607418398 3 0 3 0 0 0
-0.0075992749699419 3 2 2 0 0 0
-0.0075992749699419 3 1 1 0 0 0
0.051673683283325 3 3 0 0 0 0
