0.136722483333483 0 0 0
0.2830160160634978 0 0 1
-0.1704482022797661 0 0 3
0.4202187180177177 0 1 0
0.1481966436008456 0 1 1
0.0913022596879824 0 1 3
0.3778318603471296 0 2 2
-0.6946981235588882 0 3 0
0.3302543723469206 0 3 1
0.3138877930091821 0 3 3
-0.5579071792868093 1 0 0
0.1755408229714127 1 0 1
-0.4241872259684025 1 0 3
0.3358500210014121 1 1 0
0.3665367756266137 1 1 1
0.0978819715875043 1 1 3
-0.4067251795737484 1 2 2
-0.3508704073615341 1 3 0
-0.2673267268647724 1 3 1
0.2091054447662641 1 3 3
0.1905324761436074 2 0 2
0.5777287168171349 2 1 2
0.4065664566087998 2 2 0
-0.2693568048672715 2 2 1
0.5557579115245286 2 2 3
0.4886599559269007 2 3 2
-0.0942694608153112 3 0 0
-0.4125058414624972 3 0 1
0.3112163257401054 3 0 3
0.0253187465725131 3 1 0
-0.5015919449978584 3 1 1
-0.404430320182476 3 1 3
-0.2131875018471363 3 2 2
0.3813226360070824 3 3 0
-0.343286054573138 3 3 1
-0.3174668129022975 3 3 3
