1.0 1 1 0 0 0 0 0 0
1.0 2 2 0 0 0 0 0 0
1.0 3 3 0 0 0 0 0 0
1.0 0 1 1 0 0 0 0 0
1.0 0 2 2 0 0 0 0 0
1.0 0 3 3 0 0 0 0 0
1.0 0 0 1 1 0 0 0 0
1.0 0 0 2 2 0 0 0 0
1.0 0 0 3 3 0 0 0 0
1.0 0 0 0 1 1 0 0 0
1.0 0 0 0 2 2 0 0 0
1.0 0 0 0 3 3 0 0 0
1.0 0 0 0 0 1 1 0 0
1.0 0 0 0 0 2 2 0 0
1.0 0 0 0 0 3 3 0 0
1.0 0 0 0 0 0 1 1 0
1.0 0 0 0 0 0 2 2 0
1.0 0 0 0 0 0 3 3 0
1.0 0 0 0 0 0 0 1 1
1.0 0 0 0 0 0 0 2 2
1.0 0 0 0 0 0 0 3 3
0.1048808777043961 3 0 0 0 0 0 0 0
0.5257427368377342 0 3 0 0 0 0 0 0
0.1279690785172898 0 0 3 0 0 0 0 0
0.4596785974155881 0 0 0 3 0 0 0 0
0.9247273402250893 0 0 0 0 3 0 0 0
0.3378652455773729 0 0 0 0 0 3 0 0
0.520754638655814 0 0 0 0 0 0 3 0
0.2678556910847223 0 0 0 0 0 0 0 3
