-0.3530883812435394 0 0 0 0 0 0
-0.145491675128714 0 0 0 0 3 0
0.0117357997220595 0 0 0 0 0 3
0.0474351477360062 0 0 0 0 3 3
-0.1714807054905677 0 0 0 3 0 0
0.0553765870995611 0 0 0 3 0 3
0.0213221115289152 0 0 0 0 2 2
0.0014370460325399 0 0 0 3 2 2
0.0213221115289152 0 0 0 0 1 1
0.0014370460325399 0 0 0 3 1 1
0.0117357997220595 0 0 3 0 0 0
0.1118380663769548 0 0 3 0 0 3
0.0152642197776707 0 0 3 0 2 2
0.0152642197776707 0 0 3 0 1 1
0.0213221115289151 0 2 2 0 0 0
0.0152642197776707 0 2 2 0 0 3
0.0213221115289151 0 1 1 0 0 0
0.0152642197776707 0 1 1 0 0 3
0.0057263977866293 0 2 2 0 2 2
0.0057263977866293 0 1 1 0 2 2
0.0057263977866293 0 2 2 0 1 1
0.0057263977866293 0 1 1 0 1 1
0.0052719059284323 2 3 2 2 3 2
0.0052719059284323 1 3 1 2 3 2
0.0052719059284323 2 3 2 1 3 1
0.0052719059284323 1 3 1 1 3 1
-0.145491675128714 0 3 0 0 0 0
0.0531615455226355 0 3 0 0 0 3
-0.0038063028881638 0 3 0 0 2 2
-0.0038063028881638 0 3 0 0 1 1
0.0051256723004745 2 2 0 2 3 2
0.0051256723004745 1 1 0 2 3 2
0.0051256723004745 2 2 0 1 3 1
0.0051256723004745 1 1 0 1 3 1
-0.1714807054905678 3 0 0 0 0 0
0.0606484930279934 3 0 0 0 0 3
-0.0036886262679346 3 0 0 0 2 2
-0.0036886262679346 3 0 0 0 1 1
0.0594491989895616 0 0 0 3 3 0
0.0531615455226355 0 0 3 0 3 0
-0.0038063028881638 0 2 2 0 3 0
-0.0038063028881638 0 1 1 0 3 0
0.0051256723004745 2 3 2 2 2 0
0.0051256723004745 1 3 1 2 2 0
0.0051256723004745 2 3 2 1 1 0
0.0051256723004745 1 3 1 1 1 0
0.0817529546751046 0 3 0 0 3 0
0.0103469007327169 2 2 0 2 2 0
0.0103469007327169 1 1 0 2 2 0
0.0103469007327169 2 2 0 1 1 0
0.0103469007327169 1 1 0 1 1 0
0.0697960997222785 3 0 0 0 3 0
0.0606484930279934 0 0 3 3 0 0
-0.0036886262679346 0 2 2 3 0 0
-0.0036886262679346 0 1 1 3 0 0
0.0697960997222785 0 3 0 3 0 0
0.0782363777898523 3 0 0 3 0 0
0.0474351477360062 0 3 3 0 0 0
0.0553765870995611 3 0 3 0 0 0
0.0014370460325399 3 2 2 0 0 0
0.0014370460325399 3 1 1 0 0 0
0.0594491989895616 3 3 0 0 0 0
