-0.5793325748519926 0 0 0 0 0 0
-0.1330029068084857 0 0 0 0 3 0
0.0249833673248555 0 0 0 0 0 3
0.0592952418164443 0 0 0 0 3 3
-0.1445363855118673 0 0 0 3 0 0
0.0683292426442093 0 0 0 3 0 3
0.004873592449502 0 0 0 0 2 2
0.004685761077831 0 0 0 3 2 2
0.004873592449502 0 0 0 0 1 1
0.004685761077831 0 0 0 3 1 1
0.0249833673248556 0 0 3 0 0 0
0.1310657902922126 0 0 3 0 0 3
0.0097029488178617 0 0 3 0 2 2
0.0097029488178617 0 0 3 0 1 1
0.0048735924495019 0 2 2 0 0 0
0.0097029488178617 0 2 2 0 0 3
0.0048735924495019 0 1 1 0 0 0
0.0097029488178617 0 1 1 0 0 3
0.0023664781992096 0 2 2 0 2 2
0.0023664781992096 0 1 1 0 2 2
0.0023664781992096 0 2 2 0 1 1
0.0023664781992096 0 1 1 0 1 1
0.0067955267073833 2 3 2 2 3 2
0.0067955267073833 1 3 1 2 3 2
0.0067955267073833 2 3 2 1 3 1
0.0067955267073833 1 3 1 1 3 1
-0.1330029068084856 0 3 0 0 0 0
0.061661720015654 0 3 0 0 0 3
0.0003473529570797 0 3 0 0 2 2
0.0003473529570797 0 3 0 0 1 1
0.0048895387231873 2 2 0 2 3 2
0.0048895387231873 1 1 0 2 3 2
0.0048895387231873 2 2 0 1 3 1
0.0048895387231873 1 1 0 1 3 1
-0.1445363855118673 3 0 0 0 0 0
0.0751247693515927 3 0 0 0 0 3
-0.0002037776453563 3 0 0 0 2 2
-0.0002037776453563 3 0 0 0 1 1
0.0600970298027186 0 0 0 3 3 0
0.061661720015654 0 0 3 0 3 0
0.0003473529570797 0 2 2 0 3 0
0.0003473529570797 0 1 1 0 3 0
0.0048895387231873 2 3 2 2 2 0
0.0048895387231873 1 3 1 2 2 0
0.0048895387231873 2 3 2 1 1 0
0.0048895387231873 1 3 1 1 1 0
0.0847510024533098 0 3 0 0 3 0
0.0105905937204691 2 2 0 2 2 0
0.0105905937204691 1 1 0 2 2 0
0.0105905937204691 2 2 0 1 1 0
0.0105905937204691 1 1 0 1 1 0
0.0706876235231877 3 0 0 0 3 0
0.0751247693515927 0 0 3 3 0 0
-0.0002037776453563 0 2 2 3 0 0
-0.0002037776453563 0 1 1 3 0 0
0.0706876235231877 0 3 0 3 0 0
0.0782363777898521 3 0 0 3 0 0
0.0592952418164443 0 3 3 0 0 0
0.0683292426442093 3 0 3 0 0 0
0.004685761077831 3 2 2 0 0 0
0.004685761077831 3 1 1 0 0 0
0.0600970298027186 3 3 0 0 0 0
