-0.0972427813424517 0 2 0 3 0 0 2
0.7980646449500863 3 2 2 0 0 0 0
-0.6607068431879475 1 1 0 0 0 0 3
-0.1266182099179880 1 0 0 0 3 0 2
-0.9852899001515036 0 0 3 0 3 0 1
0.3875027522087395 0 0 0 0 3 1 1
0.3157376645005034 2 1 0 0 0 1 0
0.6909575055586723 0 1 0 0 0 3 2
0.5627683644508532 0 0 2 1 0 3 0
-0.8036728281176975 0 1 0 1 0 3 0
0.6314036490518755 1 3 1 0 0 0 0
0.8112906371192754 0 0 3 3 0 0 2
-0.4429513048785865 0 2 1 0 2 0 0
-0.0842373261445539 0 2 3 0 0 3 0
-0.4513039618644807 3 0 1 0 0 0 3
-0.8580597367162714 0 0 3 2 0 0 1
0.1607657054086704 3 0 1 2 0 0 0
0.9763231838669213 0 3 0 2 0 0 2
0.4612249427401367 0 0 2 2 3 0 0
-0.0723324801660599 0 0 0 0 2 3 3
0.8555554819300450 2 0 0 0 3 0 1
0.6971071901693378 2 3 0 0 2 0 0
0.0534985289784240 0 0 2 1 0 0 2
-0.3782843395394724 1 0 0 3 0 0 3
-0.3411208226011357 3 1 0 0 1 0 0
-0.7325859429596748 0 3 0 3 0 1 0
0.5685110717155488 0 3 0 0 0 3 2
-0.6253917632101751 0 3 3 0 1 0 0
0.7475103899020219 1 1 0 0 0 3 0
0.1617831003141914 1 0 2 0 0 0 1
0.7110146750178361 0 3 3 0 3 0 0
-0.0726942479430990 0 0 2 0 2 2 0
-0.4282857713252559 3 0 2 0 3 0 0
-0.9527672096020587 0 0 0 3 0 2 2
0.6699107050382598 0 1 3 0 1 0 0
0.8785716272012447 2 1 0 0 0 3 0
-0.2130506050051013 0 2 1 0 1 0 0
0.0709593825034593 1 1 0 0 1 0 0
-0.3169624300941720 0 2 1 0 0 0 3
-0.9369788558437091 0 0 1 1 2 0 0
-0.9764833174062979 1 0 2 0 0 1 0
0.5979578171137030 0 0 0 0 3 1 3
-0.6598428774071137 0 0 1 0 0 1 3
0.1330824828583348 3 0 0 0 1 0 2
0.9303559719703991 0 1 0 3 0 1 0
-0.7069794972233068 1 0 3 0 0 3 0
0.7443303633406229 1 0 0 3 0 3 0
0.0308260167503920 0 0 2 2 0 1 0
0.8044439410914637 0 1 2 0 2 0 0
-0.3292059016226672 0 3 0 2 0 0 1
0.9591753093840811 0 2 2 0 0 2 0
-0.6247968441649243 3 0 0 0 1 0 1
0.4288628954829066 0 1 0 0 2 0 1
-0.6986292582631601 0 0 2 0 1 2 0
0.9092917139454699 0 0 1 2 3 0 0
0.7630137144128086 1 0 0 1 0 0 2
0.0729375890789932 2 2 0 0 3 0 0
0.7085902508525526 2 0 2 0 0 2 0
-0.6691438690820826 0 0 1 0 0 3 2
-0.7582610880469414 0 3 3 0 0 2 0
0.2313450770172467 0 0 0 1 1 0 3
0.2167846158990061 3 0 2 0 0 1 0
0.1703131960332067 0 1 1 0 0 0 2
-0.6021959023538495 0 1 0 0 3 3 0
-0.9659928587939846 1 0 0 0 0 3 2
-0.9160839455695677 0 2 0 0 3 0 3
-0.5173727141208693 0 0 1 0 0 3 3
0.3287533325128451 3 1 0 0 3 0 0
0.4373224126899331 2 0 0 0 1 0 1
0.3668440900902186 0 0 0 2 1 0 3
0.7464852539773859 2 0 0 0 2 1 0
0.5908807217514171 3 2 3 0 0 0 0
0.4106779264193539 0 2 0 0 0 1 3
0.6190240144058548 3 0 0 0 0 3 2
-0.6324793689357007 0 3 2 0 3 0 0
-0.9486047900284267 0 3 2 0 0 0 1
0.6804165464529057 0 0 3 0 0 2 2
0.3887984346760169 3 2 1 0 0 0 0
0.7503017171592385 2 0 3 0 0 1 0
-0.5372714157116107 1 0 3 0 1 0 0
-0.8166929869495265 3 0 0 0 0 2 2
0.3821731273118585 0 2 3 0 3 0 0
0.6570528961602367 0 0 1 2 0 0 2
0.1606203335687042 2 0 0 0 1 1 0
0.9900506704682543 2 0 1 2 0 0 0
-0.4717371230254022 0 0 0 0 2 3 1
-0.2182258746596457 2 0 0 2 0 3 0
-0.5123371013748765 0 0 0 2 3 3 0
-0.6705808934640420 2 0 0 0 2 0 2
-0.0599978198186726 2 3 0 3 0 0 0
-0.1852587113935884 1 0 0 0 3 0 3
0.2625564140480934 1 0 0 0 3 0 1
0.4545912248904123 1 0 1 0 2 0 0
-0.5305756843239706 0 3 0 0 3 1 0
-0.6838324179195956 0 0 1 1 0 0 3
-0.1442747924486207 0 3 1 0 0 1 0
0.5696328727662294 1 0 0 0 2 0 1
0.2242907997099544 0 2 0 1 0 2 0
