-0.0770134114554027 0 0 0 1
-0.1597704088216228 0 0 1 0
-0.085453770270023 0 0 1 1
-0.1597704088216228 0 0 1 3
0.1527369847078825 0 0 2 2
0.0770134114554027 0 0 3 1
0.0865582828614759 0 1 0 0
0.0651056639543964 0 1 0 1
0.0582077109750216 0 1 0 3
0.0070343659518167 0 1 1 0
0.0036505024101176 0 1 1 1
-0.0070343659518167 0 1 1 3
-0.0036505024101176 0 1 2 2
-0.1084249530462228 0 1 3 0
-0.0185044119426357 0 1 3 1
-0.0363410407902747 0 1 3 3
-0.0068349822119535 0 2 0 2
-0.0036505024101176 0 2 1 2
0.0196523703440602 0 2 2 0
-0.0036505024101176 0 2 2 1
-0.0196523703440602 0 2 2 3
0.0534362342237141 0 2 3 2
0.0770134114554027 0 3 0 1
0.1597704088216228 0 3 1 0
-0.1527369847078825 0 3 1 1
0.1597704088216228 0 3 1 3
0.085453770270023 0 3 2 2
-0.0770134114554027 0 3 3 1
0.0402013436432694 1 0 0 0
0.0144028793296685 1 0 0 1
-0.0402013436432694 1 0 0 3
-0.0846162958147097 1 0 1 0
-0.1406346483561212 1 0 1 1
-0.0846162958147097 1 0 1 3
-0.0778484799467859 1 0 2 2
-0.0402013436432694 1 0 3 0
0.0144028793296685 1 0 3 1
0.0402013436432694 1 0 3 3
0.0069432554305225 1 1 0 0
-0.0036106501578399 1 1 0 1
0.0069432554305225 1 1 0 3
0.0789162321259634 1 1 1 0
-0.0930326284735384 1 1 1 1
-0.0789162321259634 1 1 1 3
0.0930326284735384 1 1 2 2
0.0069432554305225 1 1 3 0
0.0036106501578399 1 1 3 1
0.0069432554305225 1 1 3 3
0.0036106501578399 1 2 0 2
0.0930326284735384 1 2 1 2
-0.0789162321259634 1 2 2 0
0.0930326284735384 1 2 2 1
0.0789162321259634 1 2 2 3
-0.0036106501578399 1 2 3 2
0.0402013436432694 1 3 0 0
0.1767808553901097 1 3 0 1
-0.0402013436432694 1 3 0 3
-0.2188990279991104 1 3 1 0
-0.0590811199051282 1 3 1 1
-0.2188990279991104 1 3 1 3
0.0037050485042072 1 3 2 2
-0.0402013436432694 1 3 3 0
0.1767808553901097 1 3 3 1
0.0402013436432694 1 3 3 3
-0.0144028793296685 2 0 0 2
-0.0778484799467859 2 0 1 2
0.2188990279991104 2 0 2 0
0.1406346483561212 2 0 2 1
0.2188990279991104 2 0 2 3
-0.0144028793296685 2 0 3 2
-0.0036106501578399 2 1 0 2
0.0930326284735384 2 1 1 2
0.0789162321259634 2 1 2 0
0.0930326284735384 2 1 2 1
-0.0789162321259634 2 1 2 3
0.0036106501578399 2 1 3 2
-0.0069432554305225 2 2 0 0
-0.0036106501578399 2 2 0 1
-0.0069432554305225 2 2 0 3
0.0789162321259634 2 2 1 0
0.0930326284735384 2 2 1 1
-0.0789162321259634 2 2 1 3
-0.0930326284735384 2 2 2 2
-0.0069432554305225 2 2 3 0
0.0036106501578399 2 2 3 1
-0.0069432554305225 2 2 3 3
-0.1767808553901097 2 3 0 2
0.0037050485042072 2 3 1 2
0.0846162958147097 2 3 2 0
0.0590811199051282 2 3 2 1
0.0846162958147097 2 3 2 3
-0.1767808553901097 2 3 3 2
0.0770134114554027 3 0 0 1
-0.1597704088216228 3 0 1 0
-0.085453770270023 3 0 1 1
-0.1597704088216228 3 0 1 3
0.1527369847078825 3 0 2 2
-0.0770134114554027 3 0 3 1
-0.1084249530462228 3 1 0 0
0.0185044119426357 3 1 0 1
-0.0363410407902747 3 1 0 3
-0.0196523703440602 3 1 1 0
-0.0036505024101176 3 1 1 1
0.0196523703440602 3 1 1 3
0.0036505024101176 3 1 2 2
0.0865582828614759 3 1 3 0
-0.0651056639543964 3 1 3 1
0.0582077109750216 3 1 3 3
-0.0534362342237141 3 2 0 2
0.0036505024101176 3 2 1 2
-0.0070343659518167 3 2 2 0
0.0036505024101176 3 2 2 1
0.0070343659518167 3 2 2 3
0.0068349822119535 3 2 3 2
-0.0770134114554027 3 3 0 1
0.1597704088216228 3 3 1 0
-0.1527369847078825 3 3 1 1
0.1597704088216228 3 3 1 3
0.085453770270023 3 3 2 2
0.0770134114554027 3 3 3 1
