-0.2567229317881963 0 0 0 0 0 0
-0.0866390846669534 0 0 0 0 3 0
-0.0425501888884196 0 0 0 0 0 3
0.0336703942223357 0 0 0 0 3 3
-0.1653318146784541 0 0 0 3 0 0
0.0428804155851145 0 0 0 3 0 3
0.0472857516592375 0 0 0 0 2 2
-0.010388699757143 0 0 0 3 2 2
0.0472857516592375 0 0 0 0 1 1
-0.010388699757143 0 0 0 3 1 1
-0.0425501888884195 0 0 3 0 0 0
0.0904046529223124 0 0 3 0 0 3
0.0319834242865445 0 0 3 0 2 2
0.0319834242865445 0 0 3 0 1 1
0.0472857516592375 0 2 2 0 0 0
0.0319834242865445 0 2 2 0 0 3
0.0472857516592375 0 1 1 0 0 0
0.0319834242865445 0 1 1 0 0 3
0.0385832641924302 0 2 2 0 2 2
0.0385832641924302 0 1 1 0 2 2
0.0385832641924302 0 2 2 0 1 1
0.0385832641924302 0 1 1 0 1 1
0.006341363157172 2 3 2 2 3 2
0.006341363157172 1 3 1 2 3 2
0.006341363157172 2 3 2 1 3 1
0.006341363157172 1 3 1 1 3 1
-0.0866390846669533 0 3 0 0 0 0
0.0722536584147658 0 3 0 0 0 3
0.0127048429970078 0 3 0 0 2 2
0.0127048429970078 0 3 0 0 1 1
0.007229764071864 2 2 0 2 3 2
0.007229764071864 1 1 0 2 3 2
0.007229764071864 2 2 0 1 3 1
0.007229764071864 1 1 0 1 3 1
-0.1653318146784542 3 0 0 0 0 0
0.0492217787422865 3 0 0 0 0 3
-0.017618463829007 3 0 0 0 2 2
-0.017618463829007 3 0 0 0 1 1
0.0482873278834398 0 0 0 3 3 0
0.0722536584147658 0 0 3 0 3 0
0.0127048429970078 0 2 2 0 3 0
0.0127048429970078 0 1 1 0 3 0
0.007229764071864 2 3 2 2 2 0
0.007229764071864 1 3 1 2 2 0
0.007229764071864 2 3 2 1 1 0
0.007229764071864 1 3 1 1 1 0
0.0696009321277989 0 3 0 0 3 0
0.0091606699765613 2 2 0 2 2 0
0.0091606699765613 1 1 0 2 2 0
0.0091606699765613 2 2 0 1 1 0
0.0091606699765613 1 1 0 1 1 0
0.0574479978600011 3 0 0 0 3 0
0.0492217787422865 0 0 3 3 0 0
-0.017618463829007 0 2 2 3 0 0
-0.017618463829007 0 1 1 3 0 0
0.0574479978600011 0 3 0 3 0 0
0.0782363777898523 3 0 0 3 0 0
0.0336703942223357 0 3 3 0 0 0
0.0428804155851145 3 0 3 0 0 0
-0.010388699757143 3 2 2 0 0 0
-0.010388699757143 3 1 1 0 0 0
0.0482873278834398 3 3 0 0 0 0
