(-0.5709862107254908+0.06029127245109357j)
-5.237336306662012664e-01 -5.863906075085951741e-01 -4.636994864294839980e-01 -6.955045597869722318e-01 -4.115815331103906960e-01 -5.801168288241863591e-01
-7.027155219565903721e-01 -5.090106847255070344e-01 -5.116331992662890293e-01 -5.159540551855905655e-01 -5.618612363165400581e-01 -4.738094259941569852e-01
-5.234443880668881999e-01 -2.215314161910339474e-01 -5.910234708326765896e-01 -5.883287978570543864e-01 -5.488814884229665791e-01 -5.520617092843219664e-01
-5.974448547381148167e-01 -6.479541768959665715e-01 -4.631528230453304529e-01 -6.224052256766021696e-01 -5.571189334816123440e-01 -4.776211496025256631e-01
-1.632664407031697018e-01 -5.207175222868321018e-01 -5.253598007752473542e-01 -5.601862543846107823e-01 -6.773723487669232046e-01 -4.692265268087999486e-01
-3.546244908760402548e-01 -5.956994225213675387e-01 -6.066920755995401926e-01 -6.718403464031235117e-01 -6.107716689034643487e-01 -5.592718006763557348e-01
-5.190271353346100902e-01 -7.395607354161694014e-01 -7.360378074061248999e-01 -5.514203881072377023e-01 -6.233167710984479637e-01 -6.454940730180636077e-01
-4.697064844118567506e-01 -7.517991450168448608e-01 -4.614243239194120161e-01 -5.473408853894483617e-01 -6.183498713562731730e-01 -6.218920035432913274e-01
-9.839234449055884735e-01 -6.150269322831641849e-01 -3.620892160621549394e-01 -5.831295010852894922e-01 -5.352661036863697319e-01 -6.110953870112765252e-01
-3.409736900850259822e-01 -5.233372773850559767e-01 -6.014549832309219468e-01 -6.322644727482785720e-01 -6.804259721246241899e-01 -5.824032122625347752e-01
-5.817533071389375809e-01 -8.813204176398522494e-01 -6.759847157460793232e-01 -5.650295050421160203e-01 -5.401795334781093194e-01 -5.297000347252933672e-01
-1.280812593354154205e-01 -4.986800818781005895e-01 -5.728694518151786763e-01 -4.595867073143480863e-01 -5.022480897240957365e-01 -5.672636679030463869e-01
-6.078897944607891679e-01 -7.405048380577790024e-01 -5.010042890591761555e-01 -6.310925586663433950e-01 -4.771462931672225127e-01 -6.568421412686853422e-01
-5.086568049344916131e-01 -4.615928554070283241e-01 -6.868318237840751461e-01 -4.468244699244511842e-01 -6.074235005232561102e-01 -6.331427816990681245e-01
-5.902184055067749568e-01 -6.912561624438642305e-01 -5.263817246642226166e-01 -5.540339232110476075e-01 -5.767703924058904530e-01 -5.587101396931275499e-01
-1.074418095425295205e-01 -6.240101919305025557e-01 -5.704197960978304449e-01 -6.756653209039665819e-01 -5.376921914285281989e-01 -5.025385773939687883e-01
-1.377031225479715459e+00 -7.338075132436832071e-01 -4.868232712341564739e-01 -6.843582284935354476e-01 -5.801758977410946816e-01 -5.210123099938277491e-01
-7.287065621780429714e-01 -3.809909222227513270e-01 -6.138148314616579393e-01 -5.844304622602267685e-01 -5.576383516576666199e-01 -5.243737733007881596e-01
-4.765311776760549067e-01 -6.672570650943678849e-01 -6.785413186572962774e-01 -6.255670938885125043e-01 -6.198470955404675742e-01 -6.730151511051438717e-01
-5.330906800643788745e-01 -7.390173035873266461e-01 -5.890640644277229665e-01 -4.500796175838102653e-01 -6.215333234246169791e-01 -5.291513838883934451e-01
