(-0.5709862107254908+0.06029127245109357j)
-8.329579436925702574e-01 -5.700891776999937877e-01 -4.005129763592031877e-01 -5.156190801767994714e-01 -5.939761632332341001e-01 -5.328214297882467587e-01
-3.633374238024175140e-01 -5.859221171192334765e-01 -4.899818990771048766e-01 -5.852847440013789759e-01 -6.107331399475856015e-01 -5.832737171323135739e-01
-5.322952858597527204e-01 -4.284442354027886979e-01 -6.576793368965249131e-01 -5.619976178958060453e-01 -5.462351820695304783e-01 -5.345758156710398445e-01
-4.031658377366132417e-01 -3.882994216092964801e-01 -6.343074732487903322e-01 -6.222946977268308810e-01 -5.511172952970249117e-01 -5.994861671080325971e-01
-4.999176079809550255e-01 -7.591544313064990668e-01 -4.917567523160520926e-01 -4.753646384730727537e-01 -5.816475548874203705e-01 -4.912770516639789475e-01
-4.836344155349553420e-01 -5.628398571415220708e-01 -4.832790717030245320e-01 -5.718377239030619785e-01 -6.143784723978498175e-01 -6.213021692532212370e-01
-5.111323425328628822e-01 -5.521784010997697889e-01 -4.718331367694347245e-01 -5.670457834747570924e-01 -6.424927926461847516e-01 -4.847338804912069143e-01
-5.064349868138917632e-01 -3.768507110750147771e-01 -5.865603191243362602e-01 -6.765914807033284184e-01 -6.123350733935382095e-01 -6.015849133880218913e-01
-6.317953358163393984e-01 -5.668593779390966869e-01 -7.724019287500550890e-01 -5.845639002213851576e-01 -5.878077107843852067e-01 -5.445005692538019693e-01
-6.063007369600976748e-01 -5.224953033525414625e-01 -6.918294058832583637e-01 -5.350516224194925563e-01 -5.688286926963517232e-01 -5.607443676797766452e-01
-4.583315246342163363e-01 -5.837251713947935183e-01 -4.319327241704057907e-01 -5.488156899259214461e-01 -5.954007787696837806e-01 -5.872536036573282603e-01
-4.026795406966409141e-01 -2.231563458608673278e-01 -5.975908426834855014e-01 -6.074847488282560937e-01 -6.249607715174216871e-01 -6.199463401818889885e-01
-6.392040328510038005e-01 -5.487018207151688198e-01 -3.980796219202690778e-01 -5.582595416214558570e-01 -5.376254347196164352e-01 -5.608342265371064617e-01
-5.602831793136627825e-01 -5.414275654068532173e-01 -5.612358226701344988e-01 -4.950755932602035614e-01 -6.168572277768493706e-01 -5.545712989264262038e-01
-4.947851635442423457e-01 -5.702217085692430354e-01 -5.822544660246758985e-01 -4.802083296971806359e-01 -4.757587665765691254e-01 -6.195190176914457947e-01
-7.704858594727365118e-01 -4.631043409546024003e-01 -4.670777080937236203e-01 -5.241445144993672756e-01 -5.849591070006052718e-01 -5.818951680666427650e-01
-5.646068442555285394e-01 -7.160918531152453692e-01 -4.729851852567650283e-01 -5.622020515991332790e-01 -5.593331113624279149e-01 -6.177214234166565898e-01
-5.423946499245411168e-01 -6.706951255778644816e-01 -5.148833106228163370e-01 -5.049462142725554825e-01 -6.242857523134358599e-01 -5.963816467173188585e-01
-5.422162863905264363e-01 -7.652793641224663324e-01 -4.530051544216091575e-01 -5.331926833242879304e-01 -5.045286356730521726e-01 -5.398985544948023962e-01
-6.283824094391385895e-01 -5.422854630498666895e-01 -5.250430697879430175e-01 -4.946666888591113587e-01 -5.709378192448208988e-01 -6.472158734010305947e-01
