(-0.5709862107254908+0.06029127245109357j)
1.292008201465120742e-01 -1.853084295379217261e+00 -5.372021134788950159e-01 -6.113486537675949517e-02 2.343060305841710433e-01 -1.701490263181325013e-01
4.653452241636759079e-01 1.046402557481289186e+00 2.216940149731820298e-01 -9.972025803157007484e-01 -2.578921474891654464e-01 -5.800536650247410941e-01
-4.707395550893700986e-01 -2.486719325421155702e+00 4.219668160147397873e-01 3.785049966116064701e-01 -1.201254274524565124e+00 -7.438299815440285734e-01
-8.096574027364737969e-01 -9.998659501235811486e-01 -9.038861014510048975e-01 -4.342998366179664504e-01 -2.834128588794526671e-01 -4.905019673281427739e-01
-7.424234720829757661e-01 7.481051401608490581e-02 -9.475459649681721164e-01 -1.019535472448920288e+00 -1.751756476231619009e-01 -1.812579617315453473e-01
3.544264024404146229e-01 -1.099072837540519876e+00 -1.842507234260505555e+00 -3.767822193392036390e-01 -7.081210697718052227e-01 -4.371429903753991097e-01
-1.067493767037026031e-01 3.665604605060895360e-01 -5.974359429207863892e-01 -7.182373317020955827e-01 8.753675851571196542e-02 -3.305824839587521158e-01
7.643655721350370857e-01 -1.018540599823984039e+00 1.545311829566438644e-01 -4.173362667011721316e-01 -7.336984135964874643e-01 -2.649750420923629446e-01
-1.252152793098510575e+00 -1.163307990525624502e+00 -1.579663441946850266e+00 5.534145451266987425e-01 -2.551565205895257038e-01 -7.721048377408605834e-01
-5.412759745870414640e-01 1.468002904074811599e-01 -1.054739636715624318e+00 -6.173391348744585727e-01 -8.068547042677753911e-02 -4.744222802590813970e-01
-2.057880793589140556e+00 -2.795724656781047868e-01 -5.323393472963492412e-01 -1.524577939686853956e+00 -8.439489624828790948e-01 -3.776084372477823137e-01
-1.291923687092398909e-01 5.828124902050113576e-02 -6.718247624938588070e-01 -6.537119356258479508e-01 -1.107510951667196819e+00 -8.724946956395449593e-01
-2.063815006327481161e+00 -1.059151876199271869e-01 -6.308619720083903371e-01 -5.697550327069100806e-01 -7.351316660871038966e-01 -7.905289791591147974e-01
1.125256114356364634e+00 -2.762091570370754923e+00 6.356848445446130480e-01 -1.275132770321341757e+00 -2.292568657076452521e-01 -7.935047624609512518e-01
-2.345955811540930025e+00 1.693233930757873096e-01 -1.463538556157948589e+00 -1.939951083707965040e-01 -8.684196492244646848e-01 -8.900220394885087760e-01
-1.312197936902015916e-01 8.970304286422128293e-01 -1.243249556300235703e+00 7.780044407806918638e-02 -3.788035235461156836e-02 1.866399670604229621e-02
-1.746502896698455043e+00 -1.473893215928369083e+00 1.340003997898903121e-02 -1.363286508481261095e+00 -5.996806132083936092e-01 -9.191698866772164411e-01
-1.235149782274188590e+00 -1.311093894756486300e+00 2.513114370610379233e-01 -1.540370009192465250e+00 -8.045011019825383247e-01 -1.561566279030481286e-01
-1.680604732372815713e-01 -1.757036572099635485e+00 -8.495559252881283996e-01 -1.354313274047995064e+00 -6.397026349018662961e-01 -4.093679853794097157e-01
-2.657280819594465271e-01 -6.210029121392833806e-01 -5.934217025993455685e-01 -4.330108036542219541e-01 -1.041946891500922900e+00 -2.529040157262052446e-01
