(-0.5709862107254908+0.06029127245109357j)
-5.237300136517319959e-01 -4.629110676874896857e-01 -5.575359480896433517e-01 -5.900783325428039516e-01 -5.167441011033375720e-01 -5.403973206013312769e-01
-7.237278209148899633e-01 -6.299351532248684826e-01 -5.870995835436368937e-01 -5.426742948868262806e-01 -5.418739959329166300e-01 -5.776223030508951251e-01
-7.222642518266941813e-01 -5.891524626370064910e-01 -5.393902710230040753e-01 -6.056386569586028612e-01 -6.097629149787151537e-01 -5.823538290114150806e-01
-7.312986059185726528e-01 -4.645881335478365681e-01 -4.282226201382820507e-01 -4.378968139079537081e-01 -4.424841298248590737e-01 -5.064066294547889813e-01
-4.583428241406060644e-01 -5.364763207461548111e-01 -5.377601868823040920e-01 -5.407958105357355549e-01 -5.356051777008357107e-01 -5.422018759454081405e-01
-8.091527966600615684e-01 -6.388874266292712267e-01 -6.053760670075720718e-01 -5.991060843055281415e-01 -5.986548105999005553e-01 -6.267312633632848851e-01
-2.646689615318126854e-01 -5.214527373056111470e-01 -5.563427996368790485e-01 -6.109189336207746512e-01 -6.012633141434602368e-01 -5.852733972924974992e-01
-8.217850160700770346e-01 -6.634958797908094841e-01 -6.309269107787952580e-01 -6.171523853642967294e-01 -6.093892778051811510e-01 -5.964960867572394188e-01
-5.064990059111378340e-01 -4.646111540686525543e-01 -6.439003150065617520e-01 -6.248616575166741072e-01 -6.509925976785817525e-01 -6.311091877251552296e-01
-5.669037623112467283e-01 -5.055737766337500272e-01 -5.414661707949129932e-01 -5.688774779138244808e-01 -6.200243756573369236e-01 -5.930664738279398662e-01
-2.311626530399000234e-01 -5.698982139109189937e-01 -4.921876291965322503e-01 -5.163687659134339469e-01 -5.671602842976768422e-01 -5.919526962279159088e-01
-9.664058540256517116e-01 -6.657429108148862351e-01 -5.985819346755734127e-01 -6.243151105096468312e-01 -5.695862233600378355e-01 -5.777139340085256647e-01
-3.453067571276025038e-01 -5.034176455060299649e-01 -4.640942733097535577e-01 -5.374882126893232304e-01 -5.677905614268476953e-01 -5.746665937608166352e-01
-4.249994443585562443e-01 -5.613154204538816083e-01 -5.656119473514222840e-01 -6.333746224298313354e-01 -5.933879769381426028e-01 -6.005903694613992094e-01
-7.085164933675786036e-01 -6.008213480565282039e-01 -6.596729856698574368e-01 -6.712478031116255739e-01 -6.253975536719299511e-01 -5.630150186537875578e-01
-4.248287159102776545e-01 -5.140909372955426715e-01 -5.652012051248760383e-01 -6.776694249177395157e-01 -6.387956926490886422e-01 -6.033492895179346505e-01
-4.521287310177523056e-01 -7.568796557449177786e-01 -6.044876570959617501e-01 -5.525444190768932229e-01 -5.806225990642136514e-01 -5.863678877568352377e-01
-5.737748235416809672e-01 -4.708129053568912425e-01 -4.748899862203502797e-01 -5.744712045430467873e-01 -5.774510627986857436e-01 -5.526029879669844824e-01
-8.366233096725429474e-01 -6.408298186146477171e-01 -5.144260322915898964e-01 -4.828558353490343680e-01 -5.608313683422723184e-01 -5.824460759170145829e-01
-7.113356050822098320e-01 -6.886310343491106600e-01 -6.915267089523623456e-01 -6.229610475586248031e-01 -5.814947559334305849e-01 -5.662201997784988006e-01
