# p_g  obs_indices (0-based)
0.1966415391749698 8 9 39 15 14 46 28
0.1583292796794367 24 25 39 15 14 46 16
0.1466817220642612 22 23 39 15 14 46 37
7.09508385994162e-13 19 40 41 16 37 44 45
0.07236005707607847 3 2 40 41 16 37 39
0.0767924485776444 42 43 40 41 37 44 45
0.06268719211004928 12 13 37 1 0 38 28
0.04843327208463561 32 31 37 38 28 19 16
0.02869284963339885 47 48 38 18 17 28 16
0.03224452477711354 27 26 6 7 18 17 28
0.02633346041820318 10 11 20 21 36 35 19
0.01654344965705202 5 4 34 33 39 46 16
0.1342602047464475 30 29 36 35 8 9 19
