0.0
0.0
0.0
-5.1251652722555706e-20
0.0
0.0
0.0
0.0
0.0
0.0
0.0
0.0
0.0
0.0
0.0
0.2703197741002403
0.0
0.0
0.0
0.0
0.0
0.0
0.0
0.0
0.0
3.009265538105056e-36
0.0
0.0
1.2037062152420224e-35
0.0
0.0
0.0
0.0
0.0
0.0
0.0
0.0
0.0
0.0
0.0
0.0
0.0
0.0
0.0
0.0
0.0
0.0
0.0
0.0
0.0
0.0
0.0
0.0
0.0
0.0
0.0
0.0
0.0
0.0
0.0
0.0
0.0
0.0
0.0
0.0
0.0
0.0
0.0
0.0
0.0
0.0
0.0
0.0
0.0
0.0
0.0
0.0
0.0
0.0
0.0
0.0
0.0
0.0
0.0
0.0
0.0
0.0
0.0
0.0
0.0
0.0
0.0
0.0
0.0
0.0
0.0
0.0
0.0
0.0
0.0
0.0
0.0
0.0
0.0
0.0
0.0
0.0
0.0
0.0
7.270850448536054e-21
0.0
-0.6059920149667956
0.0
0.0
0.0
0.0
0.0
0.0
0.0
0.0
0.0
0.0
0.0
0.0
0.0
0.0
1.4296648564129643e-22
0.0
0.0
0.0
0.0
0.0
0.0
0.0
0.0
0.0
0.0
0.0
0.0
0.014316430364211099
0.0
2.85408573533608e-19
0.0
0.3601834815728288
0.0
0.0
0.0
0.0
0.0
0.0
0.0
-1.1092309309574653e-20
0.0
0.0
0.0
0.0
0.0
0.0
0.0
0.0
0.0
0.0
0.0
0.0
0.0
0.0
0.0
0.0
0.0
0.0
0.0
0.0
0.0
0.0
-0.12345361781101186
0.0
0.0
0.0
0.0
0.0
7.52316384526264e-36
0.0
0.0
0.0
0.0
0.0
0.0
0.0
-2.4950931882935583e-23
0.0
0.0
0.0
0.0
0.0
0.0
0.0
0.0
0.0
0.0
0.0
-9.631712808583476e-22
0.0
0.0
0.0
0.0
0.0
0.0
0.5305233064462245
0.0
4.4739916163504914e-21
3.97608035400343e-23
0.0
0.0
0.0
0.0
0.0
0.0
-2.258558667107201e-22
0.0
0.0
0.0
0.0
0.0
0.0
0.0
0.0
0.0
0.0
0.0
0.0
0.0
0.0
0.0
0.0
0.0
0.0
0.0
0.0
0.0
0.0
0.0
0.0
-0.3426862584280521
0.0
0.12464004361144593
0.0
-0.009950393481560077
0.0
0.0
0.0
0.0
0.0
0.0
0.0
0.0
0.0
