(-1.8672913724013802+0j)
-1.366052594462040526e+00 -1.318736822998147762e+00 -1.491250869043186267e+00 -1.713446318589996187e+00 -1.477355076606930329e+00 -1.853756849573149346e+00 -1.862556481164554523e+00
-1.295582923465846026e+00 -1.318779013987170234e+00 -1.485805193427579551e+00 -1.678507942739817516e+00 -1.923197472152509802e+00 -1.792944031701670937e+00 -1.897999974811406254e+00
-1.424901941417759277e+00 -1.072194078498678316e+00 -1.370727293193553464e+00 -1.359488358269657304e+00 -1.611430631319670459e+00 -1.904115292170779572e+00 -1.908538070475135573e+00
-1.242227948304476692e+00 -1.212419808800552667e+00 -1.493191498399857098e+00 -1.560381115897329751e+00 -1.711115431238377838e+00 -1.844752314802384774e+00 -1.877734646630166315e+00
-1.199936826139930579e+00 -1.418126069488663266e+00 -1.470962092331826288e+00 -1.789098479973962874e+00 -1.902014645736321174e+00 -1.785152738586397447e+00 -1.886129175543443504e+00
-1.473319236214096772e+00 -1.416368786657415058e+00 -1.746865101791420294e+00 -1.723365244890695980e+00 -1.794596303603875675e+00 -1.889573692829982221e+00 -1.888870779646001363e+00
-1.069969239875579126e+00 -1.293270325470274873e+00 -1.465785867026382139e+00 -1.910675864792987566e+00 -1.921900573102433230e+00 -1.816681020063169338e+00 -1.807166966257221619e+00
-1.409158384295356559e+00 -1.282449145315339489e+00 -1.557253799108411219e+00 -1.690321494065604835e+00 -1.877293691920641105e+00 -1.877726621346291980e+00 -1.911736516476734815e+00
-1.300225247828055819e+00 -1.169960134934044937e+00 -1.475672957415116837e+00 -1.828145467653190082e+00 -1.763625928259513032e+00 -1.951942620718044807e+00 -1.803888501257684407e+00
-1.420002549470480657e+00 -1.203248413090220570e+00 -1.340616337646647560e+00 -1.685039193127398915e+00 -1.811957491646893459e+00 -1.904875971934517631e+00 -1.839750576499763701e+00
-1.238382357777696230e+00 -1.187914323509979164e+00 -1.241367610141298039e+00 -1.382874102237411362e+00 -1.622564452425273807e+00 -1.998165348483002424e+00 -1.938665941872469212e+00
-1.423716648729874690e+00 -1.231251064644434567e+00 -1.522192338428013603e+00 -1.539958631048808702e+00 -1.724879902965942957e+00 -1.924883419233299309e+00 -1.916171135734868525e+00
-1.408645426259184985e+00 -1.364301661632029372e+00 -1.263337552796922836e+00 -1.487785863359374572e+00 -1.845869789419913420e+00 -1.811758771812202795e+00 -1.879804715769721080e+00
-1.522819985930427888e+00 -1.062603792432913030e+00 -1.551299084626413194e+00 -1.955123604506540325e+00 -1.820468260730266241e+00 -1.738401921367550784e+00 -1.938154098012470516e+00
-1.285640987695808812e+00 -1.217199243328878966e+00 -1.362771921814862175e+00 -1.915104355553478133e+00 -1.915516172143544527e+00 -1.765387998101608957e+00 -1.847214447432420137e+00
-1.211693279638040632e+00 -1.340365723098036588e+00 -1.770135061464483961e+00 -1.813909402927027070e+00 -1.912256486264583888e+00 -1.831435728328588253e+00 -1.895209780707036717e+00
-1.339089280998302378e+00 -1.340076002960980395e+00 -1.360811227775116095e+00 -1.501945828718292963e+00 -1.807345602778132942e+00 -1.765474168933731214e+00 -1.837279378708585487e+00
-1.170781363012610043e+00 -1.016975870332766707e+00 -1.473176483745656906e+00 -1.529078621337149446e+00 -1.848229659529214475e+00 -1.848879975470409498e+00 -1.781099117420679834e+00
-1.175736433808012738e+00 -1.155437134964848012e+00 -1.364159057937033737e+00 -1.770384068135401057e+00 -1.820256452683580939e+00 -1.900967198086792820e+00 -1.883098232211719347e+00
-1.349373560687659346e+00 -1.393500749495290680e+00 -1.361797328539936514e+00 -1.734668335812320716e+00 -1.742826827442415460e+00 -1.866607372009947419e+00 -1.777772428229492885e+00
-1.319889282731420810e+00 -1.179750308147253124e+00 -1.395337030284666380e+00 -1.715826807191741077e+00 -1.844944420819614184e+00 -1.903023552319706102e+00 -1.828281287060892435e+00
-1.269584132746553795e+00 -1.195537026589212903e+00 -1.424065619194338383e+00 -1.493325709956065728e+00 -1.816337556082947335e+00 -1.764139452988616519e+00 -1.834801787132960271e+00
-1.041248453132444407e+00 -1.501268730032291110e+00 -1.402136900255617880e+00 -1.656677318292870904e+00 -1.987481063526413072e+00 -1.914159426314943069e+00 -1.874067263294078689e+00
-9.720028735529789854e-01 -1.334507248592883277e+00 -1.564846959495409084e+00 -1.839805878768020042e+00 -1.766367424932795638e+00 -1.878326153224407769e+00 -1.809058420145996271e+00
-1.378523166868655281e+00 -1.168501675131739193e+00 -1.456623110130068177e+00 -1.655913429842011286e+00 -1.748152274974915432e+00 -1.830509902878340034e+00 -1.830178513005936036e+00
-1.294094895704358761e+00 -1.328540108652742857e+00 -1.467429426373078494e+00 -1.738131745167798670e+00 -1.655481130159764724e+00 -1.742905607435221604e+00 -1.902273792021142107e+00
-1.258599046941339061e+00 -1.129966566732354183e+00 -1.586547666346809216e+00 -1.822388858012838675e+00 -1.812061207782955208e+00 -1.886903801797008562e+00 -1.876379770157748705e+00
-1.259082474069800339e+00 -1.152274265982591528e+00 -1.221343387211040632e+00 -1.412892793026970129e+00 -1.725784709346938506e+00 -1.723515216140471873e+00 -1.829878666200201565e+00
-1.329757852592510892e+00 -1.005510282813854461e+00 -1.375418067502412800e+00 -1.574199614677270764e+00 -1.845035788645423391e+00 -1.894784629362928463e+00 -1.746671062512716865e+00
-1.203068436002258990e+00 -1.367625794147107721e+00 -1.557161973266151689e+00 -1.574223199827901265e+00 -1.666157344294443732e+00 -1.677689859632448544e+00 -1.896972523638503549e+00
-1.301590920612767155e+00 -1.017892964116237309e+00 -1.268704815553322263e+00 -1.553920686265385820e+00 -1.656011960869760768e+00 -1.870521072554198749e+00 -1.853896809266598389e+00
-1.514586727692347701e+00 -1.197794698286561044e+00 -1.406318584238981373e+00 -1.503922592815574166e+00 -1.894833291757499705e+00 -1.902650168376322171e+00 -1.765093786808596743e+00
-1.232983659425207712e+00 -1.345233160402987682e+00 -1.356016461293330755e+00 -1.910216327240285228e+00 -1.453005745811771110e+00 -1.713151438484180833e+00 -1.864060122495229344e+00
-1.001113303710956748e+00 -1.280061322712467309e+00 -1.570357944617753798e+00 -1.458425079060461815e+00 -1.798609615982887266e+00 -2.005388086364533251e+00 -1.796002174809811613e+00
-1.459196528422343597e+00 -1.402715402817903634e+00 -1.492151862329415657e+00 -1.895359561159585704e+00 -1.832010742792958169e+00 -1.803376044753399965e+00 -1.858166186875920722e+00
-1.371365153687807314e+00 -1.243357874657921469e+00 -1.276001103688773730e+00 -1.823585604120322667e+00 -1.587085740388512134e+00 -1.799957857287289853e+00 -1.967803425851587962e+00
-1.322570629888581761e+00 -1.460463659546324733e+00 -1.313777418063789115e+00 -1.916521573838678938e+00 -1.848444246999623397e+00 -1.926408446632651428e+00 -1.875821169187546156e+00
-1.212712847117212833e+00 -1.346779231104373586e+00 -1.350756895561367132e+00 -1.846870074742536838e+00 -1.620120612902457680e+00 -1.994142622770159301e+00 -1.921265912261066244e+00
-1.256711451214955089e+00 -1.316827592271562430e+00 -1.414858902611094482e+00 -1.622314369881480589e+00 -1.629671456036546395e+00 -1.909694921106527943e+00 -1.949637441887430267e+00
-1.195133379478185764e+00 -1.254969177633390665e+00 -1.404946105249747390e+00 -1.863324783538947038e+00 -1.757075313481779366e+00 -1.783996713302310688e+00 -1.843955089407483872e+00
-1.522021945996786307e+00 -1.479326411882663672e+00 -1.385633157176998420e+00 -1.873718975372746121e+00 -1.717897058868558480e+00 -1.740247169969371122e+00 -1.901195655289369402e+00
-1.392829883439282490e+00 -1.169965499614583626e+00 -1.110440736253452965e+00 -1.668632524049328714e+00 -1.852820950176534476e+00 -2.001494230794731877e+00 -1.879741237557811750e+00
-1.423356233878103394e+00 -1.057585049177518277e+00 -1.526306534921210600e+00 -1.773200241006976707e+00 -1.769768663662426356e+00 -1.797362459719590078e+00 -1.879426323331287341e+00
-1.245847418674699281e+00 -1.084642930179850806e+00 -1.167073707865263543e+00 -1.906708683611959110e+00 -1.848381786102845759e+00 -1.905122385841618193e+00 -1.822459501699232431e+00
-1.360663050727498602e+00 -1.076603813463492987e+00 -1.354045261572302428e+00 -1.512498434521879709e+00 -1.682022749018826424e+00 -1.899107421019034403e+00 -1.861831580649211393e+00
-1.311138942707912758e+00 -1.252016592548809149e+00 -1.335740603495062517e+00 -1.963101998610945920e+00 -1.685833159429805939e+00 -1.851309885474858197e+00 -1.853698320489717499e+00
-1.342160071132741272e+00 -1.286822834912223934e+00 -1.609168808055971400e+00 -1.434964083602365159e+00 -1.627978221502502487e+00 -1.881667185366207029e+00 -1.810118853232978164e+00
-1.314307927921826824e+00 -1.283201125118669683e+00 -1.513643002352524469e+00 -1.491520246327723065e+00 -1.740083845916387650e+00 -1.958570324687367359e+00 -1.938655424347871525e+00
-1.362570861923073640e+00 -1.549433003659336450e+00 -1.515005499328566430e+00 -1.750559689073647673e+00 -1.634904162372522674e+00 -1.894985353483803925e+00 -1.853264420702608772e+00
-1.204804460413464451e+00 -1.217648174553801699e+00 -1.379320038316482311e+00 -1.595182680773655326e+00 -1.852246884468858656e+00 -1.832442401351235040e+00 -1.797614990499458720e+00
