(-1.8672913724013802+0j)
-1.637055878986287238e+00 -1.679947609512840501e+00 -1.994993065969051127e+00 -1.816480983332150689e+00 -1.900472711094144396e+00 -1.855206566482175079e+00 -1.872478690237632915e+00
-1.588241592677873459e+00 -1.905870241149022037e+00 -1.803367154267182970e+00 -1.876537066976047941e+00 -1.837654320726059165e+00 -1.864303985176212208e+00 -1.874556363993059138e+00
-1.720872467982150322e+00 -2.183811779582923496e+00 -1.552100265355256248e+00 -1.773888992675973331e+00 -1.867079829424876047e+00 -1.879773668197384451e+00 -1.869313635757842817e+00
-1.370958443323484044e+00 -2.139591931255135027e+00 -1.856544264262975030e+00 -1.864669407857829198e+00 -1.845914729531494380e+00 -1.873833263139181193e+00 -1.881189530424240974e+00
-1.242571385619174240e+00 -1.853943198278318549e+00 -1.788735275575896955e+00 -1.770979525949841982e+00 -1.820598624297413703e+00 -1.848086461639027567e+00 -1.870150946541736747e+00
-1.405092157889509918e+00 -2.167113956329996594e+00 -2.057979623490737264e+00 -1.815842231306175503e+00 -1.919692110400464280e+00 -1.853893052164498734e+00 -1.858861415896242431e+00
-1.486569854594808504e+00 -2.139194380558044006e+00 -2.009177475260157664e+00 -1.859041612809989363e+00 -1.897359826008454320e+00 -1.898736567852497892e+00 -1.880662294031780313e+00
-1.427106740300505106e+00 -2.115983573041775756e+00 -1.838280664256994879e+00 -2.028682085096034537e+00 -1.838774755789485571e+00 -1.908058953520120227e+00 -1.860986255467069972e+00
-1.393625531963901931e+00 -1.975039603268949007e+00 -1.833956144257622212e+00 -1.861581712443333814e+00 -1.872359774226436624e+00 -1.868598715977385805e+00 -1.870080852149109241e+00
-1.273447322160881745e+00 -2.052896915741650563e+00 -2.152115153523496360e+00 -1.927441269291847670e+00 -1.871448097175133274e+00 -1.864150409387651530e+00 -1.848004998379346731e+00
-1.631477853502661945e+00 -1.617005604016107601e+00 -1.843866017413536840e+00 -1.886867728796099541e+00 -1.879543236519675364e+00 -1.850422225003337751e+00 -1.873360624049723810e+00
-1.645933039355606198e+00 -2.060084810010401668e+00 -1.887580052263630126e+00 -1.852057635666468416e+00 -1.874993586203223206e+00 -1.851927036300978324e+00 -1.865829662464756566e+00
-1.655420918021057286e+00 -2.203914399749611785e+00 -1.755108779346286951e+00 -1.880175426149116369e+00 -1.860132533262410792e+00 -1.861935522901824847e+00 -1.869568182901543141e+00
-9.321483828746924827e-01 -1.821731042858779626e+00 -1.799155827857805257e+00 -1.782941118141374570e+00 -1.856635504781480428e+00 -1.870651644274580416e+00 -1.864206208800293751e+00
-1.492168456887956074e+00 -2.078342268277589167e+00 -1.813410724796743700e+00 -1.789957841884745715e+00 -1.944909974305171207e+00 -1.877526987762842881e+00 -1.869517905620023956e+00
-1.361800614969301382e+00 -1.892084065210270616e+00 -1.974611436155376820e+00 -1.930446447876489335e+00 -1.882114397582140608e+00 -1.901056851141635029e+00 -1.871006087285060016e+00
-1.505565551982207095e+00 -2.206830103003046606e+00 -1.742252656329655647e+00 -1.873209395895463203e+00 -1.916793271420039968e+00 -1.866230272101696341e+00 -1.875404740431355410e+00
-1.580240143165133615e+00 -1.872959670717343927e+00 -1.928890924387514527e+00 -1.835570979980029271e+00 -1.859771117695329989e+00 -1.860293785160424651e+00 -1.855173730329257697e+00
-1.225644854210264922e+00 -2.256627758516714710e+00 -1.717828656071151983e+00 -1.780523153684946625e+00 -1.865685974299495564e+00 -1.895273245952832752e+00 -1.872413772868157356e+00
-1.358027466854545340e+00 -1.960991573507444574e+00 -2.054904780155776045e+00 -1.822852648879455861e+00 -1.887973147164443199e+00 -1.900378440204815611e+00 -1.875362709851746246e+00
-1.580035022398289080e+00 -1.897659778035252875e+00 -1.940349744861386894e+00 -2.061523711341916698e+00 -1.808625513114064942e+00 -1.927453622938007038e+00 -1.866056528924694646e+00
-1.248403731406672712e+00 -1.598441235491721235e+00 -2.044795891253694542e+00 -1.833786354592626067e+00 -1.883190777225745238e+00 -1.876000786409174337e+00 -1.856069639175286223e+00
-1.319240188619816623e+00 -2.394150627181813817e+00 -1.899890481801623565e+00 -1.776301486576376432e+00 -1.841938848376627913e+00 -1.857438090110295592e+00 -1.883346582091527832e+00
-1.229114862766333527e+00 -1.420652578520248621e+00 -1.589569429088063979e+00 -1.851346753202037121e+00 -1.822067502497890956e+00 -1.883500569453522733e+00 -1.849859332803430290e+00
-1.275266394577528217e+00 -1.945385597670767019e+00 -1.853859589706047029e+00 -1.946756183702804011e+00 -1.862532587468336942e+00 -1.839501431696124900e+00 -1.860170353987859571e+00
-1.606403841218209338e+00 -2.140114108818897076e+00 -1.647592304847792732e+00 -1.837039908031645741e+00 -1.870365743887994370e+00 -1.853563800143066320e+00 -1.886687075711471984e+00
-1.113981956091006253e+00 -1.880017838498208027e+00 -1.998983252684832568e+00 -1.853553583197807608e+00 -1.880366676229765055e+00 -1.855104249827884910e+00 -1.872804235795817229e+00
-1.558250422097641641e+00 -1.854494687942765729e+00 -1.864945225358029424e+00 -1.718428630477186303e+00 -1.831121177465301564e+00 -1.835780832786089611e+00 -1.865436186320984735e+00
-1.610273465676274718e+00 -2.300747225708623667e+00 -2.037780527655741469e+00 -1.816563888122364911e+00 -1.860154617069368355e+00 -1.848709211339575553e+00 -1.878223328174037476e+00
-1.425613299419581814e+00 -1.703383809542684757e+00 -1.837513303135595688e+00 -1.855963616932586824e+00 -1.851966428526535591e+00 -1.849634418883089104e+00 -1.873752894803048186e+00
-1.564650162443106396e+00 -1.413793466152114320e+00 -1.874005742452353740e+00 -1.903149398626491795e+00 -1.878031652974504029e+00 -1.833951040221075468e+00 -1.875717871909442058e+00
-1.404968472127015255e+00 -1.834715207345694044e+00 -1.730279644341971679e+00 -1.829809247361716018e+00 -1.834058229526900341e+00 -1.861900974663079023e+00 -1.862451441310307487e+00
-1.490880393114497382e+00 -1.607640008979436264e+00 -1.780308652342654341e+00 -1.877708440898812725e+00 -1.908650246491324420e+00 -1.863101741511907772e+00 -1.868161563485412291e+00
-1.644099334617612929e+00 -1.774540155127944940e+00 -2.118297978986566577e+00 -1.943910871643937721e+00 -1.860577497100718958e+00 -1.875425576747724143e+00 -1.866909529457059014e+00
-1.549173258298501166e+00 -1.868587860455102057e+00 -1.822916403783854333e+00 -1.816654476319409461e+00 -1.849341689727308502e+00 -1.883968838045882555e+00 -1.869216575815514148e+00
-6.918409817068763568e-01 -1.973466222707380702e+00 -1.489496035476356228e+00 -1.877639804450508043e+00 -1.900334917110038990e+00 -1.895035105730791702e+00 -1.870811545707547152e+00
-1.356002532126309834e+00 -1.670163540266922819e+00 -1.886177192723285323e+00 -1.927632466715289983e+00 -1.849778808151717246e+00 -1.875289113217463388e+00 -1.870030320752401165e+00
-1.601337941391977271e+00 -1.855191060838428330e+00 -1.950520929623376531e+00 -1.881901364694690271e+00 -1.891573537367229108e+00 -1.857505084186968691e+00 -1.874316763735863756e+00
-1.273237772036095894e+00 -1.646299023315239474e+00 -1.888906238809196836e+00 -1.901293784936704867e+00 -1.852731349117895387e+00 -1.870070866168474177e+00 -1.865809816963625023e+00
-1.089644398442481954e+00 -2.039905184916960046e+00 -1.839540656533929619e+00 -1.845139206385907782e+00 -1.890278079849661008e+00 -1.886996471158282063e+00 -1.870342342959442128e+00
-1.334720584512709696e+00 -1.860401046359528632e+00 -1.971915665159167386e+00 -1.813146009424680072e+00 -1.817532060077557965e+00 -1.889672983146878593e+00 -1.881222997541550424e+00
-8.503389888687636899e-01 -2.209061978276844584e+00 -2.069492337664812887e+00 -1.712026336272645777e+00 -1.870695272056376091e+00 -1.839755935695788880e+00 -1.849509969120149089e+00
-1.526270754133474572e+00 -1.297008790831663649e+00 -1.976497029953385054e+00 -1.815499698240870430e+00 -1.916757606047986284e+00 -1.852767434618814324e+00 -1.864913526041544145e+00
-1.623114091553621741e+00 -2.014483420203020625e+00 -1.819764009466084520e+00 -1.887150375818262171e+00 -1.794825276239404799e+00 -1.868709273615746014e+00 -1.874568759460344403e+00
-1.746907454220357758e+00 -1.961866022569328072e+00 -1.803202831886996593e+00 -1.907864524652922888e+00 -1.849357924522075480e+00 -1.853401080681207569e+00 -1.853048203902223134e+00
-1.172397461213333880e+00 -1.499718788290822058e+00 -1.787375384209081375e+00 -1.781000483059719697e+00 -1.916836530094719881e+00 -1.879413879792624531e+00 -1.882693836114953223e+00
-1.563325714247387310e+00 -1.678374087417902949e+00 -1.989016567416067360e+00 -1.904965276144486630e+00 -1.851731738388034731e+00 -1.863057395111513470e+00 -1.870764955581339928e+00
-1.619675679760745002e+00 -2.390348648529902142e+00 -1.888733092597286500e+00 -1.894254354533535523e+00 -1.876124619305165719e+00 -1.843636278048529142e+00 -1.876798857791908581e+00
-1.307030210879345011e+00 -1.656846199403802178e+00 -2.017359530112011967e+00 -1.864925896454593168e+00 -1.912269765917626430e+00 -1.859918515592430932e+00 -1.873050054092130878e+00
-1.366932521289813796e+00 -1.761318467342369409e+00 -1.606875085595407260e+00 -1.974417113954278769e+00 -1.812934578824911380e+00 -1.910424694793617428e+00 -1.868886469789973415e+00
