(-1.8672913724013802+0j)
-1.144273886949458863e+00 -1.242950403962780115e+00 -1.498873246319885499e+00 -1.694232562281335008e+00 -1.799436859594616411e+00 -1.918502807791852227e+00 -1.895842377267943357e+00
-1.121333134582139124e+00 -1.206773169609955731e+00 -1.463873573377236337e+00 -1.726682381220078000e+00 -1.905549481670060441e+00 -1.899743917139493199e+00 -1.865290480456589295e+00
-1.283343954515758112e+00 -1.318568592689622010e+00 -1.494951461305268126e+00 -1.704024678220172007e+00 -1.669694125647402938e+00 -1.819836858835495619e+00 -1.835595611099230862e+00
-1.270101963049920402e+00 -1.193534351998868592e+00 -1.408754906501155535e+00 -1.573974868634677726e+00 -1.818363859840004704e+00 -1.839919332411510844e+00 -1.901603140378971268e+00
-1.249081972245055905e+00 -1.336379064896132229e+00 -1.519926425270356152e+00 -1.873577383812468300e+00 -2.011481592996801293e+00 -1.971199742516089426e+00 -1.894731832027233276e+00
-1.282957674135963622e+00 -1.380088018300472452e+00 -1.373324832158111075e+00 -1.812130543747624500e+00 -1.630836989783760238e+00 -1.892883371562585904e+00 -1.874235531222156359e+00
-1.246794062681441773e+00 -1.375134822359895814e+00 -1.368493368190713655e+00 -1.687162984391092468e+00 -1.815303269513360851e+00 -1.791153560542544598e+00 -1.832980150089348115e+00
-1.342089145206843082e+00 -1.361930712380796660e+00 -1.492627183300481386e+00 -1.784339899813572661e+00 -1.868349451735385802e+00 -1.862532320542955810e+00 -1.914704607970986405e+00
-1.254430013311905734e+00 -1.380733954975225330e+00 -1.478873329965619376e+00 -1.829953963429442165e+00 -1.969100578968760118e+00 -1.961964141841563203e+00 -1.880584895472207752e+00
-1.274645918484050178e+00 -1.322416046409244705e+00 -1.520935488726692819e+00 -1.590488801283468367e+00 -1.812525170809608621e+00 -1.806752055623668696e+00 -1.859175116069239797e+00
-1.238345596637230539e+00 -1.251142256756130111e+00 -1.602792858623859118e+00 -1.638666978474420111e+00 -1.913711460832595801e+00 -1.913900839135541654e+00 -1.859045227202396067e+00
-1.572273353021146791e+00 -1.579368941111047420e+00 -1.587692583431725257e+00 -1.544635529247202488e+00 -1.630478467314085300e+00 -1.770475366933931483e+00 -1.817771983978549777e+00
-1.231378336267041629e+00 -1.428631736325346013e+00 -1.676072086931492011e+00 -1.788936840030469266e+00 -1.810298130899250513e+00 -1.848707740037518921e+00 -1.857456499946733786e+00
-1.318454333949642843e+00 -1.174998080111465226e+00 -1.507757520855945943e+00 -1.912753841777905972e+00 -1.623597511434930141e+00 -1.913154881828395215e+00 -1.853356029013403239e+00
-1.177426721578988866e+00 -1.372242200921669486e+00 -1.486755294043362374e+00 -1.568337490482146324e+00 -1.876423184446219583e+00 -1.943805755077155029e+00 -1.901630481704976061e+00
-1.179358011051065747e+00 -1.103161371798502266e+00 -1.342969304667052999e+00 -1.580128486916948294e+00 -1.815286975354829302e+00 -1.850137278227362625e+00 -1.852299601344638891e+00
-1.339243987291716120e+00 -1.419479586156199957e+00 -1.732678436031816815e+00 -1.732433855135080414e+00 -1.900642054773846956e+00 -1.798220689485548140e+00 -1.881149486436672014e+00
-1.344166739652002951e+00 -1.222178379989549590e+00 -1.424659945730544663e+00 -1.622806455265540126e+00 -1.787601942659801324e+00 -1.898388213476762232e+00 -1.825264305822510202e+00
-1.051999389318056588e+00 -1.158030792888086413e+00 -1.206165856047422436e+00 -1.743010992995353448e+00 -1.692429294097841819e+00 -1.879443970919168816e+00 -1.886434938804000261e+00
-1.326146678173021787e+00 -1.470968040624753836e+00 -1.457630420963695883e+00 -1.705775680030941821e+00 -1.909385818318728001e+00 -1.820894077015093648e+00 -1.853701128160287981e+00
-1.056849373715287754e+00 -1.230119812336063490e+00 -1.387361686054920717e+00 -1.585144534802726657e+00 -1.796889906316054830e+00 -1.804398795999812233e+00 -1.874772471916348326e+00
-1.293386747986675411e+00 -1.325783114020545606e+00 -1.388324727896153243e+00 -1.623339883938119677e+00 -1.753768313340859919e+00 -1.898805012735982345e+00 -1.876833559576901234e+00
-1.230121184734300321e+00 -1.283527864737831425e+00 -1.492415464985796358e+00 -1.750027789624174934e+00 -1.881011027745687736e+00 -1.880068856460406224e+00 -1.877566689620654428e+00
-1.291991693240554406e+00 -1.474712579122068767e+00 -1.345306978639398299e+00 -1.570653892665590190e+00 -1.797303885438386928e+00 -1.990427994523052968e+00 -1.895253359397716775e+00
-1.436498939954927723e+00 -1.530461422117829873e+00 -1.633221649494052796e+00 -1.893912401114886901e+00 -1.886067019757358798e+00 -1.942939743506010952e+00 -1.878845415565433719e+00
-1.308160919914603593e+00 -1.444929346437524131e+00 -1.276838312843034062e+00 -1.629039011408467408e+00 -1.708899165237197426e+00 -1.687467517294108932e+00 -1.835153209837479427e+00
-1.380553341834608094e+00 -1.367149714772924352e+00 -1.444859385152054809e+00 -1.591253880388197040e+00 -1.736002671985131585e+00 -1.716932717057036983e+00 -1.791763517119242088e+00
-1.241153846679299289e+00 -1.427458213673181486e+00 -1.437649563515700279e+00 -1.666245938271550209e+00 -1.770098183958131122e+00 -1.884992834792696303e+00 -1.885601595420423271e+00
-1.282041648235753062e+00 -1.243362475939821410e+00 -1.243699322159324439e+00 -1.454144785778176630e+00 -1.599365251289375678e+00 -1.672647984008975852e+00 -1.780804144293172353e+00
-1.248008320309751173e+00 -1.352309566091355109e+00 -1.360834397108316773e+00 -1.601198942418800675e+00 -1.793370234749868120e+00 -1.901123020910192807e+00 -1.886648031306882300e+00
-1.187199367362154590e+00 -1.305924215600124949e+00 -1.534591812892898366e+00 -1.469373209197845087e+00 -1.875552054078464925e+00 -1.966217385733546763e+00 -1.930424051130135155e+00
-1.287841407451143505e+00 -1.450947046753961134e+00 -1.581532916694883273e+00 -1.641917724783984678e+00 -1.805577695898098245e+00 -1.778159873189534501e+00 -1.836297499545240353e+00
-1.333545243112917555e+00 -1.485578628145174607e+00 -1.446150730491978287e+00 -1.635961529866853281e+00 -1.691503480586301622e+00 -1.901178046947783251e+00 -1.924165655542688036e+00
-1.256880033753965620e+00 -1.277576128623644891e+00 -1.406991095453458573e+00 -1.590713469941093638e+00 -1.806436190367979755e+00 -1.834724028788041972e+00 -1.844617733179245711e+00
-1.290153552383089375e+00 -1.208863740686757060e+00 -1.327944394897842884e+00 -1.607405690204237736e+00 -1.819445007418578397e+00 -1.797546155008075797e+00 -1.837944041415667140e+00
-1.125144184877411080e+00 -1.307155799062777346e+00 -1.606052799839185363e+00 -1.670107321880636153e+00 -1.865009832772638987e+00 -2.013058918643523931e+00 -1.893126762527672202e+00
-1.254323192927268682e+00 -1.300303061782705827e+00 -1.550301376345335713e+00 -1.731192660404345940e+00 -1.915694297234485477e+00 -1.940121300369015866e+00 -1.892413890373720875e+00
-1.226556700050888127e+00 -1.408466953368609165e+00 -1.415980808836572402e+00 -1.678435723585473660e+00 -1.886455821593585158e+00 -1.807093105029176749e+00 -1.828364991043138543e+00
-1.091991971062759914e+00 -1.306661425821119771e+00 -1.397900528330314085e+00 -1.663795218969914114e+00 -1.696358685751668371e+00 -1.775756627676837951e+00 -1.878085268566805244e+00
-1.216844753164015192e+00 -1.295831288942943083e+00 -1.382331808146362251e+00 -1.623128577614992629e+00 -1.870768410981650920e+00 -1.846788837025729935e+00 -1.881475003874312879e+00
-1.259671793092999259e+00 -1.050234103259950258e+00 -1.347331195923335390e+00 -1.828318088565672461e+00 -1.699245173372938122e+00 -1.876192577318832821e+00 -1.882930879075156883e+00
-1.249929309443573944e+00 -1.458527853543790442e+00 -1.598097627148033384e+00 -1.432158514763273605e+00 -1.630516448395954221e+00 -1.858472605663476163e+00 -1.878106010195069508e+00
-1.262078242934742800e+00 -1.245268068217169954e+00 -1.601708695816701500e+00 -1.638664063578297636e+00 -1.826780598804882416e+00 -1.841929861139909530e+00 -1.851006641446865997e+00
-1.282276592235312318e+00 -1.294512442911852856e+00 -1.349778594174988688e+00 -1.734596733830091164e+00 -1.788195256021278823e+00 -1.868717056278619726e+00 -1.869070577745697959e+00
-1.107542021003219412e+00 -1.166696697086577528e+00 -1.091258782877816635e+00 -1.713183330312866515e+00 -2.006664244838275657e+00 -1.941720095943453073e+00 -1.891506252813035305e+00
-1.140417673842969659e+00 -1.324583494263633643e+00 -1.440517507252232710e+00 -1.597265898498807069e+00 -1.908721697204355250e+00 -1.964657094148070327e+00 -1.925787277942236253e+00
-1.291111288368037568e+00 -1.087920875564302836e+00 -1.392073676610895872e+00 -1.613705567094402049e+00 -1.925460948293398644e+00 -1.905538722862346157e+00 -1.899461001193890608e+00
-1.088401046741417355e+00 -1.361947576525035286e+00 -1.501802298555968473e+00 -1.719269161290542414e+00 -1.838368423969473975e+00 -1.847100336496966921e+00 -1.830213722173048785e+00
-1.381251107321489258e+00 -1.406427024892968447e+00 -1.676870003118096530e+00 -1.608430321437764432e+00 -1.758251151658787315e+00 -1.883823166689923445e+00 -1.887076480122570343e+00
-1.188625744558843289e+00 -1.242901285082383733e+00 -1.519283850254227852e+00 -1.828741376951280806e+00 -1.857653340732453806e+00 -1.888454123842275401e+00 -1.895270518278556970e+00
