(-1.8672913724013802+0j)
-1.319307880517182952e+00 -1.990449968203097164e+00 -1.920890091367029040e+00 -1.840983528430935934e+00 -1.845320803739329385e+00 -1.882674968103738689e+00 -1.882425387936409900e+00
-1.044087909166456996e+00 -1.890097684184684157e+00 -1.858715881320576635e+00 -1.845433912370703533e+00 -1.847318767854750243e+00 -1.880685437663159876e+00 -1.867910267491625476e+00
-1.397960368781819840e+00 -1.990361029351044087e+00 -1.747254748111795930e+00 -1.891544944020716823e+00 -1.877594596431895191e+00 -1.853094927698712979e+00 -1.866014525701115367e+00
-1.069943768368486037e+00 -1.493219614996596611e+00 -1.653509153652158892e+00 -1.860088435514987815e+00 -1.893451737941230562e+00 -1.853289016799689159e+00 -1.863671575590455820e+00
-1.098086659123014064e+00 -1.804212269434482652e+00 -2.060006393306770267e+00 -1.931117673040245286e+00 -1.901934998830004719e+00 -1.873408070434103179e+00 -1.852938842863772084e+00
-1.222796968044364885e+00 -1.784934001338627452e+00 -1.657114364306630172e+00 -1.927891752561125660e+00 -1.866607202399065635e+00 -1.881595440773223160e+00 -1.879203087629280677e+00
-1.490881623431516534e+00 -1.705023036764111266e+00 -1.877155134217848520e+00 -1.930014975949851941e+00 -1.904365033848387734e+00 -1.867423978280267072e+00 -1.874672331362066124e+00
-1.446992549636393566e+00 -2.268742535743924815e+00 -2.103818653954272477e+00 -1.950254906252489429e+00 -1.844161670842899614e+00 -1.859591415924579438e+00 -1.880941602808259727e+00
-9.469686309931582002e-01 -2.026473927928533758e+00 -1.986088085140114146e+00 -1.862710108583182755e+00 -1.895176960063545968e+00 -1.856610602652038367e+00 -1.877063963470674279e+00
-1.362210271192269895e+00 -1.686796382380901349e+00 -1.851010769756323171e+00 -1.832884211349893544e+00 -1.844666781053407645e+00 -1.888717046463399329e+00 -1.850170113710849940e+00
-1.443710210578541764e+00 -2.091066293956608035e+00 -1.574461006684125142e+00 -1.834173029945066036e+00 -1.888020161839809585e+00 -1.854806768506386261e+00 -1.867290076193018677e+00
-1.139385415965555870e+00 -1.826644160794571814e+00 -1.699044309734724534e+00 -1.967434119097437817e+00 -1.868236289955956142e+00 -1.892107894534319712e+00 -1.869979317517467710e+00
-1.437689173513661434e+00 -2.087484954766179790e+00 -1.907483959895004189e+00 -1.743223285196494388e+00 -1.830666713026404935e+00 -1.887662536749308950e+00 -1.876076349129811360e+00
-1.806210484293409468e+00 -1.283155368263170892e+00 -1.978318748015399420e+00 -1.823477950781914103e+00 -1.840433594797185046e+00 -1.858129541184261768e+00 -1.862551790239791227e+00
-1.507160367081961105e+00 -2.043045205515967577e+00 -1.877738890197000687e+00 -1.888282884913140558e+00 -1.875161282267959528e+00 -1.841750136604497490e+00 -1.872551266490531496e+00
-1.245497567319264087e+00 -1.609000045312434679e+00 -1.854547560323575706e+00 -1.792117093412070261e+00 -1.880253028271996918e+00 -1.871835017512178956e+00 -1.879214751010499063e+00
-1.435586594881485656e+00 -1.881251511768482931e+00 -1.890906872076747680e+00 -1.893684187273254604e+00 -1.879502223046964460e+00 -1.873189444333772880e+00 -1.854311153101144916e+00
-1.517873413923062298e+00 -2.011933559592296028e+00 -1.942315133388398340e+00 -1.664830566368207698e+00 -1.917740092115010508e+00 -1.896414256164205892e+00 -1.874192207914377573e+00
-1.413036989240976204e+00 -1.553666067277172047e+00 -1.537848666260386521e+00 -1.832149088114516156e+00 -1.845907057991085010e+00 -1.855599179114852282e+00 -1.864528063714016470e+00
-1.536347067054863569e+00 -1.626129731203880491e+00 -1.949359433678292008e+00 -1.797679649250687905e+00 -1.914631170915529701e+00 -1.886198796731505478e+00 -1.865727675811618802e+00
-1.275808170284618681e+00 -2.012284150395864835e+00 -1.824785788988089408e+00 -1.975476250417590229e+00 -1.902989517757683213e+00 -1.854719935980597256e+00 -1.861567883785365973e+00
-1.833782774908025770e+00 -2.181932007459080225e+00 -1.783643631964603626e+00 -1.809603093992599554e+00 -1.858708472896519526e+00 -1.875739686136083773e+00 -1.876009906244020531e+00
-9.579586069020036287e-01 -1.866869121640850171e+00 -1.898098549741446650e+00 -1.869753442736355353e+00 -1.887744992947827161e+00 -1.879975525913608614e+00 -1.872380979761605335e+00
-1.233694066756756413e+00 -1.918795057565647166e+00 -1.971443518225864500e+00 -1.878200807263869843e+00 -1.852352986964046710e+00 -1.891032895134446168e+00 -1.869103213036684030e+00
-1.522322066084294878e+00 -1.899328044685993921e+00 -1.871504161948409628e+00 -1.899081991284270909e+00 -1.843041836390974408e+00 -1.834165236572860014e+00 -1.857818767703998786e+00
-1.392785766567543160e+00 -1.720598692530050267e+00 -1.772865098254684968e+00 -1.834832375723477238e+00 -1.844399398604391838e+00 -1.862124834930995787e+00 -1.869116666137514038e+00
-1.504530017925822083e+00 -1.611610200976097751e+00 -2.010600884175848257e+00 -1.831827674590650767e+00 -1.869177987197499835e+00 -1.903766140817158448e+00 -1.877248860001911268e+00
-1.130509112705910368e+00 -1.993878046217302913e+00 -1.999602818727866271e+00 -1.914117124574034268e+00 -1.821209099456635450e+00 -1.854752614892675622e+00 -1.832743143125315166e+00
-1.662922487817165784e+00 -1.965441485422553036e+00 -1.811260913069768552e+00 -1.791078443175045942e+00 -1.804444244827893673e+00 -1.867377299820793812e+00 -1.863434036179292264e+00
-1.301938409290418930e+00 -1.923868095336371820e+00 -1.902386359514321335e+00 -2.000169801904323919e+00 -1.874083616040399081e+00 -1.875202020863227848e+00 -1.853186444093926522e+00
-1.426654238504624139e+00 -2.280977386319656741e+00 -1.678978548797585013e+00 -1.917257580300399944e+00 -1.862277934575361282e+00 -1.888791084822815325e+00 -1.878117731363974974e+00
-1.511293270003923661e+00 -2.156848639068754014e+00 -2.120271682485591391e+00 -1.760206418953642160e+00 -1.937069197820624922e+00 -1.861847742678834905e+00 -1.859326503021237365e+00
-1.714360514871932972e+00 -1.870573484384968843e+00 -1.825855414100428176e+00 -1.980988820132687955e+00 -1.848049481780772219e+00 -1.877679012323946628e+00 -1.879271987128631416e+00
-1.772922384757198877e+00 -2.368805684269300826e+00 -1.762804240044611781e+00 -1.903937778366040945e+00 -1.901408173095723964e+00 -1.915276309009774636e+00 -1.855592115674869369e+00
-1.195471686956003587e+00 -1.796209795189783520e+00 -1.921642646086191064e+00 -1.887580113935134696e+00 -1.823454071527005116e+00 -1.830484318148837275e+00 -1.862113486945949692e+00
-1.495252737417053002e+00 -2.220992383705478357e+00 -2.028588398713157659e+00 -1.766407278175018858e+00 -1.843830835083184239e+00 -1.858555609337576131e+00 -1.883276988650928629e+00
-1.234364537245562055e+00 -2.329575090473514187e+00 -1.854442447146892992e+00 -1.849042998113260783e+00 -1.883148667747452709e+00 -1.881538057890381310e+00 -1.869311233107740611e+00
-1.342003913802562121e+00 -1.688254004825419319e+00 -1.820701950609541209e+00 -1.886803989025080508e+00 -1.882116903959368370e+00 -1.854157029997220096e+00 -1.873542493772750062e+00
-1.103118309663081886e+00 -1.735606072169497471e+00 -1.941898356411783766e+00 -1.857369171834317267e+00 -1.867986372658609007e+00 -1.876470997545101937e+00 -1.861770446036481896e+00
-1.798493073429398681e+00 -1.700746510901514963e+00 -2.014467512593878240e+00 -2.001903856527682102e+00 -1.854099239496228568e+00 -1.853838004321353372e+00 -1.869102689344508850e+00
-1.389385577310835673e+00 -2.384901398928863436e+00 -1.944018310310512421e+00 -1.835228392874142633e+00 -1.936019698763437713e+00 -1.872049575239634667e+00 -1.875142812663179503e+00
-1.159751424778551643e+00 -1.908010246116398800e+00 -2.020443542901390277e+00 -1.939600271571262136e+00 -1.924049973394724500e+00 -1.887251214097551699e+00 -1.858694394421839924e+00
-1.182749582457475190e+00 -1.952652184984106976e+00 -1.676025576599879496e+00 -1.823677340597830376e+00 -1.856269309795001821e+00 -1.858449086902010050e+00 -1.876264362951412412e+00
-1.682180735095783142e+00 -1.726152649642708425e+00 -1.985345508104690460e+00 -1.773715123788556669e+00 -1.835301779350114959e+00 -1.863956730261196570e+00 -1.864298705513211862e+00
-1.351497270276028395e+00 -1.896464071098211246e+00 -1.984178150304904076e+00 -1.939259230320036886e+00 -1.848112715545327411e+00 -1.902612250064823707e+00 -1.869266360757288359e+00
-1.204492936200240116e+00 -1.956947846131346314e+00 -1.974141427459993325e+00 -1.980765465279773707e+00 -1.907743339458270349e+00 -1.864654608846109340e+00 -1.868030947443835910e+00
-1.203553916583864902e+00 -1.914306731268242245e+00 -1.904654332701743114e+00 -1.800752231147402682e+00 -1.881756122394689923e+00 -1.875978566657690472e+00 -1.867807539033786046e+00
-1.450594966165062116e+00 -1.843420335143257427e+00 -1.589139845908556392e+00 -1.770636831270721245e+00 -1.866189146752014860e+00 -1.877098695997974520e+00 -1.882381499731280883e+00
-1.238038753456879970e+00 -2.267564466982427085e+00 -1.962901157613782477e+00 -1.765609555010109410e+00 -1.848992045422191755e+00 -1.882196794795192307e+00 -1.860098417578893049e+00
-1.423209076875777690e+00 -1.706415358903432322e+00 -1.989508145472626222e+00 -1.816513143602107139e+00 -1.894749417035805239e+00 -1.866606067528985724e+00 -1.882212741474670992e+00
