(-1.8672913724013802+0j)
-1.565996794180735341e+00 -1.416105160927342510e+00 -1.601550475724149658e+00 -1.862602996038650094e+00 -1.916920159378432853e+00 -1.866380104410153784e+00 -1.883286121873504415e+00
-1.362594199328346800e+00 -1.263406612725456402e+00 -1.678846704708412130e+00 -1.865228082727539149e+00 -1.863955194885101641e+00 -1.857362544907614099e+00 -1.880111685601675742e+00
-1.119581849633652260e+00 -1.624106449856335121e+00 -1.845440123026907742e+00 -1.783383614145112706e+00 -1.832356423031168635e+00 -1.882462689370595577e+00 -1.857043430676695195e+00
-7.772486418956601195e-01 -1.616738210604736770e+00 -1.974142055083039082e+00 -1.930952426172569680e+00 -1.855136349028331466e+00 -1.885696618394401503e+00 -1.889791258163369125e+00
-1.760978034985733132e+00 -1.523711838892237491e+00 -1.760403077434119279e+00 -1.710775351006978084e+00 -1.880751502300036737e+00 -1.864168036719298094e+00 -1.844018043139666219e+00
-1.292413213673452077e+00 -1.512677937578025711e+00 -1.907046863330026376e+00 -1.765163536419950940e+00 -1.852275517456587917e+00 -1.876675187183912907e+00 -1.852807277217904947e+00
-1.281816280478669690e+00 -1.957551889795168254e+00 -1.908752859654447187e+00 -1.780545931940155757e+00 -1.839259459143314013e+00 -1.847547655964040692e+00 -1.882628168413386316e+00
-1.592556317745331018e+00 -1.754475095776917515e+00 -1.819517255244171405e+00 -1.845656205610995970e+00 -1.866268201947373306e+00 -1.831216841111453553e+00 -1.856247894378149521e+00
-1.330642330271581741e+00 -1.478510702250163122e+00 -1.701195197946740123e+00 -1.918815382223578503e+00 -1.798112953143511605e+00 -1.872053823869231470e+00 -1.874163547610687486e+00
-1.825187204202650015e+00 -1.530781776588862275e+00 -1.936879656765755353e+00 -1.865827593539932883e+00 -1.856183642163239167e+00 -1.863487696304737318e+00 -1.862245547965294179e+00
-1.370513174358590325e+00 -1.424297254550864533e+00 -1.657016954101364625e+00 -1.914350834133164980e+00 -1.884468877083780303e+00 -1.859121354412284655e+00 -1.879327149430955357e+00
-1.131730228919349601e+00 -1.678541157189310962e+00 -1.733305486035820575e+00 -1.855862926261777623e+00 -1.828744296038839146e+00 -1.814083645920052668e+00 -1.873635556709712713e+00
-1.280374726116505713e+00 -2.157232898402899668e+00 -1.882618517896792909e+00 -1.976960900889922268e+00 -1.883890456470184160e+00 -1.891233233109268275e+00 -1.876541728966556022e+00
-1.741148570679561081e+00 -1.665898691686023891e+00 -1.957193545755047781e+00 -1.899783543206477798e+00 -1.776767330933374467e+00 -1.921724658717225642e+00 -1.852204678806561366e+00
-1.180308055126173317e+00 -1.816982506568260547e+00 -2.229349866555292436e+00 -1.907055672914083289e+00 -1.844215921658896029e+00 -1.847602251229912840e+00 -1.879777078532201440e+00
-1.287598063876072674e+00 -1.790636417147180914e+00 -2.064659939913863873e+00 -1.888355612814232476e+00 -1.890857450233311976e+00 -1.834599422838573579e+00 -1.855805604971970002e+00
-1.556120458323524858e+00 -1.504257263900143027e+00 -1.945305600848062699e+00 -1.798272027552242802e+00 -1.940677937895564087e+00 -1.871739049231942120e+00 -1.895586496652221786e+00
-1.501440225385113791e+00 -1.437209043368672834e+00 -1.967990423299412317e+00 -1.945370899713108281e+00 -1.903359763801259152e+00 -1.896959453307309307e+00 -1.866293368253634677e+00
-1.540367279381073651e+00 -1.751128547667508695e+00 -1.887709618565449388e+00 -1.920418878681283914e+00 -1.776532053334241468e+00 -1.858249881179480312e+00 -1.860616565394622057e+00
-1.389572356348897308e+00 -1.607944752228908314e+00 -1.770612877330893342e+00 -1.874268647606644800e+00 -1.917224526988564381e+00 -1.841920842737796216e+00 -1.863274743439369496e+00
-1.820508335717070603e+00 -1.650933848860548725e+00 -1.733431634139718458e+00 -1.967747156465632807e+00 -1.844641389268863563e+00 -1.890140310914904642e+00 -1.877072249794539571e+00
-1.306699715505753367e+00 -1.586605126807761224e+00 -1.864599308489222507e+00 -1.922116387764949419e+00 -1.925747384416063301e+00 -1.879281811451394946e+00 -1.867805384819340109e+00
-1.246893005714834413e+00 -1.666438075242396177e+00 -1.968737890532630486e+00 -1.920100443335136742e+00 -1.870070142538927005e+00 -1.868982077903847294e+00 -1.860712610699410297e+00
-1.710059689080517975e+00 -1.900754142050716800e+00 -2.035576278324641386e+00 -1.870879362972414972e+00 -1.872167720680718794e+00 -1.857600953361615126e+00 -1.871900268010727508e+00
-1.201534599041551132e+00 -1.532022664696775394e+00 -1.795668456259944756e+00 -1.888683410354202730e+00 -1.823095474946712979e+00 -1.846697264749854739e+00 -1.872064628612953197e+00
-1.745526066654826236e+00 -1.930475374662643739e+00 -1.818171111460203271e+00 -1.842212072511477228e+00 -1.863721263443172793e+00 -1.853527885061791336e+00 -1.863896306873932707e+00
-1.781123608803272917e+00 -1.267263097804359750e+00 -1.699546113534214919e+00 -1.825958594459957673e+00 -1.799698215344930574e+00 -1.859105651504187495e+00 -1.883940173830428000e+00
-1.048383078845272154e+00 -1.441101345739264961e+00 -1.796587502219417765e+00 -1.938934708800487572e+00 -1.851842946271929691e+00 -1.869774574138096890e+00 -1.873751355323983070e+00
-1.523192519649632093e+00 -1.964567027496335827e+00 -2.030022455576296458e+00 -1.931554082881007162e+00 -1.842660184333844819e+00 -1.848090867502586443e+00 -1.856071683390794425e+00
-1.372318069281118547e+00 -1.804012074448726910e+00 -2.109086557095717573e+00 -1.809646811155297685e+00 -1.852108152912905759e+00 -1.852257331348575731e+00 -1.875718377141420534e+00
-1.474900089793699021e+00 -1.578588759973726496e+00 -1.755950600294601482e+00 -1.847970193215370482e+00 -1.870598287351711742e+00 -1.861494399000654720e+00 -1.854680421658758682e+00
-1.059690069426744818e+00 -1.570936441389606086e+00 -1.844662612763095400e+00 -1.663731340641894318e+00 -1.866063227911535671e+00 -1.838460131437781531e+00 -1.879302944384956486e+00
-1.378291652050641858e+00 -1.590982416295300350e+00 -1.886393930428075905e+00 -1.764590166376332370e+00 -1.901672858587958981e+00 -1.872472102592708687e+00 -1.863648856488277605e+00
-1.598612282621742597e+00 -1.643929951174413429e+00 -1.981472313729730317e+00 -1.843323535569399763e+00 -1.858271313896448174e+00 -1.855621778482767326e+00 -1.859333361716058342e+00
-1.400776337727339893e+00 -1.808765677814219153e+00 -1.553087717801464152e+00 -1.852091384352642978e+00 -1.904495147845426395e+00 -1.921391290244841343e+00 -1.863093726578007203e+00
-1.047288457945547036e+00 -1.879680627937737381e+00 -2.033648645743438621e+00 -1.964954406202767956e+00 -1.776367690915544362e+00 -1.869473127439990723e+00 -1.868697045365427467e+00
-1.654834149802990151e+00 -1.610586447780602448e+00 -2.006241260003494453e+00 -1.783814368675001649e+00 -1.885052650090653259e+00 -1.882800198266363134e+00 -1.866215401003820329e+00
-1.236076199188780977e+00 -1.129832261156174189e+00 -1.903835190503553321e+00 -1.868338414024003136e+00 -1.873893795277992158e+00 -1.871776277530861510e+00 -1.885984198965790615e+00
-1.345892836895258959e+00 -1.866150981779765905e+00 -1.824391736764291672e+00 -1.883169978445523807e+00 -1.902451733784322307e+00 -1.868982640472588219e+00 -1.870326022422672763e+00
-1.660557056406526844e+00 -1.962013607384063940e+00 -1.910561778735672789e+00 -1.934212301858157179e+00 -1.921956590077220639e+00 -1.869746231936342262e+00 -1.859904709726639016e+00
-9.596582064268669443e-01 -1.723823934927087187e+00 -1.727076788029856980e+00 -2.011920877981734357e+00 -1.900123064011572049e+00 -1.848975877003450563e+00 -1.858089665959981929e+00
-1.173069818949026510e+00 -1.773906444324155673e+00 -1.854859246507819304e+00 -1.838077246629082673e+00 -1.871090396115966170e+00 -1.866276404787661658e+00 -1.855026126842322265e+00
-1.500033144331821333e+00 -1.618590918386631383e+00 -1.820612217860630100e+00 -1.756775067736286777e+00 -1.852704579194407453e+00 -1.847855771140175740e+00 -1.849197801859836288e+00
-1.180422575843179889e+00 -1.632153994905735095e+00 -1.848669485507122401e+00 -1.880255806491254678e+00 -1.825284297524233601e+00 -1.865191799867592870e+00 -1.876926891581420787e+00
-1.218886573871735823e+00 -1.708953471094824650e+00 -1.835331918829596898e+00 -1.857687632394402044e+00 -1.869530593756627113e+00 -1.869742397592490502e+00 -1.858659638343395759e+00
-1.429008082676287428e+00 -1.431087857832520349e+00 -1.891251566782214955e+00 -1.782485940287227733e+00 -1.920105331655424630e+00 -1.882924790791393965e+00 -1.863557971905338562e+00
-1.641831162410880784e+00 -1.778065728094997855e+00 -1.869976708297993895e+00 -1.847333581024407589e+00 -1.855683318770982027e+00 -1.889359051484956087e+00 -1.851530969456854248e+00
-1.186640518973125280e+00 -1.703209166287399157e+00 -2.059098409656189066e+00 -1.840465809345158466e+00 -1.821314517018650658e+00 -1.861266818151757096e+00 -1.863736456857972623e+00
-3.867647877038088433e-01 -1.502725295861369048e+00 -1.728977362140925678e+00 -1.899808119507993887e+00 -1.827204332688444399e+00 -1.881278053092429570e+00 -1.875407618880445160e+00
-1.447535872411448432e+00 -1.558858402639448748e+00 -1.915696780660575804e+00 -1.937212730770753844e+00 -1.841242018636814359e+00 -1.865499324781297208e+00 -1.858629989885720590e+00
