(-1.8672913724013802+0j)
-1.517975502261990517e+00 -1.878408372548328931e+00 -1.888918049836146640e+00 -1.794305150398237458e+00 -1.810971853433001488e+00 -1.878772679358928333e+00 -1.875703792342176657e+00
-1.023207693060230072e+00 -1.507081374139598529e+00 -1.901588021730304945e+00 -1.823159434855577965e+00 -1.846417890669052042e+00 -1.871658040076592533e+00 -1.861710155059670413e+00
-1.511514668048795862e+00 -1.731774662426420086e+00 -1.738598192892198302e+00 -1.849177058538927554e+00 -1.845613964753344494e+00 -1.852230891950136016e+00 -1.869200587218046383e+00
-1.727515645527552657e+00 -1.819212654182422284e+00 -1.757977697707470144e+00 -1.847002905602127321e+00 -1.861321814265705310e+00 -1.872662914586876948e+00 -1.869310393799752612e+00
-1.688111129937756916e+00 -2.058245369970889804e+00 -2.122772970476725085e+00 -2.029866453015970684e+00 -1.925689394375943220e+00 -1.885240274816515571e+00 -1.863097154885912321e+00
-1.474676212118324337e+00 -1.518438794198773145e+00 -1.476477562814006994e+00 -1.722464417867723974e+00 -1.820132019157127523e+00 -1.870186295441985003e+00 -1.865074397931062666e+00
-1.189003973373235157e+00 -1.728931951613704054e+00 -1.881887864952770162e+00 -1.897821922076919909e+00 -1.855392864903707473e+00 -1.895096550907481525e+00 -1.888466964270001824e+00
-1.182455591198548595e+00 -1.545286701573433508e+00 -1.622751645468724746e+00 -1.672241015898543459e+00 -1.829523395216578141e+00 -1.865357859912378569e+00 -1.865211494763719280e+00
-1.101878734197969889e+00 -1.745666415555654272e+00 -1.959946264086724010e+00 -1.894994585443925850e+00 -1.890298447016406369e+00 -1.858761525893817490e+00 -1.863534114265216202e+00
-1.739120317294981843e+00 -1.691475510758303713e+00 -2.055338291264924955e+00 -1.830865837493621306e+00 -1.862294276206715171e+00 -1.873605448986311428e+00 -1.884171149952378110e+00
-1.691531490400931315e+00 -1.908318169169640033e+00 -1.864224160441906530e+00 -1.912126365652349502e+00 -1.868702088200103528e+00 -1.874825222425028581e+00 -1.862430250427216993e+00
-9.082998147223213525e-01 -1.649588034160849315e+00 -1.922653919163499037e+00 -1.891119597501013772e+00 -1.860296653862374860e+00 -1.863750261804101749e+00 -1.858618010231614548e+00
-8.115570610593021428e-01 -1.349776409786980658e+00 -1.727262874330457665e+00 -1.744513960570295730e+00 -1.834889044310319850e+00 -1.862863601571132399e+00 -1.872586847100258689e+00
-1.462735675833313653e+00 -1.276754837718997004e+00 -1.792132885932784525e+00 -1.818990371396785655e+00 -1.867858608557904976e+00 -1.887628916719169103e+00 -1.876937715395800010e+00
-1.582590716780359008e+00 -1.766630378028699599e+00 -1.829140922777233946e+00 -1.892300868195902819e+00 -1.879687107213347641e+00 -1.885559027170170099e+00 -1.863588205556761190e+00
-1.644124565748375844e+00 -1.907741036781480659e+00 -2.061297372792139093e+00 -1.934066280954275241e+00 -1.856565744278005026e+00 -1.852913709337432602e+00 -1.860849149253131163e+00
-1.406394841592802925e+00 -1.366473230682204720e+00 -1.763264732452751726e+00 -1.830157840174547523e+00 -1.835075503245848783e+00 -1.852419718790720315e+00 -1.866132841724797320e+00
-1.552089121232462787e+00 -1.930621895246036113e+00 -2.199483886100543906e+00 -1.941851104669296779e+00 -1.909526987935449061e+00 -1.881047310151022778e+00 -1.872121501867448190e+00
-1.729151083984192594e+00 -1.920905367470087555e+00 -1.904912633904578101e+00 -1.758674673301625635e+00 -1.879101275654887715e+00 -1.907634573637794428e+00 -1.880501100315565832e+00
-1.285205656961719400e+00 -1.458037337630728736e+00 -1.817682434822075255e+00 -1.872781202471959894e+00 -1.858627974818207740e+00 -1.866393188355591093e+00 -1.867343157528413622e+00
-1.086226712820624885e+00 -1.638351197083407929e+00 -1.592121409192220227e+00 -1.870614361535487546e+00 -1.884963053582097148e+00 -1.851852413396219310e+00 -1.864951177717104613e+00
-1.265904254557569164e+00 -1.617609604597414208e+00 -1.832725837834408011e+00 -1.869066143002269920e+00 -1.857236256217926096e+00 -1.871563343391726253e+00 -1.870440020361082700e+00
-1.728638396018939982e+00 -1.855747795042444581e+00 -1.941211963132786433e+00 -1.949205697546268601e+00 -1.859782816482338896e+00 -1.854846084753310587e+00 -1.866140047890128439e+00
-1.713894245426019536e+00 -1.558868047240555166e+00 -1.870537572846431518e+00 -1.907045440482491694e+00 -1.918844683473240220e+00 -1.859783828465616962e+00 -1.874839641666966816e+00
-1.468207794272578193e+00 -1.970101439596463555e+00 -1.913860672935607576e+00 -1.850057447653990161e+00 -1.879032971280205411e+00 -1.889200590471116215e+00 -1.864867371248737804e+00
-1.669993058415012221e+00 -1.926620339979522312e+00 -1.917534487259006770e+00 -1.903308870566124744e+00 -1.882577626692647277e+00 -1.846755231376037365e+00 -1.859595736822934553e+00
-1.330286505633493821e+00 -1.432443738818268697e+00 -2.009705919772637905e+00 -1.919272228359768739e+00 -1.887993796367164467e+00 -1.873017420381177356e+00 -1.879927735792556120e+00
-1.255436471457215486e+00 -1.381632615362387018e+00 -1.879477600094665135e+00 -1.928315990261175727e+00 -1.893203874643841544e+00 -1.883336030520917470e+00 -1.872570781635548798e+00
-1.205110387522764226e+00 -1.308370084440974246e+00 -1.946756945815255602e+00 -1.780592846936426055e+00 -1.811231531887465884e+00 -1.877823694160498436e+00 -1.864764395159436372e+00
-1.240980064317830145e+00 -1.581890113388993324e+00 -1.896242102175812239e+00 -1.966165334184241997e+00 -1.949948975243839477e+00 -1.903581851509117850e+00 -1.881945607002724508e+00
-1.572247666950030265e+00 -1.649054270189825200e+00 -1.840868892186991346e+00 -1.896384003235472182e+00 -1.851355332725944436e+00 -1.853803828681560573e+00 -1.863053069589821087e+00
-1.396981746028015392e+00 -1.445194021024492459e+00 -1.927734036553814700e+00 -1.832113444839190697e+00 -1.888572527333488349e+00 -1.849646369600785434e+00 -1.862858741288156539e+00
-1.913517422639855692e+00 -1.741822267271402325e+00 -1.746764503169318417e+00 -1.718047117872548046e+00 -1.834749031853474266e+00 -1.860663353123999775e+00 -1.867191528496720432e+00
-1.347748553043701447e+00 -1.700402864330430530e+00 -1.720315405111235485e+00 -1.870436871384915767e+00 -1.874783920261622105e+00 -1.858393742455395570e+00 -1.865541613185507597e+00
-1.166092572689148676e+00 -1.591036852032361670e+00 -1.699349007342424001e+00 -1.905211205976406363e+00 -1.838079151806177647e+00 -1.848261924546018786e+00 -1.878459342793159959e+00
-1.408592529208948285e+00 -1.668694877669378185e+00 -1.809912954646348160e+00 -1.856364444294217986e+00 -1.924943617405021401e+00 -1.880838219773891540e+00 -1.864803761721306907e+00
-1.709486916105139587e+00 -1.622823729134697857e+00 -1.873521760578472639e+00 -1.864787624741815586e+00 -1.858953131706385431e+00 -1.866582922062542504e+00 -1.878171349756264874e+00
-1.796558891049301776e+00 -1.715227927313770273e+00 -1.904717903382752375e+00 -1.994031561502269678e+00 -1.916974060628494847e+00 -1.870240598927020548e+00 -1.860361381412455550e+00
-1.543019091592773950e+00 -1.702243686513872589e+00 -1.723444589546525574e+00 -1.797861648456236416e+00 -1.852775345720646616e+00 -1.858905008443706208e+00 -1.868625191706953848e+00
-6.130416090398804752e-01 -1.406830272110971336e+00 -1.460259913991002634e+00 -1.661274963373989610e+00 -1.802062254477369230e+00 -1.852376923178911561e+00 -1.855641960443543681e+00
-1.026064474605088872e+00 -1.909253125178153487e+00 -2.072817512441236687e+00 -1.936604771919090862e+00 -1.863632728953301232e+00 -1.866185986050190593e+00 -1.859448026894146677e+00
-1.794566871521706242e+00 -1.795460385927640790e+00 -1.956579569401840857e+00 -1.956849762756086797e+00 -1.913224487400928542e+00 -1.887745240796852464e+00 -1.868884482795003965e+00
-1.220839159623392733e+00 -1.952421234230020231e+00 -2.077729804338664277e+00 -1.996988702790864156e+00 -1.822644962878799291e+00 -1.832684847230718450e+00 -1.868087593688485093e+00
-1.059276078704295188e+00 -1.691802212121839455e+00 -1.850830483511341384e+00 -1.886431449553667372e+00 -1.963469577765594387e+00 -1.896517169994887730e+00 -1.883733755501776130e+00
-1.646035370390696029e+00 -1.592898927984789825e+00 -1.698930427365290985e+00 -1.909111152150503532e+00 -1.830820152874245377e+00 -1.852065684185483674e+00 -1.852168913199796263e+00
-1.439584306831685812e+00 -1.711318404869953902e+00 -1.786701546366575188e+00 -1.896989536008560240e+00 -1.918870941448634238e+00 -1.880888442659987447e+00 -1.884304368988361400e+00
-1.664076396784307299e+00 -1.951340979466253289e+00 -1.967061453684267658e+00 -1.902162033936424024e+00 -1.868041823523218348e+00 -1.879603539758097908e+00 -1.865952296246409681e+00
-1.327112729778880063e+00 -1.785110649413060413e+00 -2.111069222589299077e+00 -1.987936652286837802e+00 -1.914548898679087063e+00 -1.885054154885128952e+00 -1.877386484694853142e+00
-6.874904771023907513e-01 -1.473066720906107907e+00 -1.670677985405631283e+00 -1.802686976555800236e+00 -1.855005519086998067e+00 -1.858727220680648662e+00 -1.856417001749673723e+00
-1.606558303848855562e+00 -1.762955589536155276e+00 -1.875831081662296063e+00 -1.881192931428814274e+00 -1.869115089804892715e+00 -1.843637473726868148e+00 -1.861521976437159109e+00
