(0.47913018916467026+2.7755575615628914e-17j)
1.267661777701428516e+00 8.183828023005373931e-01 2.400715569786188719e-01 2.198790445878026079e-01 3.143242167020679489e-01 3.675212304605229852e-01
-1.459089753962315772e+00 -2.322628104512665936e-01 7.085448321296599072e-01 8.296101941707108018e-01 6.544609453843551750e-01 2.460987363089734425e-01
-2.778535622781777570e-01 6.667651491137186470e-01 -2.047315809586081337e-01 3.259274914017459834e-01 4.596299175398914638e-01 7.046593660803209813e-01
1.020216840362285105e+00 6.460169713820975712e-01 7.850624131279519968e-01 2.007989705170321604e-01 3.016807313398880419e-01 2.727377671241216772e-01
9.970774328255258556e-01 7.007858318645308060e-01 5.696704740683776746e-01 1.362380874959949750e-01 4.206102942786258403e-01 4.514608152928504259e-01
2.889254562994678088e-01 1.312436465120646156e+00 1.283011821867697244e-01 5.542406034647653357e-01 5.513945129282047386e-01 6.179182522036286151e-01
2.862207060089333233e+00 1.756739294511931782e+00 6.471542456919191499e-01 3.904500363410632335e-01 4.837375034753708114e-01 7.894564148317846364e-01
-1.063585438083225698e+00 1.246975503335450375e+00 7.765522225240883980e-01 4.535210175770948982e-01 1.053714750508867176e-01 3.106502581216136760e-01
2.096569018070926771e-01 6.019820863649306686e-01 4.146966205944805917e-01 1.139215801207236423e+00 2.984877742749291185e-01 6.098915551967795112e-01
-9.186467562719937696e-01 5.434837599899328131e-02 2.487053303405876714e-01 3.412610526960279111e-01 3.563491183024833364e-01 3.854280521099298085e-01
1.720469737111456343e+00 1.616460869724251070e+00 -4.266870418687032651e-02 4.428746781876469196e-01 8.625746131924008075e-01 4.585732060649124753e-01
2.033454919161980179e+00 1.533782560024328889e+00 1.544805398077683245e+00 4.843473742332456422e-01 7.718139417488905085e-01 4.297272566190002419e-01
-2.677110124235029254e-01 -1.738631572388726204e-02 7.438737082507196341e-01 1.701289274889845049e-01 8.158244799420636406e-01 4.351252277520943346e-01
1.927499017616196353e+00 3.204975193766866626e-02 1.189387773736726883e+00 -6.904781556684722044e-02 8.747884906460605403e-02 1.410432682294562867e-01
9.147331992513125787e-01 -1.567662576557912468e-01 1.476589088438388375e-01 7.239622352030269381e-01 3.067490316797577554e-01 7.555623089501497525e-01
1.019303935131149919e+00 -1.102274242251523262e+00 3.643599517560529577e-01 2.902576690019252892e-01 6.043897389791916819e-01 1.098718017940191471e-01
1.310116714079179845e+00 1.217647202308349108e+00 3.968958710797469980e-01 -1.463043254395983706e-01 3.877838013589633981e-01 1.599633775245302980e-02
4.041278471016565565e-01 -1.493141108141115836e-01 1.106789323181594176e+00 -6.245896800368695712e-03 1.337834070662607955e-01 6.830160052092993928e-01
2.859812033353972827e-01 7.179280260998426311e-01 3.449564385758506213e-01 6.536044518997774500e-01 3.320660065306267894e-01 6.172109802311771531e-01
3.998087909603422196e-01 8.987852805802003520e-01 3.743494086153919542e-01 5.520771026005908411e-01 1.069503484096603563e+00 4.321708348699430102e-01
