(0.47913018916467026+2.7755575615628914e-17j)
1.191565362506832315e+00 1.150432767419363955e+00 3.725260951067157489e-01 3.671544674314950463e-01 4.158818395381380095e-01 4.207579948861176478e-01
3.443533132380643735e+00 1.402776606084931155e+00 3.255525670714488617e-01 2.871391386360828135e-01 1.605903425943791263e-01 5.180633877899158968e-01
-7.666422089613775248e-02 -4.173126268131759353e-01 9.603908884899486909e-01 4.800980994402636037e-01 5.140622989126143461e-01 7.643103954597839644e-01
5.196341976297396137e-01 5.229853393511733062e-01 5.254963866291667562e-02 5.480940458836150997e-01 4.033351640062688426e-01 1.728039234620655784e-01
2.431475626325807049e+00 -7.310903391986259825e-01 1.806272277516700608e-01 -1.549065079434147618e-01 5.155442381152738340e-01 2.545868894455801668e-01
1.060589885322919201e+00 1.909343035148283185e-01 4.008357522708714815e-01 6.296689740831576954e-01 4.410897880900542245e-01 2.802259339240707470e-01
5.785533712628483372e-01 2.107050918514333127e+00 -1.647300147917082069e-01 1.111443373068781160e+00 4.692125772413687779e-01 2.976522723130961903e-02
-4.993816515713261905e-03 9.081187432294196560e-01 8.280385861509929057e-01 5.491786011491517350e-01 3.337981081396710348e-01 4.010037399947172787e-01
3.083092486202728133e-01 1.274742238193132815e+00 3.911320183752343693e-01 1.003992889045904668e+00 6.951928094624508780e-01 1.440666404028714820e-01
1.975516075362830470e+00 2.304006341020318760e-01 -7.746662521660049872e-03 7.434234783855202255e-02 9.230112686633670238e-01 6.021031179970907088e-01
-8.592512212347738210e-01 6.749948939358138555e-02 8.244961144818152565e-01 4.632050209469472657e-01 2.741726711500712677e-01 5.575016058512645145e-01
5.409787613521535032e-01 4.044709309517334761e-01 1.399811922708192324e-01 4.244228372515052583e-01 6.767362540891033174e-01 4.379593012111171468e-01
1.021316603587166361e+00 1.271976854040464122e-01 4.384291432374633479e-01 3.947187836029425467e-01 5.374801148170226250e-01 3.086125855058856060e-01
-6.116969953308859509e-01 8.744702036172133930e-01 5.975915252226320362e-01 2.472529359813136485e-01 8.497104791184887373e-01 2.706494667972380586e-01
6.714883144544665505e-01 6.382164998420430946e-01 9.557314085678388915e-01 5.333501336648248659e-01 6.197003050500127230e-01 9.687079066683819129e-01
5.941478484821320905e-01 1.022479143842447646e+00 2.630324852249500411e-01 7.772240574126284551e-01 6.624666545817129437e-01 6.380994706316103215e-01
1.745046529368144750e+00 -5.207686561568309891e-01 6.727637068302242396e-01 3.348377744011726831e-01 2.948417986280837955e-01 4.731384020435807636e-01
2.512503231990187214e+00 4.337870275449961510e-01 9.961217213901183420e-01 1.524923328837401448e-01 7.937840390925268164e-01 6.718222563054100371e-01
3.352618191885365473e+00 -3.487809836983626344e-01 9.636343035508180277e-01 8.860660105361449768e-01 2.997619854286447949e-01 4.814567486032645394e-01
-1.444146311039530950e+00 5.030560981682064003e-01 6.467208363591629983e-01 2.241026211435456217e-01 2.953119978486674624e-01 2.480986849150396689e-01
