(0.47913018916467026+2.7755575615628914e-17j)
1.410386667167018160e-01 -5.167161566792074501e-01 4.769688092741717900e-01 5.139301498438109128e-01 2.582508263895786915e-01 3.496313995388304341e-01
-6.434646111937657453e-01 6.266424114800190903e-01 5.907228266184159082e-01 4.942483842051993981e-01 5.422906724101598241e-01 5.562575720101473609e-01
1.283469142837068588e+00 4.925514708429289401e-01 1.250317110574733492e+00 7.350162129095901831e-01 8.413631816535930286e-01 5.770758395558652776e-01
7.546855674863726104e-01 6.521269750229997941e-02 6.923364425267394262e-01 7.426732214377662622e-01 3.651119891792300454e-01 1.633819377491359526e-01
4.545134654076506409e-01 -7.926896305773378781e-02 8.716810659569106390e-01 2.281016184067507779e-01 5.136406143099837562e-01 3.214052406174406906e-01
1.213585988430522455e+00 1.143202128303419496e+00 9.722060088494721697e-01 5.268935275278759933e-01 2.119493165406330926e-01 3.869705037639236123e-01
3.374753746623206929e-01 7.526117128252733934e-01 8.502416972008703944e-01 4.107801416630316171e-01 1.805569165100193718e-01 2.765880589037721382e-01
1.068662869780774988e-01 3.277155348951208413e-01 7.796483755774906710e-01 4.954886396641585145e-01 5.894875441473770294e-01 2.782614686436830631e-01
3.449713012359877373e-01 1.123171812400030722e+00 5.235611004350514408e-01 4.105054564931028271e-01 -1.763892881748002628e-02 2.840971248866978049e-01
2.770802629789588245e-01 6.061796961178734788e-01 8.111853258905663555e-01 8.460761912329494150e-01 7.825770607440064586e-01 3.786124559920828192e-01
7.992985372171309555e-01 1.279833988884197860e+00 1.461480830673396736e-01 8.371360337222639725e-01 4.580652622798550011e-01 9.015664386475856773e-01
1.698772275914738117e+00 1.449224986022945028e-01 6.488278051738427532e-01 7.177246260354972485e-01 4.711168058579368600e-01 2.866794597854222526e-01
-6.533476840010872533e-02 1.684503817124629599e-01 5.015604928182171296e-01 3.589984421576921658e-01 6.784440320572071581e-01 5.985141502515636258e-01
1.413106599581776646e+00 1.544218519908150955e-01 7.106696238369343277e-01 7.658466967168340300e-01 4.135904549776913131e-01 5.051646645983455253e-01
1.947161423049830642e+00 1.171818168184606046e+00 8.289841133241984128e-01 1.255174580131344086e-01 5.145248616551042486e-01 5.733012112479640709e-01
1.251903950439400504e+00 5.309075205761091265e-01 5.233493039921049972e-01 9.424737046837451671e-02 6.619212367540013853e-01 7.554222585928148659e-01
-9.423844867821913329e-01 1.326075030577606936e-02 9.868160725437573610e-01 5.156615597279898822e-01 3.330464176318480574e-01 7.412522688840509355e-01
2.148512352501032563e+00 5.993080588841481759e-01 3.111919215320029797e-01 5.613380272306197627e-01 2.484099764863054172e-01 3.755437547423261524e-01
4.507401903637060503e-01 5.804265697947366132e-01 9.147115271975273521e-01 4.062290030510394279e-01 3.927765344451367158e-01 2.987754149313255891e-01
-6.628592161468005450e-01 1.083192089343762099e+00 1.281481176070214945e-01 3.320679403027740895e-01 5.769144057526547353e-01 3.954407895751488877e-01
