(-1.8827126374318444+0j)
-1.833955472960567379e+00 -1.926448462332057687e+00 -1.880911500986870877e+00 -1.871880194133635822e+00 -1.869676362640602774e+00 -1.881901546686478577e+00 -1.890990024973624894e+00
-1.416350247267457396e+00 -1.700635520808110090e+00 -1.644082907583943598e+00 -1.843114204200165140e+00 -1.865308605355549654e+00 -1.873009041153341103e+00 -1.878314628440288070e+00
-1.329300688777921069e+00 -1.486550952288971938e+00 -1.833657571410398646e+00 -1.788984006250246672e+00 -1.867504479290943209e+00 -1.886287645616312680e+00 -1.880710495226940004e+00
-1.638901372609234963e+00 -1.623379972176473451e+00 -1.870704755976205558e+00 -1.953277616005887340e+00 -1.935704639736188781e+00 -1.889190879814278912e+00 -1.885383456315173234e+00
-1.368597015441132436e+00 -1.758405860834207246e+00 -1.902682834482926078e+00 -1.901191605680499608e+00 -1.911769860758828266e+00 -1.904649681665574246e+00 -1.884474027307261101e+00
-8.985204325412534665e-01 -1.561915145462431598e+00 -1.998792160394700979e+00 -1.952820161747340633e+00 -1.931679977924415148e+00 -1.904986472160436373e+00 -1.896888462720407009e+00
-1.716448057065686594e+00 -1.878501655661555692e+00 -1.853921400796993968e+00 -1.966505636805232493e+00 -1.864194252002186358e+00 -1.893918465750173752e+00 -1.885631187696482192e+00
-1.414584109396847644e+00 -1.555374007272770864e+00 -1.815176194408319343e+00 -1.811401068229030464e+00 -1.885516512215346552e+00 -1.893561531064373860e+00 -1.866034195898787829e+00
-1.793846105288096293e+00 -1.785632892216736156e+00 -1.942758470089715139e+00 -1.924996864719445533e+00 -1.927823852759807499e+00 -1.886377947471868932e+00 -1.880808238973733726e+00
-1.398045955552698283e+00 -1.433728655083656989e+00 -1.689337557170190962e+00 -1.825876953945109182e+00 -1.834597721339623622e+00 -1.888036065837499056e+00 -1.875052454605418140e+00
-1.635790847212659660e+00 -1.820049012391532717e+00 -1.785478474579288433e+00 -1.856737567643983899e+00 -1.867886212830474069e+00 -1.889813411009683808e+00 -1.888187532198208896e+00
-1.090895376021672858e+00 -1.790190095949318216e+00 -1.874769494488106147e+00 -1.811143753500456866e+00 -1.855788280068260576e+00 -1.863629026473546446e+00 -1.863884489984128923e+00
-1.341535951323682418e+00 -1.927056065774782390e+00 -1.736651775563419431e+00 -1.985093011390111739e+00 -1.905910936185083226e+00 -1.885595164989655181e+00 -1.873277760398910363e+00
-1.645251311198349331e+00 -1.927806538856259522e+00 -1.985319196522780105e+00 -1.868000106901630097e+00 -1.901060253492366403e+00 -1.879648967451729158e+00 -1.884953297881825529e+00
-1.262779772825252333e+00 -1.637786059307676512e+00 -1.819840013327681083e+00 -1.837803368903280443e+00 -1.832561286078047580e+00 -1.871435428006920976e+00 -1.878056679281053354e+00
-1.468391127930028128e+00 -1.673577847200015123e+00 -1.958127797846941132e+00 -1.901979913133575506e+00 -1.858968588664918986e+00 -1.877066542832884988e+00 -1.885016330436475318e+00
-1.714105076947567419e+00 -1.726360490923508406e+00 -1.841713053235224606e+00 -1.891774870767928052e+00 -1.856023306331732403e+00 -1.879412408207993712e+00 -1.873368704958326747e+00
-1.160922955398598688e+00 -1.498644647924684881e+00 -1.767441723124933084e+00 -1.893338720411562370e+00 -1.914496623011385790e+00 -1.878030647293901900e+00 -1.883403718601644794e+00
-1.670986112218279196e+00 -1.610735998879849307e+00 -2.091632660923980591e+00 -1.806731521748492497e+00 -1.869432531726334723e+00 -1.901288910947918520e+00 -1.881070786762458091e+00
-1.598136732218289335e+00 -1.739376129546830629e+00 -1.835186147070638540e+00 -1.967432839415287127e+00 -1.898964812852761863e+00 -1.855721736605367100e+00 -1.865211672991135661e+00
-1.378541684540700363e+00 -1.625551207786441577e+00 -1.847092412120069804e+00 -1.859420311271762882e+00 -1.827251031008334525e+00 -1.892922776585615363e+00 -1.877925166488149777e+00
-2.028319603145609662e+00 -2.157007755501581858e+00 -1.665497429246635352e+00 -1.776644579983592820e+00 -1.877568380282785387e+00 -1.875853493382877213e+00 -1.888513155160815415e+00
-1.388946481947460621e+00 -1.648657863795098599e+00 -1.974286769934674224e+00 -1.927519260895122599e+00 -1.897940519654266911e+00 -1.872325069338117709e+00 -1.875602243936069113e+00
-1.231183019470245998e+00 -1.589133145123947655e+00 -2.000778818758168320e+00 -1.851814196414611757e+00 -1.914533621738553126e+00 -1.865054462836844174e+00 -1.869285890986246423e+00
-1.674423665500761160e+00 -1.936432915681100875e+00 -1.810346891771221767e+00 -1.754792190551919262e+00 -1.825930547689809558e+00 -1.891582617996925286e+00 -1.895316420505909427e+00
-1.080396953243917935e+00 -1.712270791212228360e+00 -1.680682347688613243e+00 -1.835506367508469294e+00 -1.856868002227566983e+00 -1.886497974555148005e+00 -1.903694405791259925e+00
-1.531592217956425639e+00 -1.785550709461479535e+00 -1.854918806654537233e+00 -1.883535465474977633e+00 -1.893990262453001172e+00 -1.907124593762669074e+00 -1.897034969227913148e+00
-1.197561716102072182e+00 -1.556768444257039086e+00 -1.738699400114645410e+00 -1.873250689108546529e+00 -1.876450318350852742e+00 -1.896150725840660911e+00 -1.888000202866505939e+00
-1.618240944630797262e+00 -1.822443792107050431e+00 -1.775090803301192288e+00 -1.939669642976826758e+00 -1.903779183325255975e+00 -1.895354216056991170e+00 -1.893778623844490916e+00
-1.678959469486563494e+00 -1.880921894238902325e+00 -2.015419996438371442e+00 -1.894164127667793407e+00 -1.861272023525875507e+00 -1.879561436627909421e+00 -1.901903592782079766e+00
-1.354465859947912243e+00 -1.530151483644608401e+00 -1.800900207690285582e+00 -1.812212226353836275e+00 -1.870584637963304209e+00 -1.877279038204977324e+00 -1.883445356996941822e+00
-1.359586794437590118e+00 -1.740436192118857583e+00 -2.009265480533891424e+00 -1.898642742608356082e+00 -1.845114923130255491e+00 -1.852400588825316552e+00 -1.888007478091025648e+00
-1.694667616673384281e+00 -2.106329338322556310e+00 -1.906764772671271535e+00 -1.947105651794170278e+00 -1.864774017604351242e+00 -1.890525949793012916e+00 -1.893027682089621910e+00
-1.647135119645816381e+00 -1.860545348623004802e+00 -1.897849307859682311e+00 -1.958909108743204674e+00 -1.866857919696257362e+00 -1.900262121036635277e+00 -1.879217287329375541e+00
-1.640351688702186950e+00 -1.760495597479189600e+00 -1.792369348446629429e+00 -1.808817607764691804e+00 -1.787295286592478716e+00 -1.855758807068676797e+00 -1.866427961979840511e+00
-1.652984982132119196e+00 -1.835351086206771232e+00 -1.991088201912500244e+00 -1.897443517817360314e+00 -1.971587099563930412e+00 -1.900882540762561579e+00 -1.891422320529450474e+00
-1.657024312744112660e+00 -1.737349416053004747e+00 -1.703539430464231286e+00 -1.776464412078914812e+00 -1.856697673039291452e+00 -1.885089760037261364e+00 -1.874056784403675957e+00
-1.605132317492514060e+00 -1.708613323143534313e+00 -1.889258894059208771e+00 -1.929694027827679070e+00 -1.863690781266744478e+00 -1.870616208990746987e+00 -1.886530154913822699e+00
-1.594065864059311721e+00 -1.979531876387284672e+00 -1.837261324118363071e+00 -1.884946329480788663e+00 -1.867715984227734660e+00 -1.858713578261233401e+00 -1.869867694861190310e+00
-1.684868418057260842e+00 -1.868698397940210976e+00 -1.924743445163992650e+00 -1.874104345997664955e+00 -1.914242650252458988e+00 -1.902130064088257022e+00 -1.885574454674577849e+00
-1.591903069558905148e+00 -1.812462706075173902e+00 -1.737584395852022734e+00 -1.966688556790873843e+00 -1.958116912937382104e+00 -1.916786113110685363e+00 -1.892480304538389779e+00
-1.386786480730397120e+00 -1.748668288411288962e+00 -1.831589497453803173e+00 -1.960806942804800945e+00 -1.895153454725813091e+00 -1.891377703916829578e+00 -1.883501853671812221e+00
-1.459723448803714962e+00 -1.535187537703692096e+00 -1.949476347121193331e+00 -1.974303567982318874e+00 -1.939906177049118607e+00 -1.882624081545442918e+00 -1.874293652718224568e+00
-1.555597515365248151e+00 -1.646934475136233145e+00 -1.841309121143607896e+00 -1.837767760237835946e+00 -1.894341407331814997e+00 -1.891216759487015286e+00 -1.889816320601078736e+00
-1.391267582517029977e+00 -1.596906404335648233e+00 -1.823110228568685987e+00 -1.894401373196707317e+00 -1.867912415288365047e+00 -1.874518887452569782e+00 -1.886760772586060675e+00
-1.749010006730487898e+00 -1.709019289916981821e+00 -1.631027092816924151e+00 -1.810170566692152150e+00 -1.815596464130033061e+00 -1.865889193600906104e+00 -1.871591456391076269e+00
-1.303617245634258737e+00 -1.570837768288477321e+00 -1.710114734121553459e+00 -1.816432350796143291e+00 -1.833515335536263446e+00 -1.845269206063766765e+00 -1.865164763235368284e+00
-1.332835086846583916e+00 -1.801590957207152011e+00 -1.792725508880459895e+00 -1.820664414227709305e+00 -1.860829372683065364e+00 -1.862376030041662522e+00 -1.887137460502045005e+00
-1.592633282340282008e+00 -1.560411398339213385e+00 -1.710980807202975296e+00 -1.925857778603078829e+00 -1.848208144444626111e+00 -1.879410683903239843e+00 -1.874537168442388602e+00
-1.484860377321378877e+00 -1.499091507188863304e+00 -1.866820457908049846e+00 -1.880042644643733940e+00 -1.848315081009001659e+00 -1.888421605139857018e+00 -1.898109549486371783e+00
