(-1.8827126374318444+0j)
-1.154294474370347823e+00 -1.298621862307115959e+00 -1.124454550180717494e+00 -1.535950143414343216e+00 -1.797389000299638440e+00 -1.905209277882924379e+00 -1.867399639015876911e+00
-1.302949904137437276e+00 -1.356615388415111090e+00 -1.783442364662228163e+00 -1.684317602770329936e+00 -2.058739432056864160e+00 -1.962961526077911190e+00 -1.911455064823903927e+00
-1.325833245777987113e+00 -1.381168681191427883e+00 -1.323274499674034432e+00 -1.438854400550065638e+00 -1.789219615419799458e+00 -1.814984506999705482e+00 -1.869552996115592336e+00
-1.295559491321800261e+00 -1.417499011249759855e+00 -1.560751070726753564e+00 -1.762137447121712830e+00 -1.845612172315439059e+00 -1.888214629277444878e+00 -1.863164559123454911e+00
-1.464464971992285758e+00 -1.416345928369586948e+00 -1.609102134940817441e+00 -1.690255428105439384e+00 -1.819221037595067036e+00 -1.865285041239534980e+00 -1.891696806821198784e+00
-1.344769698303549532e+00 -1.290491068189881574e+00 -1.396437315279065894e+00 -1.726209705750922030e+00 -1.856650013318369430e+00 -1.898630179596410450e+00 -1.880258873558094068e+00
-1.339789320953975738e+00 -1.345673359230841637e+00 -1.466612472155036428e+00 -1.783173133064253957e+00 -1.834035887137071441e+00 -1.970540815473337926e+00 -1.895054257844888124e+00
-1.434817794540758307e+00 -1.523414911773177893e+00 -1.626443083116092314e+00 -1.626380858651417682e+00 -1.875194106183441178e+00 -1.808437060890665693e+00 -1.899282978883192197e+00
-1.460871403588999362e+00 -1.459555319039678389e+00 -1.449271017969627096e+00 -1.480966340767486900e+00 -1.815911200144808335e+00 -1.947638333338927330e+00 -1.880715832691602252e+00
-1.343157622393712725e+00 -1.409162986649913574e+00 -1.488100530217899564e+00 -1.753713343322768736e+00 -2.005421135286941769e+00 -2.021374466566142392e+00 -1.905912147469746021e+00
-1.302112161536422397e+00 -1.353911394003491919e+00 -1.366026105908798360e+00 -1.782664822549236971e+00 -1.874249546797743804e+00 -1.911294829763868997e+00 -1.930912496797021927e+00
-1.204057655946187300e+00 -1.330502220037143246e+00 -1.636094452779736530e+00 -1.710658048976739565e+00 -1.822805953537164347e+00 -1.914214477358422872e+00 -1.895926428140330522e+00
-1.436080168624218167e+00 -1.661563084111808308e+00 -1.609414374878672893e+00 -1.663376297402156645e+00 -1.791978389634686808e+00 -1.876568574513437282e+00 -1.811575134342981785e+00
-1.361095734662725043e+00 -1.335853719934915862e+00 -1.551336966522865124e+00 -1.262375986498118330e+00 -1.658408735763221120e+00 -1.889469865601285603e+00 -1.905439581609535749e+00
-1.527778017516395082e+00 -1.546274556624189112e+00 -1.664992014624897099e+00 -1.406258194524543814e+00 -1.632932430088161802e+00 -1.747243895045433870e+00 -1.861168619765521726e+00
-1.558741995345397591e+00 -1.446048116835456643e+00 -1.594337062697493757e+00 -1.637474291916700242e+00 -1.845783158404569635e+00 -1.746283844242014549e+00 -1.863593114467906986e+00
-1.428100235590313627e+00 -1.462390966943234227e+00 -1.443299563334532021e+00 -1.563714152506195720e+00 -1.852407713196093209e+00 -1.888382493034876042e+00 -1.924210180103007151e+00
-1.418665900471176800e+00 -1.298350738311178754e+00 -1.549149259893066954e+00 -1.500777269463222874e+00 -1.755531866102621352e+00 -1.904487625662170114e+00 -1.920553458168752226e+00
-1.315049424394613364e+00 -1.411842200149055149e+00 -1.506494746688680664e+00 -1.647851646363784450e+00 -1.926242176231855563e+00 -1.902398516919284077e+00 -1.893656414645242370e+00
-1.395343703120847101e+00 -1.375106716425460895e+00 -1.425202505494168381e+00 -1.376006479156709039e+00 -1.635956737078949619e+00 -1.955962024400027532e+00 -1.893219636039618958e+00
-1.153456556254806475e+00 -1.299734387262151403e+00 -1.513444480901073419e+00 -1.868460645954999721e+00 -1.845302820424770562e+00 -1.891353021759528019e+00 -1.845402008186529441e+00
-1.389285525587337755e+00 -1.281607355033132833e+00 -1.541071408442049595e+00 -1.692118000388707300e+00 -1.819927854366131914e+00 -1.919131212139735698e+00 -1.843121792822865146e+00
-1.261727670556924474e+00 -1.256958980727778341e+00 -1.335392681174146334e+00 -1.553695211976642288e+00 -1.711566278619124581e+00 -1.762474256274010997e+00 -1.829886906413179304e+00
-1.440963527146447376e+00 -1.348485674689530178e+00 -1.489397112764048625e+00 -1.451802150724693874e+00 -1.819851670185338666e+00 -1.776997058657250772e+00 -1.854749149393835506e+00
-1.476070510112430512e+00 -1.452605082120804525e+00 -1.316912125893489716e+00 -1.487153403829869269e+00 -1.584292580948884366e+00 -1.707789088299873193e+00 -1.894754875518077197e+00
-1.315704096503936826e+00 -1.450239404560176748e+00 -1.532846374849076376e+00 -1.773565362593369610e+00 -2.015023950647883311e+00 -1.886584940212728378e+00 -1.872078975038665494e+00
-1.500567468083978673e+00 -1.533767454098410532e+00 -1.465067122056710414e+00 -1.620650154257501141e+00 -1.945508830911207410e+00 -1.909282450429725664e+00 -1.920742384340816233e+00
-1.560853574585872039e+00 -1.719631951833576533e+00 -1.676138568877515667e+00 -1.563454846873655990e+00 -1.666744932755612307e+00 -1.898098389928860819e+00 -1.911962963640715607e+00
-1.190815551979154563e+00 -1.395472315006886177e+00 -1.368604226061356677e+00 -1.587266949573540753e+00 -1.958857920251252160e+00 -1.808048742357469152e+00 -1.844632966571150057e+00
-1.434420236618575206e+00 -1.537355985651848167e+00 -1.704707026427013661e+00 -1.760009782163271641e+00 -1.718672690387636592e+00 -1.873867293760745900e+00 -1.915952079355271787e+00
-1.565942865571076981e+00 -1.445496126279656846e+00 -1.495324035632177750e+00 -1.758835581604942799e+00 -1.875980114853542879e+00 -1.903414498353332984e+00 -1.887914827795918349e+00
-1.421878761201967656e+00 -1.402304955756898730e+00 -1.429827663621930256e+00 -1.633400060046768854e+00 -1.798151886098458441e+00 -1.825707407977396279e+00 -1.924306082759749348e+00
-1.250282347026018925e+00 -1.160576915280819632e+00 -1.365568983909543954e+00 -1.699702151116682547e+00 -1.904742572889390306e+00 -1.868676387786786020e+00 -1.833233915339142595e+00
-1.393662203997457327e+00 -1.344011006537563446e+00 -1.518607806420358752e+00 -1.365744341606186962e+00 -1.856922550330088129e+00 -1.872739203728329915e+00 -1.884670279747485022e+00
-1.349674310266363975e+00 -1.522974712611322001e+00 -1.537740365863776937e+00 -1.825774854065296271e+00 -2.018793614633070277e+00 -1.930542890149992141e+00 -1.905340985506033480e+00
-1.353171148294193049e+00 -1.518581671241774123e+00 -1.687068011339759366e+00 -1.832274679280019747e+00 -1.773937369922295115e+00 -1.805254637223725700e+00 -1.795659091902450877e+00
-1.234784308638979144e+00 -1.312690648078321143e+00 -1.488718089429592162e+00 -1.706998704492571850e+00 -2.062587920797713359e+00 -1.981477881609809089e+00 -1.925107339601946910e+00
-1.414839951533920281e+00 -1.243894041977916309e+00 -1.350101816704954327e+00 -1.767671412316462298e+00 -1.788306296431608988e+00 -1.778991516187483191e+00 -1.856973756344146409e+00
-1.503333411291333022e+00 -1.490790083133040955e+00 -1.612115418224152386e+00 -1.741337362413726719e+00 -1.718580167576091444e+00 -1.775744416359830158e+00 -1.806514251386311276e+00
-1.420358383483052434e+00 -1.415775262330682738e+00 -1.431210382992068153e+00 -1.723415225243946081e+00 -1.690253488333658405e+00 -1.789997792520167330e+00 -1.866348427780149422e+00
-1.437358445709811861e+00 -1.312757048669961124e+00 -1.647607671372655513e+00 -1.817010748561992406e+00 -1.838349668079088284e+00 -1.907938635001461769e+00 -1.850147751288824916e+00
-1.315150225182083910e+00 -1.384574909013530863e+00 -1.618622142430560906e+00 -1.632277732103964762e+00 -1.869500050876245156e+00 -1.816797686954250146e+00 -1.869592310383348721e+00
-1.333663457445211087e+00 -1.248181149856600669e+00 -1.272509045827605156e+00 -1.486703958915960744e+00 -1.717319544027560152e+00 -1.874033826340349540e+00 -1.898986556671747650e+00
-1.258885841923779392e+00 -1.453161887061045654e+00 -1.469664173384069183e+00 -1.546666847423859625e+00 -1.850800774841856233e+00 -1.936717291951458808e+00 -1.974261485992897303e+00
-1.558382602642298220e+00 -1.352923388276455086e+00 -1.438232362253636598e+00 -1.452154035523135489e+00 -1.698877809608384304e+00 -1.765563925095380515e+00 -1.817294873519181397e+00
-1.388400994307759762e+00 -1.336785647366148577e+00 -1.589988686527756601e+00 -1.637602795727464144e+00 -1.841976333198814819e+00 -1.819130151175511134e+00 -1.909913906679450823e+00
-1.356232206268454865e+00 -1.472241111158124394e+00 -1.540693005006204430e+00 -1.802058478377242423e+00 -1.778279779909902603e+00 -1.850398379231347423e+00 -1.920282391336536110e+00
-1.419011359552379670e+00 -1.462215123429485786e+00 -1.729128049099256881e+00 -1.808166189463719764e+00 -1.858246395872477086e+00 -1.922133932153417657e+00 -1.945442643053352461e+00
-1.433344118164495251e+00 -1.368025370427201182e+00 -1.482942137931390514e+00 -1.665556036545502439e+00 -1.917668869315834357e+00 -1.889602503549089541e+00 -1.877926292203768499e+00
-1.388721898138176369e+00 -1.478385468607546827e+00 -1.463184758424559639e+00 -1.649034281095545840e+00 -2.012520352081403452e+00 -1.967247100591205111e+00 -1.898910210059228554e+00
