(-1.8827126374318444+0j)
-1.573355480517802718e+00 -1.771184528845350492e+00 -1.699127070523770877e+00 -1.977723047731976713e+00 -1.860862195369527239e+00 -1.894679795855716664e+00 -1.875105903564260323e+00
-1.664655717633782395e+00 -1.820170036100316135e+00 -1.784269058583660250e+00 -1.872647567726148043e+00 -1.841519464898101255e+00 -1.901313977869050209e+00 -1.872299260904242590e+00
-1.481128651003966290e+00 -1.501283379094458414e+00 -1.833834363517191424e+00 -1.907600646201750072e+00 -1.847718671460008455e+00 -1.867334471525202044e+00 -1.876888911103306246e+00
-1.961908173258655630e+00 -1.856062931907176861e+00 -1.874330916276615522e+00 -1.872059218294295224e+00 -1.881726013683354237e+00 -1.858186910844926487e+00 -1.907395801129858404e+00
-1.913718297012527936e+00 -1.542448598757354628e+00 -1.926860125573039095e+00 -1.830456166762880033e+00 -1.909095523662751148e+00 -1.898752534692653260e+00 -1.888717152445871461e+00
-1.626835505354286671e+00 -1.752534839991872984e+00 -1.832409034181726959e+00 -1.871044599563060684e+00 -1.886258958411701325e+00 -1.874047918025935733e+00 -1.882074574863621397e+00
-1.315344888513476640e+00 -1.559709624478717416e+00 -1.809200977323932369e+00 -1.932925893243665705e+00 -1.855512942397981702e+00 -1.897993283531656417e+00 -1.884421674312163564e+00
-1.505981400561575922e+00 -1.782711426662241472e+00 -1.945285008056104825e+00 -1.893225057460782290e+00 -1.961995895804270251e+00 -1.860452702294792093e+00 -1.859642369938560025e+00
-1.274303198657054326e+00 -2.081567703671096226e+00 -1.790027213468197154e+00 -1.920925748396047350e+00 -1.870001723235287461e+00 -1.880547661070441468e+00 -1.898270639336536947e+00
-1.083444445022545333e+00 -1.778014373862228048e+00 -1.982738643525331579e+00 -1.844047938913667695e+00 -1.893117012539613286e+00 -1.870398174648588707e+00 -1.898440473372398740e+00
-1.472726250262458292e+00 -1.811603614478602520e+00 -1.996932597439708967e+00 -1.958094586805366522e+00 -1.883788597532249032e+00 -1.875073817267454590e+00 -1.893967729409574918e+00
-1.511150314688234575e+00 -1.996700778235583895e+00 -2.081563772204443552e+00 -1.917940084812362223e+00 -1.811301009994379818e+00 -1.840279825238605671e+00 -1.895755782779084297e+00
-1.449922391102684838e+00 -1.683846265994697333e+00 -1.925372471621359827e+00 -1.907811675087746073e+00 -1.910461459357221559e+00 -1.892784816273855419e+00 -1.883426108173068991e+00
-1.460629088056459191e+00 -1.549325042254793949e+00 -1.860054337316224604e+00 -1.866038359433005223e+00 -1.852463977449680943e+00 -1.901292656602865616e+00 -1.885264461923154222e+00
-1.896546020510715636e+00 -1.766513053432451130e+00 -1.963891020875919047e+00 -1.929266219035787433e+00 -1.831079827130440929e+00 -1.857140926302537576e+00 -1.881972315845693355e+00
-1.691638703364833685e+00 -1.600399402066942089e+00 -1.849330130611408940e+00 -1.861227169385651248e+00 -1.895631909257890158e+00 -1.859713397278234925e+00 -1.892437159777571321e+00
-1.534296585385977796e+00 -1.655005420589094056e+00 -1.919319120307795945e+00 -1.888732197521121092e+00 -1.871633589529018815e+00 -1.845114837192683321e+00 -1.889862068325955269e+00
-1.197267700136751545e+00 -1.673771349190741775e+00 -2.023804399028717338e+00 -1.888918851771419272e+00 -1.838881584366241606e+00 -1.919064395461447248e+00 -1.886736175726624554e+00
-1.465809747798706653e+00 -1.920119022698373978e+00 -1.883844483991417906e+00 -1.844884499428563140e+00 -1.888321458719029122e+00 -1.910064380210338975e+00 -1.881528835347171524e+00
-1.445483249104687840e+00 -1.940069648629617394e+00 -1.846702027396931678e+00 -1.985338187119833453e+00 -1.874888132775638816e+00 -1.897493320928298033e+00 -1.875150355217586107e+00
-1.373222080858929051e+00 -1.810860690418234498e+00 -1.991411396109676213e+00 -1.954458124274365050e+00 -1.885724880436146833e+00 -1.871624426391294449e+00 -1.854899840096793984e+00
-1.615234995501222182e+00 -1.607820131209212189e+00 -1.656144007457070133e+00 -1.884736208966912852e+00 -1.849520880886690755e+00 -1.896581518559649959e+00 -1.870232156306149029e+00
-1.610962127980054559e+00 -1.649215358823941546e+00 -2.007614662072820799e+00 -1.935776171145769720e+00 -1.882218449962816731e+00 -1.858738698977394410e+00 -1.867313903008140485e+00
-1.887587733409711532e+00 -1.990907012905765772e+00 -1.886311592770164580e+00 -1.878789776229933262e+00 -1.890769801413505480e+00 -1.880500488615411747e+00 -1.884388727862277957e+00
-1.198433762158015670e+00 -1.730753333250668824e+00 -1.866798589401397201e+00 -1.897087426623170092e+00 -1.823856469386460732e+00 -1.896701747280593819e+00 -1.869604112474796409e+00
-1.785193477870635981e+00 -1.418458073292320432e+00 -1.996862047074421609e+00 -1.990610740057876527e+00 -1.905602463747391173e+00 -1.924706796768747896e+00 -1.898391128649720816e+00
-1.507859685264007155e+00 -2.091734273188052384e+00 -1.863972680152788275e+00 -1.951003709928629926e+00 -1.880919121056418009e+00 -1.915962262599474331e+00 -1.881943918828743456e+00
-1.119900819895764288e+00 -1.647083742262291484e+00 -1.848738791637048795e+00 -2.079027992011565296e+00 -1.885194722159229785e+00 -1.919778445301848935e+00 -1.876300274157348680e+00
-1.730215482756679135e+00 -1.662580923443676140e+00 -1.927702244542227383e+00 -2.031372152364072203e+00 -1.913805681071475862e+00 -1.895552797709760817e+00 -1.899577197564265019e+00
-1.646797820257668077e+00 -1.396799292189578212e+00 -1.730815230670831095e+00 -1.843682542131650504e+00 -1.876932377036820920e+00 -1.888503175053994898e+00 -1.893171183188727014e+00
-1.296484377489335316e+00 -1.606054868345594411e+00 -1.860820153062284543e+00 -1.865720236936526000e+00 -1.860956271774704351e+00 -1.870570282909537863e+00 -1.894327658777384737e+00
-1.253516823973712002e+00 -1.715971904157059136e+00 -1.883475969730545652e+00 -1.800634033633946585e+00 -1.913042640217779367e+00 -1.857192410407059624e+00 -1.885138314295842221e+00
-1.509026164648888280e+00 -1.958372116335727720e+00 -1.917138107402602376e+00 -1.899247426739066658e+00 -1.911758915374181411e+00 -1.874005900756953613e+00 -1.878170230868897228e+00
-1.579038587062203902e+00 -1.709157413577888640e+00 -1.994361452036136573e+00 -1.797285984844814388e+00 -1.894479899923693367e+00 -1.897674397098584986e+00 -1.876359090615396408e+00
-1.676131691371636645e+00 -1.377758681627518911e+00 -1.900464258039451515e+00 -1.860798775975555319e+00 -1.865062818060412519e+00 -1.853481773785638387e+00 -1.886194108157411620e+00
-1.780916870801177332e+00 -1.900730597293004642e+00 -1.954457718804378796e+00 -1.990468325087747292e+00 -1.847657239265976026e+00 -1.906337094970696810e+00 -1.896641819737452606e+00
-1.277491747598662464e+00 -1.865820583330230154e+00 -1.912448148451453944e+00 -1.968613409543799264e+00 -1.887196209363602550e+00 -1.863212544304231333e+00 -1.877411872054147501e+00
-1.532871145836089077e+00 -1.674964565822392171e+00 -1.909084104242721125e+00 -1.853135832596923827e+00 -1.912928633261599343e+00 -1.854130399840302257e+00 -1.911276943887254998e+00
-1.670849964221265971e+00 -2.016987001876515251e+00 -1.692136262374960065e+00 -1.900434230809842751e+00 -1.970890167923452729e+00 -1.874328198903466358e+00 -1.902773485379589680e+00
-1.594496271291278244e+00 -1.569705488575018126e+00 -1.986405159714685897e+00 -1.839903037876037484e+00 -1.912848076126403729e+00 -1.880830270931997728e+00 -1.881430736993986663e+00
-1.768661799177799088e+00 -2.072574851892856174e+00 -1.804568587078304365e+00 -1.824018759959105118e+00 -1.868429301384437080e+00 -1.897792687582909421e+00 -1.878531858076806671e+00
-1.586293020990068303e+00 -1.515993786767305451e+00 -1.756507604601337924e+00 -1.788701899816626417e+00 -1.827926363284904099e+00 -1.889578746229930273e+00 -1.867367339008475735e+00
-1.680453053581488998e+00 -1.721175119445528257e+00 -1.970167420882923626e+00 -1.878713650969946025e+00 -1.918844717956216250e+00 -1.855580940028041415e+00 -1.880245856524811465e+00
-1.898838274102271351e+00 -1.655927374201427993e+00 -2.006976551709324319e+00 -1.860476728294917503e+00 -1.798177448429429059e+00 -1.874062343449650836e+00 -1.886394187047393034e+00
-1.466482321965817182e+00 -1.795030197864926791e+00 -1.720562844125910207e+00 -1.859776296269833207e+00 -1.884577506487708387e+00 -1.877533898796932554e+00 -1.886139124720013660e+00
-1.393420981786194446e+00 -1.383660208415909754e+00 -1.620644771427002917e+00 -1.949954304061372268e+00 -1.892566817694185444e+00 -1.880873663425294051e+00 -1.858303357424461844e+00
-1.524424333518009878e+00 -1.852945859061442269e+00 -1.836599314717853870e+00 -1.871998372060159177e+00 -1.848107706421810548e+00 -1.878303210757531705e+00 -1.884999674478426757e+00
-1.713374814885972652e+00 -1.914507237799987660e+00 -1.805216281577107562e+00 -1.907456744862787490e+00 -1.895656789295288913e+00 -1.899117314375977861e+00 -1.881425359600201741e+00
-1.460761060703601455e+00 -1.437011581472814825e+00 -1.907225548320205188e+00 -1.848618830611715502e+00 -1.872304120091076829e+00 -1.877389347266346098e+00 -1.898583759099179424e+00
-1.537238004874973196e+00 -2.061140019153086644e+00 -1.858799248874306587e+00 -1.888136573986085143e+00 -1.833175634706648793e+00 -1.890033739275635227e+00 -1.882857358610662502e+00
