(-1.8827126374318444+0j)
-1.508602187346569146e+00 -2.155914870509582748e+00 -1.981155626433408035e+00 -1.966883054899677408e+00 -1.875443389544886763e+00 -1.859882794641150916e+00 -1.876552893704271030e+00
-1.659708486386975768e+00 -1.991281767830085814e+00 -1.891537281568604012e+00 -1.953125137663506150e+00 -1.868994103219387748e+00 -1.897892409679044601e+00 -1.883160978565050048e+00
-1.292483994559979532e+00 -1.897372197973254737e+00 -1.749683588579849403e+00 -1.899124007865344854e+00 -1.896223033710725314e+00 -1.885781614282090457e+00 -1.895336060921258614e+00
-1.692181115236315092e+00 -1.810126559030101223e+00 -1.878481389025970838e+00 -1.861955193478110893e+00 -1.811903979045208057e+00 -1.892900688789610486e+00 -1.897301899463318620e+00
-1.684554437888279521e+00 -1.645665120812486837e+00 -1.682802501178790155e+00 -1.892888478720869738e+00 -1.854954347794042446e+00 -1.899489586150182374e+00 -1.881551625742963196e+00
-1.171807425530143387e+00 -1.791262282929725558e+00 -2.050697090219822272e+00 -1.909569621227024339e+00 -1.913390815276240442e+00 -1.875268836841105902e+00 -1.859243886910070476e+00
-1.458455944072175381e+00 -1.453155145319611652e+00 -1.997422858991354522e+00 -1.854283973933219754e+00 -1.925186963866089895e+00 -1.863946291078970585e+00 -1.865936700067647669e+00
-1.629861817539520530e+00 -2.160752295369691378e+00 -1.584604652074922182e+00 -1.875351043749140967e+00 -1.895486865511836871e+00 -1.905424994203606559e+00 -1.888326456434058720e+00
-1.609334493399782851e+00 -1.745048497629694939e+00 -1.701180296399761760e+00 -1.986601164049684343e+00 -1.884252348022482870e+00 -1.918327623846521224e+00 -1.892316664624818845e+00
-1.617090852102003318e+00 -1.741153294562095777e+00 -1.968299968242811726e+00 -1.952272566268883347e+00 -1.896969940171453928e+00 -1.867977258357385040e+00 -1.904764950158522652e+00
-1.649213810113933310e+00 -1.731081160816530407e+00 -2.019087595191999540e+00 -1.919573008066519204e+00 -1.882194668214569822e+00 -1.919335393272988188e+00 -1.898665259514930703e+00
-1.819838047335639253e+00 -1.988280513710206865e+00 -1.977873546221457390e+00 -1.879385478982182445e+00 -1.878963718910685587e+00 -1.913305049162205451e+00 -1.877536711329677255e+00
-1.575719370457265178e+00 -2.069755004105248375e+00 -1.941757235202925536e+00 -1.827320191830757556e+00 -1.913320707389403852e+00 -1.914815701901172451e+00 -1.879667919072280036e+00
-1.129530659429121897e+00 -1.621136699110968138e+00 -1.746820557287500186e+00 -1.935560074055240776e+00 -1.895128416330333909e+00 -1.907912099537055983e+00 -1.887024763340100275e+00
-1.547184902290331454e+00 -1.590551182759135207e+00 -1.803687174637679025e+00 -1.895721157660967382e+00 -1.873242118174728743e+00 -1.863363972716417294e+00 -1.870347960159731482e+00
-1.640155411421301501e+00 -1.788624441171704049e+00 -2.139087530948405202e+00 -1.902417621943293335e+00 -1.903662785027559146e+00 -1.866659837502752772e+00 -1.881564420507189528e+00
-1.305273067131480058e+00 -1.761204370572237998e+00 -1.795192122053664630e+00 -1.931128567861920331e+00 -1.914829573478006086e+00 -1.866018571853111263e+00 -1.870897979663136645e+00
-1.398575235305870912e+00 -1.732617783354767127e+00 -1.762711226370635043e+00 -1.897505745117700870e+00 -1.889779563245041594e+00 -1.880954841191975646e+00 -1.878272619956861345e+00
-1.466430717503633074e+00 -2.051869541870199320e+00 -1.932540279097945124e+00 -1.969894283442068073e+00 -1.876263424719721851e+00 -1.877115964063077236e+00 -1.883248090164574284e+00
-1.308230801764914464e+00 -1.768424155117614749e+00 -1.983449973514897824e+00 -1.870586456147846688e+00 -1.904731053898839122e+00 -1.903028888495439830e+00 -1.872225587724409390e+00
-1.338851727633100452e+00 -2.122971690834357439e+00 -1.899289439095759313e+00 -1.849407767821746873e+00 -1.925528796018297184e+00 -1.892997629000761961e+00 -1.882767734974755802e+00
-1.563960814463946303e+00 -1.890966088584967508e+00 -1.674382805110833372e+00 -1.897100904317275960e+00 -1.909439945907790426e+00 -1.916383910022875448e+00 -1.895926886412638845e+00
-1.754920252763515265e+00 -1.521323822661403646e+00 -1.838594918477851614e+00 -1.848802713479767768e+00 -1.850083458524848901e+00 -1.893366736270531758e+00 -1.897498095938062956e+00
-1.821981283095869042e+00 -1.891358215275565247e+00 -1.920059291554135239e+00 -1.898380801870516166e+00 -1.848916871730902800e+00 -1.864671416289147121e+00 -1.881333250973543203e+00
-1.556010670514390570e+00 -1.475699924083592851e+00 -1.845993186226398519e+00 -1.767977469950620328e+00 -1.837991838694934543e+00 -1.874103259208259820e+00 -1.877160269017810634e+00
-1.455147161786437326e+00 -2.032823022308248184e+00 -1.802705152732846816e+00 -1.856826289518765272e+00 -1.844901078745271539e+00 -1.909098419438209238e+00 -1.879817937207013623e+00
-1.072271738821466647e+00 -2.106446968871593217e+00 -1.927929277778654304e+00 -1.893608079593610771e+00 -1.862473358073554630e+00 -1.861917604660447978e+00 -1.882318706936456199e+00
-1.793350223590885806e+00 -2.284596744393907919e+00 -1.926483717113897320e+00 -1.920882819933176666e+00 -1.855854442824888872e+00 -1.853533629754453571e+00 -1.884934551781734857e+00
-1.162485904287505090e+00 -2.229313280140619469e+00 -1.827487662571108284e+00 -1.883212084254024532e+00 -1.852850370154681903e+00 -1.880770488974995214e+00 -1.883832339566839487e+00
-1.496994291797320908e+00 -1.430446218639355394e+00 -1.800308682040374642e+00 -1.865846716215832313e+00 -1.876572314431639077e+00 -1.908956318668928454e+00 -1.869775261351221962e+00
-1.556702534868509513e+00 -1.645075982364260891e+00 -1.788361026614413429e+00 -1.947184374224104175e+00 -1.909098165426716509e+00 -1.872288392258101064e+00 -1.875715285709846469e+00
-1.354901924146154624e+00 -1.291595850335489182e+00 -1.686895190722514704e+00 -1.874454104351805039e+00 -1.915568869208206015e+00 -1.879887670733990879e+00 -1.883522157417929943e+00
-1.448312766479752156e+00 -1.757753764823563714e+00 -1.897075722020630684e+00 -1.933574005896523840e+00 -1.846111333965248402e+00 -1.835934703835780724e+00 -1.882996413992863438e+00
-1.744310404500084122e+00 -1.962627472412650231e+00 -1.926280465175781220e+00 -1.806731970251124642e+00 -1.886313187468274144e+00 -1.885007399128774574e+00 -1.896661478215727392e+00
-1.632699196784003881e+00 -1.704503662458233482e+00 -1.807338090625459026e+00 -1.754694777556770502e+00 -1.920378689284434337e+00 -1.907462911904410863e+00 -1.884992804213691642e+00
-1.085107030714387522e+00 -2.252090273617486815e+00 -1.634656886543401910e+00 -1.842381745466029841e+00 -1.917217011038554464e+00 -1.923377305932568504e+00 -1.890471008099161576e+00
-1.514373024761053621e+00 -1.973268052038684495e+00 -1.997867227042155580e+00 -1.864487780674551676e+00 -1.905233113000837530e+00 -1.885434064239547958e+00 -1.881236884316716873e+00
-1.915246541025529936e+00 -1.567781972353862407e+00 -1.825411658121051328e+00 -1.893496430046571533e+00 -1.870162130199341854e+00 -1.839616968293813715e+00 -1.870699255817062756e+00
-1.470646428214380741e+00 -2.302784803522200718e+00 -1.843006101566225574e+00 -1.963075573463180401e+00 -1.868367314593552653e+00 -1.867132557225410938e+00 -1.882641375387205773e+00
-1.978720011820888303e+00 -2.027582098534258748e+00 -2.113500656089433161e+00 -1.833919189013699658e+00 -1.873481677698974224e+00 -1.880018237477178333e+00 -1.892477133127409283e+00
-1.728625267506771923e+00 -1.767681119241580223e+00 -1.837035082672489050e+00 -1.841446395801487057e+00 -1.912365281058222788e+00 -1.893043265383662854e+00 -1.898598960328153451e+00
-1.568244414837108192e+00 -1.840230522925619283e+00 -1.860872198599075711e+00 -1.830249735070959449e+00 -1.911193529448763417e+00 -1.870830418554931374e+00 -1.891448901906742419e+00
-1.426048373245236922e+00 -1.616309555364609851e+00 -1.921389561867256734e+00 -1.801562009532568842e+00 -1.857893994021826423e+00 -1.879406707419757794e+00 -1.876632202462008792e+00
-1.249881229629298707e+00 -2.197588167333776710e+00 -1.707030372335947233e+00 -1.914490923156788149e+00 -1.917406934873428170e+00 -1.883698503902052845e+00 -1.863500015957025635e+00
-1.397691796262361841e+00 -1.476154999885422869e+00 -1.887236044983457317e+00 -1.732662054451510336e+00 -1.883794489912764769e+00 -1.897730949833999592e+00 -1.902370964583020463e+00
-1.973768208777848532e+00 -1.714129319467497803e+00 -1.740152070927118322e+00 -2.030428182252391967e+00 -1.908474085829739764e+00 -1.894866184742963533e+00 -1.873576530941360563e+00
-1.581365849777342625e+00 -2.012088289656016826e+00 -1.883824516747844680e+00 -1.847173657795759816e+00 -1.935228148363266731e+00 -1.880350636454790614e+00 -1.880740825551196371e+00
-1.314353885391664312e+00 -1.894392172983928813e+00 -1.921434929905602385e+00 -2.021144887679142244e+00 -1.831883461710240635e+00 -1.877306660758519152e+00 -1.880783441738707928e+00
-1.904978630097067027e+00 -1.734288449370433138e+00 -1.953889779060881571e+00 -1.862846552479392903e+00 -1.876787455314816722e+00 -1.887352091240123819e+00 -1.870635369539951798e+00
-1.770606266813980811e+00 -1.531408011389724377e+00 -2.121308170037701224e+00 -1.800108193006846768e+00 -1.838980398684764150e+00 -1.894710757728680139e+00 -1.883050077696244662e+00
