(-1.8827126374318444+0j)
-1.485099316176432982e+00 -1.561125066111441750e+00 -1.734068175100500486e+00 -1.569924148451231405e+00 -1.784490045507048483e+00 -1.877953845890052653e+00 -1.902831311399853842e+00
-1.311279254972923303e+00 -1.455097074711097171e+00 -1.450330716930700703e+00 -1.530957666478852897e+00 -1.730812063233956088e+00 -1.863668339541234342e+00 -1.891188473163896600e+00
-1.098757606332380732e+00 -1.251588842582902483e+00 -1.810794909825229837e+00 -1.760002690767287215e+00 -1.825880241897935186e+00 -1.874628464714662712e+00 -1.880901727266999224e+00
-1.124632668862838081e+00 -1.237079869615583583e+00 -1.839930984406153769e+00 -1.636403847660662159e+00 -1.941984423493757106e+00 -1.877804523310549367e+00 -1.908253484971446756e+00
-1.220385115298845413e+00 -1.356195158883799046e+00 -1.676280859261969347e+00 -1.582615272891449987e+00 -1.755319085779917243e+00 -1.765690583022575755e+00 -1.908373738206822878e+00
-1.080144567752558959e+00 -1.349320690043590787e+00 -1.562027429713582327e+00 -1.821169775299722682e+00 -1.783825279608893144e+00 -1.948349356892688844e+00 -1.818355830238460369e+00
-1.587533582795394027e+00 -1.254252891951612936e+00 -1.461769262772192324e+00 -1.578178684464183634e+00 -1.826057932988924826e+00 -1.875724990917449597e+00 -1.946108910592428964e+00
-1.432232004965424910e+00 -1.375456776594352171e+00 -1.362052994014704588e+00 -1.479795583649928137e+00 -1.829452128641769537e+00 -1.849823930096680114e+00 -1.797411110285280778e+00
-1.420351000111760742e+00 -1.527080699795985597e+00 -1.299842825999415474e+00 -1.608231801268008798e+00 -1.761683340780599405e+00 -1.872876058300837032e+00 -1.886074113315875156e+00
-1.290282675046433791e+00 -1.554228248648374278e+00 -1.526798029760992437e+00 -1.631628908503618414e+00 -1.943665600327494136e+00 -1.847658707134486544e+00 -1.842788369105463842e+00
-1.302921537069196001e+00 -1.353431806598728304e+00 -1.434422512386202886e+00 -1.671240222599164271e+00 -1.695761959827569942e+00 -1.827770204848401914e+00 -1.955330541809340961e+00
-1.590622472435224477e+00 -1.509104245415733736e+00 -1.634439683399961041e+00 -1.574722357386279192e+00 -1.829011446597232693e+00 -1.951971571410784367e+00 -1.875773176031137357e+00
-1.600483399934742312e+00 -1.139562152080200175e+00 -1.639294030249876855e+00 -1.600064209717870778e+00 -1.839292540195494929e+00 -1.774761775765367977e+00 -1.878189366630752088e+00
-1.312370048580257187e+00 -1.536513795389083725e+00 -1.358268658488934300e+00 -1.435795652162929370e+00 -1.824936149333486357e+00 -1.837569193674650991e+00 -1.916054237589291276e+00
-1.346445769017784011e+00 -1.180942738362489086e+00 -1.374178591395586846e+00 -1.601749916186390843e+00 -1.874602915622885169e+00 -1.880625104871167741e+00 -1.816856933438972810e+00
-1.463222792587542731e+00 -1.439165339801369736e+00 -1.406786141549558611e+00 -1.627208438048660888e+00 -1.812376496641325829e+00 -1.969465328425022310e+00 -1.834225182874179572e+00
-1.274774984520933963e+00 -1.231576771329732090e+00 -1.491387896786712908e+00 -1.685488265205502767e+00 -1.804646136471967255e+00 -1.873795704680008001e+00 -1.897420001125057043e+00
-1.065571777807134080e+00 -1.430976092067375305e+00 -1.410573713376025884e+00 -1.864517128256707679e+00 -1.845184662098831918e+00 -1.739604069362050254e+00 -1.891781249032360668e+00
-1.427452724351662372e+00 -1.525592089959749487e+00 -1.225032280025125209e+00 -1.634904997581646091e+00 -1.710909770664145624e+00 -1.906747826710799121e+00 -1.931141202074031726e+00
-1.417332383256223238e+00 -1.518397819682802963e+00 -1.667947590304952099e+00 -1.354202240367678112e+00 -1.727412262392312714e+00 -1.906034287296379581e+00 -1.825051802174234572e+00
-1.369480415577982946e+00 -1.248558599906411493e+00 -1.533633957918433932e+00 -1.518578525801161261e+00 -1.768690006008613036e+00 -1.838823062108297268e+00 -1.878728634606213976e+00
-1.253395640885014872e+00 -1.511919194120383336e+00 -1.518795845446873072e+00 -1.707227387920929207e+00 -1.721537683995907120e+00 -1.787978788399858576e+00 -1.937897398649380820e+00
-1.240272681566332746e+00 -1.518029808671470970e+00 -1.245973810141866256e+00 -1.720127049341914072e+00 -1.768565156173536934e+00 -1.869778580029116011e+00 -1.929674942895783785e+00
-1.162565750565371037e+00 -1.709979099453905693e+00 -1.612265849766530978e+00 -1.827276873782803790e+00 -1.926202276266218760e+00 -1.956115989455040394e+00 -1.856895093434311583e+00
-1.183563050102877101e+00 -1.735051675735733490e+00 -1.704357277456813868e+00 -1.716426937929102170e+00 -1.809531729280772216e+00 -1.755762934011700249e+00 -1.915915002184803928e+00
-1.302201460599646365e+00 -1.333010274030975939e+00 -1.290359574479075899e+00 -1.734756806503328086e+00 -1.760506238075698837e+00 -1.945172697438514842e+00 -1.917042773648812926e+00
-1.451566146456231277e+00 -1.370515481091450161e+00 -1.173782003026239806e+00 -1.743733443957567575e+00 -1.655102869583497061e+00 -1.796498051045315680e+00 -1.905197284111427747e+00
-1.524460384798890455e+00 -1.255826924919794418e+00 -1.732950734748561095e+00 -1.576841732172635346e+00 -1.789053037466781459e+00 -1.731093916149516243e+00 -1.797925714266740860e+00
-1.338817123700121625e+00 -1.189013887685372639e+00 -1.581138640967199693e+00 -1.855404389362308892e+00 -1.641404977452369129e+00 -1.807223476780581040e+00 -1.900391719703501403e+00
-1.520758562295303706e+00 -1.306594142836857486e+00 -1.514307705308866270e+00 -1.475475870399032718e+00 -1.798616942222012405e+00 -1.823454470364568536e+00 -1.855435343596449238e+00
-9.561133594558289817e-01 -1.152886800622525243e+00 -1.623823318133494009e+00 -1.633620579599106781e+00 -1.709172366287057487e+00 -1.780916819902459647e+00 -1.861794913340743651e+00
-1.270745034703813170e+00 -1.252277207965330152e+00 -1.527226364943009784e+00 -1.625502848383050258e+00 -1.612504592810378945e+00 -1.713908734219689922e+00 -1.930931131133709178e+00
-1.354414544923816965e+00 -1.267876559141897008e+00 -1.486236831095342659e+00 -1.575906344502258971e+00 -1.840694918324701890e+00 -1.880295100778340611e+00 -1.934371941928014316e+00
-1.482534970357585635e+00 -1.459501228745644585e+00 -1.645060665949225287e+00 -1.799007694850553341e+00 -1.779746929985302373e+00 -1.685671169198392771e+00 -1.863081443028602902e+00
-1.490703513401874680e+00 -1.113827614841225166e+00 -1.173837866804382735e+00 -1.603326018810024456e+00 -1.606777802137393740e+00 -1.841891998404382225e+00 -1.848575373474876882e+00
-1.355861080913019601e+00 -1.451435915989710779e+00 -1.261175255995774958e+00 -1.543537469017211672e+00 -1.891942711756628759e+00 -1.787016750705535895e+00 -1.866851072072415629e+00
-1.307361705743868674e+00 -1.570799683398501401e+00 -1.264784620777375634e+00 -1.859347601572596709e+00 -1.768526219495885510e+00 -1.835793008096914480e+00 -1.921113424877733511e+00
-1.300135357430980187e+00 -1.339577000695005626e+00 -1.376390624152347364e+00 -1.910504987803312016e+00 -1.824927422917363540e+00 -1.847649060635923490e+00 -1.956495338690499741e+00
-1.196895731715465372e+00 -1.433831753332289516e+00 -1.644069263511396040e+00 -1.340252505789294668e+00 -1.684287857880922612e+00 -1.846660404149714330e+00 -1.860654995594093863e+00
-1.400742625552146459e+00 -1.381183736683813779e+00 -1.455474642244791950e+00 -1.873784905502816622e+00 -1.920508023622651939e+00 -1.843461604164605472e+00 -1.887981601043538404e+00
-1.553967416013480873e+00 -1.503646770381795061e+00 -1.376610769240233623e+00 -1.697188999469231740e+00 -1.822946937984498916e+00 -1.851480111573067022e+00 -1.871600408915706115e+00
-1.626563952874252816e+00 -1.429753210574286948e+00 -1.470130795946178237e+00 -1.663581926063539385e+00 -1.723537172679703522e+00 -1.735143334247287950e+00 -1.852785126840765795e+00
-1.465111313962092598e+00 -1.467060182085477393e+00 -1.054592797837934359e+00 -1.468490479706705099e+00 -1.786110374223667030e+00 -1.719450207798516095e+00 -1.888430376116493337e+00
-1.323702019544149566e+00 -1.361048893730762543e+00 -1.530232204499758275e+00 -1.834674517573468888e+00 -1.767255913486764030e+00 -1.833001752788063321e+00 -1.896468269653568850e+00
-1.282858694871795935e+00 -1.649159879729590994e+00 -1.534967124130156346e+00 -1.532427208462575852e+00 -1.753238641369928574e+00 -1.814700298147883917e+00 -1.845001937568082617e+00
-1.081775605985100697e+00 -1.303060151473871997e+00 -1.700942487826228700e+00 -1.639508431601676808e+00 -1.657842243574567220e+00 -1.714917079991460813e+00 -1.874990946053415541e+00
-1.354859982655046036e+00 -1.260706895546670925e+00 -1.199526814348140347e+00 -1.749748253281464994e+00 -1.648512578485408220e+00 -1.864042246558609062e+00 -1.863042343832412628e+00
-9.243669081043630609e-01 -1.127753753143001081e+00 -1.623772019786420495e+00 -1.835951530782423680e+00 -1.806867852552481502e+00 -1.791438852086804090e+00 -1.837439415425390354e+00
-1.213580164251512716e+00 -1.155898788377282660e+00 -1.565882790746889963e+00 -1.718972433421344093e+00 -1.575733536767256249e+00 -1.810215096992523254e+00 -1.864396507007172410e+00
-1.525254460560568903e+00 -1.334199065032233955e+00 -1.441705185540378853e+00 -1.874377780159617313e+00 -1.520404768054028688e+00 -1.811742345377689967e+00 -1.941800274184972253e+00
