(-2.2799528511210014+6.106226635438361e-16j)
3.631154950569523976e+00 3.689526528119195792e+00 -2.277595486709042216e+00 -4.631001825163274521e-01 -1.552373337947244414e+00 -3.476905226883570954e+00
-8.094992328547800042e+00 -5.361054502094186880e-02 -1.818522835808977334e+00 -4.761507199179039418e+00 -3.455013853760672937e+00 -1.892509838482840712e+00
-4.245783031149383824e+00 -1.098994488242160950e+00 -6.054910656067794328e+00 -1.737563212508940191e+00 -2.076565865615493500e+00 -1.595315072759458053e+00
3.250331284730165748e-01 -1.272022493630169837e+00 -5.943342633317008961e+00 -4.152210873966026838e-01 -2.437751626039363906e-01 -2.034796188207113499e+00
-1.197572667083581699e+01 -3.621167113764759637e+00 -4.531390633408906687e+00 -1.271618393741297037e+00 -3.351246514933199361e+00 -1.213302934039966807e+00
2.325064226027938385e+00 -2.418896974148933676e+00 -1.985996007162680765e+00 -6.478001144335103767e+00 -2.916769565772777906e+00 -2.936121042579678431e+00
-1.029422549252598174e+01 2.878800457165914928e+00 -5.347955060848352815e+00 -2.106084234807253708e+00 -3.320614388456189392e+00 -2.326131704121578103e+00
-2.267216802606371928e+00 -2.372720762423950802e+00 -1.325741092341053307e+00 -4.851850666126953371e+00 -2.141718259784364697e+00 -2.435676271909854584e+00
-5.174487368587613823e+00 2.953545298905228655e+00 -2.791986963618856343e+00 -8.462824565722441017e-01 -3.658811747002719272e+00 -2.779763732250486008e+00
3.061181311498831992e+00 -5.302584820307149727e+00 1.384735194198676300e+00 -2.984386713788491186e+00 -3.899246984509017189e+00 -3.715561441238337981e+00
-9.471771998031339734e+00 -4.616323266154831906e+00 -6.250057929365407938e-01 -5.263266373752717442e+00 -3.684972568378760194e+00 -2.431898406665871093e+00
-7.815063475405431781e+00 -4.486582829630641811e+00 5.731068726444237260e-01 -3.748775455680728896e+00 -1.006092640568916785e+00 -2.845850841407997045e+00
-6.048740943561387695e+00 -1.003259129935399230e+00 -7.801007301095146396e-01 -1.933219317688744665e-01 -1.039772304093256938e+00 -2.144911568413530034e+00
2.736114676192143769e+00 -5.684735999137616957e+00 -3.315118027520462807e+00 2.537696041576267270e-01 -7.982605164246087126e-01 -2.650252082944854592e+00
-1.985075060865481245e+00 7.448102831560108328e-01 -2.254451425196909220e+00 -1.563768488879142993e+00 -2.427924185907293642e-01 -2.932795967355901645e+00
-3.555567298835264012e+00 2.221480673360149538e+00 -9.956156806246218016e-01 -5.070775324758970193e+00 -5.146822525977161611e+00 -3.768297958210994558e+00
2.617658974652130155e+00 -3.514459272070719731e+00 -1.776913021883685051e+00 -3.025258261603795074e+00 -3.261732930329081181e+00 -2.987393236535490271e+00
3.840811111082579998e+00 8.623838693839842584e-01 7.876732939104902353e-01 -3.058243614112646114e+00 -2.848333963270584857e+00 -3.718021080504061437e+00
-1.352489620608044518e+01 -1.103908574618067018e+00 -5.393046054008731716e+00 -3.145852184353008507e+00 -2.167598883066679250e+00 -2.403242342910141716e+00
8.396947090513211975e+00 -4.338886460281983659e+00 -6.349678702125036267e+00 -2.208454140558035128e+00 -1.053880991750481222e+00 -3.199176665207252857e+00
