0.0767928333751298 0 0 0 0 0
-0.0638203646031364 0 0 0 0 1
-0.0222951211755021 0 0 0 0 3
-0.0509128604682153 0 0 0 1 0
0.0214195286879251 0 0 0 1 1
0.0509128604682153 0 0 0 1 3
0.0059155635807283 0 0 0 2 2
0.0767928333751298 0 0 0 3 0
0.0638203646031364 0 0 0 3 1
-0.0222951211755021 0 0 0 3 3
-0.0112639963914955 0 0 1 0 0
0.0412889911637381 0 0 1 0 1
0.0112639963914955 0 0 1 0 3
0.0232128629176031 0 0 1 1 1
-0.0232128629176031 0 0 1 2 2
0.0112639963914955 0 0 1 3 0
0.0362384023138518 0 0 1 3 1
-0.0112639963914955 0 0 1 3 3
0.0362384023138518 0 0 2 0 2
0.0232128629176031 0 0 2 1 2
0.0232128629176031 0 0 2 2 1
0.0412889911637381 0 0 2 3 2
-0.0222951211755021 0 0 3 0 0
-0.027402185769947 0 0 3 0 1
0.0767928333751298 0 0 3 0 3
-0.0509128604682153 0 0 3 1 0
-0.0214195286879251 0 0 3 1 1
0.0509128604682153 0 0 3 1 3
-0.0059155635807283 0 0 3 2 2
-0.0222951211755021 0 0 3 3 0
0.027402185769947 0 0 3 3 1
0.0767928333751298 0 0 3 3 3
0.0284858087501953 0 1 0 0 1
0.0012467090377834 0 1 0 1 0
0.0234853786972249 0 1 0 1 1
-0.0207083687281903 0 1 0 1 3
0.0234853786972249 0 1 0 2 2
0.0284858087501953 0 1 0 3 1
-0.0499345100655818 0 1 1 0 0
-0.0263319343221085 0 1 1 0 3
-0.0387013255357021 0 1 1 1 0
0.0084185973605073 0 1 1 1 1
0.0474746333269683 0 1 1 1 3
0.0084185973605073 0 1 1 2 2
-0.0178605121654052 0 1 1 3 0
0.005742063578068 0 1 1 3 3
-0.0084185973605073 0 1 2 1 2
0.0474746333269683 0 1 2 2 0
0.0084185973605073 0 1 2 2 1
-0.0387013255357021 0 1 2 2 3
0.0526077600697431 0 1 3 0 1
-0.0362883221624864 0 1 3 1 0
-0.0234853786972249 0 1 3 1 1
0.0557499818528933 0 1 3 1 3
-0.0234853786972249 0 1 3 2 2
0.0526077600697431 0 1 3 3 1
-0.0607343517897116 0 2 0 0 2
0.0693329307758375 0 2 0 1 2
0.0012467090377834 0 2 0 2 0
-0.0693329307758375 0 2 0 2 1
-0.0207083687281903 0 2 0 2 3
-0.0607343517897116 0 2 0 3 2
-0.0084185973605073 0 2 1 1 2
-0.0059468550669467 0 2 1 2 0
0.0084185973605073 0 2 1 2 1
0.0147201628582129 0 2 1 2 3
0.0499345100655818 0 2 2 0 0
0.0263319343221085 0 2 2 0 3
-0.0147201628582129 0 2 2 1 0
-0.0084185973605073 0 2 2 1 1
0.0059468550669467 0 2 2 1 3
-0.0084185973605073 0 2 2 2 2
0.0178605121654052 0 2 2 3 0
-0.005742063578068 0 2 2 3 3
-0.0366124004701638 0 2 3 0 2
-0.0693329307758375 0 2 3 1 2
-0.0362883221624864 0 2 3 2 0
0.0693329307758375 0 2 3 2 1
0.0557499818528933 0 2 3 2 3
-0.0366124004701638 0 2 3 3 2
-0.0222951211755021 0 3 0 0 0
-0.027402185769947 0 3 0 0 1
0.0767928333751298 0 3 0 0 3
-0.0509128604682153 0 3 0 1 0
-0.0059155635807283 0 3 0 1 1
0.0509128604682153 0 3 0 1 3
-0.0214195286879251 0 3 0 2 2
-0.0222951211755021 0 3 0 3 0
0.027402185769947 0 3 0 3 1
0.0767928333751298 0 3 0 3 3
-0.0112639963914955 0 3 1 0 0
0.0412889911637381 0 3 1 0 1
0.0112639963914955 0 3 1 0 3
0.0232128629176031 0 3 1 1 1
-0.0232128629176031 0 3 1 2 2
0.0112639963914955 0 3 1 3 0
0.0362384023138518 0 3 1 3 1
-0.0112639963914955 0 3 1 3 3
0.0362384023138518 0 3 2 0 2
0.0232128629176031 0 3 2 1 2
0.0232128629176031 0 3 2 2 1
0.0412889911637381 0 3 2 3 2
0.0767928333751298 0 3 3 0 0
-0.0638203646031364 0 3 3 0 1
-0.0222951211755021 0 3 3 0 3
-0.0509128604682153 0 3 3 1 0
0.0059155635807283 0 3 3 1 1
0.0509128604682153 0 3 3 1 3
0.0214195286879251 0 3 3 2 2
0.0767928333751298 0 3 3 3 0
0.0638203646031364 0 3 3 3 1
-0.0222951211755021 0 3 3 3 3
-0.0030691641029444 1 0 0 0 0
0.0522315290326542 1 0 0 0 1
0.0228118193149636 1 0 0 0 3
-0.0226754248446917 1 0 0 1 0
0.006725611055762 1 0 0 1 1
-0.0226754248446917 1 0 0 1 3
-0.1294391087843681 1 0 0 2 2
0.0988277590452428 1 0 0 3 0
0.0522315290326542 1 0 0 3 1
0.1247087424631508 1 0 0 3 3
-0.0090815936538462 1 0 1 0 0
-0.0144662315043125 1 0 1 0 1
0.0377228615750103 1 0 1 0 3
-0.0901710477349066 1 0 1 1 0
0.0901710477349066 1 0 1 1 3
0.0090815936538462 1 0 1 3 0
0.0665368624058391 1 0 1 3 1
-0.0377228615750103 1 0 1 3 3
0.0665368624058391 1 0 2 0 2
0.0901710477349066 1 0 2 2 0
-0.0901710477349066 1 0 2 2 3
-0.0144662315043125 1 0 2 3 2
-0.0228118193149636 1 0 3 0 0
0.0522315290326542 1 0 3 0 1
0.0030691641029444 1 0 3 0 3
-0.0226754248446917 1 0 3 1 0
-0.1294391087843681 1 0 3 1 1
-0.0226754248446917 1 0 3 1 3
0.006725611055762 1 0 3 2 2
-0.1247087424631508 1 0 3 3 0
0.0522315290326542 1 0 3 3 1
-0.0988277590452428 1 0 3 3 3
0.0134946410160118 1 1 0 0 1
-0.0047288038381052 1 1 0 1 0
0.0673705683946884 1 1 0 1 1
0.0047288038381052 1 1 0 1 3
0.0490259006824474 1 1 0 2 2
0.0446476812640092 1 1 0 3 1
0.0091834646661596 1 1 1 0 0
-0.0098158079729397 1 1 1 0 1
0.0091834646661596 1 1 1 0 3
0.0326330251310945 1 1 1 1 0
-0.0312936191616234 1 1 1 1 1
-0.0326330251310945 1 1 1 1 3
-0.057634180817009 1 1 1 2 2
0.0252310059486638 1 1 1 3 0
0.0098158079729397 1 1 1 3 1
0.0252310059486638 1 1 1 3 3
0.0098158079729397 1 1 2 0 2
0.095164513427112 1 1 2 1 2
-0.0326330251310945 1 1 2 2 0
0.0062367134484796 1 1 2 2 1
0.0326330251310945 1 1 2 2 3
-0.0098158079729397 1 1 2 3 2
0.0134946410160118 1 1 3 0 1
-0.0047288038381052 1 1 3 1 0
-0.024341099139062 1 1 3 1 1
0.0047288038381052 1 1 3 1 3
-0.0059964314268211 1 1 3 2 2
0.0446476812640092 1 1 3 3 1
0.0134946410160118 1 2 0 0 2
0.0332082639434836 1 2 0 1 2
-0.0047288038381052 1 2 0 2 0
-0.0515529316557245 1 2 0 2 1
0.0047288038381052 1 2 0 2 3
0.0446476812640092 1 2 0 3 2
0.0098158079729397 1 2 1 0 2
-0.095164513427112 1 2 1 1 2
-0.0326330251310945 1 2 1 2 0
-0.0062367134484796 1 2 1 2 1
0.0326330251310945 1 2 1 2 3
-0.0098158079729397 1 2 1 3 2
0.0462207132624439 1 2 2 0 0
0.0098158079729397 1 2 2 0 1
0.0462207132624439 1 2 2 0 3
-0.0326330251310945 1 2 2 1 0
-0.0312936191616234 1 2 2 1 1
0.0326330251310945 1 2 2 1 3
-0.057634180817009 1 2 2 2 2
0.0301731719799396 1 2 2 3 0
-0.0098158079729397 1 2 2 3 1
0.0301731719799396 1 2 2 3 3
0.0134946410160118 1 2 3 0 2
0.0098212053121428 1 2 3 1 2
-0.0047288038381052 1 2 3 2 0
0.0085234624000981 1 2 3 2 1
0.0047288038381052 1 2 3 2 3
0.0446476812640092 1 2 3 3 2
-0.0726318809427046 1 3 0 0 0
-0.0522315290326542 1 3 0 0 1
-0.0467508975247966 1 3 0 0 3
-0.0226754248446917 1 3 0 1 0
0.006725611055762 1 3 0 1 1
-0.0226754248446917 1 3 0 1 3
-0.1294391087843681 1 3 0 2 2
-0.0748886808354097 1 3 0 3 0
-0.0522315290326542 1 3 0 3 1
-0.0490076974175017 1 3 0 3 3
0.0377228615750103 1 3 1 0 0
0.0144662315043125 1 3 1 0 1
-0.0090815936538462 1 3 1 0 3
0.0901710477349066 1 3 1 1 0
-0.0901710477349066 1 3 1 1 3
-0.0377228615750103 1 3 1 3 0
-0.0665368624058391 1 3 1 3 1
0.0090815936538462 1 3 1 3 3
-0.0665368624058391 1 3 2 0 2
-0.0901710477349066 1 3 2 2 0
0.0901710477349066 1 3 2 2 3
0.0144662315043125 1 3 2 3 2
0.0467508975247966 1 3 3 0 0
-0.0522315290326542 1 3 3 0 1
0.0726318809427046 1 3 3 0 3
-0.0226754248446917 1 3 3 1 0
-0.1294391087843681 1 3 3 1 1
-0.0226754248446917 1 3 3 1 3
0.006725611055762 1 3 3 2 2
0.0490076974175017 1 3 3 3 0
-0.0522315290326542 1 3 3 3 1
0.0748886808354097 1 3 3 3 3
0.0179040212191995 2 0 0 0 2
-0.006725611055762 2 0 0 1 2
-0.0226754248446917 2 0 0 2 0
-0.1294391087843681 2 0 0 2 1
-0.0226754248446917 2 0 0 2 3
0.0179040212191995 2 0 0 3 2
0.0144662315043125 2 0 1 0 2
0.0901710477349066 2 0 1 2 0
-0.0901710477349066 2 0 1 2 3
-0.0665368624058391 2 0 1 3 2
0.0377228615750103 2 0 2 0 0
0.0665368624058391 2 0 2 0 1
-0.0090815936538462 2 0 2 0 3
0.0901710477349066 2 0 2 1 0
-0.0901710477349066 2 0 2 1 3
-0.0377228615750103 2 0 2 3 0
-0.0144662315043125 2 0 2 3 1
0.0090815936538462 2 0 2 3 3
0.0179040212191995 2 0 3 0 2
0.1294391087843681 2 0 3 1 2
-0.0226754248446917 2 0 3 2 0
0.006725611055762 2 0 3 2 1
-0.0226754248446917 2 0 3 2 3
0.0179040212191995 2 0 3 3 2
-0.0134946410160118 2 1 0 0 2
0.0490259006824474 2 1 0 1 2
0.0047288038381052 2 1 0 2 0
-0.0673705683946884 2 1 0 2 1
-0.0047288038381052 2 1 0 2 3
-0.0446476812640092 2 1 0 3 2
0.0098158079729397 2 1 1 0 2
0.0221537803292532 2 1 1 1 2
-0.0326330251310945 2 1 1 2 0
0.0041867813261324 2 1 1 2 1
0.0326330251310945 2 1 1 2 3
-0.0098158079729397 2 1 1 3 2
0.0233058610680447 2 1 2 0 0
0.0098158079729397 2 1 2 0 1
0.0233058610680447 2 1 2 0 3
-0.0326330251310945 2 1 2 1 0
-0.0417171139362354 2 1 2 1 1
0.0326330251310945 2 1 2 1 3
0.0596841129393562 2 1 2 2 2
0.0393534023505489 2 1 2 3 0
-0.0098158079729397 2 1 2 3 1
0.0393534023505489 2 1 2 3 3
-0.0134946410160118 2 1 3 0 2
-0.0059964314268211 2 1 3 1 2
0.0047288038381052 2 1 3 2 0
0.024341099139062 2 1 3 2 1
-0.0047288038381052 2 1 3 2 3
-0.0446476812640092 2 1 3 3 2
0.0134946410160118 2 2 0 0 1
-0.0047288038381052 2 2 0 1 0
-0.0515529316557245 2 2 0 1 1
0.0047288038381052 2 2 0 1 3
-0.0332082639434836 2 2 0 2 2
0.0446476812640092 2 2 0 3 1
-0.060343109664329 2 2 1 0 0
0.0098158079729397 2 2 1 0 1
-0.060343109664329 2 2 1 0 3
-0.0326330251310945 2 2 1 1 0
0.0417171139362354 2 2 1 1 1
0.0326330251310945 2 2 1 1 3
-0.0596841129393562 2 2 1 2 2
-0.0442955683818247 2 2 1 3 0
-0.0098158079729397 2 2 1 3 1
-0.0442955683818247 2 2 1 3 3
-0.0098158079729397 2 2 2 0 2
0.0221537803292532 2 2 2 1 2
0.0326330251310945 2 2 2 2 0
0.0041867813261324 2 2 2 2 1
-0.0326330251310945 2 2 2 2 3
0.0098158079729397 2 2 2 3 2
0.0134946410160118 2 2 3 0 1
-0.0047288038381052 2 2 3 1 0
0.0085234624000981 2 2 3 1 1
0.0047288038381052 2 2 3 1 3
-0.0098212053121428 2 2 3 2 2
0.0446476812640092 2 2 3 3 1
-0.0179040212191995 2 3 0 0 2
-0.006725611055762 2 3 0 1 2
-0.0226754248446917 2 3 0 2 0
-0.1294391087843681 2 3 0 2 1
-0.0226754248446917 2 3 0 2 3
-0.0179040212191995 2 3 0 3 2
-0.0144662315043125 2 3 1 0 2
-0.0901710477349066 2 3 1 2 0
0.0901710477349066 2 3 1 2 3
0.0665368624058391 2 3 1 3 2
-0.0090815936538462 2 3 2 0 0
-0.0665368624058391 2 3 2 0 1
0.0377228615750103 2 3 2 0 3
-0.0901710477349066 2 3 2 1 0
0.0901710477349066 2 3 2 1 3
0.0090815936538462 2 3 2 3 0
0.0144662315043125 2 3 2 3 1
-0.0377228615750103 2 3 2 3 3
-0.0179040212191995 2 3 3 0 2
0.1294391087843681 2 3 3 1 2
-0.0226754248446917 2 3 3 2 0
0.006725611055762 2 3 3 2 1
-0.0226754248446917 2 3 3 2 3
-0.0179040212191995 2 3 3 3 2
0.0222951211755021 3 0 0 0 0
0.027402185769947 3 0 0 0 1
-0.0767928333751298 3 0 0 0 3
-0.0509128604682153 3 0 0 1 0
0.0214195286879251 3 0 0 1 1
0.0509128604682153 3 0 0 1 3
0.0059155635807283 3 0 0 2 2
0.0222951211755021 3 0 0 3 0
-0.027402185769947 3 0 0 3 1
-0.0767928333751298 3 0 0 3 3
0.0112639963914955 3 0 1 0 0
-0.0412889911637381 3 0 1 0 1
-0.0112639963914955 3 0 1 0 3
0.0232128629176031 3 0 1 1 1
-0.0232128629176031 3 0 1 2 2
-0.0112639963914955 3 0 1 3 0
-0.0362384023138518 3 0 1 3 1
0.0112639963914955 3 0 1 3 3
-0.0362384023138518 3 0 2 0 2
0.0232128629176031 3 0 2 1 2
0.0232128629176031 3 0 2 2 1
-0.0412889911637381 3 0 2 3 2
-0.0767928333751298 3 0 3 0 0
0.0638203646031364 3 0 3 0 1
0.0222951211755021 3 0 3 0 3
-0.0509128604682153 3 0 3 1 0
-0.0214195286879251 3 0 3 1 1
0.0509128604682153 3 0 3 1 3
-0.0059155635807283 3 0 3 2 2
-0.0767928333751298 3 0 3 3 0
-0.0638203646031364 3 0 3 3 1
0.0222951211755021 3 0 3 3 3
-0.0526077600697431 3 1 0 0 1
0.0362883221624864 3 1 0 1 0
-0.0234853786972249 3 1 0 1 1
-0.0557499818528933 3 1 0 1 3
-0.0234853786972249 3 1 0 2 2
-0.0526077600697431 3 1 0 3 1
0.0178605121654052 3 1 1 0 0
-0.005742063578068 3 1 1 0 3
-0.0041428975185893 3 1 1 1 0
-0.0084185973605073 3 1 1 1 1
0.0129162053098555 3 1 1 1 3
-0.0084185973605073 3 1 1 2 2
0.0499345100655818 3 1 1 3 0
0.0263319343221085 3 1 1 3 3
0.0084185973605073 3 1 2 1 2
0.0129162053098555 3 1 2 2 0
-0.0084185973605073 3 1 2 2 1
-0.0041428975185893 3 1 2 2 3
-0.0284858087501953 3 1 3 0 1
-0.0012467090377834 3 1 3 1 0
0.0234853786972249 3 1 3 1 1
0.0207083687281903 3 1 3 1 3
0.0234853786972249 3 1 3 2 2
-0.0284858087501953 3 1 3 3 1
0.0366124004701638 3 2 0 0 2
-0.0693329307758375 3 2 0 1 2
0.0362883221624864 3 2 0 2 0
0.0693329307758375 3 2 0 2 1
-0.0557499818528933 3 2 0 2 3
0.0366124004701638 3 2 0 3 2
0.0084185973605073 3 2 1 1 2
0.0797001816286031 3 2 1 2 0
-0.0084185973605073 3 2 1 2 1
-0.0709268738373368 3 2 1 2 3
-0.0178605121654052 3 2 2 0 0
0.005742063578068 3 2 2 0 3
0.0709268738373368 3 2 2 1 0
0.0084185973605073 3 2 2 1 1
-0.0797001816286031 3 2 2 1 3
0.0084185973605073 3 2 2 2 2
-0.0499345100655818 3 2 2 3 0
-0.0263319343221085 3 2 2 3 3
0.0607343517897116 3 2 3 0 2
0.0693329307758375 3 2 3 1 2
-0.0012467090377834 3 2 3 2 0
-0.0693329307758375 3 2 3 2 1
0.0207083687281903 3 2 3 2 3
0.0607343517897116 3 2 3 3 2
-0.0767928333751298 3 3 0 0 0
0.0638203646031364 3 3 0 0 1
0.0222951211755021 3 3 0 0 3
-0.0509128604682153 3 3 0 1 0
-0.0059155635807283 3 3 0 1 1
0.0509128604682153 3 3 0 1 3
-0.0214195286879251 3 3 0 2 2
-0.0767928333751298 3 3 0 3 0
-0.0638203646031364 3 3 0 3 1
0.0222951211755021 3 3 0 3 3
0.0112639963914955 3 3 1 0 0
-0.0412889911637381 3 3 1 0 1
-0.0112639963914955 3 3 1 0 3
0.0232128629176031 3 3 1 1 1
-0.0232128629176031 3 3 1 2 2
-0.0112639963914955 3 3 1 3 0
-0.0362384023138518 3 3 1 3 1
0.0112639963914955 3 3 1 3 3
-0.0362384023138518 3 3 2 0 2
0.0232128629176031 3 3 2 1 2
0.0232128629176031 3 3 2 2 1
-0.0412889911637381 3 3 2 3 2
0.0222951211755021 3 3 3 0 0
0.027402185769947 3 3 3 0 1
-0.0767928333751298 3 3 3 0 3
-0.0509128604682153 3 3 3 1 0
0.0059155635807283 3 3 3 1 1
0.0509128604682153 3 3 3 1 3
0.0214195286879251 3 3 3 2 2
0.0222951211755021 3 3 3 3 0
-0.027402185769947 3 3 3 3 1
-0.0767928333751298 3 3 3 3 3
