-0.0048936184279743 3 1 3 0 0 0 1 1 2 0 2 0
0.0048936184279743 0 1 0 0 0 0 1 1 2 0 2 0
-0.0048936184279743 0 1 0 0 0 0 1 2 2 0 1 3
-0.0049305639906162 0 1 0 0 0 0 3 1 0 0 0 0
0.0049305639906162 3 1 3 0 0 0 3 1 0 0 0 0
-0.0049305639906162 3 1 3 0 0 0 0 1 0 0 0 0
0.0049305639906162 0 1 0 0 0 0 0 1 0 0 0 0
-0.0049305639906162 3 0 1 3 0 0 2 0 2 3 3 0
0.0049305639906162 0 3 1 0 0 0 2 0 2 3 3 0
-0.0049305639906162 3 0 1 3 0 0 1 3 1 0 0 0
0.0049305639906162 0 3 1 0 0 0 1 3 1 0 0 0
0.0050054365363733 0 0 0 0 0 0 1 3 2 2 3 3
0.0050054365363733 0 3 2 2 0 3 0 0 0 0 0 0
-0.0050054365363733 0 0 0 0 0 0 2 0 2 1 3 3
0.0050054365363733 3 0 1 1 0 3 0 0 0 0 0 0
0.0053092258325216 0 0 0 0 0 0 2 0 2 0 1 3
-0.0053092258325216 0 0 0 0 0 0 1 3 2 0 2 0
0.0053092258325216 1 3 3 0 1 0 0 0 0 0 0 0
0.0053092258325216 2 0 0 0 2 3 3 0 3 0 0 0
-0.0054155612573582 1 0 1 1 2 2 3 0 3 2 2 1
-0.0054155612573582 1 0 1 2 2 1 3 0 3 1 2 2
0.0054155612573582 1 0 1 1 2 2 3 0 3 1 2 2
0.0054155612573582 1 0 1 2 2 1 3 0 3 2 2 1
0.0054561563478360 1 3 3 3 1 0 0 0 0 0 0 0
-0.0054561563478360 0 0 0 0 0 0 1 3 2 3 2 0
0.0054561563478360 0 0 0 0 0 0 2 0 2 3 1 3
0.0054561563478360 2 0 0 3 2 3 3 0 3 0 0 0
-0.0058556684173848 1 0 2 0 2 3 3 0 0 0 1 3
-0.0058556684173848 1 1 3 0 1 0 1 1 2 0 2 0
-0.0058556684173848 1 0 1 3 1 0 0 0 3 0 1 3
-0.0058556684173848 1 2 3 0 2 3 2 1 1 0 2 0
0.0058556684173848 1 1 3 0 1 0 1 2 2 0 1 3
0.0058556684173848 1 2 3 0 2 3 2 2 1 0 1 3
0.0058556684173848 1 0 1 3 1 0 0 0 0 3 1 0
0.0058556684173848 1 0 2 0 2 3 3 0 3 3 1 0
0.0066120473805812 0 3 2 2 0 0 1 3 2 2 3 0
0.0066120473805812 3 0 1 1 0 0 1 3 2 2 3 0
-0.0066120473805812 0 3 2 2 0 0 2 0 2 1 3 0
-0.0066120473805812 3 0 1 1 0 0 2 0 2 1 3 0
-0.0074775110526964 1 0 1 1 1 0 0 0 0 0 0 0
-0.0074775110526964 1 0 1 2 2 3 3 0 3 0 0 0
-0.0074775110526964 0 0 0 0 0 0 0 0 0 1 1 0
-0.0074775110526964 0 0 0 0 0 0 0 0 0 2 2 3
0.0079759091429719 2 0 0 0 2 3 2 3 1 2 3 0
0.0079759091429719 3 0 1 1 0 0 2 0 2 0 1 3
0.0079759091429719 0 3 2 2 0 0 2 0 2 0 1 3
-0.0079759091429719 3 0 1 1 0 0 1 3 2 0 2 0
-0.0079759091429719 0 3 2 2 0 0 1 3 2 0 2 0
0.0079759091429719 1 3 3 0 1 0 1 3 2 2 3 0
-0.0079759091429719 1 3 3 0 1 0 2 0 2 1 3 0
0.0079759091429719 2 0 0 0 2 3 1 0 1 1 3 0
-0.0081475536737629 0 0 0 0 0 0 1 3 2 0 2 3
0.0081475536737629 0 0 0 0 0 0 2 0 2 0 1 0
0.0081475536737629 2 0 0 0 2 0 3 0 3 0 0 0
0.0081475536737629 1 3 3 0 1 3 0 0 0 0 0 0
-0.0086501573439265 1 3 3 0 1 0 0 0 0 2 2 3
-0.0086501573439265 2 0 0 0 2 3 3 0 3 2 2 3
-0.0086501573439265 1 3 3 0 1 0 0 0 0 1 1 0
-0.0086501573439265 2 0 0 0 2 3 3 0 3 1 1 0
0.0086501573439265 1 0 1 2 2 3 2 3 1 0 2 0
-0.0086501573439265 1 0 1 1 1 0 2 0 2 0 1 3
0.0086501573439265 1 0 1 1 1 0 1 3 2 0 2 0
0.0086501573439265 1 0 1 2 2 3 1 0 1 0 1 3
-0.0089949119677342 0 0 0 3 0 0 2 0 2 1 3 0
0.0089949119677342 0 0 0 3 0 0 1 3 2 2 3 0
0.0089949119677342 0 3 2 2 0 0 0 0 0 3 0 0
0.0089949119677342 3 0 1 1 0 0 0 0 0 3 0 0
0.0103191739053401 0 0 3 1 0 0 0 0 3 1 3 0
-0.0103191739053401 0 0 0 1 0 0 0 0 3 1 3 0
-0.0103191739053401 0 0 3 1 0 0 0 0 0 1 0 0
0.0103191739053401 0 0 0 1 0 0 0 0 0 1 0 0
0.0103191739053401 0 2 2 1 0 0 1 2 2 1 3 0
-0.0103191739053401 0 1 2 2 0 0 1 2 2 1 3 0
-0.0103191739053401 0 2 2 1 0 0 1 1 2 2 3 0
0.0103191739053401 0 1 2 2 0 0 1 1 2 2 3 0
0.0103742223249919 0 0 0 0 0 3 2 0 2 0 1 3
0.0103742223249919 1 3 3 0 1 0 0 0 0 0 0 3
-0.0103742223249919 0 0 0 0 0 3 1 3 2 0 2 0
0.0103742223249919 2 0 0 0 2 3 3 0 3 0 0 3
0.0108383645526697 3 3 3 0 0 0 0 0 0 1 1 0
0.0108383645526697 3 3 3 0 0 0 0 0 0 2 2 3
0.0108383645526697 1 0 1 1 1 0 3 3 0 0 0 0
0.0108383645526697 1 0 1 2 2 3 0 3 3 0 0 0
0.0110192321510913 3 3 3 0 0 0 2 0 2 1 3 0
-0.0110192321510913 3 3 3 0 0 0 1 3 2 2 3 0
-0.0110192321510913 3 0 1 1 0 0 3 3 0 0 0 0
-0.0110192321510913 0 3 2 2 0 0 3 3 0 0 0 0
0.0121448980678170 0 0 0 0 3 3 3 0 3 2 2 3
0.0121448980678170 0 0 0 0 3 3 3 0 3 1 1 0
0.0121448980678170 1 0 1 2 2 3 3 0 3 0 3 3
0.0121448980678170 1 0 1 1 1 0 0 0 0 0 3 3
-0.0128417236906688 0 0 0 0 3 3 1 0 1 1 3 0
-0.0128417236906688 0 3 2 2 0 0 0 0 0 0 3 3
-0.0128417236906688 0 0 0 0 3 3 2 3 1 2 3 0
-0.0128417236906688 3 0 1 1 0 0 0 0 0 0 3 3
0.0132612556867148 1 3 3 0 2 2 3 0 3 0 0 3
0.0132612556867148 0 0 0 0 0 3 1 3 2 0 1 2
-0.0132612556867148 0 0 0 0 0 3 2 0 2 0 1 1
-0.0132612556867148 2 0 0 0 2 1 3 0 3 0 0 3
0.0143192945149258 0 0 0 0 0 1 0 0 0 0 0 0
-0.0143192945149258 0 0 0 0 3 1 3 0 3 0 0 0
0.0143192945149258 0 0 0 0 0 0 0 0 0 0 0 1
-0.0143192945149258 0 0 0 0 0 0 0 0 0 0 3 1
0.0146866602764188 0 0 0 0 0 0 2 0 2 1 3 0
-0.0146866602764188 0 3 2 2 0 0 0 0 0 0 0 0
-0.0146866602764188 3 0 1 1 0 0 0 0 0 0 0 0
-0.0146866602764188 0 0 0 0 0 0 1 3 2 2 3 0
0.0253477299034529 0 0 0 0 0 0 0 0 0 2 2 1
-0.0253477299034529 0 0 0 0 0 0 0 0 0 1 2 2
-0.0253477299034529 1 0 1 1 2 2 3 0 3 0 0 0
0.0253477299034529 1 0 1 2 2 1 3 0 3 0 0 0
-0.0279274945265079 0 0 0 0 3 1 3 0 3 0 0 3
0.0279274945265079 0 0 0 0 0 1 0 0 0 0 0 3
-0.0279274945265079 0 0 0 0 0 3 0 0 0 0 3 1
0.0279274945265079 0 0 0 0 0 3 0 0 0 0 0 1
-0.0309816131014508 1 3 3 0 1 0 1 3 2 0 2 0
-0.0309816131014508 2 0 0 0 2 3 2 3 1 0 2 0
-0.0309816131014508 2 0 0 0 2 3 1 0 1 0 1 3
0.0309816131014508 1 3 3 0 1 0 2 0 2 0 1 3
-0.0316987456326849 1 3 3 0 1 0 0 0 0 0 3 3
0.0316987456326849 0 0 0 0 3 3 1 0 1 0 1 3
0.0316987456326849 0 0 0 0 3 3 2 3 1 0 2 0
-0.0316987456326849 2 0 0 0 2 3 3 0 3 0 3 3
-0.0335513528409951 2 0 0 0 2 3 0 3 3 0 0 0
-0.0335513528409951 1 3 3 0 1 0 3 3 0 0 0 0
-0.0335513528409951 3 3 3 0 0 0 2 0 2 0 1 3
0.0335513528409951 3 3 3 0 0 0 1 3 2 0 2 0
0.0346436571208168 1 0 1 2 2 1 3 0 3 0 0 3
-0.0346436571208168 1 0 1 1 2 2 3 0 3 0 0 3
-0.0346436571208168 0 0 0 0 0 3 0 0 0 1 2 2
0.0346436571208168 0 0 0 0 0 3 0 0 0 2 2 1
0.0526365153024496 0 0 0 3 3 3 3 0 3 0 0 0
0.0526365153024496 0 0 0 0 0 0 0 0 0 3 3 3
0.0537468658225834 3 3 3 3 0 0 0 0 0 0 0 0
0.0537468658225834 0 0 0 0 0 0 3 3 0 3 0 0
0.0559025111976534 0 0 0 3 0 0 0 0 0 0 3 3
0.0559025111976534 0 0 0 0 3 3 3 0 3 3 0 0
0.0601786622970510 0 0 3 0 0 0 0 0 0 0 0 0
0.0601786622970510 0 0 0 0 0 0 0 3 0 3 0 0
0.0601786622970510 0 0 0 0 0 0 0 0 3 0 3 0
0.0601786622970510 0 3 0 3 0 0 0 0 0 0 0 0
0.0603589132031646 0 0 0 3 0 0 3 3 0 0 0 0
0.0603589132031646 3 3 3 0 0 0 0 0 0 3 0 0
0.0616872046793007 0 0 3 3 3 3 3 0 3 0 0 0
0.0616872046793007 0 0 0 0 0 0 0 0 3 3 0 3
0.0616872046793007 0 0 0 0 0 0 0 3 0 0 3 3
0.0616872046793007 0 3 0 0 3 3 3 0 3 0 0 0
0.0621015404428570 3 0 3 0 0 0 0 0 0 0 0 0
0.0621015404428570 3 3 0 3 0 0 0 0 0 0 0 0
0.0621015404428570 0 0 0 0 0 0 3 3 3 3 3 0
0.0621015404428570 0 0 0 0 0 0 3 0 0 0 0 0
0.0655845231545840 0 0 0 0 0 0 0 3 3 3 3 0
0.0655845231545840 0 3 3 3 0 0 0 0 0 0 0 0
0.0670321044334732 0 3 0 0 0 0 3 3 0 0 0 0
0.0670321044334732 0 0 3 3 0 0 3 3 0 0 0 0
0.0670321044334732 3 3 3 0 0 0 0 3 0 0 0 0
0.0670321044334732 3 3 3 0 0 0 0 0 3 3 3 0
0.0675428730966855 0 3 0 0 0 0 0 0 0 0 3 3
0.0675428730966855 0 0 0 0 3 3 3 0 0 3 3 0
0.0675428730966855 0 0 3 3 0 0 0 0 0 0 3 3
0.0675428730966855 0 0 0 0 3 3 3 3 3 0 0 0
0.0698018080330068 0 3 0 0 0 0 0 0 3 3 3 0
0.0698018080330068 0 0 3 3 0 0 0 3 0 0 0 0
0.0704978362023911 0 0 0 3 0 0 0 3 0 0 0 0
0.0704978362023911 0 0 0 3 0 0 0 0 3 3 3 0
0.0704978362023911 0 3 0 0 0 0 0 0 0 3 0 0
0.0704978362023911 0 0 3 3 0 0 0 0 0 3 0 0
0.0782363777898523 0 3 0 0 0 0 0 3 0 0 0 0
0.0782363777898523 0 0 3 3 0 0 0 0 3 3 3 0
0.0824794936867571 3 3 3 0 3 3 3 0 3 0 0 0
0.0824794936867571 0 0 0 0 0 0 3 3 0 0 3 3
0.0844705678692407 0 0 0 3 0 0 0 0 0 3 0 0
0.0882953859984240 0 0 0 0 0 0 3 3 0 0 0 3
0.0882953859984240 3 3 3 0 0 3 0 0 0 0 0 0
0.0883408655199307 0 0 0 0 3 0 3 0 3 0 0 0
0.0883408655199307 0 0 0 0 0 0 0 0 0 0 3 0
0.0904327630147658 0 0 0 0 0 3 3 3 0 0 0 0
0.0904327630147658 3 3 3 0 0 0 0 0 0 0 0 3
0.0916752601304098 0 0 0 0 0 3 0 0 0 0 3 3
0.0916752601304098 0 0 0 0 3 3 3 0 3 0 0 3
0.0934928685527991 0 0 0 0 0 0 0 0 0 3 0 3
0.0934928685527991 0 0 0 3 0 3 0 0 0 0 0 0
0.0966253752715350 0 3 0 0 0 3 0 0 0 0 0 0
0.0966253752715350 0 0 0 0 0 0 0 0 3 3 3 3
0.0966253752715350 0 0 0 0 0 0 0 3 0 0 0 3
0.0966253752715350 0 0 3 3 0 3 0 0 0 0 0 0
0.0989084298101573 0 0 0 0 0 3 0 0 0 3 0 0
0.0989084298101573 0 0 0 3 0 0 0 0 0 0 0 3
0.0990798459606879 0 0 0 0 0 3 0 0 3 3 3 0
0.0990798459606879 0 3 0 0 0 0 0 0 0 0 0 3
0.0990798459606879 0 0 3 3 0 0 0 0 0 0 0 3
0.0990798459606879 0 0 0 0 0 3 0 3 0 0 0 0
0.1134468027491640 3 3 3 0 0 0 3 3 0 0 0 0
0.1134611067882079 0 0 0 0 3 3 0 3 3 0 0 0
0.1134611067882079 3 3 3 0 0 0 0 0 0 0 3 3
-0.1184605390000497 0 0 0 0 0 0 0 0 0 0 3 3
-0.1184605390000498 0 0 0 0 3 3 3 0 3 0 0 0
0.1218277416831092 0 0 0 0 3 3 3 0 3 0 3 3
-0.1980972999020824 0 0 0 3 0 0 0 0 0 0 0 0
-0.1980972999020825 0 0 0 0 0 0 0 0 0 3 0 0
-0.2304682262962336 0 0 0 0 0 0 0 0 3 3 3 0
-0.2304682262962336 0 0 3 3 0 0 0 0 0 0 0 0
-0.2304682262962336 0 0 0 0 0 0 0 3 0 0 0 0
-0.2304682262962338 0 3 0 0 0 0 0 0 0 0 0 0
-0.3850053250190655 3 3 3 0 0 0 0 0 0 0 0 0
-0.3850053250190656 0 0 0 0 0 0 3 3 0 0 0 0
0.4146416717146763 0 0 0 0 0 3 0 0 0 0 0 3
1.0064988767033305 0 0 0 0 0 3 0 0 0 0 0 0
1.0064988767033312 0 0 0 0 0 0 0 0 0 0 0 3
-4.1358671794659356 0 0 0 0 0 0 0 0 0 0 0 0
