(-0.8244177024448512-9.61924061440674e-18j)
9.130142537411637393e-01 -5.632407396264245136e-01 -6.252966732724125620e-01 -7.394568748733186814e-01 -8.922280098349965050e-01 -7.593417621196525413e-01 -8.333911786924369514e-01
-3.057805013500495939e+00 -9.090678824902342914e-01 -4.935661431039369829e-01 -9.026078937768209354e-01 -7.938610280230976590e-01 -8.144398475704559548e-01 -8.101987827233666506e-01
-1.420021637425268879e-01 -1.699113847277569089e+00 -8.315924738271923689e-01 -8.481013046074941109e-01 -7.638197284704177914e-01 -8.606356071951205555e-01 -8.162554556910525116e-01
-8.182092881310453203e-01 -4.616896762707524138e-01 -8.076061583333065119e-01 -1.013893126861081351e+00 -8.950558244074656722e-01 -8.024160080182547450e-01 -8.153420911061527443e-01
-1.135436665867452843e+00 -6.152260757368945843e-01 -8.913510392343115818e-01 -8.138885779798998854e-01 -8.277428738183036927e-01 -7.958854983441389086e-01 -8.264989926051423685e-01
-9.905509946378918684e-01 -6.702003668097575861e-01 -7.325848977638529380e-01 -7.894450500693078743e-01 -7.595614792652076730e-01 -8.320239857566091857e-01 -8.017578254756609901e-01
-1.298056681252766298e+00 -8.795330462401534932e-01 -1.043204802935765230e+00 -1.026885165094906460e+00 -8.121396210283071682e-01 -7.796611085554318032e-01 -8.170668285285138666e-01
-3.863025551827037885e-01 -4.854934735704135029e-01 -1.015195130544894964e+00 -8.077353522359898008e-01 -8.441031051057527046e-01 -7.560834331412059628e-01 -8.019419979144200017e-01
-2.498275859867593596e+00 -1.280074404656747600e+00 -1.029656866473623866e+00 -9.655705419024459557e-01 -8.597883959116687791e-01 -8.666604888829494424e-01 -8.218843223808693921e-01
-7.531693409625016544e-01 -1.091064358266007783e+00 -7.180083169484074990e-01 -8.075290894767702676e-01 -8.305414372778846532e-01 -7.982406024919284082e-01 -8.376871899636401109e-01
-9.671729829634427844e-01 8.671790795619691017e-02 -6.849459449439626590e-01 -9.126930415370395622e-01 -7.548119828613873983e-01 -7.728671098451272981e-01 -8.043436866656517026e-01
1.176098937970103453e+00 -5.080434960766535557e-01 -5.119525164337744849e-01 -7.143924194572834896e-01 -8.536106024038704332e-01 -8.324866067495634292e-01 -8.175633908814098350e-01
6.660877607279211965e-01 -5.806054587654264632e-01 -1.044572500399797654e+00 -9.036755334414195984e-01 -8.401674100608572671e-01 -8.360460422253329638e-01 -8.306792227352658431e-01
7.633840427907387927e-01 -7.742796558113597127e-01 -8.971806297756771409e-01 -9.901271952570511736e-01 -8.194858072998677523e-01 -8.221566685229906302e-01 -8.514221366472012331e-01
-5.571162132809573952e-01 -8.137674732431873226e-01 -1.350933958416940417e+00 -9.138770661925034178e-01 -8.558592885036354625e-01 -8.262484266572285296e-01 -8.577381490322945057e-01
-1.840312234499350996e+00 -1.595817906715047751e+00 -9.305243040876439720e-01 -7.623365022064746421e-01 -7.934987432784811334e-01 -8.435420355258715919e-01 -8.290248259822136090e-01
-1.458961338920530260e-01 -4.355441491449052460e-02 -1.126208705373787256e+00 -8.293265796502707898e-01 -8.873731060913950808e-01 -8.391130735115870376e-01 -8.157586635235830608e-01
4.478837282559753330e-01 -1.283665599264218748e+00 -1.095648671064132440e+00 -5.722509432952160857e-01 -8.183573099103950144e-01 -7.907866485351899843e-01 -8.189669286481560118e-01
8.734941650936468571e-01 -7.831747692203810951e-01 -7.340362122099964859e-01 -9.386580832839473976e-01 -8.583416965119236020e-01 -8.540756691736085537e-01 -8.381159633872735659e-01
-1.893705820493647884e+00 -1.115134169423797061e+00 -1.124537538440484097e+00 -8.424786895341370707e-01 -7.530673784641409574e-01 -7.934817313276493200e-01 -8.565734255756564108e-01
-1.100917631855999002e+00 -2.726626359497658636e-01 -7.341071595667910676e-01 -6.485977056387624007e-01 -7.419495767353858628e-01 -8.004235748630885716e-01 -8.079347535636928201e-01
3.075047426220470781e-01 -1.330099835533001817e+00 -9.746023092559510381e-01 -7.993608865087549198e-01 -8.257787444935178467e-01 -8.203268558538941990e-01 -8.149888312878015295e-01
-1.529179619932328205e+00 -1.259889810544423172e+00 -8.228650617704488246e-01 -7.303805467578209365e-01 -9.412684363935783782e-01 -7.931669534334393479e-01 -8.609872694058334774e-01
-1.145030136785558428e+00 -1.355972281735673635e+00 -6.608532274356315739e-01 -9.294796019484506955e-01 -8.719627697276084444e-01 -8.046829161926032370e-01 -8.032611171275642059e-01
-9.344552720464611717e-01 -1.632242608936595563e+00 -1.047752005634491335e+00 -7.521155244238266757e-01 -8.330571275434101031e-01 -8.127244532587855064e-01 -8.169729426995823163e-01
-1.719396132742811556e+00 -8.271379656951620696e-01 -6.295277810626224158e-01 -8.183885282489061774e-01 -8.862714983982711292e-01 -7.857374349956642856e-01 -8.492886019717063029e-01
-2.729836255185721150e+00 -7.302887739453366445e-01 -9.040565676425410535e-01 -1.027769984976920625e+00 -8.060089127030298783e-01 -7.866121639178177416e-01 -8.109153073875251527e-01
-1.223618806690877525e+00 -7.446996127739383686e-01 -5.974869698321704226e-01 -9.481506362156688628e-01 -8.219476566935117745e-01 -8.257348790169642960e-01 -8.140129458341390789e-01
-1.825090594757885931e+00 -9.727366440549188864e-01 -1.070081154743943275e+00 -7.367702482860903901e-01 -7.671356644269541336e-01 -8.653883523020073909e-01 -8.041031095881280288e-01
-8.883671919946314333e-01 3.197247470328919983e-01 -1.001679416002718259e+00 -8.420943413540125100e-01 -8.510081221427731046e-01 -8.378012026077931163e-01 -8.026610884319175243e-01
-1.733412083768592904e+00 -4.188691723279559520e-01 -1.227861417332462013e+00 -7.143156097832811247e-01 -9.434652726192519490e-01 -8.048517263825631929e-01 -8.223977560893054317e-01
-1.772176521175526709e+00 -1.113124220213194793e+00 -7.200379239965458700e-01 -8.771254770760439357e-01 -8.540494828611441269e-01 -8.348046379741538292e-01 -8.154019997959437438e-01
-1.723553625579505866e+00 -1.363292348464825388e+00 -9.011192625362721698e-01 -8.599165073976480222e-01 -8.206355141283987464e-01 -8.194357034877486345e-01 -8.434637690401864951e-01
-1.654328998362338599e+00 -1.801213820922300257e-01 -5.133177749532872314e-01 -8.189214326731231175e-01 -9.285767838817454711e-01 -8.521235630473205092e-01 -8.150137556999506039e-01
9.053525860817145388e-01 -3.595722170119336480e-01 -8.305179151038942775e-01 -6.135466891777259235e-01 -8.466111516013741234e-01 -8.016331832655207990e-01 -8.028804600506532774e-01
-7.133341192062843117e-01 -4.355793219807356786e-01 -8.337631060029945251e-01 -9.288575502565963316e-01 -9.247333775459488647e-01 -8.295289657593034605e-01 -8.281887359250221792e-01
-5.020896533861074484e-01 -4.855673387850782952e-01 -8.753824264283592838e-01 -9.625517627881465810e-01 -8.142639884300711950e-01 -8.103353537489240699e-01 -8.263404555293798470e-01
-1.111614485334643687e+00 -1.364447676561949763e+00 -4.556760401839325958e-01 -1.015815826606274452e+00 -8.611064175512663788e-01 -7.714090932381664212e-01 -8.061038653502407003e-01
-2.096279754917202975e+00 -1.287100431261265943e+00 -7.835702384708310708e-01 -5.940633572667267659e-01 -9.395315161490318534e-01 -7.989974109550044279e-01 -8.134052267975078188e-01
4.241145971083590260e-02 -1.090924079013462222e+00 -7.956280361719835215e-01 -7.979747310923693826e-01 -7.890998201994408046e-01 -8.151978601838179017e-01 -8.250032317455784359e-01
-2.487120833956962151e+00 -7.234201560130824049e-01 -9.002914020208803159e-01 -7.658058379077994360e-01 -8.342998901025177050e-01 -8.382601954369163222e-01 -8.015232195454724540e-01
-1.057721654041783532e+00 -1.647785893738014096e+00 -9.664754334343788056e-01 -9.860813439567183147e-01 -8.234471565883412225e-01 -8.405276727919083202e-01 -8.117654809595628018e-01
-8.451003063520784453e-01 -9.636008812327355733e-01 -9.369265518074791910e-01 -7.021801222827969147e-01 -7.445418002217623066e-01 -8.446769041131495515e-01 -8.269582730695024253e-01
4.236109325328664132e-01 -7.916138434009949432e-01 -4.660653106836312176e-01 -7.716637254133356105e-01 -7.443013534744943316e-01 -8.796929706352039080e-01 -8.239227478274060434e-01
-6.857756473592179214e-01 -9.065339488409415170e-01 -9.977887917198692280e-01 -8.164386538687379291e-01 -8.696283647893958690e-01 -8.556619035541582763e-01 -8.254432890529591615e-01
-8.404805134833509550e-01 -1.268978537746362489e+00 -1.078910268882217416e+00 -4.938326120348571768e-01 -9.250640425407566925e-01 -8.401953556534501599e-01 -8.626479353738337741e-01
-2.381114123148196704e+00 -5.651041599223812772e-01 -1.015744422863875895e+00 -7.225787913471449775e-01 -8.767502286789838895e-01 -8.261244900645102751e-01 -8.458306560524285755e-01
-1.698861391389643316e+00 -7.111064908828320652e-01 -3.025378991000710061e-01 -9.243401416457026620e-01 -7.698223512815652869e-01 -8.383252123234942177e-01 -8.162236663649676816e-01
-3.570121572641062335e-01 -2.796936368135125583e-01 -8.385399592582134520e-01 -6.510971120896421604e-01 -8.843177822767366303e-01 -8.111421926925430625e-01 -8.444376052267930088e-01
1.941689823272487458e-01 -8.124121116058474756e-01 -1.129483015841569182e+00 -8.015613531246958967e-01 -7.204634150057155351e-01 -8.230040929513096071e-01 -8.382297771116616891e-01
