(-0.8244177024448512-9.61924061440674e-18j)
-4.329063886691902896e-01 -2.009073425955153480e-01 -5.945290436530015210e-01 -6.799328661296689669e-01 -7.298503649200274168e-01 -7.473552005394968889e-01 -7.662846729572191373e-01
-4.666223778222945429e-01 -1.308724977420998359e+00 -9.653149720263318745e-01 -9.117739483709703663e-01 -9.109697692444217454e-01 -8.531842268620964953e-01 -8.209649038256383591e-01
5.090508511521103507e-01 -6.649947891084885265e-01 -6.090006684803787040e-01 -9.827629339666823505e-01 -8.969242037868115913e-01 -8.885880875502527587e-01 -8.428755598258566017e-01
-1.288732403106745084e+00 -1.186903539020145670e+00 -1.102516988253197772e+00 -9.276302665819915472e-01 -7.854886158593563650e-01 -7.394737845336771809e-01 -8.145140685696757865e-01
-1.032187002203047710e+00 -7.279249878057998391e-01 -4.040292224605487870e-01 -7.096120448829491556e-01 -8.379134506778127545e-01 -7.967119651541033631e-01 -8.178920254967696479e-01
-7.160734467025047234e-01 -6.024877075685594052e-01 -7.667412489517442253e-01 -7.963741788603005967e-01 -7.934718643765059642e-01 -7.814283381637495696e-01 -8.216469442281677527e-01
-1.258970302053145307e+00 -1.298987025600922163e+00 -6.073603021508848787e-01 -5.715912858619888182e-01 -7.809223791410996318e-01 -8.378301411788451336e-01 -8.438553332741621782e-01
-6.202631838082617310e-01 -1.192698396857992504e+00 -6.803988702210703732e-01 -9.556250308092738566e-01 -7.970735261819867912e-01 -7.574171988495370655e-01 -7.861095789901890729e-01
-8.072507001055742037e-01 -7.829758113053051360e-01 -8.315425248711706407e-01 -9.597411256716847916e-01 -8.728884557312281967e-01 -8.480161831321505472e-01 -8.376736925046135429e-01
-1.509000363419980228e+00 -4.436052091486811788e-01 -6.821504534917763873e-01 -7.628519880860842317e-01 -7.615302199704564456e-01 -8.551331236748258569e-01 -8.467886820876843190e-01
-4.194152808760158724e-01 -2.670358810684810291e-01 -9.009297784206810045e-01 -1.032815511180244172e+00 -8.480143147463614639e-01 -8.461534507140576755e-01 -8.199331242163701017e-01
-1.361344094331675469e+00 -1.195406211564503218e+00 -8.359155348524720530e-01 -7.921424370763598954e-01 -7.687613124391573516e-01 -7.926212075187683004e-01 -8.150017671908857952e-01
-9.717923492195060797e-01 -5.123311432418276024e-02 -6.981812469245405328e-01 -8.543071164414304253e-01 -7.891814160560665092e-01 -8.334949562262342626e-01 -8.512345983384654868e-01
-5.789546249456604121e-01 -7.437360626278743947e-01 -7.928791257804679304e-01 -7.899342489525478239e-01 -8.061141848795402298e-01 -8.311737514054444720e-01 -8.276849731995261639e-01
-1.405578318816360195e+00 -1.496389832751010562e+00 -1.064705793062511230e+00 -8.722796705514030968e-01 -9.009780562023022021e-01 -8.257691647512439559e-01 -8.119798525120126564e-01
-2.222797606019928374e+00 -2.420396486206039643e+00 -1.238590931595134448e+00 -1.002585999879757050e+00 -7.701652170908580564e-01 -8.294485270328997295e-01 -8.440206169777167977e-01
6.415039148170395555e-02 -7.373762375196843966e-01 -7.664909950140751382e-01 -6.487278295167338005e-01 -7.435553337258267170e-01 -7.630112662726485917e-01 -8.189355020380004735e-01
5.506489389042120708e-01 -4.464125250393636835e-01 -5.210956589631444702e-01 -7.420726574952771770e-01 -8.425705648400508840e-01 -8.704006080251424082e-01 -8.218009791616820436e-01
-1.015559817797828002e+00 -9.486352208232654570e-01 -1.021200898694282433e+00 -8.405211908358304340e-01 -8.151940089298053138e-01 -7.622935084494344427e-01 -7.918684715285885245e-01
-8.693331193482201069e-02 -2.500547145460736420e-01 -5.163660851558145026e-01 -7.894073778651291562e-01 -6.955275101607005794e-01 -8.089686006573713062e-01 -8.162703545233349622e-01
-1.327641250885536639e+00 -1.029140480645408973e+00 -1.103917750923266272e+00 -9.739653272793853400e-01 -8.458009363869631869e-01 -8.516117598354820961e-01 -8.281894014908853796e-01
-1.485297555354666788e+00 -9.491171817332584304e-01 -7.010878589501785552e-01 -6.682641563628407555e-01 -8.031161302852246608e-01 -8.405401036718106456e-01 -8.183317400510783379e-01
-1.258679493651997383e+00 -7.297466770628293631e-01 -1.100691691669560379e+00 -8.648337838232096342e-01 -7.868050627680478470e-01 -8.028090224958707166e-01 -8.022290561076390603e-01
-7.239336869471159064e-01 -7.726182563713737128e-01 -7.766578847741619773e-01 -6.208757878153210452e-01 -7.474268147383653638e-01 -8.038561140391974336e-01 -8.373907774055922015e-01
-2.000396552825409180e-01 -4.297699474673254416e-01 -4.369985181388513773e-01 -7.772559810437393857e-01 -9.127195910682522895e-01 -8.892945041499590308e-01 -8.518286315353856830e-01
-3.830218208880353803e-02 -9.506866213579230340e-01 -9.506280412055773121e-01 -8.078605731502158660e-01 -7.966111501566405240e-01 -8.297165511949591288e-01 -8.223377949848176272e-01
-9.887859202488964439e-01 -1.179433952895746485e+00 -1.245981561832474993e+00 -9.479361410805581256e-01 -8.573443310074327917e-01 -8.017587920342544860e-01 -8.033278361711804205e-01
-3.274463646047559573e-01 -1.165020920073969624e+00 -7.452273314371513635e-01 -7.634829830668131700e-01 -7.195123930615670016e-01 -8.380087420857355029e-01 -8.203339548769409406e-01
-6.982458180546303739e-01 -2.007900588364844863e-01 -5.390874291979121935e-01 -8.055385419682962178e-01 -7.234488938184906459e-01 -7.825973583220453555e-01 -8.373949222104489776e-01
-7.897915178112349666e-02 -3.376237510110344786e-01 -7.049977510707567951e-01 -7.718152654097053533e-01 -8.016836569218900310e-01 -8.500946855410775882e-01 -8.419411678205453997e-01
-2.754797515761979732e-01 -5.128833650027945223e-01 -7.780349223146408866e-01 -5.675663263143229109e-01 -6.919576838605048241e-01 -7.906443799567788311e-01 -8.225744026017730581e-01
-3.257937904311081212e-01 -7.359675375855365687e-01 -7.887794643998269351e-01 -8.211260706702091516e-01 -8.942940431228606490e-01 -8.296945503333279515e-01 -8.429831552911393189e-01
9.234812890167179988e-01 -8.592718688324690879e-01 -7.757415658615904874e-01 -8.383621809191038610e-01 -7.894398097403209080e-01 -8.373647162500593710e-01 -8.138680403679237063e-01
-9.392147526551118952e-01 -1.244899262375791960e+00 -7.295585783805985658e-01 -8.343879251200431169e-01 -8.573719677757716262e-01 -8.038226493160247621e-01 -8.002017450157120626e-01
-4.229918892908651751e-02 -2.223103087566733471e-01 -8.053006224484948739e-01 -8.816102431111172422e-01 -8.562538075397652104e-01 -8.015440995794067547e-01 -8.108493686874351791e-01
6.918919136513898005e-01 -9.225821916369624232e-01 -6.443908557204334198e-01 -7.594517009479521130e-01 -8.177173932789558730e-01 -8.603092061680366331e-01 -8.278503397518647278e-01
-1.294426070446343502e+00 -5.786616708680036858e-01 -9.403675832006928026e-01 -8.031516624608425747e-01 -7.152382482937347241e-01 -7.521550447015573626e-01 -7.853192315204267082e-01
6.556922713839599126e-01 -8.749284664144664214e-01 -8.100237935827347968e-01 -8.828194097105898086e-01 -7.088273307114240085e-01 -7.606858777974901953e-01 -8.121397901961545651e-01
-8.396330545893914143e-01 -1.042853190227536420e+00 -6.312182034667543906e-01 -8.186949670933152401e-01 -8.054368813571128882e-01 -7.990890042288816275e-01 -7.999241184183121245e-01
3.930121274617638383e-01 -1.490033094468504737e-01 -6.654171020690219374e-01 -7.050235949149828985e-01 -8.357605941784780335e-01 -8.158538141128857113e-01 -8.143797851124033871e-01
8.133345551931771000e-01 -2.970856115541373743e-01 -6.266155681894679530e-01 -8.004973727392480365e-01 -8.353415855600466733e-01 -8.011346962622452050e-01 -8.428286076231336077e-01
-9.864312792328204793e-01 -5.756426710115298828e-01 -2.892873476192846516e-01 -6.954935420810491875e-01 -7.459503607335481457e-01 -8.054056864399983251e-01 -8.269759456106021700e-01
-1.776753420047154641e-01 -4.319896139995565432e-01 -5.295127524940848041e-01 -8.108229270940972011e-01 -8.379650322424498921e-01 -8.230360838890420361e-01 -7.949634272164078919e-01
-1.217686331416712342e+00 -1.150249263631163643e+00 -7.454170830163060479e-01 -8.761760554217197239e-01 -7.692511757601482314e-01 -7.993278273606039264e-01 -8.374710401444600549e-01
4.639726435097394353e-01 -2.538787916148677049e-01 -6.918425458365816683e-01 -7.870991252942501903e-01 -8.002574086233541495e-01 -8.155391132102510765e-01 -8.003853733601723475e-01
-7.447959289911304515e-01 -6.643215744314081572e-01 -7.907273647250152582e-01 -6.872625995785264230e-01 -6.895554422461952493e-01 -8.380407098286640766e-01 -8.225693903458046741e-01
3.384934381678689208e-01 -1.072145422600276232e+00 -1.422853974794156207e+00 -9.728471310956854357e-01 -8.818625974261038447e-01 -8.614049115157990100e-01 -8.409614359534728356e-01
-1.480524183142467365e+00 -4.111692404681603907e-01 -4.694390577562047584e-01 -7.736603150603861279e-01 -8.378452522362037636e-01 -8.396613712620312198e-01 -8.182122865854902782e-01
-5.269669843920431473e-01 -3.058402705686330547e-01 -7.376323471836896406e-01 -8.243685774352755846e-01 -8.504647149006206996e-01 -8.654690484603774214e-01 -8.438957496988288565e-01
-1.541697392964923807e+00 -8.295693679466086268e-01 -7.190775282382817490e-01 -8.896307477972367206e-01 -8.205404341503450549e-01 -8.428831235679213885e-01 -8.521197563162531408e-01
