(-1.1963990743203268+0j)
7.185481171800272016e-01 -1.046604633886627722e+00 -1.196427888762232161e+00 -1.057923919159398096e+00 -1.238744111079292498e+00 -1.240384725833923341e+00 -1.193705937896784253e+00
-9.915847410683642504e-02 -1.961626002705412652e+00 -1.829547705804169588e+00 -1.121563724346729130e+00 -1.316163697616929529e+00 -1.256982336109971232e+00 -1.207103348218037997e+00
-5.957698513080619263e-01 -1.714316596264567227e+00 -9.908223937087814459e-01 -1.157715462405783047e+00 -1.176734465850928224e+00 -1.194481997064179346e+00 -1.212344730505647616e+00
-5.301027693126065810e-01 -5.245520374141590114e-01 -1.333293126659373939e+00 -1.028985605388504254e+00 -1.139494193431196623e+00 -1.226157171083217756e+00 -1.197731127796986428e+00
-7.957550260357930672e-01 -1.294363211977773487e+00 -1.344253597365016040e+00 -1.222089215613929802e+00 -1.241751944546308328e+00 -1.191590007317099298e+00 -1.186054247582069898e+00
-1.258750878926782057e+00 -1.045145847933708350e+00 -1.301747390610284549e+00 -1.284374309046418805e+00 -1.417632736628084977e+00 -1.171869377380389654e+00 -1.166270287391452110e+00
-1.246662713350419338e+00 -2.022506932586943584e+00 -1.297973086907424634e+00 -1.459543350200297240e+00 -1.298103898669558554e+00 -1.165353851045348055e+00 -1.226275556204614592e+00
-1.686431002144980873e+00 -1.627110005859111475e+00 -1.163725336357776419e+00 -9.976579762566578635e-01 -1.093872262370726878e+00 -1.206356038642039108e+00 -1.227307992690838123e+00
-1.162431998318932957e-01 6.061732344604777722e-01 -1.575218258112560221e+00 -1.014022020573252192e+00 -1.134021186714157414e+00 -1.259875566360685095e+00 -1.199064767848514901e+00
-1.315178291165498781e+00 -1.657368771590390644e+00 -1.274228680677137682e+00 -1.163912301818873951e+00 -1.287117323520807988e+00 -1.149877376728717593e+00 -1.152392549215768280e+00
1.666086280243404827e-02 -1.678950283800201726e+00 -1.089077872273527703e+00 -1.360520865402265578e+00 -1.101267145170846007e+00 -1.116043068014921591e+00 -1.176249099698549516e+00
-5.305203481624867212e-01 -8.908411400007643088e-01 -1.221826830841991729e+00 -1.298945830051773109e+00 -1.145151371154573328e+00 -1.187291772667584677e+00 -1.198009850532050891e+00
-1.636051863245835403e+00 -3.275064166930263809e-01 -9.382197353827659292e-01 -1.135499049297643115e+00 -1.201801783083489061e+00 -1.186658053066486307e+00 -1.204103650984437834e+00
-1.632737740726689424e+00 -1.721317478039956494e+00 -1.211118928540740214e+00 -1.491855171210253017e+00 -1.252255303559612898e+00 -1.267627200798200127e+00 -1.221105251760454369e+00
-3.958814683862443284e-01 -1.909993415826186425e+00 -1.040225615247293511e+00 -9.684298800101323046e-01 -1.233074368894662154e+00 -1.249181492393814263e+00 -1.188220347321305770e+00
-1.999591491476094829e+00 -1.619906148671186763e+00 -1.620084258727492621e+00 -1.115437426025250200e+00 -1.218772295374264569e+00 -1.232064048945326284e+00 -1.147529629349367086e+00
-9.519286506821633687e-01 -2.419717012575988146e+00 -1.019132908102112989e+00 -1.122309195308427654e+00 -1.146320734200851010e+00 -1.176755731550739759e+00 -1.147351616731143942e+00
-4.197716818006277939e-01 -2.412772585527778624e+00 -1.030302686287158709e+00 -1.212746417103307994e+00 -1.127551024486627140e+00 -1.225704604086858218e+00 -1.220587100514933798e+00
3.880790689322621834e-02 -2.354961722566645488e+00 -1.120803533600983615e+00 -8.840390580318913116e-01 -1.062082260593429694e+00 -1.157666180599555616e+00 -1.159614467090511969e+00
-4.428501710113567635e-01 -1.358681798725302592e+00 -1.233273404922142991e+00 -1.292382927757098621e+00 -1.147730930151052098e+00 -1.298420064156774467e+00 -1.219998225840942752e+00
-1.063658493308607955e-01 -2.238052312873786587e+00 -8.726237632607218853e-01 -9.300748243888747879e-01 -1.041282077298911757e+00 -1.272844722922846561e+00 -1.198824188676215652e+00
-9.723245377977555171e-01 -1.662763316120185131e+00 -1.013604368981731119e+00 -1.188130849971822167e+00 -1.050660466658096093e+00 -1.183945313407431588e+00 -1.256639844823086438e+00
-1.135909746045799862e+00 -1.676283739369276660e+00 -1.007105320964610362e+00 -1.306094432074695666e+00 -1.199965050695524171e+00 -1.182154102985172317e+00 -1.199678100943250225e+00
4.291547014147241157e-01 -1.259099734363709588e+00 -7.354452076710167319e-01 -9.277137987241533823e-01 -1.291962785509348288e+00 -1.235580276895358320e+00 -1.168425615834879361e+00
-1.006732767094160819e+00 -2.432790706150804727e-01 -1.088979474128281222e+00 -1.095847644747977689e+00 -1.229124276330012755e+00 -1.189271066595708692e+00 -1.174812951955893636e+00
-1.206821644786663761e+00 -2.099618740397614758e+00 -1.128111913709341829e+00 -1.093985955486109996e+00 -1.066676003737065948e+00 -1.244458647442734378e+00 -1.221066035191287202e+00
-6.626789671377576463e-01 -1.452313824066470804e+00 -1.174583412368892965e+00 -1.376158089318927136e+00 -1.146978194167462828e+00 -1.182279509064572132e+00 -1.177721342888325085e+00
-4.900412262331214075e-01 -1.150537915912200893e+00 -9.036172237643378402e-01 -1.039380065822210319e+00 -1.210364712880309668e+00 -1.171849099609530098e+00 -1.249719334524246772e+00
-1.945174482306041952e+00 -1.478720574372789365e+00 -1.178605563999066241e+00 -1.118837533163124398e+00 -1.146228639925425785e+00 -1.268407797383748203e+00 -1.243464570856099627e+00
-1.832274074489584237e+00 -5.900824164925903004e-01 -1.819372283555258818e+00 -1.297998674300909983e+00 -1.222557096801152543e+00 -1.144869751576569117e+00 -1.163501817739559963e+00
-1.694767902013697203e+00 -1.049060281964570684e+00 -1.073306709011165649e+00 -1.105704638024241682e+00 -1.191444716103996493e+00 -1.099128440467362466e+00 -1.143342752358872172e+00
-1.746498656882172096e+00 -1.633254266518155084e+00 -7.820036357455337761e-01 -1.364684036956351321e+00 -1.260452393803649596e+00 -1.197639800469083582e+00 -1.195122724650512058e+00
-1.596740887092814143e+00 -1.897815866085830416e+00 -1.520118595897734792e+00 -1.355094340367308359e+00 -1.115691583222405248e+00 -1.243071632524946679e+00 -1.173629413231096708e+00
7.296975474543709872e-01 -1.230332648526538897e+00 -1.478126601825300757e+00 -1.198383951890372501e+00 -1.180769301942909077e+00 -1.159262925222415364e+00 -1.175842552715750111e+00
-6.407664966735133749e-01 -6.511693192760579230e-01 -1.479416204884477004e+00 -1.220107732948254142e+00 -1.142701318791678577e+00 -1.242655832518990255e+00 -1.198265380489576870e+00
-1.783080157899754603e+00 -2.005481530728562056e+00 -5.309902535585574457e-01 -1.211896134754641530e+00 -1.242055975341882057e+00 -1.208137366925640332e+00 -1.189457580768431111e+00
-1.549981347025589873e+00 -1.393204900986095396e+00 -1.527930702840244681e+00 -1.391357710891270694e+00 -1.237635410243667522e+00 -1.253196310446524686e+00 -1.200249671920264660e+00
-2.517968155880197845e+00 -1.447254656711038923e+00 -1.244375446820998654e+00 -1.206145415184642022e+00 -1.216265587675439797e+00 -1.217939606736126557e+00 -1.239417923038482527e+00
-4.911225356735614556e-01 -7.610082571790339756e-01 -1.334272406153125257e+00 -1.315983350498318494e+00 -1.190673033872420961e+00 -1.160625553103700192e+00 -1.211686104325579771e+00
-9.371039957032125667e-01 -1.833696043287201372e+00 -1.615912937248647374e+00 -1.233137342077830212e+00 -1.215842999954417358e+00 -1.198484216224918519e+00 -1.199761559791776566e+00
-1.996037929324776972e+00 -5.403757530282395916e-01 -1.040678724390389220e+00 -1.194803571601463998e+00 -1.262186860593065063e+00 -1.208940564105102311e+00 -1.207372321901578172e+00
-1.563024448955883328e+00 -1.252827802620481545e+00 -9.939668127225536054e-01 -1.052889006991193810e+00 -1.126698446332030645e+00 -1.200462562840724168e+00 -1.193108163791714027e+00
-9.373838156023135415e-01 -1.010876632655592910e+00 -1.276503772872332743e+00 -1.217224936093457277e+00 -1.258696130314290063e+00 -1.234224392355722788e+00 -1.203603448522711172e+00
-8.235430361475980510e-01 -3.884918592425535833e-01 -1.334148424726115056e+00 -1.000368875537124502e+00 -1.233169303505623704e+00 -1.137890709831796965e+00 -1.188366051780667121e+00
-3.340932742741461459e-01 -5.599894964970235645e-01 -1.364491797856002719e+00 -8.559285903646169924e-01 -1.143309459443806242e+00 -1.188614114564842783e+00 -1.188437924261738221e+00
-2.486355228547294516e+00 -9.043089898780416469e-01 -1.432269654588351315e+00 -7.592788935794957395e-01 -1.061537097749766456e+00 -1.162590234545205714e+00 -1.196760030072299807e+00
-2.070957776250173410e+00 -8.081239019450862093e-01 -9.473961190077377914e-01 -8.807961790837779414e-01 -1.280017281424324915e+00 -1.187569000293560606e+00 -1.224841462366523359e+00
-3.529993893516614190e-01 -1.701354062404672352e+00 -1.911311140942561160e+00 -1.231022437119919433e+00 -1.149263516053816492e+00 -1.181652681860194676e+00 -1.190139414394134842e+00
-6.972079613002888365e-01 -5.445674278201493301e-01 -1.179185473039038090e+00 -1.460905028013048890e+00 -1.221481619802796015e+00 -1.246922352974234371e+00 -1.180326169685174342e+00
-1.430349626840498267e+00 -3.599660202399332376e-01 -1.147508810421029146e+00 -1.252901152741229929e+00 -1.218866497999815168e+00 -1.271806216529233424e+00 -1.190389939932809948e+00
