(-0.029410543910921724+0j)
3.031640160537643625e-01 -1.047900091157659974e-01 -5.498435273945079249e-01 -1.190853019081877129e+00 -2.478857421353616031e-01 -1.056275822335090708e-01 9.620783546049394008e-03
8.390575487890658546e-02 3.390520853374686672e-01 1.943022378777465586e-01 -7.192585711311752505e-02 -2.181816593184579822e-01 -2.411372798001448770e-02 -3.366396507111434067e-02
-2.431535375275340749e-01 2.354960985920923344e-01 4.477999638149450234e-01 -3.161445914440300653e-01 1.246321389339558744e-01 -1.524987841829963664e-01 -5.426244621807327362e-02
5.383852034144946952e-01 -5.544536695816810745e-01 -8.914176401765031010e-02 -1.226686158585177655e-01 2.340747566460358031e-01 -2.175531800702162899e-02 -3.935344829193154759e-02
-2.763620577509425802e-01 1.236486827207245176e-01 3.822690336458224314e-01 1.152904334023854560e-01 2.513876080706375360e-01 -8.075905494315666067e-04 9.670276569309269044e-02
4.460275975981666807e-01 2.357832827729214598e-01 -7.428370737290905801e-01 2.858065159201760297e-01 1.911535100747942528e-01 9.105469030834317801e-02 3.190351747321718001e-02
2.579095901882617614e-01 1.211115796591107463e+00 4.411408653215237452e-02 -1.932670132805255070e-01 -8.330334804920794256e-02 -3.013724395765590702e-02 -1.488279429324299019e-02
-2.531847750126797747e-01 -1.017172375599556089e+00 2.167848280613786371e-01 8.246984871439586029e-03 -1.036537822677723042e-01 2.569770613008809379e-02 -3.940481512124865970e-02
-1.756220130449867856e-01 1.989543594883395605e-01 6.842173594278793125e-01 3.355597032843559147e-01 -1.764158877999325303e-01 -1.349474111527892983e-02 -5.052838609953222426e-02
-1.487233173156423671e-01 -4.009652485160830615e-01 -3.372605414335994034e-01 2.081854787171813215e-01 1.567212622015153878e-01 -2.968024916438746774e-02 -8.580986516688382526e-02
4.060341916663608997e-01 -4.515524322762623499e-02 -1.223529555904468769e+00 -2.247775465166609588e-01 3.418470090020490071e-01 -1.710480033795915289e-01 -7.666523453952647782e-02
2.437847851478079364e-01 4.831482818853527483e-01 1.788846436414029406e-02 -2.186620519337641733e-01 -2.676315328778541280e-01 -2.629415212096783416e-02 2.228726831967724198e-02
-1.659021713507212725e-01 -4.792017667978253348e-01 4.136515709219200643e-01 -4.520817713503714197e-01 -1.240484032039618212e-01 -1.279190818191408008e-01 -3.409247002561413553e-02
1.584410875118929252e-01 -1.703969118823333295e-01 -3.116437816476531619e-01 -3.890327030176377043e-02 5.375574800480328874e-03 -2.312657432186038253e-02 -9.915362984461098539e-02
-9.870063234209641712e-02 9.097950223614368337e-01 -7.875983322102769746e-01 -3.743288535730638911e-01 -1.808283457586531140e-01 -3.636713702405780513e-02 -5.628628345612904371e-02
-3.815088090287596656e-02 4.103503888173745118e-01 -3.950814061067531302e-01 3.698009989389555718e-01 -1.021946662993394317e-01 -6.274676340263865559e-02 -7.795604572358216799e-02
2.920747828229049992e-01 9.679473237537076225e-01 1.090908589271042672e-01 -1.055787169196452380e-02 -2.672728485523312436e-01 -4.448956550872215643e-02 -6.941266004355528541e-02
4.499569902191350446e-01 1.852522746950267529e-01 8.556665677345749454e-01 1.720525459532647461e-01 1.848894821470770944e-01 1.009993294956467030e-01 -5.267283657113452922e-02
-8.593441905560619820e-02 -6.756826656456839109e-01 4.124268579488233888e-01 5.310739129810462811e-02 7.999258643623856357e-02 1.250654796961495618e-01 -5.034340202506934481e-02
-1.435452161711067709e-02 2.620812729486350356e-01 -7.262836635636217286e-01 -6.844288182792146458e-01 -1.386703819230720447e-01 -9.244608175990157162e-02 -8.416918597024072857e-02
-6.914969161923312235e-02 -5.956310907496517038e-01 -8.995413166332562049e-01 5.305353333921932757e-01 -1.002352982577475460e-01 9.183281760837794239e-02 -5.924146354380419033e-02
-2.959858632131626699e-01 8.106012861066576036e-01 1.246266637961281010e+00 -3.108266408155482274e-01 -4.773053617715598829e-02 -4.242058097519144089e-02 -6.621535429321945276e-02
-2.977297487871091719e-02 -9.740970408348554876e-01 -3.253246048459402795e-01 -1.762573351263763966e-01 -1.199495553771310341e-01 -4.237070859801160549e-02 4.615440376473398110e-02
-4.410765975784116666e-01 -5.839285674615638522e-01 3.808679831343976530e-02 -4.144186901675357415e-01 5.975163874061209524e-02 -1.050513307483306458e-01 -2.226128525172166306e-02
-1.701827495487216735e-02 1.088931808849362970e-01 9.284043393697379853e-01 9.623010444906343608e-02 7.519038584829068617e-02 -3.500553029399995630e-02 -5.449977529790450692e-02
4.252112196543031408e-02 -2.117213749941736223e-01 3.162817618136686271e-01 1.247557932119096324e-02 3.774673350664717320e-02 1.214917730512666411e-01 -3.916783775500122522e-02
-7.573020033085886560e-02 5.413126450727391292e-01 -5.323652849269899789e-01 2.124730633068868391e-01 -1.603502675797626731e-01 4.408809778084316067e-02 -4.474773554420578836e-02
2.644032590509413083e-01 -4.633213433625551492e-01 5.143056123514223588e-01 1.030973361896754259e-01 1.303393859993977055e-01 7.528501865803181869e-02 -8.556491901195792393e-02
-1.017544707642969726e-01 6.460794237980582722e-01 -3.322117617043029991e-01 7.311962860523588681e-01 -3.740586168149935276e-01 7.964993209310694544e-02 2.425315659830992732e-03
6.142804076615997477e-01 2.164837700147757837e-01 -2.450069781670055902e-01 3.226549915007215219e-01 4.665773276135912195e-02 1.433128441932588482e-01 -1.890495013676288250e-02
-1.707709010149131013e-01 8.038165488085122767e-01 7.380849143129413203e-01 3.146587143367626793e-01 4.310259548149378284e-02 -1.984127694107602757e-01 -4.793238120182650996e-02
-2.955683281606495960e-01 1.562242696425731048e-01 -2.624297385669617233e-01 9.057702804533634966e-02 3.037026064087983146e-01 -5.423192916230254457e-02 -1.577993181008480184e-02
1.088925153603009122e+00 2.643384068652535612e-01 -2.697492792979097609e-02 -3.736671595196722206e-01 -3.327055668527379995e-01 2.061538935283729890e-02 -2.561752262431013505e-02
-4.277678259958775930e-01 -4.836305523589152777e-01 -9.864363630740162758e-01 8.324017762792144115e-01 -1.462088547106580039e-01 3.562366918025994256e-02 -6.483223052655090468e-02
-3.135522563879429569e-02 3.612483874604096590e-01 2.284201680596819883e-01 1.717995072081553443e-01 -5.508204951895567802e-02 -9.182123045358323021e-02 -7.408471612161182662e-03
1.655850274161086988e-01 1.423864631265794323e-01 -1.185166521206321155e-01 1.936513540819215229e-02 8.129038599356329386e-02 -1.025161347241913268e-01 6.889917545600499071e-02
1.358719680398051688e-02 2.029754313283643197e-01 6.780868648939844534e-02 -1.332379200228645810e-01 -6.107843879566249301e-02 4.085443100095394187e-02 4.156853339327998276e-03
-3.632997135327126204e-01 3.485189856826533816e-01 1.497017928703942014e-02 -5.671941706401074645e-01 -2.338890051211642285e-03 -1.336076000144847120e-01 -6.356470468245722927e-03
-1.075865563816926496e-01 1.167479694009584401e+00 -7.055243567368081337e-01 -4.595717514376020940e-01 2.648652638375056934e-02 -4.875972179452620070e-02 7.104592771724593803e-03
-2.836701706466043804e-01 1.498628518327795034e-01 4.564576186565638682e-03 8.475889958810907399e-02 -1.412116624405365395e-01 -2.370226191965132956e-02 2.215973280540341206e-02
5.670575743669009627e-01 7.248653497570339832e-01 -5.851120015490962611e-01 -7.492060032189068464e-02 -2.970308461841988934e-02 1.064281590477737238e-01 -1.076269833962874289e-02
-2.193518830490931160e-01 -1.192858164201708038e-01 -8.479561361612981685e-01 -5.520806752290582375e-01 -2.154207250826462861e-01 -1.537827836625464129e-01 3.045716358504793608e-02
-3.623643834199545832e-01 -1.544117010308743376e+00 -6.667845379776708992e-01 3.836399791215372446e-01 1.768006846572331425e-02 1.122605635333543961e-01 -8.518208054270251517e-02
1.054467762681133847e-01 6.300822061820157138e-01 3.412203648336233908e-01 6.448806678267255954e-01 2.381741053303448874e-02 -1.171110154232893330e-02 -6.542401881829770782e-02
1.562868428033971080e-01 -8.964548097173000163e-02 1.377198860196764685e-01 -2.601079871372802277e-01 2.011883405188740204e-01 1.366603634281973734e-02 -1.540640001071988396e-01
3.231390554781740643e-02 -6.049527818182134364e-01 5.612826329875332254e-01 -6.077784954962264230e-01 1.911348465673784469e-03 -1.196327084190351164e-01 1.021077080095694756e-02
8.336532403465217733e-01 -2.638146590494119259e-01 -9.829154477483028618e-01 2.190706088229513460e-01 -2.020139242032445714e-01 9.811555584871928248e-02 1.116499700378716098e-02
4.653271174297290980e-01 -4.820326686258873394e-01 1.718703809723373110e-01 6.385890214926187580e-01 5.174088503596219191e-02 -1.578872512625923152e-01 -1.117215109873608003e-01
9.938857732451286675e-02 5.380456079099549260e-01 3.933698552312783203e-01 -3.814241653788124076e-01 -1.046314422529014410e-01 -2.570293366659397449e-01 -5.642198915243309965e-02
6.600511383670532028e-02 3.250552453062426350e-01 5.001424086135752844e-01 -7.066548839890857137e-03 6.669194723971602623e-02 -4.590466617820690431e-02 -3.403456980728997161e-03
