(-0.029410543910921724+0j)
-8.437474048599178378e-01 -6.029998346788358887e-01 1.122923893256611017e-02 -1.273466614701378175e-02 4.479841844550161434e-02 -4.958102321900778597e-02 -4.510111787990828125e-02
2.644807465816390035e-01 -3.499152471778425033e-01 -6.357530052742343951e-01 -7.586512123192093449e-02 -7.429181118710828646e-02 -1.054113606750023413e-02 -1.354484612800765930e-02
-7.767047557274207037e-01 -3.486320579434385447e-01 -1.591328368246061886e-01 2.395208647640461319e-01 -1.101872034839881664e-01 -9.006101431341748120e-02 -6.405780025860247084e-02
-2.466522868066093055e-01 5.889315759560487251e-01 1.033481168991409044e-01 3.929087215666550170e-01 -1.325579174094558554e-01 -5.622115394780541342e-02 8.481752516218798998e-03
6.900289582406851085e-01 6.391994133609200102e-01 1.684579492134828660e-01 3.779386581564233571e-01 -7.965809170032964182e-02 7.656049537958661833e-02 1.277251326847630986e-02
-3.765730320995490654e-01 -1.750168524138414394e+00 -1.071160096436352349e+00 -3.210316732041598176e-01 -9.748907864086828190e-02 -3.707696258944273571e-02 -4.855647347325867114e-02
-2.497106365343148837e-01 -2.493654240295986868e-01 1.577342750364232049e-01 -4.445110170669930305e-02 -2.767059507555875708e-01 -5.694782364478367942e-02 -1.118852987771423724e-03
-5.560614561676980871e-01 5.356266977111548422e-02 5.686621884093303603e-01 6.144182822821162016e-02 8.515476381607509082e-02 -7.039892494585708871e-02 -4.373854168913245133e-02
-2.607628412729449119e-01 7.068274095356081865e-01 -1.222281008252823209e-01 3.079993929317366153e-01 1.716864607094344963e-01 6.278683374095951619e-02 9.476670807452486356e-03
-8.123130907266529199e-01 -2.558131865978149344e-01 4.079184820689532032e-01 2.047761966208668516e-01 -1.095450544548864924e-02 2.025497248280827556e-03 -2.562787731013244086e-02
-1.322300770820919180e-01 -1.435759777265890880e-01 1.853498427601554810e-02 -3.122334335856430387e-02 1.767558648190505899e-01 2.276756364446316794e-02 2.230879515263702040e-02
3.955663299011715761e-01 2.402754089891453171e-01 3.506558157151455912e-01 1.740445692009791878e-01 -1.276197272038601116e-01 -1.079885485796954758e-01 -6.118486692417765549e-02
2.163832505849774823e-02 -1.441331927832365245e-01 4.704205596587549554e-01 4.817257319436091256e-01 2.117014597983762347e-01 1.248748564786887616e-01 1.706304923917573158e-03
-8.869648722193861357e-01 -5.542646876946336065e-02 4.063689645352581703e-01 1.834662702371397391e-01 -5.044832764399934111e-02 -4.085343272580610474e-02 5.736375633285981102e-03
2.348614712029125917e-01 -1.804143355084897038e-01 -2.660576098893623342e-01 -4.097849572212985958e-01 1.887894997470853514e-02 7.542339450397708700e-02 -1.750576613550321181e-02
4.227160617086204164e-01 -3.135273884939275835e-01 -4.380637896418027033e-01 -2.823573043674721950e-01 8.030994056809864778e-02 -2.397686250345582026e-02 -4.071215175285924914e-02
-1.582325790008258515e-01 3.459664528522751747e-02 3.878523197776309051e-01 2.297487611936366303e-01 -1.841144935323756060e-01 -1.096968116969478102e-01 -5.922864411089795444e-02
1.022068696523749931e-01 9.268904990699041724e-01 -9.620024932253420924e-02 3.621115194407327209e-01 1.236546301873919507e-01 3.348497824103741083e-02 -2.981412899191043797e-03
-3.363393444171729474e-01 -2.540469091313433125e-01 -3.981679964756207335e-03 -1.098917829658594136e-01 5.796890238934171435e-02 -7.861224917657189115e-02 2.962515796320530637e-02
-9.681686078534263995e-01 -7.852992335707257299e-01 8.592385448556708050e-02 1.094542780855377317e-01 2.290017780133345171e-02 4.920234750998397910e-03 -3.348034587571026288e-02
-1.128534164309102639e-01 -3.856750328763085545e-01 -9.169852481273250699e-01 6.611092609710447765e-02 1.212673284859408507e-02 3.822143569948359410e-02 -2.925676403436819339e-02
-4.730162525608794244e-01 -6.856335424961277347e-01 -6.868415890295129778e-01 -4.687404942069630653e-01 9.247704745911206059e-02 4.910813545128406982e-02 -4.074510526955436862e-02
3.775159793437347089e-01 2.732917903581679742e-01 -1.897971071080670202e-02 2.732267761539056150e-02 9.913290041816125164e-02 7.293238090746237412e-03 -2.276363398408612349e-02
2.949417990417504409e-01 7.240829768451417792e-02 1.059511998394202792e-01 -2.803623005177746652e-01 -1.194815346689238333e-01 -1.399813075083307379e-01 -5.343301463483574043e-02
-2.518823351452157411e-01 4.752278450703043555e-01 1.949720672176162573e-01 -2.070356198459163688e-01 -7.699103784487548729e-02 -1.113580713490286700e-01 -4.882713119324585960e-02
-3.800027656012048283e-01 -4.795598328610994887e-01 -5.913955122254687113e-01 -1.818162960120554283e-01 -1.170912607860508103e-01 2.455516287511488871e-02 -2.977630817986778866e-02
4.112977262334616135e-01 -5.945969086146211113e-01 2.675243247480474373e-01 4.651229208933076453e-01 -2.414879504511940889e-03 -1.250782651272883128e-02 -1.995596294927576286e-02
-9.947989294196832866e-01 -5.709668774871119457e-01 -3.596728662463156700e-01 7.911909837712130522e-03 8.353170504467768986e-02 2.327463735159425451e-02 -2.653349203136562418e-03
-4.918658658301694464e-02 -5.078803058957228611e-01 -1.759041691962146270e-01 -3.164254999094731069e-01 -1.555435092870253166e-01 -1.172869000439470955e-01 -5.821334361733962459e-02
3.544971097591534392e-02 5.678007599080739931e-01 -6.911782623041443641e-01 -6.200559931768893085e-01 -1.099417153469963992e-01 -1.175891960631715305e-01 -2.236917071776994836e-02
-1.145826409192386652e+00 -1.484478640269945471e+00 -8.809240037487714448e-01 -3.606678765953079679e-01 -1.961904770574986745e-01 -1.154202464501468406e-01 -6.380413289143832545e-02
-6.744742530324462915e-02 -2.904805645749672371e-02 -3.081238176502718029e-02 -8.882135305187183194e-02 -1.952446558669622412e-01 -8.217459543230859476e-02 -7.701091959012792976e-02
-2.849635487905880504e-01 -2.371403997288463461e-01 -2.515749328174186061e-01 8.417810329142977332e-02 -2.653380440484814917e-02 -1.668860614029445133e-02 -1.507992388095338865e-02
-6.891804240907635215e-01 -6.012421482422991570e-01 -1.164705787231706591e+00 -7.097845379383793674e-02 -8.857300108394008942e-02 7.002370623932732685e-03 -7.695244792306960013e-03
-4.588311692710997369e-02 4.591034984775073102e-01 5.238305869974271278e-01 8.033262877804139834e-02 -8.477714474596678706e-02 -3.969086969889677741e-02 -1.561469807861259884e-03
7.518906031498371334e-01 1.330578446064905607e-01 2.673894483017555945e-01 6.593783805816263999e-02 2.097336688388721226e-01 -3.570994302704809387e-02 -4.734422246793061617e-02
4.013614911615099867e-01 9.282428039153300947e-01 -5.528590444337256882e-01 2.715599117746802516e-01 1.557937662192690476e-02 -3.240880606287652177e-02 -3.200071152998500146e-02
2.146516594275249268e-01 -7.845939545219727806e-01 -1.008912743513367793e+00 -4.631483592139398198e-01 -7.899885408543597110e-02 1.723619132293713330e-02 3.362522351579795565e-02
-2.705133907756128719e-01 -3.563292140273208730e-01 -4.761365726520343511e-01 4.275879370421389325e-01 6.537072140382560459e-02 1.840772947241621493e-02 -2.803160958480457876e-02
-9.491071778957330118e-02 5.027616143628441114e-02 -3.553599541620466873e-01 1.616187469289590284e-01 -5.376656890744152539e-02 2.509496326542663691e-02 -2.730700140906404394e-02
-1.461457146362429016e-01 -4.889461798906751255e-01 -2.100501955859866710e-01 2.550795025870285504e-01 -1.090768235845861467e-01 -6.452056544787287962e-02 -2.096960949503760829e-02
-2.941820674576833827e-01 -1.014317367404382331e-01 -1.095469964075203029e-01 -6.627298612785811338e-01 -1.001232681160152405e-01 -1.015663198332305561e-01 -1.498733997901206816e-02
-1.342225927571803756e-01 1.206629285107860550e-01 -2.624847130526374306e-01 -1.670621283473665286e-02 -8.710558636901874485e-02 -1.635708386548498372e-02 -3.054522913464309541e-02
-7.720265948833842096e-01 2.937958205468781392e-01 -5.025884178887841669e-01 -1.591321564188937776e-01 -1.083933517945648295e-01 -1.397305183320812771e-02 -1.722853969786224126e-02
-4.733632432704603099e-01 -2.373422107331839281e-01 -5.555180213824681967e-01 1.332423589196688185e-01 8.912528214246950853e-02 1.970101619602515619e-02 1.502365516048315142e-02
3.772013835067717924e-01 6.105472005926957380e-01 6.299396728121620104e-02 -6.015696489379548928e-02 -1.063702534940497990e-01 -6.440430352708248485e-05 -4.428978625476598374e-02
1.534796028056762129e-01 2.656792615439143024e-01 3.108409950548530754e-01 -3.446684874520801189e-01 -1.699181765955564694e-01 1.407419722093915249e-02 -3.624010807511690579e-02
5.322602798263158241e-02 -9.194279296901873844e-01 -1.176469346354361012e-01 1.597664620512711797e-01 -1.081492940632335087e-02 5.803602071728852785e-02 -5.388173945851340574e-02
7.869694334711666572e-01 -3.716240632515335207e-01 -4.701947160932489211e-01 -4.360075164456210794e-01 -1.293098468190445327e-01 -7.286317422277407974e-02 -7.731241762672144691e-02
2.351120272952339496e-01 8.560069144711157652e-01 -2.428039472200481386e-01 -3.412099811396999138e-01 -3.031361630588981226e-01 -1.068455789592473171e-01 -3.508012586438230551e-02
