(-0.08961550784964645+0j)
2.023801102808822361e-01 -4.165889966513666720e-02 6.761821303421335916e-01 -4.133888190975979482e-01 3.205440280169186140e-01 -5.000513885104252571e-02 -5.037171703931052347e-02
5.825761611273464480e-01 2.562458165173295832e-01 -3.911649191750107835e-02 2.254812486632256918e-01 1.157821176786071604e-01 -8.737238638267909308e-02 -1.036501263689910135e-01
-1.825324897155918835e+00 4.687340011790692706e-01 -3.462335166445817958e-01 -4.474951493137155900e-01 -4.065849533283559802e-01 5.402160632845198762e-02 -3.900312302553883559e-02
5.712913234465262224e-01 -7.838763221158524530e-01 8.945954926419142916e-01 -7.123620232157884535e-02 3.055099857327876756e-02 -2.560322104785424102e-01 -1.072348841722903651e-01
1.540866578058374792e+00 2.195619795329216029e+00 -8.951212817625021634e-01 7.180725075635737698e-01 5.012232257347615239e-02 -3.004499529729803831e-01 -6.228549529385106476e-02
6.064615630225832499e-01 4.412781394660544310e-01 9.992348792855324513e-01 -1.024768415428592705e-01 -3.308112067463298001e-01 8.280319707380226490e-02 -5.787968755054022363e-02
-6.155258025337073668e-01 -2.754237734779981794e-01 8.242651796835193112e-01 1.087631761503385641e-01 -9.808279196228394947e-02 -8.460516852910332508e-02 -8.700871156184947219e-02
-3.849749098522120550e-02 -2.836444646713580653e-01 -1.348708040538666664e+00 1.123813696772391624e-01 2.549968520131383753e-01 -6.496948066685512280e-02 -4.676300764086843698e-02
-7.854944518027376921e-01 -1.011958792010508867e-02 3.162355137942446381e-01 8.806230085189296064e-01 3.489206278656453719e-03 1.668918680449552328e-01 -5.924756693722666584e-02
-5.005994341302977269e-01 -1.644831460805842305e+00 6.441969260536782871e-01 -5.010619570861415406e-01 -4.398664679144199258e-02 -1.684193653237469057e-01 -8.187653199836417151e-02
7.232856787801901222e-01 -5.548660613986931001e-01 -3.170664541921067725e-01 -2.208903739108183939e-02 -3.678355636051402477e-01 -1.474577084335904412e-02 -4.163233386561451810e-02
1.214981375748832026e-01 -1.038334584250869108e+00 -4.410891749208568635e-01 1.415152924394689343e-02 -4.008227811822291653e-02 -1.106473338182903388e-01 -2.158802113851589904e-02
-4.432210360764250456e-01 -3.800995127696734643e-01 -3.343850837402480014e-01 4.525884555329768855e-01 -6.176600865413739427e-02 -2.192944839402344026e-01 -1.947794861829081348e-01
1.236341177251099044e-01 -1.393608685096096922e+00 1.198049523566433738e-01 -7.854826583137214380e-03 -3.649862156221788112e-01 -6.860624096813036643e-02 -3.731199597253843925e-02
-3.349867246483262395e-01 -4.054252330889748790e-02 -8.289397467595720492e-01 6.697589094929936593e-01 -9.505074216819547894e-02 1.654025108615775619e-01 -1.072576144819285954e-01
1.021409192341263816e+00 -1.074418918320629579e-01 1.017497732528481302e+00 1.711176438468455241e-01 -1.152600630323177555e-01 -2.300181513898505448e-03 -4.668040980046907901e-02
2.062106854687671964e-01 2.925352139042022293e-01 -6.040963895608987277e-01 -6.198089971733683479e-03 -1.537428931884352590e-01 -1.246495580011233589e-01 -1.356793900408176934e-01
-3.698880048261711240e-01 -8.062635197299323764e-01 -1.601128085787449473e+00 2.075684545159671990e-01 -2.506776982723815106e-01 7.076091031136477749e-02 -9.042971165723170945e-02
-1.609260189233008009e-01 -5.875050568246241722e-01 9.290947582315111086e-01 -3.653900518648264262e-01 -1.231472525779531979e-01 9.687957768467278519e-02 -2.077490021452434166e-01
-8.266460266568601556e-01 -6.656799010815388495e-01 -1.050607285304509864e+00 6.028344763506546244e-02 2.049187051766546974e-01 -3.610053217722274388e-01 -1.237614835636084293e-01
9.407245174591491454e-02 1.951535468288941422e+00 1.635448123395671249e+00 -4.130537344087011897e-01 -4.058676594985237418e-02 -8.948216893837998565e-02 -1.407397137884412452e-01
1.962231023592135859e-01 -3.417756843327141025e-02 -6.123084010054458126e-01 -6.254535149718645215e-01 4.552237986050314267e-02 -9.837752129034144088e-02 -9.054961876577719004e-02
-4.744742056245466744e-01 -4.874689824430735730e-01 -1.461839692547229452e+00 -2.468664930279645120e-01 -9.522127594070978196e-02 -8.517491403356616808e-02 -1.697339218231525698e-03
5.980799655911638313e-01 -2.767854734962171825e-01 -1.149637770432789807e+00 -6.049916617676697195e-01 7.297698936864158159e-02 4.187352010585083245e-03 -1.120421445436191599e-01
4.615838214479918156e-01 4.283612087715731320e-01 5.486321545614893935e-01 -3.151920076029765538e-02 4.847084112823522861e-02 -1.568246186214284354e-01 -1.930870653153427818e-01
-4.571938215111336357e-01 7.830383831830325381e-01 5.923546278413120980e-01 4.600910704067480150e-01 -3.442284959917383258e-01 1.203379274504692564e-01 -1.261151070248997252e-01
-2.337135141103922342e-01 3.761542109263921185e-02 -5.973588476747071496e-01 -1.012818507341614882e-01 -9.564766988782547052e-02 -3.074582807251492744e-02 -2.367670553360259056e-01
-3.936020293655029256e-01 2.116502385079270798e-01 8.226499639707549050e-02 -1.239292585909755329e-01 -3.912157010256968048e-01 -6.356854650631646453e-02 -1.686474782620603352e-02
9.694833163575647950e-01 -7.354657175891937682e-01 8.116331441372687250e-01 -6.498630311153125172e-01 1.450831364793199740e-01 -1.153166273307714568e-02 -1.335101466190281305e-01
-3.198221959703964057e-01 -8.056659120146184572e-01 -4.053374491901055032e-01 2.601081688308856110e-01 1.768426579860950254e-02 8.179338610333132531e-02 -2.902243422826859126e-02
5.765964894734706414e-01 -1.285298427917888953e+00 8.619185478370765541e-01 2.075328106303718778e-01 -4.891644292776033964e-01 -9.904114077458861520e-02 -1.035279196369988802e-01
-4.986013366116350820e-01 4.395415662395940615e-01 -8.191995022664574355e-01 7.526881988154195957e-01 -1.260032897695606835e-01 -4.701193130433407863e-02 -2.116057403327293099e-02
-3.486155840681545715e-02 -5.620679392804029950e-01 -5.776525549427571349e-01 1.960381438367621298e-01 -1.922545342232285792e-01 -1.372324345313153948e-01 -3.231759056808019420e-02
5.544722502024765909e-01 4.864996933898123599e-01 -1.599213135699559252e-02 2.643217311596924857e-01 -2.031177618310243127e-01 8.547243787467681542e-02 -9.543526445356599608e-02
9.822835569701281466e-01 -6.242479914025292342e-02 1.725842177698404534e-01 -1.006428205371187046e+00 2.550988805006884630e-02 2.306606596719388558e-01 -7.641889937614229633e-02
-7.059761711724862332e-01 -7.693858626186945715e-01 1.076571712217839538e+00 1.270989539736930019e-01 -4.450579524644998619e-02 -9.871573810516401370e-02 -8.572796901970011763e-02
-1.633620666644712560e-01 4.111974067811631217e-01 1.017175950210115865e+00 -1.092396217121876234e-01 -2.008409666495096224e-01 6.958649745135288278e-02 -1.268114676068668178e-01
3.775364298171060007e-01 1.046917247578541266e-01 2.341776897985749228e-01 4.086355701613080260e-01 -2.502703395752625681e-01 6.485202597350146758e-02 -7.168116069741695129e-02
3.199841008902551964e-01 1.025913912122017990e+00 5.382770628072117147e-02 7.330217361831871392e-02 -2.968404911524319401e-01 -3.250778060641787426e-02 -1.202744372153351782e-01
-1.643810807058809775e-02 9.345502679315980110e-01 -8.368005213805798093e-01 -9.785774646425936529e-01 -8.884684429152200913e-02 -2.409329076649576601e-02 -1.174273618330567287e-02
-1.229153524492047206e-01 3.100678131253018499e-01 3.358848466988942350e-02 6.979869529208482248e-01 2.866072912728850897e-01 -4.698437960282783599e-02 -1.967844482121126892e-01
-2.387985671813442623e-01 7.305789083120054483e-01 -1.159534061926226434e+00 1.000863998338969024e-01 5.296064123348774855e-01 -3.754749033151708049e-02 -1.101111910675829919e-01
6.644210316473347921e-01 2.459732764654256887e-01 -5.631737226501588589e-01 4.985526008221050076e-02 -2.675001111596974068e-01 5.704554653760306182e-02 -6.310248822692091086e-02
9.929729434028250479e-01 6.888707041278377408e-02 -3.092278763402188657e-01 -3.571443660457446212e-01 -4.260790364024352739e-01 -9.304806506828028345e-02 -1.432766400830514097e-01
5.038686397099312320e-01 -4.374974247258237581e-01 1.943989158968498221e-02 -6.450647195815329971e-01 1.361968053403244949e-01 -1.647468789648436627e-01 -5.105570336973327961e-02
6.240853292828602017e-01 7.223042291057593101e-01 -6.435196535953285890e-01 3.616424240524571676e-01 -3.775632832994839372e-02 -5.077381982307050540e-02 -1.033418352760719638e-01
-1.068716133742932728e+00 1.382045918381962779e-01 8.704845299739248921e-01 -1.150741730501463056e-01 -1.887194546555410191e-01 -9.141100187187156667e-02 -1.203498174848975366e-01
-3.025483137494412444e-01 -2.703131927006120483e-01 -2.326551707029115013e-01 -5.282823838856919307e-01 4.408010553234469053e-02 -2.153241671319720274e-01 -1.545271717000919198e-01
5.725838578378649180e-01 -4.581170203534095098e-01 1.163438214294313600e+00 -2.610467459105884069e-01 -1.239094039386573476e-01 -1.096312791286951083e-01 -1.581422736788904437e-01
7.656734998002452386e-01 4.698068606267598035e-01 -3.205386439103030671e-01 -6.091646339133902632e-01 2.917222329372797240e-01 -1.659846588653045296e-02 -1.059544029987974714e-02
