(-0.08961550784964645+0j)
5.900749080860473450e-02 -1.856743607803266471e-01 -5.193903862765610890e-01 1.345445552280675749e-01 1.692405806911034538e-01 -4.100191223897192705e-02 -8.996676985871163157e-02
-3.467512168032302888e-01 -4.828585743304574240e-01 -4.089095070897146300e-01 -1.230699403295240080e+00 -7.317123265730828274e-01 -2.636098169556519433e-01 -5.713027649066041574e-02
2.153582785454761506e-01 -3.972321074835999388e-03 -5.945063700517255745e-03 -5.532808438583362021e-01 -2.031337705283185191e-01 -9.430185165115319290e-02 -9.090052284511210279e-02
-6.773200935525532096e-02 2.695871578270936375e-02 6.855396456243019188e-01 -1.137407616140179156e-02 -1.875461862483725206e-01 -1.468642442986407282e-01 -1.209335864049124326e-01
-6.912667894420295722e-01 -1.535625598645001810e-01 -4.757599639504923594e-01 -4.796903879443911167e-01 -3.193165043063747044e-01 -1.028624133552984155e-01 -1.432950401385521544e-01
-3.594941314722261971e-01 8.958231632057070404e-03 9.494302791962680454e-02 1.490887084620372838e-01 2.304626923288020379e-01 -1.332824561107045502e-01 -9.238003517458777403e-02
-9.498343708796305740e-02 4.210261255865640484e-01 1.315650997191025517e+00 4.481549352519155205e-01 -6.943418352161803697e-02 -2.159730843345934737e-01 -1.658999091353164645e-01
3.207771958704389026e-02 7.278058611128175315e-01 3.652240678542136854e-01 4.403040185079265534e-01 -1.662783469357377031e-01 -1.564497742761086774e-01 -9.888721338884823298e-02
-4.733157116524888686e-02 -1.492136336689518228e-01 1.127094235328008898e+00 4.308439545013702521e-01 -8.740908477960966649e-02 -2.467467974573376299e-01 -1.697118497701917417e-02
3.377933346580941354e-01 -1.159390729478967652e-01 7.042201353862856950e-01 3.553178071717474906e-02 -2.041420036007527694e-01 -1.242984202622327700e-01 -1.255556578576939863e-01
3.414141227155477187e-01 -1.135171466672333929e-01 -7.410514828404514143e-01 3.556308758724660013e-01 5.519948649967371113e-02 -2.238522048124262642e-02 1.799243579738690757e-02
5.153893407424551265e-01 -2.807557516777271500e-01 7.367199400515683783e-01 1.219509366174965637e-01 4.483835953853929079e-02 -2.553129088502131827e-01 -1.111909599106658125e-01
-8.742292680255576987e-02 2.190461825980256350e-01 -1.703764736088717868e-01 1.773351547585050314e-02 -3.438746177034486540e-02 -1.510880374540257975e-01 -5.266667888486341320e-02
-1.671700640185199149e-01 -1.970816749004226376e-01 1.373687262844434542e+00 6.314959562415419780e-01 3.704300418798754935e-01 4.254785046024636697e-02 -6.659303633531120370e-02
5.328909551691874968e-01 2.332277431727014794e-01 -2.943343056572780281e-01 -2.834365811214296649e-01 -6.345068053206284198e-01 -3.259250247054619187e-01 -8.175176678329731939e-02
4.203447043988658427e-01 3.425312095061407991e-01 5.357803637636254779e-01 -7.129395550891807209e-01 3.853561616131452594e-02 -1.312420374059222183e-01 -9.207932624350909090e-02
-6.780294599113191323e-01 -4.150054267360949734e-01 -1.370884568045289909e+00 -1.254758988457497226e+00 -2.274285808686347110e-01 -7.689530698361629613e-02 -1.422588187207249333e-01
-5.455929115862877543e-01 -6.087867942028697410e-01 -3.488669832597783849e-01 -1.307097694522730835e-01 -1.279125477851174308e-01 1.856138832706096531e-01 -6.713350515127321227e-02
-8.524495024705392998e-01 -5.368934438103719620e-01 -9.679590398888602287e-01 -3.923437405051539706e-01 1.583474236467560803e-01 -2.487363415473980988e-03 -2.020827511178030500e-01
-2.705421860835607317e-01 -1.491814817152113948e+00 -4.897986350711392989e-01 -1.965971485784551998e-01 -1.267328543800510521e-01 -4.819154247060891683e-02 -1.989620630444653704e-01
1.018321541123219376e-01 -6.053149007920263225e-01 -8.948869757077407838e-01 -5.651020372451223128e-01 2.519239877930752325e-01 -1.072104613202343182e-01 8.806867105424451281e-02
-2.113850507844051430e-01 6.865931548828451136e-01 1.024359965967722275e+00 1.487958727493110811e-01 -2.143515381949565313e-01 -2.067093626110333426e-01 -5.289912407298331953e-02
-2.662602107542660912e-02 -2.839709750143812328e-02 -6.975083247162573441e-01 -2.268222279617085335e-02 1.372701557901953862e-01 -4.192409566767997531e-02 -6.425936211533769815e-02
2.143511421149443541e-01 7.134614163271113529e-01 1.227146435215150211e+00 1.172480606337603926e-01 1.367568872336714092e-01 -1.283161045952051216e-02 -8.773542378147598797e-03
1.809309792532485528e-01 -1.243135502141653470e-01 4.162536467413909813e-01 2.781844668226495232e-01 -1.236506834085715628e-01 -4.375535083555476268e-02 -9.969835371103033528e-02
-7.359267553767059877e-02 -3.055164800123674196e-01 -4.850947072922173753e-01 -1.065380382493168021e+00 -8.120120932738831288e-01 -3.823562280484559261e-01 -1.708224746599315558e-01
1.066260503539745719e-01 -3.327197576269763646e-01 -5.600283464344277262e-02 -2.707224185908581049e-01 -3.473623119403076442e-01 -1.938352511583303628e-01 -1.523611800018262741e-01
2.849187696600948005e-02 7.077480885676387112e-01 6.102440954247508875e-01 2.546798113764716653e-01 5.495588071673244979e-02 -2.535911063965078371e-01 -2.070540308221463788e-01
-3.751473535971766582e-01 5.125215132315814881e-02 6.904736455479860702e-01 7.780288349926980374e-01 6.047294732659971861e-02 -2.353742801212051761e-01 -3.153121081572024531e-01
-7.833681327257351057e-02 -1.531383693920349842e-01 3.959274920374984408e-01 3.980194927806126604e-01 2.843349864498095902e-01 4.654669391331121842e-02 8.965435386675557616e-02
1.376282944409581988e-01 -1.763833868304129082e-01 -5.150347585340065981e-01 1.164483140825713636e-01 3.355880209963956196e-01 -1.819666160213002926e-02 2.824894651785848920e-02
6.355057873349282405e-01 3.582923072643625639e-01 9.433919372359752531e-01 4.238249041872167722e-02 -2.585995284437401232e-01 -3.492194002067746661e-01 -2.019989330428159091e-01
5.660741642324285117e-02 6.141661882154284546e-01 -3.521078317556676218e-01 -1.788433769663681783e-01 -4.753213153612751984e-01 -3.289775599372835035e-02 -7.770774811088373979e-02
3.990653938387773714e-01 3.493617172517166081e-01 4.978168496897973361e-01 -1.795427700959373596e-01 -3.109541126950650103e-01 1.811096920253039977e-02 -5.578126969222099718e-02
2.535304540535675555e-01 1.886785466066815686e-01 1.314676347256159283e-01 2.164331768737426942e-01 -1.352357250721558657e-01 3.646547613532050147e-02 -7.162430436817976420e-02
1.612346443363696091e-01 -5.786976622818328364e-01 7.437626397528244171e-01 1.495398580080277429e-01 -1.176427786239825357e-01 -1.109624078612966441e-01 -1.109806897518815227e-01
-5.218792062767374507e-01 -2.760847441051097473e-01 -9.629669634438642323e-02 3.533429356554764755e-01 -3.794226980454087905e-02 -8.898371858990036798e-02 -1.448882325185163744e-01
9.064497399774517072e-01 1.326818653304176587e+00 1.399550347415590812e+00 9.502216461198985664e-01 1.863954371782685915e-01 1.882065423395425652e-01 -1.037750701476840287e-01
-2.344489181184728765e-01 -1.153213657233108203e+00 2.464989192201104962e-01 -6.393058188536913100e-01 -6.769111007300820937e-03 -2.282158884208122240e-01 -1.151874663834148299e-01
-4.809890282322899502e-01 -1.045585922171457183e+00 -2.019547290464347167e-01 2.421752303824939168e-01 1.925373261168850103e-01 -1.154005628718313137e-03 -8.820283853290318554e-02
-2.611085354193998787e-01 4.768881053969749040e-01 1.710967662214014640e-01 1.817724144548063803e-01 -1.792299790280727223e-01 -2.822997991767285386e-01 -4.836045868781920637e-02
4.153116075747140812e-01 9.676044674949627611e-01 -4.637037833754475979e-02 -3.766092961192337718e-01 -3.585259785057018922e-01 -1.373074688127134679e-01 -1.416913142040185647e-01
-1.050025588509007346e-01 2.497342393948504269e-01 2.564757593586974860e-01 5.614986411164838431e-01 1.404645969567509811e-01 1.819965407732377083e-01 7.692234673378289811e-03
-4.945636847811414605e-03 -2.320200279822335065e-01 1.755021287232567673e-01 -4.634774296072720068e-01 -1.067138603428852694e-01 -1.021938189129489860e-01 -1.489078824593359496e-01
-8.264845240487470046e-02 -4.867318469241751488e-01 -4.978765691961198891e-01 -6.221766269159714757e-02 -4.371209724628881688e-01 -1.417688833897380318e-01 -1.419653402420597288e-01
-1.873576554638792246e-01 -8.648600149326506059e-02 -1.063464524224533081e+00 -5.692371197443246711e-01 -2.483526702350264959e-01 -2.016082095096956295e-01 -2.176414665970914930e-01
3.230528518584204756e-01 -1.591481387075241727e-01 3.096017691195195320e-01 -7.287997109723481914e-02 1.639426428476618847e-01 -4.336048879088577612e-02 -2.330239520345892684e-02
2.437784462644676242e-01 1.329887415162356312e-01 -3.134242519773094982e-01 1.066166304915089791e+00 4.827633685807618535e-01 1.310252351973596185e-01 -5.911840480549103438e-02
-2.464906753945853013e-01 -3.210416864215280830e-01 4.549540811349558345e-01 9.027600084875931907e-01 -3.694425283131916871e-01 -8.400314204715410293e-02 -6.320484558934075237e-02
-3.797809361791979477e-01 2.182506252591747409e-01 -1.011203198561103356e-01 -2.123726831717414609e-01 -3.780924935768739115e-01 -1.183314552762071564e-01 -3.440273033536662972e-02
