(-0.6934468396748079+1.3877787807814457e-17j)
-3.820393528257295390e-01 3.073216269613898710e-01 -4.809962274501046742e-01 1.036740243605210665e+00 -7.739642291377818450e-01 -9.743439016590853541e-01 -5.063297104367919799e-01
-4.063234682152510047e-01 2.974846637390578530e-01 -9.512755208873333590e-01 -1.524697277634025516e+00 -8.913281014618396059e-01 -7.232694065862852462e-01 -7.506522847286239974e-01
-6.123660001608384196e-01 2.000588555051747708e-01 3.475634074810476926e-01 -1.426460357128167100e+00 -9.819673925374248213e-01 -4.709348995230001056e-01 -8.558491811128382531e-01
1.541058309453266495e-01 5.415988061352033922e-01 8.913011337525128530e-02 -1.705930470363521412e+00 -8.665416451047969204e-01 -9.023601801513118081e-01 -6.218107633745012519e-01
-1.188382886599185229e-01 -1.279201383012770754e-01 -4.808856928727245905e-01 -1.236569860845321722e+00 -9.523320668351299423e-01 -7.245675630376302578e-01 -7.083447549826894507e-01
5.540277643865449964e-01 -1.185747335785729446e-02 -5.094953732168915339e-01 2.094900137310394816e-01 -8.343991908196398688e-01 -7.668823988343270726e-01 -8.749969150757992420e-01
-3.144537744710129146e-01 -5.088135655598045037e-01 1.348213672528320695e+00 7.674344733048162892e-01 8.214214715225912067e-02 -5.052083126004118796e-01 -8.203542669760678363e-01
1.311452321274684252e-01 -7.719743896581807707e-01 -1.049941875045582673e+00 -9.343772116436889208e-01 -1.426522238029656053e+00 -6.610539423504261380e-01 -8.558035260133872724e-01
1.753184360288464194e-01 1.204302533348365234e+00 1.420441444119552865e-01 -9.665071406942763454e-01 -5.217636729614435476e-01 -5.562323137643051529e-01 -7.695999833173582383e-01
1.410066971577722261e-01 2.864703389419547830e-01 9.805095072893451474e-04 -8.024363563487340034e-01 -2.033131629881074209e-01 -5.602447622186045306e-01 -6.829084831849193682e-01
1.089626920516474362e-01 -2.712074006789518821e-01 -1.228652367012578739e-01 -1.838507956445336378e+00 -1.018345732494399858e+00 -4.645074103092891038e-01 -8.434829856921762792e-01
-4.031301422189239037e-01 -1.503326924778613551e-02 -9.417729945008761483e-01 -1.635899658814572444e+00 -5.229165517249367845e-01 -4.695350272160991323e-01 -6.908833197257181480e-01
5.971643565917195834e-02 -1.053721403622024155e+00 2.411485999982305173e-01 -5.860281985046333908e-01 5.649955923282360543e-02 -8.857675467811019221e-01 -6.926435440483184047e-01
1.718611477416056854e-01 6.270822997134130050e-01 -1.295540836010556474e+00 -1.769569832928985065e+00 -9.864637203555753908e-01 -5.329025670849958374e-01 -6.809809184186573772e-01
1.127736547169049808e-01 -4.182789261559343580e-02 -8.234528846631192223e-02 -1.841869696263737533e+00 -1.213939989917212525e+00 -4.318507897651218119e-01 -7.132590597064384363e-01
1.602750779442708162e-01 -5.703654017520403546e-02 3.892288177357720036e-01 -1.190351414867487634e+00 -4.614669515410245726e-01 -4.541450976645085014e-01 -8.473101504298117259e-01
-4.699838545386351152e-01 5.365274273510097780e-01 -3.972868037039304911e-01 3.762428768857396105e-02 -7.531050475347317308e-01 -8.781430907277931741e-01 -6.458053951323737829e-01
-5.256103417409648676e-02 -1.276998399740227663e+00 -1.449666050983715149e+00 -1.066334189060924587e+00 -8.382622550675514761e-01 -7.349354893482521467e-01 -5.340905830889873807e-01
-1.416048149076053198e-01 -2.001972956552735550e-01 -9.046558532419873844e-01 -9.942819365033607193e-01 -7.955444577998843636e-01 -9.230807735888998389e-01 -6.529421964155308622e-01
2.707682943241374596e-01 -2.175249884910550047e-01 2.489751534658817822e-01 -4.320321069610454923e-01 -4.199967047693444200e-01 -5.087292405641586912e-01 -6.831397007814676847e-01
3.692314720763062996e-01 1.770929530749905667e-01 1.547218330146526433e-01 -4.262586436930078659e-01 -3.987482413392015590e-01 -1.216512901349006137e+00 -8.045031509393052449e-01
6.012417788259599022e-02 1.420328723994233322e-01 -1.270492166623425900e-01 -1.290936015824707628e+00 -3.602944521443600112e-01 -3.273021648964284380e-01 -5.885823694578035115e-01
-2.310820646742723916e-01 1.491020548513061726e-02 3.162057658537985039e-01 -1.036607703961287541e+00 -1.778306993825200244e-01 -6.632828005218510681e-01 -7.597234054424580885e-01
3.115228758149043986e-01 -1.868681252350012922e-01 8.268008107086389780e-01 2.751642096695681716e-01 -6.070722357672043712e-01 -4.425562209408316905e-01 -6.458396832968001933e-01
3.288814208352081603e-01 6.497436554406160400e-03 -2.055329524860065593e+00 -2.223819252130336266e-01 2.799434851394900226e-01 -8.016734663358329183e-01 -6.861073908889977480e-01
-2.791949154081418971e-01 -3.660361816708132543e-01 -3.452727165278386967e-01 -9.957405502175483702e-01 -9.367775632685789722e-01 -2.627700601070047659e-01 -6.087644744255084062e-01
-5.510402967826286830e-02 1.316282425702471226e+00 9.693807501946759553e-01 -9.473628516609149397e-01 -5.675380387816154615e-01 -7.186894569592076065e-01 -6.944095613254822608e-01
-1.822016858402461248e-01 -3.099978985413117116e-01 -4.335951828489018056e-01 9.016071123110941388e-01 -1.372525531934703391e+00 -6.514322798985531238e-01 -5.673059316575602695e-01
-2.202590272866001841e-01 -6.518493674403311178e-02 -5.544931177329398553e-01 -2.225206081886509146e+00 6.143436216153563834e-01 -4.452673742811093516e-01 -5.235331802072565877e-01
-5.189988521040646008e-01 -5.614563511017011121e-01 -7.841443102485566863e-01 -1.659263292606587559e-01 -1.753505726265466302e+00 -7.371962643190409503e-01 -4.406048426002969753e-01
3.099220039787445313e-01 -2.446793359133133672e-01 -3.043133596441080502e-01 -3.062508485982943784e-01 2.077110503387262219e-01 -6.039564095409847289e-01 -8.085955110406001234e-01
2.111512611089675640e-01 3.522843563872300465e-01 3.328660826806461581e-01 -1.306463096384268718e+00 2.036075607574572011e-01 -8.530739131271417586e-01 -7.749317071463630580e-01
1.596227355337592746e-02 9.206861973510550579e-01 1.056198195743418555e+00 2.419186110811859525e-01 -8.333096763105148908e-01 -6.959302834619615075e-01 -7.894086618414694057e-01
-2.658750302535199950e-01 -4.977838097365627212e-01 7.189967919827088272e-01 -1.977379114837778395e+00 1.620714407640111432e-01 -9.356514351009334041e-01 -7.527040793172103950e-01
1.581931706067112309e-01 7.420488208323826329e-02 7.979177193490346598e-01 -1.538296646050567151e+00 9.745739629455635322e-02 -1.219146069632172757e+00 -8.986995317182083776e-01
1.716832241123311398e-01 -4.345669998474597367e-02 -6.075905744943991271e-01 -6.014932838648846536e-01 -1.160620689236589120e+00 -2.573307282807273944e-01 -8.506985187681360694e-01
5.383955673356137783e-01 -1.310609738704692218e-01 3.330228447223120836e-01 4.555569368407553221e-01 -8.068324683927519114e-02 -4.503883280715715309e-01 -8.546077966153556860e-01
-2.658509346789249966e-02 7.460984776301782251e-01 -9.514716551916359011e-01 -6.466974418249467060e-01 -7.233322625852903753e-01 -8.717852525623505100e-01 -6.475075715533110676e-01
-1.249738439735798151e-01 3.134382899015215190e-02 -9.473441272897775711e-01 -7.755130204705329433e-01 -7.902977706527537505e-01 -6.865477471871012094e-01 -6.535991327814506535e-01
4.417293867859491824e-02 -1.834858954023087241e-01 -1.973362317993821724e-01 -5.675429337721079603e-01 -7.850764950441743162e-01 -9.154409338474222002e-01 -6.584959263568758159e-01
1.979565129073205393e-02 -1.161613338935961970e+00 5.522355693080071015e-01 -1.791276139824268032e+00 2.070328223579510629e-01 -7.031992381328640018e-01 -6.133557184851802235e-01
-1.575858410243774765e-01 -1.138663777858566206e+00 -5.883503896248308829e-01 -4.539725739911237151e-02 -5.986400401185435483e-01 -6.966190956743482099e-01 -7.013728482141987630e-01
-5.718897434490590598e-02 -7.124231608903416335e-01 -4.034161224644299687e-02 -1.021464037760661636e+00 -8.901888487924346505e-01 -7.193047128184607564e-01 -6.730012344862220663e-01
-5.751311254702471190e-03 2.973225385510677721e-01 -2.806802337344581066e-01 -9.284755404711632076e-01 -3.089089460230750039e-01 -7.723039378005714939e-01 -7.275994248950260479e-01
3.822492720708074443e-01 3.472678471855380478e-01 3.972484536767032504e-01 -1.092393408017822143e+00 -7.703431432961639347e-01 -1.021031736900896103e+00 -7.198065286767217907e-01
2.488467049594224045e-01 -5.280380124863642832e-01 -1.150702172358136099e+00 5.939158160028767952e-01 -8.098264564304167301e-01 -8.037775679573145871e-01 -6.161184670682319231e-01
-3.286760262154195256e-01 -5.025658549768798888e-01 -1.051008517579098411e+00 -1.688476869006870551e+00 -1.708682100983643704e+00 -1.068276264132113962e+00 -5.606774604053778033e-01
2.384632046460409827e-01 1.058321245730933224e-01 8.433428602049927031e-04 -8.999847859336881362e-01 -9.273522219191520088e-01 -7.511039917952258005e-01 -6.725492259261697248e-01
-3.569685759134552661e-01 -2.100436132426730107e-01 -4.702012328496225080e-01 -1.120947312536660689e+00 -4.641440248591162665e-01 -5.643158106236407789e-01 -9.007188702287459714e-01
-3.718482713745919349e-02 3.849139131509774492e-01 -1.551958057509948974e+00 -7.295325448479381691e-01 -6.006976448628951193e-01 -8.406855921646120278e-01 -6.572394765054546673e-01
