0.3847525130200053 2 0 0 3 0 3 1
0.4454193790068248 0 1 0 3 0 2 2
0.0513401902163046 1 0 0 0 1 3 3
-0.8470227418768621 0 2 3 0 0 3 3
-0.8325011504690307 0 0 2 1 1 3 0
-0.1124309493739057 0 2 0 1 0 3 2
0.6983333404528134 0 3 0 2 0 3 1
0.5188865226118617 0 3 1 2 0 1 0
0.1216842890896670 0 3 1 0 0 2 3
0.5765042969016878 2 0 2 0 1 0 3
-0.4564804703340819 1 0 1 2 0 3 0
-0.6433074926354800 2 0 0 3 2 0 1
-0.6962757294418565 0 2 2 0 3 2 0
-0.6077301866464000 1 0 0 2 1 1 0
-0.0782964607132337 0 0 2 0 1 1 3
-0.4339954119912788 0 2 0 1 1 0 3
-0.5988496211682379 3 0 0 2 2 1 0
-0.5272605277880651 0 0 3 3 2 1 0
0.0124316148553514 2 0 2 0 2 3 0
0.9906144867665365 3 1 1 0 1 0 0
0.2887137245131473 3 0 0 0 3 3 1
-0.1401584461666852 0 2 1 0 3 1 0
0.2266613115164668 2 0 0 1 2 0 1
-0.1939731648051706 3 0 2 0 2 0 2
0.3662918762626566 0 2 0 1 2 0 3
0.7825363367085512 1 2 3 0 2 0 0
0.0089145927138881 3 0 3 0 2 0 3
0.1443290013492322 0 0 1 2 2 0 3
0.3186063529810450 3 0 3 0 1 2 0
-0.6619261645820269 3 0 2 0 3 3 0
0.0687624072126238 0 3 3 3 3 0 0
-0.3825713277105802 0 2 0 3 0 1 2
0.3644008541237396 0 0 3 3 1 2 0
0.0557331183092873 0 3 0 3 0 2 3
0.5078043238474186 0 2 2 0 1 0 1
-0.8164241655245115 0 2 2 1 0 3 0
-0.1464536326151511 3 0 0 1 2 0 2
0.1470191672569126 0 0 3 2 0 2 2
0.4812566280667658 0 0 3 1 1 1 0
-0.5597243988027125 0 0 3 1 0 2 1
0.3442515272157378 0 0 1 3 2 0 1
-0.2824333191004196 3 1 1 0 0 0 3
-0.4281124899336859 2 0 0 0 3 2 1
-0.8990862677128442 0 1 0 3 3 3 0
-0.7894844988487513 1 0 0 1 1 3 0
0.5977698254123149 2 0 2 1 2 0 0
-0.2668792559341517 2 2 2 2 0 0 0
-0.2024209128545420 2 0 2 0 3 2 0
0.8553247687009042 3 0 0 3 2 1 0
0.5622717626612159 2 1 0 2 0 0 2
-0.4134286929101121 0 0 3 0 1 1 1
0.7018051946628419 2 3 0 3 1 0 0
0.5612949184686851 3 3 0 0 1 0 1
0.9391402222369811 2 0 3 1 2 0 0
0.0363950879102422 2 0 1 3 2 0 0
-0.3049918028662379 2 1 0 0 3 0 1
-0.0862538252465070 0 2 0 1 0 1 2
-0.6277108729850116 0 2 2 2 0 0 3
-0.5810967477753035 3 0 0 2 2 2 0
0.7604718911316479 0 3 0 2 2 1 0
-0.6436913687808417 1 3 0 0 1 2 0
-0.3253639325270847 3 1 0 2 0 1 0
0.5035136352114280 1 0 0 3 0 3 3
0.3370827869614401 1 3 0 0 3 0 3
0.6479481988278366 3 0 0 2 3 0 3
-0.4022451988745845 0 2 3 0 2 0 1
0.8097810208777794 0 2 3 0 3 3 0
0.3294109514570236 1 1 0 0 0 1 1
-0.1487810510212895 1 0 2 0 1 0 1
-0.8930763631200798 1 0 3 2 1 0 0
0.6966354004320103 1 2 0 0 3 0 3
0.4494315937335824 2 2 2 3 0 0 0
0.9166347953672020 0 2 1 0 0 2 2
0.6510014407684968 0 3 2 1 0 3 0
-0.2472271613154395 0 1 1 0 0 1 3
0.4599903985416245 0 1 1 0 1 1 0
0.7554609078629924 0 3 1 1 1 0 0
0.5914105785889607 1 0 2 2 0 1 0
0.9825614658578590 0 1 0 0 2 3 2
-0.9088435483184665 0 0 1 2 0 2 3
0.4795843117717729 1 0 1 0 0 3 3
0.7503276602008491 2 0 3 2 0 0 1
0.0010107082665800 0 2 1 0 2 0 1
0.8078020454359458 3 0 2 0 0 1 3
0.5018118624544896 0 2 2 0 0 3 2
0.0138664545593934 0 0 2 1 0 2 2
-0.7083032528729860 1 3 0 0 1 0 3
-0.8992574592365172 0 0 1 3 3 2 0
0.2627677073778476 2 0 0 0 1 1 2
0.7840413607287413 0 2 1 2 0 0 3
0.9479177250034438 1 2 0 0 2 1 0
0.0445504087565465 1 0 1 0 0 1 2
0.3120323207128060 2 0 1 2 1 0 0
-0.9283608754595780 1 3 0 2 1 0 0
0.1257181278047541 3 2 0 0 0 3 3
-0.4495235753129254 0 3 3 0 1 0 1
-0.7605849265331386 0 1 3 1 2 0 0
-0.9410766991272732 3 0 2 2 2 0 0
-0.5144193686812648 0 0 2 3 0 1 1
-0.1430830065919548 0 2 0 0 1 3 2
0.0348962206677399 2 1 0 2 0 1 0
-0.1748385521486282 0 3 3 3 0 1 0
-0.5448359636506643 3 0 1 1 0 0 2
0.1912471987925286 0 2 2 2 0 3 0
-0.0879735577044460 0 1 1 0 0 3 3
0.8499694930838477 1 2 0 0 0 1 2
0.7851442658009677 2 0 0 1 3 0 3
0.2912479185280410 0 2 0 3 0 2 2
0.4605436285431155 0 3 1 0 2 3 0
-0.2798327816160069 0 2 0 1 1 1 0
-0.1214981717529553 1 2 0 2 2 0 0
0.0653866185261165 3 0 1 3 0 0 2
0.7800916635922284 0 0 2 3 2 2 0
-0.0996937040003807 3 2 2 0 0 1 0
0.3772391402233326 1 0 2 0 1 0 2
0.2730816483720668 3 2 0 0 2 0 1
-0.5440031936676661 0 3 0 1 1 0 1
0.3768776570344106 2 0 1 2 0 2 0
-0.1148246532854544 3 2 0 1 0 3 0
0.2884083246029252 2 0 1 1 0 1 0
0.6330859871297190 0 2 3 0 1 0 2
0.7232352177841386 0 0 2 2 3 2 0
0.4143483362686156 2 0 1 3 0 0 1
0.7331914490517482 2 1 3 0 1 0 0
-0.7880920424892228 0 1 1 0 1 0 2
0.3389057112080174 1 1 0 0 0 3 3
0.9025959028341128 2 2 1 2 0 0 0
-0.6402677092840410 1 2 2 0 0 0 1
0.4444037959812908 2 3 0 3 3 0 0
0.7256006988873211 1 2 3 1 0 0 0
-0.8134237536038604 2 0 0 2 0 3 3
0.1378627816635263 0 1 0 0 3 2 3
0.5722205422478825 0 3 2 0 3 3 0
0.2133257943946092 1 0 1 0 2 1 0
0.7291459109661667 2 3 0 1 0 2 0
-0.7119243795707508 0 2 0 0 2 1 1
-0.8403747564988737 0 3 0 0 3 1 2
0.6794946019372730 3 0 3 3 1 0 0
-0.3402552733644810 0 2 1 3 1 0 0
-0.8516485470920541 0 0 1 2 2 0 1
0.4980369476829520 2 3 0 3 0 0 1
0.2894780235973864 0 0 0 2 3 3 2
-0.7799672376871605 0 0 1 3 0 2 1
-0.0651802311569869 2 0 0 2 3 1 0
-0.4777736961545123 1 0 2 2 0 0 2
-0.7330571878070218 1 1 1 0 0 0 3
0.7923449707247907 0 1 3 3 0 0 2
0.8659843128480174 3 0 2 3 1 0 0
0.7735611610504201 0 0 2 0 2 3 2
0.8137015700255854 3 3 0 0 1 2 0
0.5120712307599569 2 3 2 0 0 3 0
0.7813718033428794 2 3 2 1 0 0 0
0.1233429485423947 3 0 3 0 3 3 0
0.3738824361030499 2 2 0 1 0 2 0
-0.3880816706104848 2 0 3 1 0 0 1
-0.1981067612228689 2 3 0 1 0 0 2
0.3063848032219119 0 0 3 2 3 0 3
0.4443376451951093 2 0 0 3 0 1 1
0.0836259295584469 2 0 3 3 2 0 0
-0.7110030708074189 1 0 3 1 0 2 0
-0.6831513791922315 0 2 1 0 2 0 2
-0.7977910284275522 2 3 1 0 0 0 2
-0.3247826579578545 0 1 1 1 0 0 3
0.4464309690000181 0 1 2 2 0 3 0
0.1847854992476727 0 3 2 0 2 1 0
0.3922129411084845 0 1 0 1 0 2 2
-0.4462400818987271 0 0 1 2 3 3 0
0.4355457114642782 1 2 1 1 0 0 0
0.6330313800671410 1 0 2 3 3 0 0
-0.2155037557268833 2 3 1 0 0 3 0
-0.7558296907896831 1 3 3 0 0 2 0
-0.6389706316888355 2 0 2 2 3 0 0
-0.6304496504111896 2 3 0 0 0 3 2
0.8900731240050304 0 1 0 2 1 2 0
0.1013551010666924 1 3 0 2 0 0 2
0.6308378319353942 0 2 1 1 3 0 0
0.6738695010781717 2 0 3 0 0 1 2
0.1740168776953550 2 2 2 0 0 0 1
0.3232560654167895 1 0 0 0 2 2 2
-0.5466315974783194 3 0 2 0 3 0 1
-0.3578945207907136 1 0 0 3 0 1 3
-0.8737347158767523 1 0 0 1 3 1 0
0.7073011198927452 1 2 0 0 1 0 1
0.7317961005549072 1 1 0 3 2 0 0
0.5280269380333336 0 3 0 1 2 0 3
0.7143885891461090 3 2 3 1 0 0 0
0.4902810099198316 1 0 1 0 2 3 0
-0.2822488069262976 1 0 2 0 0 3 1
-0.6126339253981432 0 1 2 0 2 2 0
-0.6519135496618622 0 1 0 0 2 1 1
-0.2009343807984625 1 3 2 0 1 0 0
0.8526702184471358 2 2 0 0 2 1 0
0.5420881557634043 0 1 0 1 3 1 0
-0.0532911995256837 1 0 3 0 3 0 3
0.2716526059797713 3 1 3 1 0 0 0
0.1608990659007281 0 0 3 2 1 2 0
0.2398483692947251 0 0 3 3 3 3 0
-0.2415542952367968 0 2 1 2 2 0 0
0.5339278895898667 0 2 2 0 1 0 2
-0.8234130380460443 1 2 0 0 1 2 0
-0.6189537498022897 2 1 0 0 3 0 3
-0.9996343305444915 0 3 1 3 0 0 3
-0.8837502342433747 0 1 1 0 3 2 0
0.4334462449239187 0 3 2 1 0 0 2
0.3624896771607415 3 0 2 1 1 0 0
0.3130926084775776 3 0 2 1 2 0 0
0.2192977259846987 0 2 2 0 2 1 0
0.5319867525147184 0 1 3 0 0 1 3
0.3287669738294605 0 1 1 0 2 1 0
0.3638026154041365 2 2 0 0 2 0 2
0.7676064033993550 0 3 3 0 1 3 0
-0.3226259965715315 1 3 2 1 0 0 0
-0.3803865533963475 1 0 3 3 2 0 0
-0.7853089606958017 3 0 3 2 2 0 0
0.3725150886667612 0 0 0 2 2 2 3
-0.9479073387783699 0 3 0 2 2 0 2
-0.4362921020133514 2 2 2 1 0 0 0
0.5180960629413018 0 3 0 2 3 0 2
-0.9941168601044605 3 2 1 0 3 0 0
0.1845095694323096 1 0 2 0 0 1 3
-0.5773767139924917 0 0 1 3 0 3 3
-0.2174871306353801 1 0 0 2 2 0 3
-0.3470411177816228 0 0 2 1 0 1 2
-0.0547696549829202 0 2 1 0 2 2 0
-0.9401625887531937 0 3 0 1 2 0 2
0.2442615670484591 0 3 1 0 0 1 1
0.0801727431911177 1 2 2 1 0 0 0
-0.6135066532253441 0 0 0 2 2 1 1
-0.1047865388366265 2 2 0 0 0 3 1
-0.5808544353328242 1 0 2 3 0 0 1
-0.0989871147632331 1 0 3 2 3 0 0
0.6952534601274538 0 3 3 2 3 0 0
0.4932304299060968 1 0 0 2 2 3 0
0.5342599602784412 2 1 3 0 0 2 0
0.3226567615485159 3 3 1 0 3 0 0
-0.2046713124520876 0 2 1 0 3 0 3
0.7854349617733491 3 0 1 1 0 3 0
-0.2968786650238013 0 1 0 3 3 2 0
0.9109927580687585 1 3 1 0 0 3 0
-0.3590605899083539 0 0 0 1 1 2 2
-0.5121559881357789 3 0 0 3 1 3 0
0.9937639265105933 1 0 2 0 0 2 2
-0.6782366265385551 2 2 1 1 0 0 0
-0.2795171666559073 1 0 0 2 3 1 0
0.7428625908859408 2 0 0 0 2 3 3
-0.7091006740841816 0 1 0 0 1 3 2
0.7130178437479642 2 0 2 0 0 1 2
-0.8446578428428115 0 0 2 1 0 3 2
-0.4403788582311585 2 1 0 3 0 3 0
-0.8956109933399761 1 1 1 3 0 0 0
0.3843450321949564 0 0 2 2 3 3 0
-0.0124834542526937 0 3 3 1 1 0 0
-0.8567671709204325 2 0 2 0 2 0 2
0.7151610063087968 0 0 2 0 3 2 1
0.2399500512096988 0 2 0 3 1 1 0
-0.5678918893970561 0 2 1 2 0 1 0
-0.4186122964864882 3 1 0 3 0 0 1
-0.1785962408072606 0 2 3 2 0 2 0
-0.9891151931348237 0 0 1 1 0 1 2
0.6893264500277658 3 0 3 2 1 0 0
-0.7804078665937271 0 2 0 1 0 2 2
-0.1891062716929377 2 3 2 0 0 1 0
0.6863261122958586 1 0 3 1 0 1 0
0.5215938096902155 0 0 1 3 3 1 0
0.6719846837579240 0 2 3 0 3 2 0
0.3804657899481794 0 0 3 0 2 3 2
-0.9411271900371869 0 1 1 0 0 2 3
0.5144263723563935 3 1 3 0 0 0 1
0.4731076713878288 1 0 0 0 3 3 3
0.6727339828026022 2 0 1 0 2 0 3
-0.6200656167675191 0 0 0 1 2 1 1
0.4522755313442255 3 0 0 3 1 0 1
0.1401281739557141 3 0 3 1 2 0 0
0.8831944313106370 0 3 0 2 3 0 3
-0.7222640331088217 0 3 3 0 2 0 2
-0.2100850841297894 0 3 2 3 0 2 0
0.5875083002327137 3 0 2 0 0 3 3
-0.5822081663078442 0 3 2 0 2 0 2
0.4615609176168409 3 0 2 1 0 3 0
0.9260907175371473 1 0 0 3 3 1 0
0.5332651721066120 2 2 0 2 1 0 0
-0.2152002837854781 0 3 0 0 3 1 3
-0.8865514409038593 0 0 3 0 3 1 3
-0.4526399802195553 3 3 2 0 3 0 0
0.2979679735513321 1 3 2 2 0 0 0
-0.3216333113034262 2 2 0 0 3 2 0
0.5968990487541226 0 0 0 2 2 3 2
-0.8699753487619009 0 1 1 3 0 3 0
-0.4533234321917572 0 3 0 1 0 1 2
0.6567219587005158 3 3 1 0 0 3 0
0.2706216502327916 3 0 0 2 1 1 0
-0.1760177499490134 0 1 0 2 0 3 3
0.6256710587724412 2 0 0 3 0 1 3
0.0428863129826240 0 2 1 0 0 2 3
-0.0224519944483654 2 0 3 3 1 0 0
0.8744547795417252 0 0 2 2 0 3 2
-0.6614891411462025 0 0 0 1 1 3 1
0.8649024514995638 0 2 0 3 3 2 0
-0.2536987708586098 1 0 0 3 1 0 2
-0.0361789380258033 3 0 2 0 0 2 2
0.6013369117535390 0 3 0 2 3 3 0
-0.2815813391890636 0 1 3 3 0 2 0
-0.3513314785522317 1 3 0 0 3 0 1
0.1656774710427307 0 3 0 0 3 2 1
0.8090008092393142 0 3 2 1 0 0 1
-0.8283891510429120 2 2 1 0 3 0 0
0.7647342212509052 2 3 3 0 0 0 1
-0.8389492442822890 0 2 0 3 0 2 3
0.1956858005582800 0 2 1 0 1 1 0
0.8736061348806552 2 0 0 0 1 2 1
0.4037220008077014 0 0 0 2 3 1 2
0.6509057820347348 3 0 1 0 2 0 2
-0.1419191929022245 2 2 0 3 0 0 3
0.2242790908757701 2 2 0 3 2 0 0
0.2811006348278617 0 2 0 0 2 1 3
-0.7497790224113652 1 2 0 1 3 0 0
-0.6424826301474280 0 3 2 0 0 3 1
-0.5691503738354733 1 0 1 3 0 0 1
-0.4330775572218866 1 0 1 2 0 0 2
-0.0969740389745908 0 2 3 3 0 0 3
-0.2560554279482619 2 0 0 1 1 0 3
-0.9268797534329629 2 0 2 0 0 3 2
-0.1750387136756462 2 3 2 3 0 0 0
0.4164753181496443 3 3 0 3 0 0 2
-0.6297025255913995 2 3 0 3 0 1 0
-0.7060396162940783 1 0 2 0 3 1 0
0.9512542633024357 1 3 3 1 0 0 0
0.8116995982010597 0 0 0 3 2 2 1
-0.5918022212024188 0 0 0 1 2 1 2
0.6299804514490674 0 0 0 1 3 1 1
0.0017392349813161 2 1 0 0 1 0 1
0.4480813513774264 3 0 0 0 2 3 3
-0.7735171411971622 0 3 0 1 3 3 0
-0.1677601087790990 0 1 3 1 0 3 0
-0.1684087328672581 2 0 2 2 2 0 0
-0.9823676161932655 2 0 2 0 2 2 0
-0.5463624109205323 1 0 1 1 0 0 3
-0.9367371013814101 3 1 0 0 2 0 1
-0.9860150730696096 1 3 0 0 2 0 3
0.1859806915346620 1 2 3 0 0 2 0
-0.3392407151892392 0 0 2 1 1 0 2
-0.6603236216512425 2 2 0 0 0 1 1
-0.6891413885155824 1 3 0 2 3 0 0
0.6544153561498756 2 2 1 0 0 0 2
-0.4564507486003682 1 1 3 1 0 0 0
-0.5779768004968580 2 1 2 0 3 0 0
0.0298561090491694 0 1 0 1 2 2 0
0.1002799422074308 1 0 0 3 3 0 2
0.5955281485174673 0 0 3 2 0 1 1
0.6584293268439272 0 3 0 0 3 2 3
-0.0774365940093378 1 3 3 0 0 3 0
-0.3670757103234585 1 0 0 0 1 1 2
0.2141472421918922 0 3 0 2 1 2 0
0.2500265314744308 3 0 0 0 2 1 1
-0.0867816616698029 1 1 3 0 0 2 0
-0.9705855212948165 2 1 0 0 2 0 2
0.1750018667392308 2 0 1 1 0 0 1
-0.2299487216293175 0 2 3 3 2 0 0
0.0213844219010577 0 0 0 1 2 3 2
0.8321047241652109 2 1 0 0 0 1 2
0.4195331920888103 0 0 1 0 1 1 3
-0.8518358603081553 1 0 0 2 0 1 3
0.4348260727141651 0 2 1 3 0 2 0
0.3985750954923530 0 3 1 3 0 2 0
-0.5290696435503381 0 3 0 0 1 3 1
-0.7527351891793990 2 0 3 0 0 2 2
0.2545906341688497 0 1 1 3 0 0 1
-0.0396262712365296 0 3 3 0 0 3 1
-0.8477077044772656 3 2 0 0 3 0 3
0.8296547546394155 0 1 0 2 0 2 3
0.4297209172381993 2 1 3 2 0 0 0
0.6032165905518672 0 3 0 1 0 3 3
-0.7754149376841510 3 0 2 2 1 0 0
-0.6532161992643659 1 0 1 0 0 3 1
0.0368540279593335 1 2 0 0 0 3 1
0.9186184715753445 0 3 1 1 0 3 0
0.7839837280453383 3 1 3 0 3 0 0
-0.7845151288506296 2 0 3 1 0 1 0
0.4438157222944130 1 2 2 0 0 0 2
-0.8802178792447790 1 0 0 2 1 0 3
-0.6142946537910476 1 2 0 1 0 1 0
0.4739741023236450 1 0 3 0 3 0 2
-0.6302590665001120 0 0 3 3 1 0 1
0.3421008133416212 0 1 3 1 3 0 0
0.0577284179309916 0 2 2 0 0 3 1
0.6470444087781058 1 0 2 2 0 2 0
-0.4795464035772756 0 2 0 0 3 2 3
-0.2779599107057531 1 1 1 0 0 1 0
0.7408920341534653 0 2 3 0 3 0 3
-0.4068584963612549 0 0 2 2 0 2 1
-0.7541869997573614 1 0 1 2 1 0 0
0.3109732803420828 0 0 0 1 3 1 2
-0.2831936002877484 0 0 1 1 2 0 3
-0.1985042643598383 1 0 0 2 3 0 2
-0.4211977127456781 0 3 0 3 0 3 1
-0.3832161834833341 3 3 1 3 0 0 0
-0.1693488027231738 2 3 0 2 1 0 0
-0.6925163358408211 0 1 0 0 1 2 2
-0.5908144188510271 3 0 0 0 2 2 1
0.9538801564772621 2 0 1 3 1 0 0
-0.6816463742274084 0 2 0 2 0 3 3
-0.9922382681379769 2 1 0 0 0 2 1
-0.0564695503418271 2 0 0 3 0 3 3
0.5369525002683473 3 0 0 1 3 0 2
-0.9004106981505866 0 0 3 2 2 1 0
-0.4528961674861931 3 3 0 3 0 1 0
-0.9448676261955116 2 0 0 1 2 3 0
-0.5178841347307532 0 0 0 2 3 3 3
0.6898171995784959 3 0 0 1 1 2 0
0.9147892824267356 1 0 3 1 2 0 0
0.0056691759765930 0 3 0 0 3 3 2
0.7807405497516859 2 0 0 0 2 2 2
-0.7058677052027424 0 2 0 0 3 1 1
-0.2315959413267870 2 2 0 0 3 0 3
0.1102051290672319 1 1 0 1 1 0 0
-0.4681738994081124 0 0 1 1 3 0 3
0.0306798663788794 1 0 2 3 2 0 0
-0.8561094878207258 1 0 0 1 1 0 3
-0.6074308930721426 0 0 0 1 3 2 1
-0.6834188545192781 3 3 3 0 0 0 2
0.1980927631883109 3 1 2 3 0 0 0
0.6684214886051556 2 1 0 0 2 0 1
0.1898471020244519 2 1 0 0 2 3 0
0.1776962530453237 0 0 3 1 1 0 3
-0.2077690086504604 0 1 3 3 2 0 0
0.9966303080451562 0 2 2 0 3 1 0
0.5802772561138394 2 0 0 3 3 0 3
0.8995938139269468 0 2 0 0 1 2 1
-0.0986013033012061 1 3 0 0 0 3 1
0.6536278130101887 2 0 3 0 0 3 1
0.8956066304770580 2 3 1 1 0 0 0
-0.7282207309149074 1 3 1 0 3 0 0
-0.4339322849902827 3 2 0 0 0 1 3
0.4646878950489459 0 3 3 0 1 0 3
-0.0606889062863751 0 1 1 2 0 0 3
0.5614729403323209 0 2 2 0 0 1 1
0.4948489581661200 3 3 3 0 0 1 0
-0.3209672453934822 3 0 0 1 0 3 1
-0.5155418668292424 3 0 0 2 3 1 0
0.4317959948775485 2 2 3 0 0 3 0
0.7810498079791710 2 0 1 0 0 2 3
-0.4370168772073175 0 0 1 1 0 2 3
0.0480773126898753 3 0 1 0 2 0 3
0.7623383130211907 3 0 3 3 0 0 3
-0.7283027862188760 2 2 0 3 3 0 0
-0.8376167036282820 0 0 2 1 0 1 1
0.4872757904271197 0 0 0 3 2 2 3
0.9951137773691563 1 0 1 0 2 0 3
-0.5668863980104299 1 0 0 0 2 2 3
-0.8328706063516140 0 3 1 0 0 1 3
-0.8693019045725758 0 1 3 0 2 1 0
-0.1217039792208041 3 3 0 3 0 0 1
-0.7571695792137993 1 0 1 2 2 0 0
0.7973089225172396 3 3 0 0 0 1 2
-0.2001645115187818 0 3 2 3 0 1 0
0.1559626216798216 1 1 1 0 2 0 0
0.8852951238673383 2 0 0 0 2 3 2
-0.0189649503503309 3 1 1 2 0 0 0
0.3098842677772624 1 3 3 0 0 0 1
-0.8003196338533625 0 0 2 2 0 3 1
0.9623250722890846 1 3 0 3 0 0 1
-0.0226789725675456 1 0 0 3 3 0 1
-0.6861458922151156 3 3 0 0 2 1 0
0.3844721282264458 0 0 3 2 0 3 1
-0.4363377165573206 1 0 2 0 3 0 3
-0.2027443048489574 0 3 0 3 1 0 1
0.7491910503169106 2 3 0 0 0 1 1
-0.8439862432745830 1 1 0 2 0 0 3
0.4440210309144812 1 3 0 3 3 0 0
-0.6928209630428808 0 1 0 2 2 3 0
-0.5925147591562885 0 2 3 0 2 1 0
-0.3932202461908463 0 1 0 2 3 0 3
-0.2305134608644144 2 2 0 0 3 0 2
-0.2294905074669813 0 2 3 0 1 1 0
0.9673543955113924 0 1 2 0 0 3 3
0.0763885582196748 1 0 0 2 3 3 0
-0.0588994778594716 3 1 2 0 0 3 0
0.9059793161695906 3 1 3 0 2 0 0
-0.4426925168414597 1 0 0 3 0 1 2
0.4480507447066890 2 2 0 0 0 1 2
0.8832461707121122 0 3 2 1 0 0 3
-0.6292706381723172 2 0 2 3 0 1 0
0.0125836592853379 0 0 2 1 2 0 3
-0.7920636609871681 2 0 0 2 1 2 0
0.4968544517210394 0 0 2 2 1 3 0
-0.0257536826478604 2 1 0 0 1 3 0
0.5782298820944136 3 1 2 1 0 0 0
0.6814457664011682 1 2 0 0 2 0 2
-0.6407323091041393 3 0 3 0 0 2 1
0.5697341710904686 0 3 2 1 1 0 0
-0.7012148211006672 0 0 3 0 2 3 1
0.5983028240870769 2 0 3 3 0 3 0
0.2583705474551001 0 0 1 0 2 3 1
-0.6804092121753105 2 1 1 0 2 0 0
0.6772566410161247 0 1 0 1 1 0 2
-0.7397058910734127 0 0 1 0 1 3 1
0.9303051280123953 1 3 0 1 0 3 0
0.7810963643833249 1 2 0 2 0 0 1
0.9412570570395966 0 3 0 0 2 3 1
0.1488405198579619 0 2 0 0 3 1 3
0.4848756199516706 0 0 1 3 2 1 0
-0.0477386859794036 0 2 0 3 2 2 0
0.3390502040555785 3 0 2 3 0 1 0
-0.0232898620043303 0 0 2 2 2 0 2
0.1351168555105478 0 1 3 2 0 0 1
0.8197145095438636 3 1 0 3 0 3 0
0.8087749708387253 1 0 1 0 3 0 3
0.4775285316408453 3 3 0 0 0 2 2
-0.4053009508919652 3 0 0 3 0 2 2
-0.4174800309335676 1 2 3 2 0 0 0
0.2779874227406147 3 2 1 2 0 0 0
-0.0810833531760138 3 1 3 0 0 0 2
-0.4459653433028585 0 0 3 3 0 1 2
-0.7593854865544616 1 0 0 3 1 3 0
-0.6595807636499684 2 0 3 1 1 0 0
-0.4684198730245599 2 2 0 0 0 2 3
0.8453460516816385 0 0 2 2 0 1 3
-0.3092702341491589 0 2 3 3 0 1 0
-0.3136092740182694 0 3 2 2 0 2 0
-0.1088370691765732 0 2 2 0 2 0 3
0.1476217544394196 0 1 0 2 3 2 0
0.2659422574314318 2 0 1 1 2 0 0
0.3254736764766526 0 3 0 2 1 3 0
0.2447229525130008 0 0 3 3 3 0 1
0.8927067599743761 1 3 0 1 0 0 2
0.8033048200223651 0 2 3 0 0 2 3
-0.8343293316270937 0 1 2 0 0 3 2
0.5282804510996617 1 3 3 2 0 0 0
-0.3573660658188680 3 2 0 0 3 3 0
-0.1741456075368968 0 0 3 0 1 3 2
0.6347270116776569 0 0 1 1 1 0 3
0.8198743293571906 1 3 1 0 0 0 1
0.9114538323265409 3 0 1 3 0 0 1
-0.7703215424928855 2 3 0 0 3 2 0
-0.8309776915266571 0 3 1 2 0 3 0
0.5385904164619715 0 1 0 3 1 1 0
-0.3357987941491902 0 3 2 0 0 2 3
0.9306693016378038 0 3 0 3 0 3 2
-0.4107857713340926 2 0 2 0 1 1 0
0.4206751146865295 2 0 0 2 2 1 0
-0.2054779447094390 2 2 0 3 0 2 0
0.9250917855627003 0 0 2 3 0 1 3
-0.5333152625699431 0 0 2 0 3 1 1
-0.4975096778472579 0 2 1 0 0 3 1
-0.8186405345633376 3 0 0 2 0 2 2
-0.4220030879221823 0 0 1 2 1 0 3
0.1056388836642452 0 3 1 0 0 2 2
0.5693413829330993 1 1 1 0 0 0 2
-0.1960137179084063 0 2 3 0 2 3 0
-0.0021603023557062 0 3 0 2 2 2 0
-0.3835341543911472 2 0 2 0 3 1 0
-0.9566216210920735 2 2 0 3 1 0 0
0.8681684248210852 1 3 3 3 0 0 0
0.9141196076259954 2 0 1 2 3 0 0
0.8621261652984447 0 2 0 3 3 3 0
-0.2345821324648196 0 2 3 0 2 0 3
-0.0307502775214625 1 1 2 0 0 3 0
0.4621163290543089 1 1 0 0 3 3 0
0.8703495027030688 1 0 0 0 1 1 3
0.4637242218429849 0 3 1 0 3 0 3
-0.4781690279558064 0 0 2 0 1 3 2
-0.3021320565335093 2 2 0 1 0 1 0
-0.0946042805218046 2 3 0 3 0 0 3
-0.0249545973521530 0 1 2 2 0 0 2
0.9882926651514468 0 0 2 3 2 1 0
-0.0878047806118958 3 0 0 3 2 2 0
-0.1641194373890071 0 1 1 2 0 3 0
0.9563266227615996 0 1 0 2 3 1 0
0.6591435625399056 2 0 1 2 2 0 0
0.8370914866198540 2 1 0 3 2 0 0
0.3339798265314589 0 0 1 2 3 0 2
0.2909112832068304 3 0 0 0 2 3 2
-0.7497583667867764 3 0 0 2 1 0 3
-0.0214158757088974 0 3 0 3 2 2 0
-0.6515847739369023 0 0 2 1 2 1 0
0.7329865391038521 1 0 2 0 1 0 3
-0.2526232377336215 1 0 3 0 0 2 1
0.3561209834113686 0 0 1 0 1 2 1
0.3250656546324073 0 1 0 1 0 2 3
-0.8620476779350608 1 1 0 0 2 0 3
-0.9214132719724710 1 0 3 0 2 0 1
0.0661002242390079 0 2 3 0 0 3 1
-0.9667590754841948 0 0 3 0 1 1 2
-0.8363928930984894 0 0 3 2 3 1 0
0.0215793676926213 2 0 0 2 1 0 1
0.7213730875367270 0 0 1 1 0 3 2
-0.5093248121303071 0 3 2 3 0 0 2
0.1991323115630550 0 2 0 3 1 0 2
0.4532541451900378 0 3 0 1 1 0 2
-0.7811261985668103 2 0 3 2 0 1 0
0.3977226741389019 3 0 0 0 3 1 3
0.5242367492025735 0 3 0 0 1 1 2
0.3693297211504556 1 0 3 0 1 0 2
0.1692158147991010 3 0 2 2 0 0 3
-0.8617200321961975 0 2 0 3 1 2 0
0.1679289307826068 2 1 0 3 0 0 1
-0.8875172467317356 2 0 2 3 1 0 0
0.7096069440249220 3 2 2 0 0 0 2
-0.4844434089842615 1 2 0 0 0 2 1
-0.9517239797933270 1 0 1 0 3 2 0
0.6922897577216278 1 1 1 0 3 0 0
0.6934954577664671 0 1 0 1 3 0 2
0.5642137879872200 1 0 3 0 0 1 1
-0.1323326462174490 1 0 0 2 0 2 2
0.7575666292890226 0 1 3 0 0 2 2
0.1528381930090241 0 3 1 0 3 3 0
-0.6304313875129335 0 0 1 1 2 1 0
0.6697391363574314 3 1 0 0 3 1 0
0.2840266323295690 0 3 2 1 0 2 0
0.6917131212533694 0 0 2 3 1 1 0
0.0605944420057813 1 2 0 0 1 0 3
-0.0673354729941191 3 0 1 0 2 0 1
0.3206686117283861 2 0 2 1 0 0 1
-0.8664376564354423 1 3 0 3 0 2 0
-0.3127902365006210 0 0 3 1 0 2 3
0.9812018612831230 3 2 0 2 0 0 3
0.4403243903933565 1 0 3 0 2 3 0
-0.3480878707041160 0 2 2 3 0 0 2
-0.5655891345120456 3 2 0 0 2 2 0
0.4274252385517123 2 3 0 0 1 3 0
-0.7647831348073657 3 3 0 2 0 3 0
0.3964438225804485 3 0 2 0 2 0 1
-0.1227459306870158 2 2 3 2 0 0 0
-0.6920914721257527 0 0 0 3 1 3 2
0.0498861114524187 2 0 0 1 1 0 1
0.2587543307704678 0 3 3 0 1 0 2
-0.9712924403312828 1 3 0 3 1 0 0
0.0275030621621168 3 1 2 0 3 0 0
0.4767553345911217 2 0 0 2 0 1 2
0.6147466481569086 1 0 3 0 0 3 3
-0.8591720405983341 0 2 0 3 2 3 0
0.6697363946144521 1 2 0 0 0 2 2
-0.6592154475628511 0 3 3 0 3 0 3
-0.9591257304202485 1 0 1 0 0 1 3
-0.8489861164731758 0 0 3 1 0 3 2
0.2708363489248520 1 0 1 0 2 0 2
0.9771420007512419 2 2 2 0 3 0 0
-0.1934891199300219 2 2 3 1 0 0 0
0.6015001054178606 0 0 0 2 1 1 1
0.6571790134585063 0 1 3 0 3 1 0
0.0873370776167162 1 2 3 0 0 0 3
0.9161957547549249 2 0 0 0 3 2 3
0.4862638933939152 0 2 2 1 0 0 3
0.2764003881782862 0 2 0 1 0 1 1
0.5070645307042687 3 3 2 0 0 0 3
-0.5751949650362078 0 3 3 0 3 0 2
0.4722744154581058 3 2 0 3 0 0 2
0.1350807559725342 2 1 0 3 0 0 3
0.9988265302019288 3 1 0 2 1 0 0
0.7427324651576266 0 1 2 0 0 2 2
0.0332486289532736 0 1 1 1 0 3 0
-0.1261177834067129 0 3 0 3 0 3 3
0.2488284541697778 3 2 0 1 0 0 2
0.8807669312850199 2 0 2 0 0 3 1
0.7876180806820656 0 2 0 0 2 2 3
0.0941609595661475 0 0 0 1 3 2 2
-0.6146029361328325 3 0 1 0 0 2 1
0.9814846655237031 1 3 0 1 0 0 1
0.7712003276853487 2 0 0 2 0 2 3
0.7755438290001246 0 0 3 2 0 3 2
-0.6506146854015231 0 0 3 0 2 3 3
0.7908716822826334 2 0 0 2 3 0 2
0.4142586286511363 0 3 2 2 0 1 0
-0.1845721674050638 0 1 0 2 2 0 1
0.1312666037272592 0 1 0 0 1 2 3
-0.3555059029259795 3 0 0 1 3 0 3
-0.7068462431879536 1 3 0 1 2 0 0
0.8277052158033880 0 3 3 2 1 0 0
-0.4619040511199475 2 0 1 3 0 0 2
0.7972167839601829 1 2 0 1 2 0 0
0.1506340358596878 3 0 1 0 0 2 3
0.8231349600544173 3 2 1 0 0 0 2
-0.2719485448059000 2 0 1 0 3 0 1
0.7066130525241137 3 0 2 0 3 0 2
-0.6328648861237220 0 1 2 0 0 3 1
0.6992638699159226 1 0 3 1 0 0 3
-0.4373885512093507 1 1 0 1 0 0 3
-0.2083940825252240 3 0 3 2 0 2 0
0.3421272449216006 2 1 0 0 1 0 2
0.4158685224416692 3 3 3 3 0 0 0
-0.0885430797766891 0 0 0 3 3 2 2
0.6456154909994187 1 2 0 2 0 2 0
0.5806941612901326 0 0 1 0 1 2 2
-0.6159646220608190 0 0 1 1 2 0 2
-0.0670789897055801 1 2 0 0 2 3 0
-0.5922887667016707 0 0 2 1 3 0 1
-0.5877488133618065 0 3 0 1 3 2 0
0.1550009643840715 0 0 3 0 1 3 1
0.8732223073982612 1 0 0 3 0 2 2
0.4044066254828500 0 0 2 1 1 2 0
-0.9931779257956759 2 3 0 0 1 2 0
-0.0584132854324895 0 1 1 1 2 0 0
-0.2214624502005393 1 2 1 2 0 0 0
-0.8285065744722888 0 2 1 0 2 0 3
-0.9849618728557665 3 0 3 2 0 1 0
-0.2230238874451069 1 0 3 2 0 1 0
0.6444038516035493 0 1 3 2 0 3 0
0.8307305511900509 1 2 1 0 1 0 0
-0.9357908518312210 0 2 2 3 3 0 0
0.1232739191134684 3 2 3 0 0 0 2
-0.2571323779695955 2 0 1 3 0 3 0
0.9785242550451101 1 1 2 0 0 0 3
-0.7712878572458091 1 3 3 0 1 0 0
0.0343957229686396 0 0 1 1 3 1 0
0.1422307166261398 0 3 1 0 0 3 1
0.0428042075302302 1 0 2 2 0 0 3
-0.8629307664833636 0 2 2 3 1 0 0
0.9461597397716524 0 3 0 0 2 1 2
-0.5319829504193276 0 0 1 1 0 3 1
0.6256864617007964 0 0 2 3 1 0 3
-0.6581235885375167 3 3 3 0 0 3 0
-0.4876983407222710 1 0 0 0 1 3 1
-0.7950737019636422 0 3 2 0 1 0 3
-0.0384685920881007 3 2 0 3 0 0 3
0.7956814431240864 3 0 0 2 1 2 0
-0.1573161959869687 3 0 3 0 3 2 0
-0.9567300670350862 2 0 0 0 2 3 1
0.9860196922344358 0 1 1 3 3 0 0
-0.3554016652897136 2 1 3 0 0 1 0
-0.8897358335493659 0 3 1 1 0 0 3
0.8869653366591559 3 2 0 2 0 3 0
-0.9937659963110490 1 0 0 0 2 1 2
-0.3029355725069576 3 3 1 0 0 0 2
-0.3702295086322338 0 3 1 3 0 1 0
-0.7752167026177805 2 0 0 0 2 1 2
-0.0385375709503137 1 3 0 0 0 1 2
-0.4966033837349999 0 0 2 3 0 3 2
-0.2143876091504906 1 0 2 0 2 3 0
0.3128330118031870 0 0 0 1 1 2 3
0.4290309042449483 0 1 2 3 2 0 0
0.9281064175637339 2 2 0 0 1 3 0
0.8197096736614629 3 0 0 3 2 0 1
-0.7154471926118489 3 0 0 3 1 0 3
-0.5036835112515896 0 1 2 2 0 1 0
-0.9289811531477519 3 0 0 3 1 1 0
-0.4794785746217618 0 0 1 0 2 1 2
0.5713157717551858 3 2 0 3 0 2 0
0.4578275288595393 0 3 0 1 2 0 1
-0.5381362769646825 2 0 0 3 1 1 0
-0.9167562865519130 0 2 0 0 3 3 3
-0.8425438067556270 0 1 0 3 0 1 2
-0.0273811817688026 0 0 3 2 0 3 3
0.9598413318062340 0 1 2 0 0 1 1
-0.7979708934709220 0 1 0 3 1 2 0
0.5919443936661850 0 0 0 2 1 2 2
-0.9552853018687413 0 0 2 3 0 2 1
0.0424251026391924 1 0 0 1 0 3 1
0.1409751847523826 1 3 0 0 0 3 2
0.5656198903786180 0 0 2 1 2 0 1
-0.4129884991915855 0 3 3 1 0 0 3
-0.2101465444298578 2 3 0 0 2 1 0
-0.0966550409507545 3 0 1 2 0 3 0
0.6783953903296776 0 2 3 0 1 0 1
-0.0257242379738281 1 2 0 3 0 1 0
0.6624140935701468 0 0 2 0 2 3 1
0.5472603369118259 0 3 2 0 3 1 0
0.8437190073388690 2 2 0 1 0 3 0
0.4468023147640074 1 1 0 3 0 1 0
0.7730959789277183 0 1 2 3 0 2 0
0.4359838486282954 2 0 0 2 2 0 1
0.5198802249922592 2 3 2 2 0 0 0
-0.7341963493164896 1 1 3 3 0 0 0
0.5250379920147263 0 2 3 1 0 2 0
-0.1259510311127665 1 3 0 0 2 2 0
0.4203580949211190 3 1 0 0 2 0 3
0.6158443479260340 2 0 1 0 0 3 1
-0.3863409486024143 0 2 1 1 0 0 1
-0.2316009812341373 3 0 0 2 2 3 0
0.3523654627347899 0 0 0 3 1 1 1
-0.8234996450270682 0 3 2 2 0 0 1
-0.6430039470054492 0 0 1 1 1 1 0
0.2811991931560438 3 2 1 0 0 0 1
-0.3477757777159212 1 0 0 3 2 3 0
0.1738658345035546 0 0 1 0 3 1 3
0.3657028077297084 1 2 2 0 2 0 0
-0.6298690125946955 3 3 0 2 2 0 0
-0.4509684751715650 1 0 0 2 0 1 2
0.3376871553089187 2 3 0 0 0 2 2
0.2610011545096609 3 1 3 0 0 1 0
0.1316720347212375 0 3 1 1 0 0 1
0.5840717961063557 2 3 3 0 0 3 0
0.6409242783900879 1 3 0 1 3 0 0
0.4368043376564008 0 2 2 2 1 0 0
0.4069807688226259 0 2 1 3 0 0 3
-0.6172218981014590 3 0 3 1 0 0 1
-0.5723361215357101 0 1 3 0 1 0 1
0.4207655964466033 0 1 0 1 2 3 0
-0.0556084281634350 2 2 0 0 3 0 1
-0.6932378665488168 2 0 0 3 1 0 3
-0.2872415038352389 0 0 2 0 1 2 2
0.4195954906269208 0 1 1 0 1 2 0
-0.4074589402580258 2 0 0 2 2 2 0
-0.1567414040124104 0 1 0 2 2 0 3
0.8747587271653410 0 1 0 1 0 1 1
0.7656067232339607 1 1 0 3 3 0 0
0.7288686791904835 0 3 2 0 3 2 0
0.5453968471652295 2 2 0 2 0 0 2
-0.0805093480095584 0 1 1 2 0 2 0
0.2298542921774460 0 2 0 2 0 3 2
-0.6933613211048404 0 1 1 0 1 0 3
-0.1938506332887409 2 3 0 1 0 3 0
0.6302665436655719 0 0 3 0 1 2 1
-0.4241457205877412 0 3 2 0 0 2 2
0.6257886419755085 1 2 0 2 0 0 3
-0.2758436478744837 1 2 0 3 1 0 0
0.4596538266432360 0 0 3 1 0 1 2
-0.5651812961991545 0 0 1 1 2 0 1
-0.2965804149161342 0 3 2 3 0 0 3
0.6863809028082106 0 0 0 1 1 1 2
0.5663145651552106 2 2 1 0 0 0 1
-0.3006836192196360 3 1 2 0 2 0 0
-0.4886869339527271 1 3 0 0 1 0 1
0.7366820145775261 1 0 1 0 1 0 2
-0.8842549451420343 1 1 0 2 2 0 0
-0.1559150493089232 1 0 0 0 3 2 1
-0.4691297238722225 0 2 1 2 1 0 0
0.2419322342166148 2 0 0 0 3 3 2
-0.0886958742736172 0 0 2 3 2 0 2
-0.0546435836438302 0 0 3 3 1 3 0
0.9593545963650651 0 2 3 1 3 0 0
0.5886061180136890 3 3 1 2 0 0 0
-0.3376503641287696 0 1 2 0 3 0 2
0.5343903335118287 0 2 0 3 0 3 2
-0.7038189857494437 3 2 1 0 1 0 0
0.6039587412187102 1 2 2 0 0 3 0
0.1453886610968513 3 1 2 0 0 0 1
-0.9739209164022651 3 0 0 2 1 0 1
0.1908085249638176 0 0 0 3 1 3 1
0.6271140081040494 0 0 3 3 2 0 1
-0.1459307725499603 0 2 3 3 0 0 1
0.5911366068094432 0 0 1 0 2 1 1
-0.3241329540208591 2 2 1 0 0 0 3
-0.7363379895779947 3 0 3 1 0 3 0
0.5076733244338483 0 1 2 3 3 0 0
0.6260634222138837 1 0 2 0 3 2 0
-0.4004276097859090 3 3 0 3 3 0 0
0.2581245485099040 0 2 1 1 0 3 0
0.8854031543345504 1 1 0 1 0 1 0
-0.0000948172498518 2 0 3 0 3 0 2
-0.5909994794293847 0 0 1 0 3 2 2
0.3142497658385552 1 0 3 0 2 1 0
0.5460729645038942 0 0 1 0 2 2 2
0.1779102397557282 1 0 0 1 0 2 2
-0.6502209868434123 2 3 0 3 0 3 0
0.5906576820652267 0 2 0 0 2 1 2
0.8459905418393332 0 3 0 3 1 0 2
0.9764573945308626 2 3 1 0 0 2 0
-0.4038408393150155 1 2 0 0 1 1 0
-0.1973178963995721 1 2 0 3 0 0 3
0.2892389761630771 2 0 0 0 2 2 3
-0.5801341330634324 1 1 0 0 1 0 3
-0.2217710016687717 2 0 0 1 3 2 0
-0.2303724943728089 0 0 1 2 0 2 2
0.4647736106777069 2 1 3 1 0 0 0
0.5976602855266395 2 0 2 0 2 1 0
0.0846404004781289 2 0 0 2 0 3 2
-0.8533991954424989 2 0 0 1 1 0 2
0.4712865959345043 2 0 0 3 0 1 2
0.3035755355669887 0 1 2 0 2 0 1
-0.0953343830009337 0 3 1 3 2 0 0
-0.3392909465846721 0 2 0 2 1 2 0
-0.8185699615068485 1 0 0 0 3 2 2
0.8633461949855901 0 0 3 0 2 1 3
-0.6819606280566650 0 1 3 0 2 0 1
-0.6831569887717877 0 0 1 1 0 2 2
0.2724368331598948 0 2 0 2 2 2 0
-0.8831166311625736 0 2 2 2 0 0 2
-0.6314225469778965 3 0 0 3 0 3 1
0.1496493583881011 1 0 2 0 0 2 3
-0.2093022866443490 3 0 0 1 2 0 1
0.7132363284938184 3 3 0 0 3 3 0
0.2010690642874393 2 0 2 1 0 0 2
-0.1452029655573004 0 0 0 3 1 1 2
-0.0816055735532963 0 3 3 0 1 2 0
-0.0128354598536797 3 0 0 1 0 3 3
-0.1802790958445573 2 0 3 1 0 2 0
0.1903030034265820 2 2 0 0 2 0 3
0.2381675171519395 0 1 1 0 1 0 1
0.6313825587877568 2 1 3 0 0 0 3
0.7021027062939689 0 0 3 3 1 0 3
-0.8697051974770582 3 2 1 0 0 0 3
0.3205370985561409 2 3 1 0 0 1 0
-0.1573597261372945 0 0 1 0 3 1 1
0.0657677030831705 2 1 2 0 0 0 3
0.5209943635540639 2 0 1 0 0 3 3
0.7875406405496914 3 0 3 1 0 2 0
0.5662596280804049 2 1 0 2 0 0 1
0.7511555512452106 3 3 0 0 3 0 2
-0.1112826534020717 0 0 1 3 3 3 0
0.2953759657849273 1 0 2 0 0 1 2
-0.9545373218786313 0 3 1 3 0 3 0
0.7486519785401777 3 1 0 3 0 1 0
0.6470136295057687 2 0 3 0 3 2 0
-0.1869188441543095 1 3 0 0 0 2 3
-0.3075666759258402 3 0 0 3 2 0 3
-0.1042483926138273 0 1 2 2 3 0 0
-0.4016983967484180 0 0 0 2 1 2 1
0.1500882824163692 1 0 1 0 0 2 1
0.7045665373212857 0 3 1 2 0 0 2
0.9615294816686255 2 0 0 3 1 3 0
0.7232840098153843 2 0 0 1 3 0 2
0.1565857228285761 0 0 1 0 1 2 3
-0.3504309462036104 0 0 2 3 1 0 2
-0.6261992704864985 3 3 1 1 0 0 0
0.5039514956378708 0 0 3 3 3 2 0
-0.8694128580402731 0 0 3 3 2 0 3
-0.6725137180584768 2 1 0 1 0 3 0
-0.9674863424752962 0 0 2 3 2 0 3
0.2842057086418537 0 0 1 3 1 0 3
-0.0918735992907631 0 1 0 2 1 3 0
0.1888311832697980 2 3 0 0 2 0 3
0.5696960824972837 0 1 2 1 3 0 0
0.1331660542725597 0 0 0 3 1 2 2
-0.1948639485808881 0 1 1 0 2 3 0
-0.7059234733308235 2 0 0 2 3 0 3
0.8131946033477695 3 0 1 1 0 2 0
0.3038937595411224 2 0 1 0 0 1 3
-0.0695770776008600 3 1 1 3 0 0 0
-0.2823884197150757 0 2 3 2 0 0 2
-0.8083142151538185 0 1 3 0 3 0 2
-0.3795723816783605 0 1 1 0 0 3 2
-0.1057903670968106 0 2 0 3 3 0 2
0.3085672852169572 2 0 0 1 0 2 3
0.5618178998902648 0 2 1 2 0 0 2
-0.4446593086463855 3 3 0 0 0 2 1
-0.2618101835707749 1 3 0 0 2 0 1
0.9641695188887038 1 3 0 2 2 0 0
-0.0935368214044521 2 0 3 3 0 2 0
-0.2063494311864973 0 1 2 0 1 0 2
0.8425456121901436 0 1 0 3 3 0 3
0.0253207775129007 1 0 0 3 2 0 2
0.9955721481682438 1 0 0 0 1 1 1
0.2195883453886749 0 0 1 2 1 0 1
0.7150004251156066 2 1 0 0 0 3 3
0.5586626311845690 1 1 0 2 1 0 0
0.3871458983340468 0 3 3 0 3 3 0
-0.5222712133333722 1 0 1 1 3 0 0
0.4874904293496065 0 0 0 1 2 2 2
0.4980071830944128 0 3 0 1 1 2 0
0.4166198936780814 3 0 1 1 0 1 0
0.7258652191422115 0 2 1 0 2 3 0
-0.9181145727250239 0 2 0 1 3 2 0
0.3907422274311543 3 3 1 0 0 0 1
-0.8183259643253489 0 0 0 2 3 3 1
0.5287790915595987 0 3 1 0 1 3 0
0.4150380165010366 2 0 1 0 0 2 2
0.3074270363126399 0 3 0 1 0 2 3
-0.3801849320076813 0 2 2 0 0 1 3
-0.9361841644671316 2 1 2 0 1 0 0
-0.1633625990980825 0 2 0 3 2 0 3
-0.3417625536249052 2 0 0 1 2 0 3
-0.0183410427189412 0 0 3 0 3 3 2
-0.6794439245767567 2 0 2 0 0 1 3
-0.9934195408057951 0 1 3 1 0 2 0
0.4030684894566310 0 1 3 0 2 0 2
0.4138418180373504 2 3 0 2 0 1 0
0.3382264887497184 1 1 0 0 1 0 2
0.4560610983289168 2 3 3 3 0 0 0
0.8861367532513178 0 2 0 2 2 0 1
-0.7417487283829205 2 1 1 0 3 0 0
-0.7063487221566422 2 0 2 0 0 2 1
0.0961372687443218 1 0 1 0 0 3 2
-0.9635755885549619 0 2 2 0 0 3 3
-0.1469450953141802 0 1 1 1 0 0 1
0.8472260476653499 1 2 0 1 0 2 0
-0.0060545299808803 1 3 1 0 0 2 0
-0.9371415108582124 1 0 1 1 0 0 2
0.5825600804215418 0 2 0 0 3 2 2
-0.6001658029370300 2 2 0 3 0 3 0
0.9097776500288131 1 0 0 1 0 2 1
0.2742199281827318 2 0 0 3 3 2 0
-0.8173330572530948 0 1 0 2 2 2 0
-0.4794636918772905 2 1 0 1 3 0 0
0.1212650149642676 3 1 0 1 0 1 0
0.1124878809610088 0 3 0 1 1 0 3
0.7147938447972257 2 3 0 0 0 2 3
0.2409008741823053 1 0 0 1 1 1 0
-0.5225962950147061 2 0 0 0 1 1 1
-0.9919473629105611 1 2 2 0 3 0 0
-0.5470384715857965 3 2 0 0 0 2 3
-0.5685635398148021 3 0 0 0 3 1 2
-0.8943711727019632 3 3 0 3 0 0 3
-0.8526573473364563 2 0 2 2 0 2 0
0.1680276007585049 2 3 1 2 0 0 0
-0.6181443985262467 3 1 0 0 1 3 0
0.8168593448935892 2 0 0 1 0 1 1
0.7051950867868941 3 2 0 3 0 3 0
-0.3890943040814916 1 0 0 1 0 1 2
0.3423141407833645 0 1 3 0 0 2 1
0.4117778811250719 0 0 0 2 3 2 1
-0.8502024341260173 0 2 1 3 0 0 1
-0.0656032554250356 1 1 2 0 3 0 0
-0.7460182040809988 3 1 0 1 0 3 0
-0.0837499800701533 2 0 2 2 1 0 0
-0.2519742458027825 3 1 0 0 1 0 3
-0.8790565434962878 0 3 1 0 1 0 3
0.3430809465024984 1 1 0 1 0 0 2
-0.7528758923547718 0 1 0 3 3 1 0
-0.7206369408143583 1 2 0 2 0 1 0
0.9086433251875947 1 0 2 0 2 0 3
