(-0.4762374333984584+6.938893903907228e-17j)
-6.277008811300902602e-01 -1.304316616666865991e-01 -7.498449719842581462e-01 -1.088655159919240001e+00 -4.728392062034132981e-01 -2.675259039819810614e-01
-7.683963523797935347e-01 -5.151061356947947978e-01 -7.493683210261548044e-01 -9.191597907080812924e-01 -4.201596270291880764e-01 -4.819075696683561283e-01
-1.500002426641847908e+00 -6.911505179164061374e-01 -4.532814943985078449e-01 -5.516327173686151886e-01 -3.359873742986624334e-01 -5.526252884349943661e-01
-1.841876166307998552e-01 -1.287766015746429016e+00 -1.554735651158921372e-01 -4.804126267813535467e-01 -5.540517629834019742e-01 -5.468825450581162873e-01
-3.689671756099512923e-01 -8.811817029842075044e-01 -6.651598279591200424e-02 -6.156694276829854928e-01 -5.493467775735704217e-01 -2.777671145253380880e-01
-9.124084279863811098e-01 -2.341177756927106945e-01 -1.277540467876083496e-01 -5.712515656441017331e-01 -5.570333777631347738e-01 -5.026304720581443730e-01
1.187953597713799159e+00 -5.240980746813075353e-01 -6.741224320784849899e-01 -3.888587606118457662e-01 -9.776357197529268461e-01 -3.973008356344668313e-01
-6.936788805952378567e-01 -9.519159768150780021e-01 -3.507967003946340645e-01 -5.851892828150092596e-01 -7.398360587733209259e-01 -4.609586745919851403e-01
4.835293852948046589e-01 -3.986828315064216977e-01 -9.164621189292406767e-01 -7.055522475329550902e-01 -6.559150728982764411e-01 -4.910635014977941526e-01
1.611901320166836404e-01 -9.748921397996028748e-01 -6.032939864498120253e-01 -2.841054818208955668e-01 -7.241608149332451339e-01 -6.949300858398193004e-01
-6.990218574767804727e-01 -5.709810485669017943e-01 -3.111256429335210738e-01 -3.916337309877253037e-01 -4.430383727910389147e-01 -5.022240016220577141e-01
-1.189763488483691400e+00 -5.485682902747412992e-01 -3.286805833887216366e-01 -4.853608924853280993e-01 -3.429025188532902613e-01 -2.655915961616749921e-01
4.363787546388940841e-01 1.546241450346519941e-01 -5.163536143025272418e-01 -1.833937959797611317e-01 -6.959037300561472517e-01 -5.917994845040598362e-01
-1.350318147463224649e+00 -5.694042744072461137e-02 -1.201738019108099520e-01 -4.510260800269926262e-01 -3.918136736874023862e-01 -4.589362156512019064e-01
-1.567999158752469702e-01 -5.228456191715380452e-01 -7.577133013898286196e-01 -1.908429456109032585e-01 -3.989481776626740972e-01 -4.497831938202868085e-01
2.216210177186541674e-01 -6.135079433756061018e-01 -5.588562592387225081e-01 -9.747846161911724039e-01 -4.893714443198516340e-01 -4.367258901488960121e-01
-4.806413830284693434e-02 -6.392327564157493924e-01 -5.962078636555185884e-01 -6.025579235579658910e-01 -3.367599665960406830e-01 -5.551188706045355747e-01
-8.392290216765695421e-01 4.218539545425313841e-01 -5.538322515922928790e-01 -4.650654305246167408e-01 -3.533702726639728064e-01 -4.733101373514999599e-01
-1.632353015910620320e+00 -6.713999884614515468e-01 -1.268786132866186689e+00 -4.490762660925254335e-01 -4.464822380584754224e-01 -2.198159340352118796e-01
-2.372958484024052517e-01 -2.040166411874248797e-01 -4.732962044605157348e-02 -7.010107810858550170e-01 -4.684621664638145000e-01 -3.280738375592810452e-01
