-0.812398 3 1 0 0 0 0
0.974412 3 0 1 0 0 0
-0.187536 3 0 0 1 0 0
0.281940 3 0 0 0 1 0
0.901046 3 0 0 0 0 1
0.906842 1 3 0 0 0 0
0.802204 0 3 1 0 0 0
0.261128 0 3 0 1 0 0
0.293450 0 3 0 0 1 0
0.396102 0 3 0 0 0 1
0.305440 1 0 3 0 0 0
0.212587 0 1 3 0 0 0
0.742243 0 0 3 1 0 0
0.934816 0 0 3 0 1 0
-0.695887 0 0 3 0 0 1
0.055022 1 0 0 3 0 0
0.643345 0 1 0 3 0 0
0.979628 0 0 1 3 0 0
-0.164154 0 0 0 3 1 0
0.476306 0 0 0 3 0 1
0.536950 1 0 0 0 3 0
-0.685251 0 1 0 0 3 0
0.109166 0 0 1 0 3 0
0.049948 0 0 0 1 3 0
0.945738 0 0 0 0 3 1
-0.846509 1 0 0 0 0 3
-0.031766 0 1 0 0 0 3
-0.888412 0 0 1 0 0 3
0.472967 0 0 0 1 0 3
-0.908829 0 0 0 0 1 3
