0.202018 0 3 0 0 0 1
0.202018 0 3 0 0 1 0
0.202018 1 0 0 0 0 3
0.202018 0 0 0 3 1 0
0.202018 1 0 3 0 0 0
0.202018 0 1 0 0 3 0
0.202018 0 0 3 0 1 0
0.202018 0 3 0 1 0 0
0.202018 0 0 0 3 0 1
0.202018 0 0 1 0 3 0
0.202018 0 1 0 3 0 0
0.202018 0 0 3 0 0 1
0.202018 0 0 0 1 3 0
0.202018 0 1 3 0 0 0
0.202018 0 0 0 0 3 1
0.202018 0 0 1 0 0 3
0.202018 0 1 0 0 0 3
0.202018 3 0 1 0 0 0
0.202018 3 0 0 1 0 0
0.202018 0 0 3 1 0 0
0.202018 1 3 0 0 0 0
0.202018 1 0 0 0 3 0
0.202018 3 0 0 0 0 1
0.202018 0 3 1 0 0 0
0.202018 3 0 0 0 1 0
0.202018 0 0 0 0 1 3
0.202018 0 0 1 3 0 0
0.202018 3 1 0 0 0 0
0.202018 0 0 0 1 0 3
0.202018 1 0 0 3 0 0
