(-1.8746515824858918+0j)
-1.520899974374293917e+00 -1.446820272313833478e+00 -1.364646513919096860e+00 -1.762481971820914151e+00 -1.645141348467184850e+00 -1.805128083608119383e+00 -1.850054390040781538e+00
-1.195965524642007782e+00 -1.352668904668469452e+00 -1.224734036389634850e+00 -1.784625141839887075e+00 -1.674301714238962235e+00 -1.714663655786223373e+00 -1.861990108247635778e+00
-1.378283470343287576e+00 -1.045315212736359189e+00 -1.406697254943797049e+00 -1.599277904608351619e+00 -1.859880147195490219e+00 -1.900370931469903990e+00 -1.873380264811942197e+00
-1.265420555332468222e+00 -1.112421405156707621e+00 -1.483143372622664824e+00 -1.700478083233242454e+00 -1.834559338754671254e+00 -1.848970042811413972e+00 -1.930207387473124703e+00
-1.353912526381016779e+00 -1.105818402805896605e+00 -1.395648211851885812e+00 -1.915066417977638658e+00 -2.033229403815654202e+00 -1.812951599962895788e+00 -1.892265391411555475e+00
-1.286273250269801771e+00 -1.438451262224266891e+00 -1.607996013821010317e+00 -1.786483569378115810e+00 -1.895183755234080669e+00 -1.865714378761742065e+00 -1.887395398619873488e+00
-1.216273475039249874e+00 -1.406952483389300568e+00 -1.355313533048093655e+00 -1.603722551994749557e+00 -1.706034567914183953e+00 -1.793102263604666069e+00 -1.822689021567239109e+00
-1.292941088348724232e+00 -1.440825406528996711e+00 -1.294267217004531734e+00 -1.694029817169141250e+00 -1.858565506422315439e+00 -1.942144000885713151e+00 -1.807777313355763527e+00
-1.479169347375933086e+00 -1.180077683035236413e+00 -1.404810993048492218e+00 -1.677463253645417929e+00 -1.618876501311627969e+00 -1.694365647613677694e+00 -1.904853001487065045e+00
-1.247358639259369850e+00 -1.207369671125413602e+00 -1.691815358178622830e+00 -1.836491564713940150e+00 -1.867997173446591219e+00 -1.723599271334173233e+00 -1.931934044554643570e+00
-1.028547951491560530e+00 -1.205177248273856083e+00 -1.339408222670335213e+00 -1.639290469216792001e+00 -1.853209463760961961e+00 -1.824268103528162044e+00 -1.890903227590400970e+00
-9.987114423831223720e-01 -1.104560528638200756e+00 -1.505907922124976928e+00 -1.767374188748722208e+00 -1.906729144716834856e+00 -1.731426384268961005e+00 -1.852819348083015960e+00
-1.331271065553683020e+00 -1.586978717454037291e+00 -1.514950545383203284e+00 -1.617522806754807974e+00 -1.822687058308777752e+00 -1.880132325557888562e+00 -1.854940572659656173e+00
-1.023163038526295754e+00 -1.283520550944790894e+00 -1.703882159643840488e+00 -1.772399283464891617e+00 -1.915696633357394152e+00 -1.727016950718420762e+00 -1.952009284903172048e+00
-1.055504405541462409e+00 -1.356224048717046493e+00 -1.336238182913567218e+00 -1.594415829028395848e+00 -1.934355319785116656e+00 -1.878110730920339311e+00 -1.874571519674023357e+00
-1.509099163933577348e+00 -1.208954951804334099e+00 -1.400380092853704683e+00 -1.740034977663611260e+00 -1.691855299487309061e+00 -1.773809079284087931e+00 -1.960730629732061026e+00
-1.512758974721874594e+00 -1.511097493326291286e+00 -1.594162279815649175e+00 -1.550558655782978690e+00 -1.730233344431362674e+00 -1.876044189318919475e+00 -1.842488834217408167e+00
-1.246606567981398683e+00 -1.440918145676946427e+00 -1.358674094822489797e+00 -1.657378828552687589e+00 -1.788846356148396932e+00 -1.850896071063193427e+00 -1.822683955030935721e+00
-1.364051988141564253e+00 -1.556955307654139364e+00 -1.327947443050570220e+00 -1.673295595896811871e+00 -1.567286370787345451e+00 -1.687330289882105649e+00 -1.878985983613765232e+00
-1.221605935613456984e+00 -1.504834792551584144e+00 -1.451878992699052073e+00 -1.681668410447130668e+00 -1.594931395155146925e+00 -1.782353504230694163e+00 -1.803074354136340762e+00
-1.549180885698145493e+00 -1.145608454287843747e+00 -1.280983088407117165e+00 -1.628916975220683350e+00 -1.696400517894942173e+00 -1.888854738243102016e+00 -1.930967432113285698e+00
-1.291845399737324485e+00 -1.294419135788074104e+00 -1.511876268838928450e+00 -1.574346897591477834e+00 -1.922423422819035110e+00 -1.763860114779992383e+00 -1.837511046446828500e+00
-1.575753971324483249e+00 -1.183245468850663507e+00 -1.251439221629241594e+00 -1.678282331973443675e+00 -1.817553984664588285e+00 -1.802770888637577729e+00 -1.820241343363106390e+00
-1.069726647797605956e+00 -1.373886561549945373e+00 -1.208676327631120762e+00 -1.692087167465707420e+00 -1.835288718732080326e+00 -1.839030956117565507e+00 -1.875114515727724696e+00
-1.238364374932657164e+00 -1.286218279308893431e+00 -1.444980767302757707e+00 -1.813229792387127004e+00 -1.836505491502431697e+00 -1.922654596571487851e+00 -1.879091302978198597e+00
-1.401505358390012779e+00 -1.262493767471647210e+00 -1.295778749252865847e+00 -1.657549991231117126e+00 -1.937831927835104828e+00 -1.862826366389520594e+00 -1.915023933503761100e+00
-1.239072402543876850e+00 -1.455235517524005040e+00 -1.618185760080435465e+00 -1.704590071628947268e+00 -1.632586842667269833e+00 -1.988760584474374982e+00 -1.858993921592619891e+00
-1.640382287085025981e+00 -9.504771223096262212e-01 -1.319139674155515030e+00 -1.707512937269002329e+00 -1.677140701904390685e+00 -1.915913205082586224e+00 -1.914606328660229506e+00
-9.957961342926675563e-01 -8.891711224796925439e-01 -1.311142917326976853e+00 -1.797336673887398817e+00 -1.661477234693432781e+00 -1.790612753317523342e+00 -1.902512011071081366e+00
-1.525223118803073152e+00 -1.305585885803902224e+00 -1.260883491496886943e+00 -1.932498910304260686e+00 -1.576714273575587910e+00 -1.806362215365991952e+00 -1.902476876784521487e+00
-1.385179357745933926e+00 -8.703560872160513995e-01 -1.507159462275782014e+00 -1.815144431135736092e+00 -1.940497147348916762e+00 -1.874528092195954621e+00 -1.798025319900067531e+00
-1.156728697343059276e+00 -1.612024553361205204e+00 -1.600156547533263751e+00 -1.518049558254162434e+00 -1.718196992538888690e+00 -1.901429447813375528e+00 -1.792108913266175163e+00
-1.251987500936022402e+00 -1.441897911934394205e+00 -1.377373390117532903e+00 -1.746558617636262412e+00 -1.910230075028721775e+00 -1.893463634262955830e+00 -1.898619160404434680e+00
-1.180261453374556124e+00 -1.338552380830526412e+00 -1.544332852878104401e+00 -1.661040448484347731e+00 -1.822920888036614340e+00 -1.846866555103298779e+00 -1.856220444896501842e+00
-1.064862926704611024e+00 -1.327312415663181255e+00 -1.799357632579861033e+00 -1.886619649916365438e+00 -1.818383550354136791e+00 -1.807855452260457518e+00 -1.823347530163498265e+00
-1.230866976262645851e+00 -1.271897023427281059e+00 -1.696556793528041229e+00 -1.830348109016464164e+00 -1.873883048191439915e+00 -1.934957372469363168e+00 -1.889147739618339816e+00
-1.188744809109026024e+00 -1.371252318944681914e+00 -1.329479302778351801e+00 -1.690360325417933351e+00 -1.954838975513486510e+00 -1.851549186813159942e+00 -1.883579240249303899e+00
-1.062807204031884778e+00 -1.371963454935175575e+00 -1.709360409877768161e+00 -1.611899691880989582e+00 -1.773842985025316121e+00 -1.810818781619220941e+00 -1.854426366042903229e+00
-1.342545929058590826e+00 -1.273871646401307567e+00 -1.575866027387587742e+00 -1.905568900741664962e+00 -1.690421133852840097e+00 -1.841477711268385331e+00 -1.872532347598129476e+00
-1.172145928767604817e+00 -1.297227843951394899e+00 -1.422783177870508675e+00 -1.812392262492768413e+00 -1.802914631847611915e+00 -1.961712781961767238e+00 -1.910262790285858880e+00
-1.029199535140094657e+00 -1.498025244743940387e+00 -1.374496169796858736e+00 -1.579427969534804577e+00 -1.794570195946075364e+00 -1.749440549611189999e+00 -1.806987544627303821e+00
-1.138732385902825772e+00 -1.371921842790752022e+00 -1.456531428773341297e+00 -1.625962909172459003e+00 -1.647863611299380526e+00 -1.995077507880653300e+00 -1.831245879784210384e+00
-1.327928920376258093e+00 -1.161385397673316389e+00 -1.509259824085100954e+00 -1.701143934471448738e+00 -1.742464493163550676e+00 -1.802866993516424765e+00 -1.908071337588573169e+00
-1.187244312991025508e+00 -1.230967375065680880e+00 -1.463982070141793157e+00 -1.712229340701164171e+00 -1.559994772592701917e+00 -1.864221066171305008e+00 -1.862376342065753310e+00
-1.227107282489604545e+00 -1.581337180793577657e+00 -1.489474718095655348e+00 -1.651057137906520200e+00 -1.796106542438523856e+00 -1.744276296631293022e+00 -1.909546227541534247e+00
-1.218944238159830107e+00 -1.427312794052723710e+00 -1.351559805760091493e+00 -1.714548827826089639e+00 -1.962493072666010363e+00 -1.929713091332559749e+00 -1.940926797817751348e+00
-1.211735218242762313e+00 -1.082641837855137679e+00 -1.288444343546318205e+00 -1.589172771965989384e+00 -1.626398181979665347e+00 -1.766047681868208485e+00 -1.830215151522632144e+00
-1.336048109251237292e+00 -1.344388833049351195e+00 -1.411300111970076543e+00 -1.993578444388401039e+00 -1.725765608245188210e+00 -1.784478319709284833e+00 -1.925382480920219130e+00
-1.288160793287393746e+00 -1.367697613908521515e+00 -1.293798108135093772e+00 -1.813515196157911014e+00 -1.605109728070159392e+00 -1.788225881469167167e+00 -1.853084019626117129e+00
-1.077244657693300134e+00 -1.304732884826879324e+00 -1.422646656921582542e+00 -1.705913305587663631e+00 -1.665688330738103184e+00 -1.906491713367998830e+00 -1.870195376305821888e+00
