(-1.8746515824858918+0j)
-1.471206785127145755e+00 -2.228442890849718694e+00 -1.785001320457430429e+00 -1.945615676947003214e+00 -1.874537836857201434e+00 -1.915013685351762529e+00 -1.857254218574535098e+00
-1.521013050528445376e+00 -2.281638300499222005e+00 -1.972714537492514797e+00 -1.788134727002806290e+00 -1.875843989514439203e+00 -1.867623876439953090e+00 -1.888707209783790253e+00
-1.550206167243215916e+00 -1.976988806294158962e+00 -2.029457428043450307e+00 -1.831002779444696582e+00 -1.836313476327158023e+00 -1.905629263325315570e+00 -1.858850795087091612e+00
-1.180140046405385501e+00 -1.815647520288191208e+00 -1.813243619302947973e+00 -1.936773148092816532e+00 -1.804184691328027501e+00 -1.882183396608267945e+00 -1.842692994483901447e+00
-1.134858085441652786e+00 -1.645959223044075603e+00 -1.803884019150908014e+00 -1.812545501601051212e+00 -1.878264889516573444e+00 -1.894243848542550124e+00 -1.871172166691688732e+00
-1.719107972114553240e+00 -1.925728438313116353e+00 -1.892926548632327677e+00 -1.854234037568540439e+00 -1.868941792511326305e+00 -1.880017469675784758e+00 -1.868645440045222816e+00
-1.601844914820860222e+00 -2.449970328681973619e+00 -1.847079717674306121e+00 -1.875955644643787057e+00 -1.827150544951828604e+00 -1.842482165159097462e+00 -1.887065864337914789e+00
-1.579956948275748951e+00 -1.932126843588903409e+00 -2.004937970652159507e+00 -1.785570738039929051e+00 -1.864114211455910386e+00 -1.857895869773423581e+00 -1.868424101435144813e+00
-7.829366917649480673e-01 -1.874692457231956322e+00 -1.932394186373387779e+00 -1.800364144657971455e+00 -1.839670655702209334e+00 -1.885697004315453729e+00 -1.879425571199621725e+00
-1.500699183486803756e+00 -2.046330664983798897e+00 -2.042740643198173167e+00 -1.885788680286063501e+00 -1.840773935116442939e+00 -1.896226402063078131e+00 -1.877924517039428753e+00
-1.076908615194643870e+00 -2.082797677796353941e+00 -1.738210811144542012e+00 -1.948723496871238137e+00 -1.873429746283126418e+00 -1.858391847897046478e+00 -1.880228691752803494e+00
-1.263473757650189544e+00 -1.829990195700977207e+00 -2.224275188852613105e+00 -1.975088919735035198e+00 -1.903161367477200994e+00 -1.885814898375013593e+00 -1.873524400332748918e+00
-1.433365676046060244e+00 -1.433289082169501683e+00 -1.923056476232097634e+00 -1.842578922288698795e+00 -1.789021953160813139e+00 -1.884969071378435501e+00 -1.877943765194747039e+00
-1.285821916731790582e+00 -1.614778317025247656e+00 -1.836322942066791031e+00 -1.864204252501461490e+00 -1.894971455727908705e+00 -1.895476743554490806e+00 -1.877602296041168461e+00
-1.627264893944048829e+00 -1.899682708045182800e+00 -1.935613518010207645e+00 -1.868728186767101729e+00 -1.919762593822084140e+00 -1.896313913775715454e+00 -1.878622922420217112e+00
-1.837884581808768125e+00 -1.515489735761844869e+00 -1.879785636602611110e+00 -1.940033202510013988e+00 -1.930125405596308408e+00 -1.896519631070077816e+00 -1.878724995579256651e+00
-1.721961538810762082e+00 -2.346274299131019703e+00 -1.819029282458195951e+00 -1.853833946095817309e+00 -1.855075261170462397e+00 -1.864906609592665632e+00 -1.867076817585790360e+00
-1.447540290927191942e+00 -1.694974649489858098e+00 -1.585425102323051227e+00 -1.861460045067319102e+00 -1.892364903442813162e+00 -1.863422767485665377e+00 -1.880146575783267160e+00
-1.351585548648652102e+00 -1.927133185976188212e+00 -2.047484381745046988e+00 -1.933642579398429984e+00 -1.882325338050535368e+00 -1.899439894768971238e+00 -1.876396602090722343e+00
-1.385449955964421997e+00 -1.542396640895537629e+00 -1.683491066818214588e+00 -1.774260581269825998e+00 -1.813475173873488000e+00 -1.892564120174704101e+00 -1.882626540245968538e+00
-1.467713311795941777e+00 -1.867721325212118311e+00 -1.903142450812431274e+00 -1.824705464586696468e+00 -1.938562425231473485e+00 -1.851246029006227811e+00 -1.893141320789076598e+00
-1.417665464722468016e+00 -1.930274136451153755e+00 -2.061286751836501008e+00 -1.898575455104086984e+00 -1.853631134082008636e+00 -1.862638532394743862e+00 -1.864955014131774114e+00
-1.335698593089511554e+00 -1.732755232906157294e+00 -1.861675979823813609e+00 -1.934363991091456736e+00 -1.897014006719086376e+00 -1.896315547242128918e+00 -1.895415270283224762e+00
-1.280267556362835846e+00 -2.005196248811676796e+00 -1.973429661967754489e+00 -1.856960181429110346e+00 -1.882793663092030556e+00 -1.888062245078159673e+00 -1.857765232442920800e+00
-1.826260678100651624e+00 -2.094000164640497541e+00 -1.800150498316381853e+00 -1.823633631702513913e+00 -1.856811505072484714e+00 -1.839825889862739094e+00 -1.884950976397411715e+00
-1.754553407325559977e+00 -1.787923609889774390e+00 -1.662071218168057030e+00 -1.823310150919135175e+00 -1.885787003466538714e+00 -1.885854402819228115e+00 -1.888333437316964680e+00
-1.765849118621060532e+00 -1.903373101312624271e+00 -1.779104059619849076e+00 -1.850639033207142958e+00 -1.835979052847503512e+00 -1.840654756445914142e+00 -1.883159074427140034e+00
-1.554060615481053675e+00 -2.153406524943357159e+00 -2.096213192778295209e+00 -1.929167877146080290e+00 -1.905355562162296401e+00 -1.852991299822915883e+00 -1.873955728640009699e+00
-1.786573555892599030e+00 -1.918462544090925759e+00 -1.841633781002808501e+00 -1.971325699359734340e+00 -1.878568443016639611e+00 -1.872020534125206748e+00 -1.890571325289877480e+00
-1.003549395118945586e+00 -1.896698924129554209e+00 -1.976528006908376378e+00 -1.946633531013136853e+00 -1.891615577253159097e+00 -1.852428299446572391e+00 -1.878218862587449411e+00
-1.226679224303714122e+00 -2.190363053021963768e+00 -1.930274240205979153e+00 -1.829414309828689689e+00 -1.881442424299006877e+00 -1.882124259802882893e+00 -1.875519348429850908e+00
-1.504116663711761559e+00 -2.150845225086623014e+00 -1.889300965094617979e+00 -1.920422847903924923e+00 -1.837673186747625254e+00 -1.862237049707088588e+00 -1.876433830374201417e+00
-1.092196579502927589e+00 -1.567388391131979253e+00 -1.758005223741740064e+00 -1.875961034498464741e+00 -1.928038481516871183e+00 -1.894768137217777815e+00 -1.879967903290055364e+00
-1.684324413105410478e+00 -2.208493552003166549e+00 -1.857413022677838255e+00 -1.837218113637532735e+00 -1.788757520902085840e+00 -1.884931084418786984e+00 -1.871608779447678339e+00
-1.153585541404096748e+00 -1.891685386502241162e+00 -1.880425801898881311e+00 -1.813223203687139629e+00 -1.875649627079400084e+00 -1.891432127270073593e+00 -1.875893089805959146e+00
-1.105694918365115909e+00 -1.765375939071070821e+00 -1.802734568014180194e+00 -1.852119166891077473e+00 -1.832660451902432319e+00 -1.877020184553823023e+00 -1.871638607957405664e+00
-1.875565792739748883e+00 -1.949542467190793715e+00 -1.826130136497491785e+00 -1.776100416611306798e+00 -1.883830787304555443e+00 -1.869571051090584302e+00 -1.870659170387120485e+00
-1.139799594274979899e+00 -1.898713022701769448e+00 -1.842271899574469796e+00 -1.947177446535973688e+00 -1.908007501455537547e+00 -1.882204505457683030e+00 -1.862240397272261205e+00
-1.233618330453129630e+00 -1.923166775697622732e+00 -1.978466620276779775e+00 -1.745266003053642212e+00 -1.890426815776534042e+00 -1.865376056314501207e+00 -1.866149995238713943e+00
-1.474817411847319626e+00 -1.630093083394168252e+00 -1.956770142221919251e+00 -2.001960546150057141e+00 -1.851128156516770540e+00 -1.883287162144387628e+00 -1.863676490755418413e+00
-1.517323416659341451e+00 -1.916454835797008149e+00 -2.076751916295639599e+00 -1.833449340562108620e+00 -1.873583205656295325e+00 -1.843776442872415045e+00 -1.846569339579939406e+00
-1.381186816290932651e+00 -1.917712264731427751e+00 -1.824675897060263452e+00 -1.949619922664745264e+00 -1.813534748204012059e+00 -1.888283769357366415e+00 -1.888074691561419716e+00
-1.851803617148359837e+00 -1.871289383555868380e+00 -2.060484132183629136e+00 -1.954181207605215409e+00 -1.866133058332093864e+00 -1.883935646563757338e+00 -1.880074246006067318e+00
-1.978857160816887895e+00 -1.715931852005165181e+00 -1.838567340332746269e+00 -1.887572698538868110e+00 -1.820732833573744935e+00 -1.885499266620202619e+00 -1.863647851834354441e+00
-1.621658312877627850e+00 -2.059972767489291812e+00 -1.900086592167540278e+00 -1.935376005668658861e+00 -1.866651021102735175e+00 -1.865183272630754896e+00 -1.859756922650006361e+00
-1.907955349544889545e+00 -1.411256606388796353e+00 -1.900251751009651491e+00 -1.918219308730902739e+00 -1.808636056461430996e+00 -1.844763122957618462e+00 -1.863914750651245011e+00
-1.803988119161431314e+00 -1.651343442255747807e+00 -1.887957349782212857e+00 -1.920479271955493727e+00 -1.858625729658118120e+00 -1.880599085613388954e+00 -1.884197729116238396e+00
-1.405055698837138323e+00 -1.853867219987294312e+00 -1.908236384415233022e+00 -1.860829053975634473e+00 -1.904187439153292249e+00 -1.888433558889882846e+00 -1.879626451998977821e+00
-1.049135040140403818e+00 -1.438153749981540663e+00 -1.686948777568322067e+00 -1.913721841268336554e+00 -1.900310438740028474e+00 -1.857533327394580880e+00 -1.864280989657406629e+00
-1.840790053154957251e+00 -1.965593195132351534e+00 -1.850056696088000496e+00 -1.883304131498406253e+00 -1.860130679971264911e+00 -1.839696729560353239e+00 -1.882557401227443084e+00
