(-1.8746515824858918+0j)
-1.751689737311246997e+00 -1.661144034929377789e+00 -1.855631071149014932e+00 -1.913895714846080232e+00 -1.899307566264213820e+00 -1.888534536388307927e+00 -1.870242212885171451e+00
-1.283157303104877744e+00 -1.552561988151590411e+00 -1.913098450977135379e+00 -2.004024204625994177e+00 -1.921565885584587186e+00 -1.859751565299125442e+00 -1.902013027808505674e+00
-1.153640927719008946e+00 -1.730106953771042955e+00 -1.948231745184576535e+00 -1.880574491270470938e+00 -1.928393695385586248e+00 -1.895181026768766763e+00 -1.875363407497847135e+00
-1.236258128751545282e+00 -2.078726268887021611e+00 -1.676254190309703240e+00 -1.834248307293629754e+00 -1.930808367260703484e+00 -1.887779801528607138e+00 -1.865596004900272442e+00
-1.496657556384946908e+00 -1.761893429788848442e+00 -1.733894879561550084e+00 -1.890702896231220898e+00 -1.855987370819939031e+00 -1.892758616885720224e+00 -1.871519238630978688e+00
-1.155414762791632466e+00 -1.863210423665980331e+00 -2.001654650245850320e+00 -1.777332341703912189e+00 -1.850829162451670840e+00 -1.865243441071748887e+00 -1.882754534901379007e+00
-1.648366988032307301e+00 -1.661662994619813372e+00 -2.157617867460136285e+00 -1.886282859413329405e+00 -1.899141341065490929e+00 -1.876524687228536603e+00 -1.876639603028813719e+00
-1.276956123370171170e+00 -1.641212287843644368e+00 -1.901372316365983028e+00 -1.813577222705018865e+00 -1.873678204176826956e+00 -1.853285423185929703e+00 -1.885063630495786180e+00
-1.486969485935196289e+00 -1.547754714075969318e+00 -1.870507344149956896e+00 -1.913373922934362259e+00 -1.891716105854365892e+00 -1.866086934707104295e+00 -1.857780362637386551e+00
-1.555587585058725519e+00 -1.557646456590650041e+00 -1.845309724219868164e+00 -1.845929352067993579e+00 -1.880640289960293865e+00 -1.842165494460223929e+00 -1.874487265636901601e+00
-1.840950325600871462e+00 -2.188728404107335379e+00 -2.013801798795741504e+00 -1.938014418417699058e+00 -1.887139305837601810e+00 -1.865301215477533692e+00 -1.887645507703167524e+00
-1.176873194565657199e+00 -1.360287275270689378e+00 -2.002468064139172110e+00 -1.909061921484968005e+00 -1.901948650115788730e+00 -1.888072908248268789e+00 -1.888609535537342454e+00
-1.623326690927301419e+00 -1.626690124373894264e+00 -1.892920064498047950e+00 -1.895250943931407583e+00 -1.828542373642973562e+00 -1.851932636945323285e+00 -1.866254410141731990e+00
-1.674552822914574746e+00 -1.735037204125681631e+00 -1.946135183149727776e+00 -1.890434396786084825e+00 -1.841761112156204305e+00 -1.850630325702480317e+00 -1.894853242490935008e+00
-1.266505447877776191e+00 -1.472128278083033148e+00 -1.782637017387244782e+00 -1.872242123923078871e+00 -1.861160377665694865e+00 -1.871100173681884637e+00 -1.859573952015270759e+00
-1.439048025068138337e+00 -1.371936446883846417e+00 -1.699994095633926117e+00 -1.909979251760843155e+00 -1.878181443905702075e+00 -1.872352648849134660e+00 -1.877889130651252625e+00
-1.352986550830353352e+00 -1.693684387286000348e+00 -1.795793012575848557e+00 -1.925201310677823630e+00 -1.894341739136737868e+00 -1.889996548639164109e+00 -1.887540195556640432e+00
-1.291165112335294740e+00 -2.014616646138082334e+00 -1.768036511127494936e+00 -1.949960197015375707e+00 -1.924672740557256567e+00 -1.855831814576195615e+00 -1.872073102633004638e+00
-1.538202557692511352e+00 -1.784865491356785405e+00 -1.772665799887320759e+00 -1.836197583626553831e+00 -1.860745195773675364e+00 -1.881232089710456412e+00 -1.871977003574809562e+00
-1.814874298783525575e+00 -1.614779428439000464e+00 -1.894249583604409537e+00 -1.932200041812836666e+00 -1.901241872428416357e+00 -1.866200831416164663e+00 -1.864646989604271443e+00
-1.457238472207684987e+00 -1.877020251178793675e+00 -1.762542964675806179e+00 -1.847835400810990958e+00 -1.853560600561301008e+00 -1.868957312668360071e+00 -1.878322367058573139e+00
-1.604518172296103495e+00 -1.494562299959935059e+00 -1.956310823094872475e+00 -1.904113633995223154e+00 -1.846818925533206146e+00 -1.880594895904704966e+00 -1.877965903757534027e+00
-1.396677331904166763e+00 -1.394338406185415158e+00 -2.007963850896578695e+00 -1.846388993819662705e+00 -1.888749144641328925e+00 -1.913124477491921605e+00 -1.885357734740674474e+00
-1.645250811151274029e+00 -1.893745094453392674e+00 -1.833013826805779400e+00 -1.796977068576400161e+00 -1.820788050804399205e+00 -1.890935261039407900e+00 -1.857397462152167389e+00
-1.574836057941336520e+00 -1.274993015211280944e+00 -1.973405199994592296e+00 -1.785069618016891457e+00 -1.842296003388004699e+00 -1.892198278756865193e+00 -1.906940985614481443e+00
-1.836906289534973258e+00 -1.574409264419151855e+00 -1.844142845233384342e+00 -1.963353216687265812e+00 -1.883062330553308295e+00 -1.874286182291796887e+00 -1.859560059936469667e+00
-8.370456365911239649e-01 -2.105142299759008129e+00 -1.672581283530171214e+00 -1.855147073717996253e+00 -1.901859608139188307e+00 -1.871357864888778311e+00 -1.884004244460205424e+00
-1.474383360337492510e+00 -1.364839211941692554e+00 -2.073893504204464833e+00 -1.821193997326712832e+00 -1.887083281336881857e+00 -1.881388843992455984e+00 -1.897662505573944669e+00
-1.388129255072501067e+00 -2.002812647045225880e+00 -1.867425362683247991e+00 -1.941051591293466494e+00 -1.846181254820302708e+00 -1.869096492148895727e+00 -1.885652960506166265e+00
-1.506556351604940502e+00 -1.506649807620232817e+00 -1.909521028139699261e+00 -1.958794428486953176e+00 -1.824272705000093531e+00 -1.873364666516124322e+00 -1.885802333304542611e+00
-1.736092905957655974e+00 -1.506928143791791186e+00 -2.083232732879642946e+00 -1.865742511372301182e+00 -1.894758196119352256e+00 -1.853987291163059936e+00 -1.881149329402417525e+00
-1.467577951957744098e+00 -1.913628347328131696e+00 -1.777919059970119120e+00 -1.930802311957492856e+00 -1.874612637661547954e+00 -1.895089374440541041e+00 -1.867678059956681125e+00
-1.296698270261802621e+00 -1.668798094493138429e+00 -1.920601958804927678e+00 -1.888439746056787660e+00 -1.812715607662465311e+00 -1.893709213076019804e+00 -1.855256225181059371e+00
-1.526167624844620985e+00 -1.765765697112529731e+00 -1.962396235772630559e+00 -1.923215867092271658e+00 -1.793090636625820800e+00 -1.885107713041240807e+00 -1.878571798630355172e+00
-1.147595976593218881e+00 -1.860655172888261877e+00 -2.151160545932304213e+00 -1.776043538206559136e+00 -1.869035148155838044e+00 -1.880844867881341642e+00 -1.869052669782167220e+00
-7.976020454118332159e-01 -1.871419369677224331e+00 -1.698858530595341865e+00 -1.825481701471546536e+00 -1.973016501832286274e+00 -1.923116146427445106e+00 -1.870066400374079230e+00
-1.522182963889629370e+00 -1.126328297489632257e+00 -1.929713940341366119e+00 -1.858223794142094265e+00 -1.837821477708942552e+00 -1.872658375894055371e+00 -1.868881801149305133e+00
-1.353527371883761710e+00 -1.509634235447209427e+00 -1.858111551171577780e+00 -1.930188574647283772e+00 -1.913775296592628017e+00 -1.874410006360366143e+00 -1.883411168935286373e+00
-1.423419466840909031e+00 -1.621886677647355723e+00 -1.873395112019872855e+00 -1.817947598877474036e+00 -1.926096754840894265e+00 -1.899469260062040199e+00 -1.859820933001725685e+00
-1.344315099821337345e+00 -1.990572299287685754e+00 -1.792287751866611156e+00 -1.913038653718585946e+00 -1.865694413438029109e+00 -1.854069796096640577e+00 -1.872855659272581352e+00
-1.131590218270247750e+00 -1.681327966558642917e+00 -1.924857054971877091e+00 -1.939468788075358718e+00 -1.818215303527190851e+00 -1.849133714646444382e+00 -1.889658800627849633e+00
-1.436336003410875195e+00 -1.653834012772046558e+00 -1.572680514629494875e+00 -1.877119217208615076e+00 -1.788682652378609461e+00 -1.872593399597229702e+00 -1.883916362224789420e+00
-1.166272803445198569e+00 -1.372934461324383904e+00 -1.868703515894838851e+00 -1.955605334874248591e+00 -1.928612951445396906e+00 -1.869803922263799878e+00 -1.866942466676305923e+00
-1.436679951075925610e+00 -1.787199241199339150e+00 -2.123654342024388075e+00 -1.826469514917514747e+00 -1.890774419528104655e+00 -1.855244412013362432e+00 -1.858113956274661582e+00
-1.623803480599006921e+00 -1.657319564267936141e+00 -1.737081972574651800e+00 -1.771729319262076663e+00 -1.862958360118609491e+00 -1.852191769584492720e+00 -1.872289967192283466e+00
-1.509048668330916332e+00 -1.632045367141663039e+00 -1.880905647811244474e+00 -1.849287560638816830e+00 -1.885825821044847972e+00 -1.873584091567840781e+00 -1.865398138748487256e+00
-1.164930878490548327e+00 -1.468329534213841159e+00 -1.897556368397969484e+00 -1.960038388233732665e+00 -1.812662557639412864e+00 -1.872065356762873556e+00 -1.859753980267856210e+00
-1.073084794744479264e+00 -1.597416792902792704e+00 -2.014576233881050893e+00 -1.963025323448464032e+00 -1.868900014939945731e+00 -1.882714366332886691e+00 -1.886715416117567656e+00
-1.189741909621755633e+00 -1.703193258888527239e+00 -2.021575905359296765e+00 -1.842302488856508269e+00 -1.836883053233447471e+00 -1.893408288681994067e+00 -1.885557258730514496e+00
-1.454892525121725066e+00 -1.768338237863916751e+00 -1.766226261043959411e+00 -1.804963393785512515e+00 -1.905815014876156788e+00 -1.887108715706391493e+00 -1.873880751936876754e+00
