(-1.8746515824858918+0j)
-1.170616473559780601e+00 -1.219079227544119570e+00 -1.633730109167627287e+00 -1.958047169249634401e+00 -1.835472098050757506e+00 -1.899517323199442664e+00 -1.872918777413206559e+00
-1.825338987102988142e+00 -1.464765678378704417e+00 -1.777561289299143921e+00 -1.830933393084485994e+00 -1.836565527302234546e+00 -1.889736679562343369e+00 -1.859761195201813821e+00
-1.406708934524983912e+00 -1.714166395183990943e+00 -1.948485012223356572e+00 -1.711601512876500975e+00 -1.908958475114952869e+00 -1.892674042453151184e+00 -1.883272846601483197e+00
-1.505977663591843374e+00 -1.840283869464699240e+00 -1.976991072829864082e+00 -1.777310451409947589e+00 -1.839452472200832300e+00 -1.907483132499258049e+00 -1.873813741066550964e+00
-1.703106363669311785e+00 -1.547168762179889967e+00 -1.807928463831960375e+00 -1.851879538902014843e+00 -1.864482082892691350e+00 -1.903273520884742442e+00 -1.870331414490038036e+00
-1.616419127489805874e+00 -1.999128519866955500e+00 -2.127186333356830161e+00 -1.822650272093783164e+00 -1.867816716751695250e+00 -1.888781766853939503e+00 -1.876672130742971234e+00
-1.481315261441487507e+00 -1.991558892383407553e+00 -2.017710171691768473e+00 -1.861842724319550335e+00 -1.830063688360495044e+00 -1.891726817802181770e+00 -1.877699907045043748e+00
-1.714810403282291063e+00 -2.227803412623255319e+00 -1.803745695844265251e+00 -1.888278177396706781e+00 -1.844291820584194497e+00 -1.899974522956596523e+00 -1.874623182870936100e+00
-1.471482118619399815e+00 -1.948655203746636699e+00 -1.918321349002930720e+00 -1.881947976332434713e+00 -1.884107619914730414e+00 -1.867446445074449901e+00 -1.872363809665461565e+00
-1.513434979970164962e+00 -1.862277125748304396e+00 -1.841355220222438138e+00 -1.988243478431813704e+00 -1.883269607218371000e+00 -1.868460319405942816e+00 -1.869056392130986399e+00
-1.700487512328214601e+00 -1.518203343576369324e+00 -1.873843230592499687e+00 -1.974535414237569952e+00 -1.854757569177035270e+00 -1.886987016092166236e+00 -1.871895280287502406e+00
-1.315178129751730651e+00 -1.504730528060626460e+00 -2.017739737166608371e+00 -1.820613237980120314e+00 -1.870079725184270680e+00 -1.847958446987712833e+00 -1.865158756238053384e+00
-1.151699260713997086e+00 -2.184247090759011467e+00 -1.947040065342360293e+00 -1.957394227747805360e+00 -1.887214400080758026e+00 -1.886870851949500771e+00 -1.866810619588831877e+00
-1.471712693237584357e+00 -2.058588130847318620e+00 -2.024097716396335844e+00 -1.808667675738977021e+00 -1.925560889277120769e+00 -1.873620022801208762e+00 -1.867933379732561239e+00
-1.171718005709415866e+00 -1.941350025806630519e+00 -1.905631398905295537e+00 -1.793207713405175152e+00 -1.854077089770332032e+00 -1.904170949392617329e+00 -1.871395520431092807e+00
-1.736935740757334701e+00 -2.252315811851174132e+00 -1.903165015460576814e+00 -1.992086369694407999e+00 -1.824286782191193446e+00 -1.854529765889524340e+00 -1.869590005962761037e+00
-1.442788123831896252e+00 -1.746646237425228509e+00 -2.114092391907050228e+00 -1.853587825149622947e+00 -1.858805813209514435e+00 -1.876456328854113398e+00 -1.880174589932717799e+00
-1.577286062967803826e+00 -1.720695741741518292e+00 -1.916885599970059806e+00 -1.904458690767144802e+00 -1.924043939677466453e+00 -1.860728960795874354e+00 -1.882941558899524637e+00
-1.511359557911496454e+00 -2.001435035927556783e+00 -1.765767312551247858e+00 -1.915206306922207835e+00 -1.873122069273585932e+00 -1.839015210691894220e+00 -1.881774385418378603e+00
-1.995609409185647110e+00 -1.587181586159153834e+00 -1.754866114109402631e+00 -1.887425432487879862e+00 -1.881177431281254808e+00 -1.822451719684497373e+00 -1.887433982895445617e+00
-1.489564260767739512e+00 -1.741905419752234785e+00 -1.878357788930848260e+00 -1.847160638894876694e+00 -1.824191866373061188e+00 -1.857758166956756440e+00 -1.883464500808153197e+00
-1.627095728341973802e+00 -2.193651662337400499e+00 -2.017618442379065957e+00 -1.847316902491703772e+00 -1.819120897634087575e+00 -1.826486473176436087e+00 -1.867588135043777076e+00
-1.936864231523523383e+00 -1.726905573719801357e+00 -1.929139716863119025e+00 -1.903647588923478740e+00 -1.867200433400325377e+00 -1.877505460964099759e+00 -1.885262378604233735e+00
-1.487418982868701001e+00 -1.882654920155834244e+00 -1.793217205070376741e+00 -1.975223691353433786e+00 -1.854884561453918224e+00 -1.879820425446775189e+00 -1.889141885617729999e+00
-1.623258137331305750e+00 -1.873438165659928600e+00 -2.105048500615764873e+00 -1.822087506747927410e+00 -1.892486603512476551e+00 -1.867890806053797537e+00 -1.867045460569732640e+00
-1.541022018510466385e+00 -1.885274190371888814e+00 -1.728759551473852518e+00 -1.879846245296163509e+00 -1.934379282611048856e+00 -1.897934400244367659e+00 -1.874357455923812310e+00
-1.308427062774615734e+00 -1.873005758124556719e+00 -1.787725456937943047e+00 -1.910461134791125337e+00 -1.911980196950499034e+00 -1.888294208007113895e+00 -1.878203402880117778e+00
-1.074815842275090416e+00 -1.671800019444766194e+00 -1.786868836648241254e+00 -1.901831695167033764e+00 -1.885459122170047630e+00 -1.883221605185474434e+00 -1.879702604546610090e+00
-1.672051660897785341e+00 -2.315430104243383358e+00 -2.045536000114448250e+00 -1.806790665239397020e+00 -1.857732590508108794e+00 -1.872108486246405024e+00 -1.878177451961406064e+00
-1.386138080981627274e+00 -2.102592711451338303e+00 -1.999756336983153693e+00 -1.923488058762604647e+00 -1.919902252041042701e+00 -1.882333782505590358e+00 -1.879768207797535506e+00
-1.282135001513681649e+00 -1.706921398299135362e+00 -1.986689854261717514e+00 -1.843052959849922567e+00 -1.926664497656415787e+00 -1.858096321117689742e+00 -1.878626336434944477e+00
-1.140453182262500809e+00 -1.630384759182156529e+00 -2.048388456695524606e+00 -1.883259230824790409e+00 -1.919714352385170075e+00 -1.854045126747604133e+00 -1.881434679431940538e+00
-1.354514056250380127e+00 -1.807187423466853682e+00 -2.006680141785783356e+00 -2.011728087098533013e+00 -1.903577253507795941e+00 -1.858505763098990515e+00 -1.895533818115064939e+00
-1.814159034385656621e+00 -2.111478067202834374e+00 -1.773976285332831804e+00 -1.775648802670114490e+00 -1.885429416126854107e+00 -1.862416589656290755e+00 -1.878798630139409287e+00
-1.269608604940948293e+00 -1.719279450622245742e+00 -1.884449461561689354e+00 -1.772262035536111169e+00 -1.903408628636159117e+00 -1.899036841413657584e+00 -1.880568116258528377e+00
-1.944897366250351922e+00 -1.919776638344852016e+00 -1.964621810435445148e+00 -1.860381678595667942e+00 -1.940277738427602205e+00 -1.893495253535586453e+00 -1.876166876078430690e+00
-1.267329337864252725e+00 -1.816151331184178153e+00 -1.796727455516090810e+00 -1.888701549623827303e+00 -1.886027061837089347e+00 -1.863308453168462719e+00 -1.867842928208790720e+00
-1.699596875646017580e+00 -2.402326560914153308e+00 -1.961481255775412214e+00 -1.890068513676256279e+00 -1.919006617811517712e+00 -1.888006968647565120e+00 -1.864654364612085002e+00
-1.639423352986829396e+00 -1.185350919491813038e+00 -1.815010016332889276e+00 -1.872733095532506553e+00 -1.891307487044460389e+00 -1.873001785865117119e+00 -1.853701270924212885e+00
-1.659173346005392791e+00 -2.060844576365611136e+00 -1.822050321100612713e+00 -1.827545240469474530e+00 -1.853793593725545197e+00 -1.887214431202140386e+00 -1.871261337959014170e+00
-1.577185526895729994e+00 -2.264348398264361517e+00 -1.995747581035714147e+00 -1.860106647075942643e+00 -1.836133469213790281e+00 -1.876412658047231119e+00 -1.873352624650602261e+00
-1.662347530322075162e+00 -2.195262444366471666e+00 -1.766629251796338451e+00 -1.928803884921492351e+00 -1.870216927286801445e+00 -1.830695144443262201e+00 -1.881857673015489896e+00
-1.206519505279343374e+00 -2.162538398002495477e+00 -1.797947476655591625e+00 -1.802336752272694298e+00 -1.857092427022568826e+00 -1.860133563671211743e+00 -1.876641682348547002e+00
-1.710906708883531913e+00 -1.683327040469633884e+00 -1.739629697141003017e+00 -1.936290084763685693e+00 -1.899270169947418596e+00 -1.880925150581327365e+00 -1.862764350298464766e+00
-1.596373550797534291e+00 -1.866894853814722754e+00 -1.960648437848594217e+00 -1.864376391076441708e+00 -1.907571660436462313e+00 -1.850562264342830776e+00 -1.873339246954995652e+00
-1.397714702135151477e+00 -1.951274166169437940e+00 -2.004786978432622213e+00 -1.871749045280410417e+00 -1.901204268087211435e+00 -1.861870481395508481e+00 -1.872037056050731341e+00
-1.220135498051825973e+00 -2.048478186783748711e+00 -1.720646874005681504e+00 -1.986828596438884320e+00 -1.832220929642408791e+00 -1.853233920332569173e+00 -1.880361171358362782e+00
-9.049554193333914087e-01 -2.030908723740076027e+00 -1.580657403064459565e+00 -1.924872747179497523e+00 -1.863479097998885115e+00 -1.876937973019887851e+00 -1.870341268893158437e+00
-1.136098361222613651e+00 -1.761930994022976815e+00 -1.757922920797722943e+00 -1.796775882365886590e+00 -1.906371872078357343e+00 -1.854974682878822723e+00 -1.892133186468986317e+00
-1.109156394277443836e+00 -2.038698942606392617e+00 -1.788849129276191885e+00 -1.860366134399004778e+00 -1.849276859191064437e+00 -1.860889695714967651e+00 -1.883856248330465277e+00
