(-1.8746515824858918+0j)
-1.370276185478859876e+00 -1.318667403878517330e+00 -1.519040286533856365e+00 -1.600466705370711118e+00 -2.023664865358918874e+00 -1.891217388237774522e+00 -1.869612910317068666e+00
-1.344685055945545882e+00 -1.424766958899665648e+00 -1.756078707544013406e+00 -1.671393482238285433e+00 -1.590853439535375946e+00 -1.746772843109236417e+00 -1.851644117867774497e+00
-1.262388900953159476e+00 -1.404049321339907008e+00 -1.378873426336438390e+00 -1.407844153096561080e+00 -1.875920252143579603e+00 -1.829648811372328598e+00 -1.909088815032554010e+00
-1.404512401533096977e+00 -1.199186727168788158e+00 -1.463247214285375186e+00 -1.443993289449933215e+00 -1.926481867202261888e+00 -1.826662803279822889e+00 -1.891187803471675366e+00
-1.413314131961815212e+00 -1.293549448032563109e+00 -1.468169330689159224e+00 -1.721481956946439240e+00 -1.930708734913922253e+00 -1.885175596325523451e+00 -1.841260132207265698e+00
-1.403821601403071107e+00 -1.312823973524204435e+00 -1.537469175685096667e+00 -1.717025332741474397e+00 -1.822546394835565575e+00 -1.927582895997614898e+00 -1.880217982819960332e+00
-1.207103869480152358e+00 -1.243139818931907836e+00 -1.447041766310748878e+00 -1.542862780295324754e+00 -1.893687383712744809e+00 -1.892998913611446010e+00 -1.875768411640557076e+00
-1.360000832488970968e+00 -1.390851587355621977e+00 -1.633859146512253835e+00 -1.808765004169271329e+00 -1.729225608322668917e+00 -1.887317328637424518e+00 -1.821642429912246897e+00
-1.288157419818894756e+00 -1.457007192209076152e+00 -1.441882289603818146e+00 -1.538732417497449045e+00 -1.767962707088123864e+00 -1.854588388775804120e+00 -1.865397842293552433e+00
-1.370105301537721143e+00 -1.448184172948548953e+00 -1.561167479447002071e+00 -1.918030526369962629e+00 -1.817116504375072328e+00 -1.852184932286518926e+00 -1.839699962158198421e+00
-1.439773767250660974e+00 -1.618367657558979600e+00 -1.457192215055146178e+00 -1.517723701809569725e+00 -1.798543378330456299e+00 -1.793101546599441987e+00 -1.840772242919552326e+00
-1.237434723238986178e+00 -1.345655725284968574e+00 -1.274624943434492064e+00 -1.457266796497937111e+00 -1.857352976303288328e+00 -1.845591401635341189e+00 -1.837789002979398623e+00
-1.320412912453371224e+00 -1.519157564629479706e+00 -1.568531150907201965e+00 -1.591116752964546466e+00 -1.820519081139984952e+00 -1.871686494551642488e+00 -1.894639592040044507e+00
-1.189011228028100886e+00 -1.305441866528157968e+00 -1.486803175990102366e+00 -1.520105559919592286e+00 -1.676517632739840113e+00 -1.808623258756206331e+00 -1.909888551058865236e+00
-1.320604065376167702e+00 -1.281395311048049823e+00 -1.207135623164465432e+00 -1.741344207264623689e+00 -1.691530266234839930e+00 -1.811612140352118150e+00 -1.845107078396787337e+00
-1.345339323707541279e+00 -1.429236276795577743e+00 -1.551082839205896180e+00 -1.537417617509690970e+00 -1.703250519741162705e+00 -1.761639881725507006e+00 -1.856489273478751700e+00
-1.222848801330565838e+00 -1.437341207659540654e+00 -1.291639768574887270e+00 -1.786624491112923874e+00 -1.702912332827922759e+00 -1.905615208733011379e+00 -1.845271262386218858e+00
-1.285723082831488728e+00 -1.547655881997162863e+00 -1.298813003846616798e+00 -1.701909788647875121e+00 -1.580343699601319596e+00 -1.706595011602881407e+00 -1.880011129773366374e+00
-1.375479933810694444e+00 -1.510781865990191486e+00 -1.555733075808473309e+00 -1.520580226573489124e+00 -1.676341229496046692e+00 -1.848407991714386744e+00 -1.870250289737622085e+00
-1.348901083653250454e+00 -1.499481255163128690e+00 -1.589173961010357683e+00 -1.812492123896524143e+00 -1.923044370980875328e+00 -1.822672191142256093e+00 -1.895865486960202073e+00
-1.269000269990830709e+00 -1.101181620711799258e+00 -1.193296896983947475e+00 -1.502049982394644267e+00 -1.731521201186038361e+00 -1.823779133891587190e+00 -1.897891638845327744e+00
-1.260382808594933790e+00 -1.160302316319905769e+00 -1.447466843529814362e+00 -1.741036653465452666e+00 -1.681914678871583968e+00 -1.803009133373644213e+00 -1.857088754935133590e+00
-1.280081111716006692e+00 -1.275633805291427336e+00 -1.460857309751781408e+00 -1.665346368914007336e+00 -1.712113832510774980e+00 -1.900881463307037667e+00 -1.825571905717561005e+00
-1.232703812092377671e+00 -1.450740422673935770e+00 -1.513507494347248183e+00 -1.611100407397519252e+00 -1.876784770232679644e+00 -1.849402320956170076e+00 -1.890920955510110080e+00
-1.496514078747518628e+00 -1.204013485413142348e+00 -1.344527977061732882e+00 -1.685475994695631030e+00 -1.873313483481900299e+00 -1.851489263649995998e+00 -1.861799506438615026e+00
-1.458651970883641846e+00 -1.441936671231436762e+00 -1.561175693123882491e+00 -1.731737408191411198e+00 -1.801188021557877716e+00 -1.898783573816046344e+00 -1.846990406076809865e+00
-1.333278413081328884e+00 -1.472950883295454982e+00 -1.598538332138876417e+00 -1.697251501239658511e+00 -1.809285601327562665e+00 -1.901545768303395612e+00 -1.908321710257574910e+00
-1.479571159246205081e+00 -1.282350414394935578e+00 -1.621074211942049814e+00 -1.896529315167019725e+00 -1.828979783951256266e+00 -1.857149651198216400e+00 -1.854298460111343250e+00
-1.334072755942382837e+00 -1.346161058352936868e+00 -1.385442842066741065e+00 -1.659434886457878289e+00 -1.751464107351439647e+00 -1.822871504788085684e+00 -1.857783112052250774e+00
-1.373401306729423510e+00 -1.350500769130944967e+00 -1.472461795960023689e+00 -1.562904716542476535e+00 -1.803415442488117471e+00 -1.789567213432111448e+00 -1.882338048809289788e+00
-1.307722681344549054e+00 -1.509369171651810060e+00 -1.314129646919380612e+00 -1.511175409527193203e+00 -1.585446064966956392e+00 -1.762639430188534861e+00 -1.819661699325283655e+00
-1.443388943833315619e+00 -1.446225170996613851e+00 -1.502984002245061568e+00 -1.532745029013374838e+00 -1.755502359128967793e+00 -1.928871023764854309e+00 -1.915170695150519187e+00
-1.260739058204881413e+00 -1.232282208315767624e+00 -1.237583834014651663e+00 -1.647560956483484773e+00 -1.708663187761704449e+00 -1.818635205778477149e+00 -1.881331812892918842e+00
-1.206181763787406602e+00 -1.348857877023543095e+00 -1.404728449062938367e+00 -1.621812956912308534e+00 -2.023745930207718757e+00 -1.908402476960673333e+00 -1.882101252021593174e+00
-1.333956638554211205e+00 -1.472661283804516330e+00 -1.513253814867069336e+00 -1.736521293072440075e+00 -2.034098915127237284e+00 -1.969058832397593273e+00 -1.891669127523107896e+00
-1.205182617296199910e+00 -1.301318002502689808e+00 -1.403209141801775361e+00 -1.711341513981619045e+00 -1.787260071359831004e+00 -1.901678347192975238e+00 -1.857143366932571871e+00
-1.194370703899267472e+00 -1.247928701297061238e+00 -1.442541870455636754e+00 -1.661612254373645570e+00 -1.884792360387022248e+00 -1.798994892914433708e+00 -1.867516839142845608e+00
-1.168825121280463009e+00 -1.150718126445811507e+00 -1.513856035906210540e+00 -1.442371380779832624e+00 -1.701879294397360187e+00 -1.852303786943384267e+00 -1.886349493382676545e+00
-1.380346210817636088e+00 -1.572673725942384859e+00 -1.467134298908064016e+00 -1.601663308585278944e+00 -1.900895228271098691e+00 -1.845287022084450612e+00 -1.849474564341909044e+00
-1.462482989774980036e+00 -1.640492136309716686e+00 -1.676152150951772057e+00 -1.603430631260310157e+00 -1.960979324147151370e+00 -1.857698230828464414e+00 -1.908391287239180167e+00
-1.312099803502605022e+00 -1.296903270033595401e+00 -1.331819886731541169e+00 -1.614514977930430195e+00 -1.679676752247085014e+00 -1.762251756559678917e+00 -1.858629378909289365e+00
-1.374418233561628400e+00 -1.531554338587010511e+00 -1.751016681828377219e+00 -1.877404733178187346e+00 -1.993946909322644956e+00 -1.938022974703809798e+00 -1.879925566454708541e+00
-1.327660693562857874e+00 -1.445638713998321112e+00 -1.436691590722726231e+00 -1.474140539031862041e+00 -1.584344790196086095e+00 -1.866130236572384637e+00 -1.890987429333209624e+00
-1.441641645455841392e+00 -1.472772833741330611e+00 -1.759314542361082312e+00 -1.869577565889129600e+00 -1.835929734223468612e+00 -1.819386250215377476e+00 -1.817035954767455941e+00
-1.329826889144311242e+00 -1.505584246284127126e+00 -1.561773030098859483e+00 -1.848507010333941381e+00 -1.715164591753846501e+00 -1.879914400085785697e+00 -1.835600799133659589e+00
-1.402017425070204215e+00 -1.333505443515578426e+00 -1.552298225647079200e+00 -1.737173715568424592e+00 -1.952276468371155760e+00 -1.870711382522471489e+00 -1.919990508732589252e+00
-1.327255007998993541e+00 -1.434768198937635297e+00 -1.486879123762107957e+00 -1.852304956499452704e+00 -1.964403517402291577e+00 -1.989226060628015214e+00 -1.880483379067914518e+00
-1.435869869544065924e+00 -1.331719591283580195e+00 -1.594345521629735529e+00 -2.031587095106268670e+00 -2.093369050811553223e+00 -1.943758344353335277e+00 -1.875956810617677162e+00
-1.237355823179057568e+00 -1.380749701114096561e+00 -1.619401627180675263e+00 -1.516632311226517427e+00 -1.705800015710976281e+00 -1.813859783909179457e+00 -1.870082902665327618e+00
-1.318556814568254465e+00 -1.488603686493901623e+00 -1.654834215148797139e+00 -1.659651209745294675e+00 -1.483728752060363032e+00 -1.699533451604738676e+00 -1.842972032465033383e+00
