(-1.8746515824858918+0j)
-1.822981015458179144e+00 -1.966217284059089021e+00 -1.749790970025714376e+00 -1.825735173149465318e+00 -1.857931330489611232e+00 -1.877727385442110819e+00 -1.871203827655538499e+00
-1.872132994811797513e+00 -1.690817752364754289e+00 -1.867280991688878622e+00 -1.936313648348225946e+00 -1.858948127906060455e+00 -1.851973159554083148e+00 -1.861654061783177161e+00
-1.664680363537608176e+00 -1.848734327495441088e+00 -2.055723422094376307e+00 -1.903387285498181036e+00 -1.859038327292035220e+00 -1.853046539802375214e+00 -1.852624634677543458e+00
-1.585857368144949042e+00 -1.763175591288870248e+00 -2.010232848057016852e+00 -1.824719949593193613e+00 -1.837590066661134225e+00 -1.864078621351469067e+00 -1.875356805549614148e+00
-1.777949219693570448e+00 -1.695776773893872935e+00 -1.848648846454675754e+00 -1.869609613200968967e+00 -1.883035171456756363e+00 -1.860469673854389105e+00 -1.872670808074726967e+00
-1.367311366521856364e+00 -1.585049457550693708e+00 -1.792630518951170870e+00 -1.915527284697470467e+00 -1.906760810727054833e+00 -1.861068925904291849e+00 -1.868531664587921526e+00
-1.291455119393375650e+00 -1.485587786912530461e+00 -1.861692210405674341e+00 -1.879698497020153347e+00 -1.901976455225254270e+00 -1.877284136294148809e+00 -1.866869703910600586e+00
-1.183688118899574926e+00 -1.395078192564412234e+00 -1.668631958364362955e+00 -1.760335990860795174e+00 -1.819142043383856322e+00 -1.867340943031877698e+00 -1.867671143992851945e+00
-1.908905093921463791e+00 -1.975127566809029567e+00 -2.064981599221524800e+00 -1.880380283690564980e+00 -1.927715281684363458e+00 -1.916856185118465561e+00 -1.880565393261279805e+00
-1.635946246159320605e+00 -1.786065678447568139e+00 -1.866252605514767238e+00 -1.891502680034260475e+00 -1.873671315171490104e+00 -1.882771429673268715e+00 -1.873571705624254902e+00
-1.595175209089449542e+00 -1.486115812859106988e+00 -1.753229107814480603e+00 -1.774712861499929906e+00 -1.859653287953368483e+00 -1.859157824864477782e+00 -1.869145135686730352e+00
-1.772346234196533477e+00 -1.906289997935764591e+00 -1.861903065079469677e+00 -1.841835763160498463e+00 -1.872587908285458624e+00 -1.878606093380488229e+00 -1.869212401932520029e+00
-1.201656207916013352e+00 -1.832114820787159815e+00 -1.626347414728698482e+00 -1.722973781985421837e+00 -1.821128864356191146e+00 -1.859683720966784692e+00 -1.874854225522959217e+00
-1.405820959677432036e+00 -1.900870685752373612e+00 -1.822688974819185459e+00 -1.955770623167834010e+00 -1.883073211871076236e+00 -1.890492687506832414e+00 -1.872375327051146510e+00
-7.057278587130013658e-01 -1.404113277988745745e+00 -1.720395195022782708e+00 -1.844679338328151008e+00 -1.833908673572677284e+00 -1.875319825117314654e+00 -1.884559463805454804e+00
-1.346134795935830963e+00 -1.593606833812617474e+00 -1.829350449973092818e+00 -1.847560660036091873e+00 -1.921009001401210670e+00 -1.878126532806594806e+00 -1.877568820621139167e+00
-1.730264610127989044e+00 -1.484999446507768051e+00 -1.686783055410367105e+00 -1.841536628677610921e+00 -1.832823960158830090e+00 -1.849890766203535541e+00 -1.868748294953956446e+00
-1.310121930074805929e+00 -1.715293254754831853e+00 -1.703004097018897989e+00 -1.885006282607604167e+00 -1.886671272691264889e+00 -1.840024835049669738e+00 -1.866281420633368437e+00
-1.321807275156107186e+00 -1.473965172030431425e+00 -1.650688313677603603e+00 -1.787327974351637039e+00 -1.817094411817908428e+00 -1.858107165561241558e+00 -1.877374199344470362e+00
-1.417160523351422396e+00 -1.626780698318368801e+00 -1.752094511957378309e+00 -1.853849692631413637e+00 -1.901919042897019629e+00 -1.887060189051522840e+00 -1.872033237740541090e+00
-1.480592892268235872e+00 -1.761213865475530937e+00 -1.482841050976897668e+00 -1.778941740424233142e+00 -1.880711345749384256e+00 -1.879456502820231689e+00 -1.870359255594677972e+00
-1.240844353105865494e+00 -1.277646292079916535e+00 -1.765187496898120045e+00 -1.824638997509320237e+00 -1.916800955572572018e+00 -1.903725878866388443e+00 -1.879575522406172317e+00
-1.517415615059046541e+00 -1.793679236246257913e+00 -1.797836460762920030e+00 -1.843864543340484774e+00 -1.929294152796863893e+00 -1.882075785722849393e+00 -1.875780542365464099e+00
-1.170606290259158522e+00 -1.677318891283518631e+00 -1.917566572886210574e+00 -1.936688372773503586e+00 -1.860366504747915872e+00 -1.877020037268227526e+00 -1.879307358272428008e+00
-1.006401491967125139e+00 -1.566059056955711348e+00 -1.720764986909665284e+00 -1.768811509271728921e+00 -1.826955257987550540e+00 -1.854307671002385804e+00 -1.874747366523238368e+00
-1.274778199339061002e+00 -1.615287176951155201e+00 -1.874012425160742845e+00 -1.843886295889088922e+00 -1.852194276823850405e+00 -1.849176253208899556e+00 -1.861366793242529294e+00
-1.653480661481862679e+00 -1.745945082250173641e+00 -1.752603529091834922e+00 -1.723942609002454107e+00 -1.855352359592504552e+00 -1.889753200465714489e+00 -1.872225427066197989e+00
-1.447459392522912225e+00 -1.815788338813840275e+00 -1.962646643297349947e+00 -1.875531463528788301e+00 -1.875645754440116830e+00 -1.867776402559953031e+00 -1.881228105007467066e+00
-1.691678569542736987e+00 -1.769275545229726188e+00 -1.667807649546582116e+00 -1.795476828673539416e+00 -1.827830267917786466e+00 -1.853760282621904398e+00 -1.871503167803654222e+00
-1.497078347314155122e+00 -1.476202481708994707e+00 -1.788147147034369056e+00 -1.902453441328438632e+00 -1.853579417649381167e+00 -1.862686937383250196e+00 -1.870452507196618708e+00
-1.651202737865079762e+00 -1.864439597048627162e+00 -1.926338703816107945e+00 -1.912917254555847268e+00 -1.915802201969072360e+00 -1.888948416995750224e+00 -1.883768051656375730e+00
-1.113827078220816613e+00 -1.735962337354061802e+00 -1.931046803901049103e+00 -1.890891455949720745e+00 -1.881657364823347667e+00 -1.859395251511333669e+00 -1.874117325086825714e+00
-1.050761790963558928e+00 -1.285308482777238304e+00 -1.691371138857946654e+00 -1.902013452715434205e+00 -1.870898514979119298e+00 -1.862466800935273392e+00 -1.870831193581949714e+00
-1.541730788603169033e+00 -1.824924997285845452e+00 -1.941826019293208194e+00 -1.995008464035773699e+00 -1.895571947739279839e+00 -1.886414928540192104e+00 -1.866884112062218826e+00
-1.446828674338097365e+00 -1.653628998389053528e+00 -1.886311344680839053e+00 -1.997731417872159909e+00 -1.860644942585781836e+00 -1.869711305901643028e+00 -1.879646020197885736e+00
-1.120783124447973345e+00 -1.870259378404596662e+00 -1.830602370565027170e+00 -1.873958859591419168e+00 -1.879084489934361279e+00 -1.889546040968341778e+00 -1.877134112251888087e+00
-1.566170507254502242e+00 -1.914784972474454783e+00 -1.994679707484517506e+00 -1.886355458104110205e+00 -1.858263668813431524e+00 -1.892094413532398711e+00 -1.883691864617229594e+00
-1.619196804425392822e+00 -1.707093277194766223e+00 -1.842431565753858358e+00 -1.808480710683159742e+00 -1.897284914274563805e+00 -1.886748940944930508e+00 -1.874994761808411070e+00
-1.515398440853545914e+00 -1.885506057782643907e+00 -1.777083367285450022e+00 -1.911417770531589788e+00 -1.862669462437824164e+00 -1.902260256879689138e+00 -1.889691216930635687e+00
-1.699663584749041334e+00 -1.690838655931193646e+00 -1.949802251764750860e+00 -1.902600891225985080e+00 -1.897189499487771158e+00 -1.869377516184105525e+00 -1.869052116649082773e+00
-1.632143936896692349e+00 -1.924661124402165635e+00 -1.863445156263206393e+00 -1.909433733232118957e+00 -1.856404911274785130e+00 -1.868822651948713442e+00 -1.872661870898901348e+00
-1.828758740075817180e+00 -1.816901755968320487e+00 -1.948979306378354259e+00 -1.876520476040653751e+00 -1.873498574668408967e+00 -1.843033405599096008e+00 -1.849408390432807137e+00
-1.934391962900725126e+00 -1.660534225103484696e+00 -1.929703345912670898e+00 -1.903041013754995348e+00 -1.850158648616189616e+00 -1.873844786261466666e+00 -1.867669563497384999e+00
-1.377118768973839558e+00 -1.531235326826021925e+00 -1.705713405895409318e+00 -1.851543391702724861e+00 -1.815416941721439859e+00 -1.871145937206973198e+00 -1.877666653524497686e+00
-1.503417053226508759e+00 -1.519471054428624512e+00 -1.683581912384187751e+00 -1.928530912265010500e+00 -1.840120290807131020e+00 -1.859382052606904256e+00 -1.875837131307900307e+00
-1.438775761573478196e+00 -1.884580938689675023e+00 -1.850174020007612663e+00 -1.872878657284866133e+00 -1.911848820632508605e+00 -1.896403810455592254e+00 -1.869618943036780223e+00
-1.622843913312660424e+00 -1.890963688212271121e+00 -2.094806640259238684e+00 -1.976871197459612706e+00 -1.921669905524919120e+00 -1.887808080618244677e+00 -1.897130287470274901e+00
-1.082739660658872616e+00 -1.931167727776922582e+00 -1.938725321935755641e+00 -1.860314239487482757e+00 -1.842227159838251804e+00 -1.846361078117494614e+00 -1.875345205494564071e+00
-1.594021663186764304e+00 -1.791809283814278952e+00 -1.866431565153032546e+00 -1.885776646407422374e+00 -1.841010442861251706e+00 -1.856707451349434379e+00 -1.873192481473098692e+00
-1.558428986934855320e+00 -1.731102614029740305e+00 -2.053535114282026619e+00 -1.946378280215613987e+00 -1.841912365068572699e+00 -1.868625731685462199e+00 -1.861432946417759915e+00
