(-1.132554003697722+0j)
-1.105216946835728464e+00 -1.146290543368172266e+00 -1.122792253934608020e+00 -1.123233243398834791e+00 -1.130672339851361841e+00 -1.123656296595003212e+00 -1.124613296603313106e+00
-1.102079776231670749e+00 -1.126114466830420824e+00 -1.145001500681070539e+00 -1.143603185553415891e+00 -1.133605230049314017e+00 -1.135331827197326504e+00 -1.129004081615582855e+00
-1.106909776922770039e+00 -1.126769485170207474e+00 -1.127120992409341937e+00 -1.148013473401566564e+00 -1.141645080346421093e+00 -1.137907196643229035e+00 -1.130245449938543478e+00
-1.102583325106931689e+00 -1.115184090804278938e+00 -1.137238140776735573e+00 -1.114261247193588211e+00 -1.129854834662870289e+00 -1.124009196220232987e+00 -1.135163711955335719e+00
-1.108602607009811614e+00 -1.132388661534771135e+00 -1.110999116014519394e+00 -1.116022774090822178e+00 -1.142751412784857257e+00 -1.134777383992738642e+00 -1.130283259066521051e+00
-1.103772606318712324e+00 -1.133855589793738794e+00 -1.143398735825436940e+00 -1.118838737297305652e+00 -1.132551192826972475e+00 -1.133020697211766681e+00 -1.133274885960739109e+00
-1.104963859408409022e+00 -1.147819186797170321e+00 -1.157678396858182523e+00 -1.165401144950478418e+00 -1.132487337057538568e+00 -1.130055030005829853e+00 -1.132242821731396454e+00
-1.103772606318712324e+00 -1.136702574478105632e+00 -1.135277427982369858e+00 -1.138086401175263607e+00 -1.128720440742647657e+00 -1.145287407087997256e+00 -1.132451002916634142e+00
-1.110548524524172187e+00 -1.131402102281844346e+00 -1.121488207050368224e+00 -1.138543019478088780e+00 -1.127735177216021789e+00 -1.124771401887595612e+00 -1.129113279158670213e+00
-1.103522144870769939e+00 -1.147681036168262558e+00 -1.124621586353895530e+00 -1.135100741075326436e+00 -1.131972828908347939e+00 -1.122507999293822500e+00 -1.136967909249982700e+00
-1.103522144870769939e+00 -1.108599830097031891e+00 -1.137536872790734233e+00 -1.133220872698860848e+00 -1.125604298891963451e+00 -1.141167909578304274e+00 -1.129476072218150939e+00
-1.105216946835728464e+00 -1.144979447899692637e+00 -1.085685243060835914e+00 -1.120339872870130815e+00 -1.120279508131222013e+00 -1.127363820892704815e+00 -1.135454574307472209e+00
-1.102583325106931689e+00 -1.125895887731937606e+00 -1.127687001308587789e+00 -1.132564072680234624e+00 -1.120879430247465169e+00 -1.139945263646925833e+00 -1.134933461371304020e+00
-1.100637407592571115e+00 -1.137061424190651149e+00 -1.119421826662762687e+00 -1.138196756225464235e+00 -1.148930615079823969e+00 -1.131058394825006808e+00 -1.129626881159174090e+00
-1.105468062385130956e+00 -1.122368211618180123e+00 -1.108319768335703337e+00 -1.137370993764051263e+00 -1.132725170671275094e+00 -1.142290767072992708e+00 -1.130177955175059257e+00
-1.104963859408409022e+00 -1.120039484460281010e+00 -1.133385756428697100e+00 -1.135866046080286740e+00 -1.134945310236950444e+00 -1.148306091337780721e+00 -1.137699792247333752e+00
-1.100133858717309732e+00 -1.152332839962321387e+00 -1.170626768360373049e+00 -1.142512191984930370e+00 -1.132959055644826130e+00 -1.126969682794178862e+00 -1.133195537017551047e+00
-1.098944577505529541e+00 -1.133885787079873086e+00 -1.136108698366098846e+00 -1.143600140035593515e+00 -1.116485815856486541e+00 -1.133749037523844594e+00 -1.126442274374732211e+00
-1.103774578196628831e+00 -1.113344864025052949e+00 -1.132647732071833335e+00 -1.123964688965738201e+00 -1.144045250343794562e+00 -1.140933223709502009e+00 -1.137386751934094109e+00
-1.103522144870769939e+00 -1.126795184845354569e+00 -1.138595674066525287e+00 -1.118375732635062292e+00 -1.128065410618582121e+00 -1.115069184979910588e+00 -1.128900407484652035e+00
-1.100386946144629174e+00 -1.110853216312083447e+00 -1.125145352748659011e+00 -1.140083832174949130e+00 -1.143312382316936437e+00 -1.121004897776270326e+00 -1.132421802521495824e+00
-1.100133858717309732e+00 -1.145967178249209795e+00 -1.149622934347352743e+00 -1.148621419936191046e+00 -1.123006878573295619e+00 -1.132681107665825859e+00 -1.133600255215266195e+00
-9.564814243123980209e-01 -1.142201873108676935e+00 -1.131096378909589362e+00 -1.119283694385301065e+00 -1.147848776340882226e+00 -1.139232031734023209e+00 -1.127109362228912337e+00
-1.106909776922770039e+00 -1.134665920646944492e+00 -1.144395651533222313e+00 -1.138894212630635838e+00 -1.140357923129239115e+00 -1.129949577900477120e+00 -1.136181762850344557e+00
-1.096998659991168745e+00 -1.143368192647839621e+00 -1.113579383617713692e+00 -1.124795377740091862e+00 -1.115335769459451676e+00 -1.145976480451911694e+00 -1.134183802234142391e+00
-1.098944577505529541e+00 -1.141714975433131940e+00 -1.144908624206063319e+00 -1.128026956385598023e+00 -1.134617642933039683e+00 -1.114939317810833774e+00 -1.129805569910275587e+00
-1.107413325798030979e+00 -1.141935439293456866e+00 -1.146845466702742566e+00 -1.122700929691338612e+00 -1.147179866985841290e+00 -1.122266991858972052e+00 -1.128207433350883804e+00
-1.098944577505529541e+00 -1.116158336438098253e+00 -1.134061080937537103e+00 -1.111754181250224516e+00 -1.122129641430653191e+00 -1.139993922501795875e+00 -1.132629805973852655e+00
-1.105468062385130956e+00 -1.121013734312973575e+00 -1.105834653642455923e+00 -1.154111750436156658e+00 -1.117359223147640357e+00 -1.135381887527269207e+00 -1.134026783466380639e+00
-1.110548524524172187e+00 -1.118324966590066083e+00 -1.102262152533948214e+00 -1.109912553428188620e+00 -1.134450203945107205e+00 -1.134694511889086321e+00 -1.132751080773786834e+00
-1.102583325106931689e+00 -1.127566404222019703e+00 -1.126776475109942943e+00 -1.130822239635346005e+00 -1.132516191400590344e+00 -1.129246143627876453e+00 -1.135296948087491486e+00
-1.102332863658989748e+00 -1.135087240761657679e+00 -1.146247370005191168e+00 -1.090006068195413569e+00 -1.148593664623106747e+00 -1.130544510635079547e+00 -1.125703820565169044e+00
-1.104025693746031322e+00 -1.131730385376019221e+00 -1.119510917917734272e+00 -1.122347714372412764e+00 -1.122638393641764321e+00 -1.127088280712194912e+00 -1.133266213664745337e+00
-1.100386946144629174e+00 -1.119256628666117415e+00 -1.106191682940111942e+00 -1.124937710832851767e+00 -1.148006331158636817e+00 -1.143138353090431547e+00 -1.127702627520473566e+00
-1.105467408283670405e+00 -1.030444420500830294e+00 -1.114812182078090519e+00 -1.100065305869109000e+00 -1.140068654332669240e+00 -1.137795673191712709e+00 -1.135170356033492922e+00
-1.100386946144629174e+00 -1.144933770686533681e+00 -1.103275405172134516e+00 -1.144176535969685382e+00 -1.135933653515524000e+00 -1.133094395691332412e+00 -1.130371571712965872e+00
-1.109106809986533104e+00 -1.114969257570040728e+00 -1.113945411176977096e+00 -1.101321082863536471e+00 -1.117732650041181053e+00 -1.136995498967793505e+00 -1.131666939340218114e+00
-1.107413325798030979e+00 -1.110372394144431674e+00 -1.124877162209855008e+00 -1.134771881381252623e+00 -1.133506093434797579e+00 -1.137262726407039182e+00 -1.123931718486126385e+00
-1.100386946144629174e+00 -1.121669720944995507e+00 -1.091048366927386049e+00 -1.103284178321374931e+00 -1.135832644961221494e+00 -1.127042987840959576e+00 -1.129013448618096049e+00
-1.041824494865708939e+00 -1.148075310642356239e+00 -1.131783358917882509e+00 -1.140982974163228247e+00 -1.113042375896242664e+00 -1.134164385702800981e+00 -1.132738514157484833e+00
-1.103522144870769939e+00 -1.127905722650884179e+00 -1.079979590879354134e+00 -1.107089093158799997e+00 -1.111799098944082909e+00 -1.121857370102083529e+00 -1.133329809649516351e+00
-1.102332863658989748e+00 -1.122312900062928609e+00 -1.120152621804629156e+00 -1.137482982640759310e+00 -1.117600420118872950e+00 -1.130359694489373679e+00 -1.129669465030220588e+00
-1.110548524524172187e+00 -1.130387112072480438e+00 -1.121629881926381245e+00 -1.093425783519753614e+00 -1.137203690294339431e+00 -1.130145094308703912e+00 -1.136433503460940075e+00
-1.100637407592571115e+00 -1.123232757475181032e+00 -1.123702468654004694e+00 -1.149426410519382991e+00 -1.137409052631277895e+00 -1.139200965688691225e+00 -1.132503030727531446e+00
-1.100637407592571115e+00 -1.130740923254859531e+00 -1.144986367659660775e+00 -1.112048755140991219e+00 -1.123146030538261453e+00 -1.136263219072383590e+00 -1.129904179947834875e+00
-1.105467408283670405e+00 -1.142772151936186198e+00 -1.125598339189634700e+00 -1.118099334798853040e+00 -1.130098292247567748e+00 -1.138536661677802098e+00 -1.135715218036392082e+00
-1.113936810677632394e+00 -1.123065290912400371e+00 -1.152601270204450579e+00 -1.154828796878000663e+00 -1.123131667462461181e+00 -1.120119540200102959e+00 -1.131086690732151290e+00
-1.105216946835728464e+00 -1.135835700809427973e+00 -1.136919940935825046e+00 -1.135292230196776941e+00 -1.131168338402432916e+00 -1.141953368082494702e+00 -1.132409604879006215e+00
-1.108855694437130612e+00 -1.126371977323594287e+00 -1.114958894659240585e+00 -1.151623930651074712e+00 -1.138917931059971522e+00 -1.128440075021081235e+00 -1.139315869486371202e+00
-1.103772606318712324e+00 -1.143454850500044806e+00 -1.116599555360445084e+00 -1.129971078234315751e+00 -1.124826005079578195e+00 -1.138879229676372784e+00 -1.131195467244859865e+00
