(-1.132554003697722+0j)
-1.158130735413143153e+00 -1.121124003721519546e+00 -1.137912685231297516e+00 -1.128114510851523367e+00 -1.135158541376932284e+00 -1.133966204512066644e+00 -1.133633084676908265e+00
-1.132024276853077271e+00 -1.127746247901398657e+00 -1.140324548728259835e+00 -1.135026845788644323e+00 -1.135539534212436585e+00 -1.132489572213601914e+00 -1.132970715641120396e+00
-1.107914408240975757e+00 -1.151912654050331941e+00 -1.126661459929155562e+00 -1.131072527004525874e+00 -1.131608488781400634e+00 -1.132107358834179678e+00 -1.132242668324868085e+00
-1.146984302582695125e+00 -1.100212133632442413e+00 -1.149840093398755148e+00 -1.120893525173435545e+00 -1.128333595450808691e+00 -1.132571226769963246e+00 -1.131082183930051999e+00
-1.098890791887265683e+00 -1.141152716098830844e+00 -1.142381348102963212e+00 -1.144199753966105071e+00 -1.132548629402904350e+00 -1.133874964723888823e+00 -1.133200019535144598e+00
-1.076017293518113149e+00 -1.102397606240681505e+00 -1.144751207816787186e+00 -1.141165272474037984e+00 -1.135830465084412655e+00 -1.132674315918769326e+00 -1.133648098924064485e+00
-1.205073508234881352e+00 -1.185066980673906034e+00 -1.139642459110414396e+00 -1.138111868548945527e+00 -1.132019543825513175e+00 -1.129623438152709713e+00 -1.132524106213232962e+00
-1.173709937305387196e+00 -1.128461032431026911e+00 -1.128045224505526800e+00 -1.135276248132726096e+00 -1.131581474158737555e+00 -1.132349586953833143e+00 -1.133127807989591673e+00
-1.162857612540171726e+00 -1.153627142046058651e+00 -1.119575100784651500e+00 -1.133490308138351388e+00 -1.127335068566636345e+00 -1.133605616549703932e+00 -1.134794599441311558e+00
-1.069120573773275407e+00 -1.097922646280036885e+00 -1.142820063367412153e+00 -1.147094359660324248e+00 -1.131433669433695055e+00 -1.132379377410853483e+00 -1.132811552241525632e+00
-1.121370161169248814e+00 -1.130095930501040069e+00 -1.133413832741954508e+00 -1.128267522713573445e+00 -1.130795400210825807e+00 -1.135608399450269479e+00 -1.133851946845589431e+00
-1.185734263315342485e+00 -1.118926784351366166e+00 -1.153609168313653566e+00 -1.125332383445597717e+00 -1.129048563747312439e+00 -1.132963110465171397e+00 -1.132891857458730556e+00
-1.126909794369682860e+00 -1.130141568373526972e+00 -1.139839013323963313e+00 -1.132179846484072439e+00 -1.133010829121250840e+00 -1.129732602733169333e+00 -1.132026899694890787e+00
-1.108055758899519461e+00 -1.127606609941885552e+00 -1.137167427475811010e+00 -1.127560871600475245e+00 -1.139299142841273538e+00 -1.133615516980614135e+00 -1.132149664609596762e+00
-1.164047703882082896e+00 -1.126373268449693210e+00 -1.121716155811018467e+00 -1.129794313988339294e+00 -1.135815396902289498e+00 -1.130754594345364294e+00 -1.132092153625951836e+00
-1.113738178130937673e+00 -1.094877255148506423e+00 -1.135416845248416351e+00 -1.142315108941506230e+00 -1.129466942867926260e+00 -1.130224202282785306e+00 -1.132020787930099193e+00
-1.160548292442346696e+00 -1.153838055296901199e+00 -1.113145723327898295e+00 -1.133436750157504669e+00 -1.132368322305894903e+00 -1.130743539946771570e+00 -1.132886242509333119e+00
-1.131806083628131177e+00 -1.129777963084716230e+00 -1.135452543002332337e+00 -1.129639238092840170e+00 -1.131218530637106978e+00 -1.131762799911486983e+00 -1.132524700310236998e+00
-1.154065174099198288e+00 -1.119926966972839111e+00 -1.129095029537915185e+00 -1.123877529570519229e+00 -1.136121587092647101e+00 -1.133939841917463331e+00 -1.133288452543034008e+00
-1.159714116852942123e+00 -1.145039035705188279e+00 -1.111828597656002504e+00 -1.130280960668919699e+00 -1.122907035310322765e+00 -1.131989912776156348e+00 -1.132002765005203582e+00
-1.152573614089767329e+00 -1.129851264403271660e+00 -1.116765544730691229e+00 -1.123946779085228220e+00 -1.133392473985939786e+00 -1.131452070297711110e+00 -1.133834296730555025e+00
-1.175303290120890853e+00 -1.128218144084562002e+00 -1.139785602499556738e+00 -1.145616946529925517e+00 -1.131972609251818085e+00 -1.131408816003136586e+00 -1.131721874207392675e+00
-1.131308817217080875e+00 -1.121998755887551269e+00 -1.138200350667544214e+00 -1.121453116376795123e+00 -1.130405997993114697e+00 -1.134649654187972700e+00 -1.134101208832456020e+00
-1.098385271134088459e+00 -1.137764961899105032e+00 -1.134764807773403827e+00 -1.125327950500016883e+00 -1.128097145739409335e+00 -1.131117130922304925e+00 -1.132956764535997474e+00
-1.202729641366062197e+00 -1.171576129932989208e+00 -1.126018965567316510e+00 -1.132983444432025255e+00 -1.136206207242581367e+00 -1.131422059640280420e+00 -1.133144754315642100e+00
-1.089735618724098964e+00 -1.160523576329682172e+00 -1.122527097052168799e+00 -1.135280480007676562e+00 -1.130780762060012989e+00 -1.134231147475140755e+00 -1.134258151010849147e+00
-1.173928130530333291e+00 -1.101090903090127249e+00 -1.134690355998860145e+00 -1.136272516325588899e+00 -1.132831464419430390e+00 -1.130826358702050172e+00 -1.132252435746255781e+00
-1.165977464031499711e+00 -1.120306101319189729e+00 -1.141153950551230700e+00 -1.123871707479720428e+00 -1.127523191656006230e+00 -1.131691333963134038e+00 -1.131072574560190169e+00
-1.158434380521264906e+00 -1.164712657580263322e+00 -1.136127382880735226e+00 -1.141311478709162497e+00 -1.133622459170871899e+00 -1.132863072115020131e+00 -1.135116094281932941e+00
-1.132447202890213944e+00 -1.094961468600289756e+00 -1.145560816679628058e+00 -1.139276571287723527e+00 -1.128833512083966539e+00 -1.132450521480829586e+00 -1.133707434313795837e+00
-1.095206663700257543e+00 -1.127532591165848253e+00 -1.130134697298699198e+00 -1.127684340961824683e+00 -1.129601333844338917e+00 -1.131713481261298782e+00 -1.132514536965954388e+00
-1.121336119715968138e+00 -1.073817250576147631e+00 -1.118661480545199538e+00 -1.126182525009516766e+00 -1.126070888513808210e+00 -1.135322145037215069e+00 -1.131942839591411509e+00
-1.117887105742088494e+00 -1.140217093570801143e+00 -1.129905872816906243e+00 -1.130058294352524584e+00 -1.129296948306948600e+00 -1.131782701093283716e+00 -1.132561896465204443e+00
-1.119277811331371275e+00 -1.130530096107689619e+00 -1.136766471586863059e+00 -1.138752803150906878e+00 -1.135189293425121981e+00 -1.133039486887685632e+00 -1.133889987103717134e+00
-1.107340299263523065e+00 -1.112182530206879072e+00 -1.135316105721964064e+00 -1.141622688939055275e+00 -1.126959774155906757e+00 -1.132495513226563055e+00 -1.131347452621401573e+00
-1.095426434864848808e+00 -1.134032276141680562e+00 -1.129238244033202943e+00 -1.137387149261720687e+00 -1.133183675283945924e+00 -1.131710345362014980e+00 -1.133534106616156834e+00
-1.151452421300692919e+00 -1.072924005056719032e+00 -1.137203667472848512e+00 -1.138855921789628356e+00 -1.132808953417736131e+00 -1.130794478940209569e+00 -1.131621632789993948e+00
-1.167312058437973032e+00 -1.158091842827963180e+00 -1.129119561772990998e+00 -1.139396478623901032e+00 -1.134866845996064022e+00 -1.131373653913361643e+00 -1.131205527878259787e+00
-1.168895735116655121e+00 -1.098663892259519548e+00 -1.123651894577889276e+00 -1.138250217456661773e+00 -1.128018153593602690e+00 -1.131710952541294279e+00 -1.132253743356063769e+00
-1.142650150577947610e+00 -1.140032380462109085e+00 -1.122053569150787578e+00 -1.138649485321589161e+00 -1.138686108371934402e+00 -1.133611710555950669e+00 -1.133578564734062599e+00
-1.122315034120382915e+00 -1.143374230909498745e+00 -1.128415217524168401e+00 -1.125827934303501365e+00 -1.132661835570409004e+00 -1.132697101478688406e+00 -1.132417096490902608e+00
-1.132523117730500406e+00 -1.136147153289527090e+00 -1.119336967437238872e+00 -1.144152362493406017e+00 -1.130794941520944841e+00 -1.131669850644288156e+00 -1.133267689271989731e+00
-1.145902955818487445e+00 -1.105124491263048458e+00 -1.141676849499293933e+00 -1.128238817629290569e+00 -1.133731537038080717e+00 -1.134195511627307917e+00 -1.134177866319801886e+00
-1.206092908217883064e+00 -1.113399997531380858e+00 -1.126727112981119383e+00 -1.136642438419455559e+00 -1.136399609424291635e+00 -1.135424425704349982e+00 -1.133727476270619539e+00
-1.138072583212706768e+00 -1.185736830036468792e+00 -1.131037777345293094e+00 -1.143566679779587147e+00 -1.128051521470908147e+00 -1.131795766992499175e+00 -1.131701500613345956e+00
-1.176754520696685624e+00 -1.146490245601687885e+00 -1.142592140245922483e+00 -1.140956377442066572e+00 -1.136212419324262424e+00 -1.133229803566067506e+00 -1.132046200373323597e+00
-1.163431721517624418e+00 -1.188701685935540375e+00 -1.160568359503391100e+00 -1.149738659741805114e+00 -1.127095702294443003e+00 -1.132708340130799574e+00 -1.133067698073503493e+00
-1.107617794509982101e+00 -1.130724845052240024e+00 -1.125146897753253050e+00 -1.145401883191463188e+00 -1.132867944326930942e+00 -1.132417039807968928e+00 -1.132674911749221636e+00
-1.143365610213944006e+00 -1.092497281327069913e+00 -1.155387592787162410e+00 -1.127569128843874058e+00 -1.139188927866174872e+00 -1.130785584489047091e+00 -1.130881416036804366e+00
-1.191314617844811519e+00 -1.152547509466974152e+00 -1.147045561499079547e+00 -1.137185705925028767e+00 -1.134372587306607061e+00 -1.130313681112899316e+00 -1.130542429556468553e+00
