(-1.1588369968952508+0j)
-1.134398004382193514e+00 -1.176073863065051572e+00 -1.162925476818078785e+00 -1.155311108322536251e+00 -1.160401757826013736e+00 -1.156347764398524269e+00 -1.158444407654785735e+00
-1.177581640508082783e+00 -1.192348278540670048e+00 -1.166664676337400230e+00 -1.153807381119530184e+00 -1.161193971080114906e+00 -1.156690682703867656e+00 -1.157825990664895777e+00
-1.156943136018718343e+00 -1.133815429157965848e+00 -1.148898592519986384e+00 -1.172632198353957822e+00 -1.167033588919678788e+00 -1.157813451753243905e+00 -1.156708569465874303e+00
-1.191847168453191719e+00 -1.139512984425606223e+00 -1.162900515429472703e+00 -1.158524424891750559e+00 -1.155540660146126886e+00 -1.156919806028824382e+00 -1.156903064608417964e+00
-1.130123590738874473e+00 -1.132291953188154787e+00 -1.144312696112910643e+00 -1.153766361793334916e+00 -1.158687611976095821e+00 -1.156648273909252289e+00 -1.161299852351917350e+00
-1.039035871601795336e+00 -1.147247739959968982e+00 -1.159297200816388429e+00 -1.161491037987435249e+00 -1.162921459897366283e+00 -1.159740441899914432e+00 -1.165516162308477988e+00
-1.187264776706657088e+00 -1.137219789732933917e+00 -1.152380326084276874e+00 -1.157849498849497838e+00 -1.160763266414785777e+00 -1.163991305528696119e+00 -1.153556306513242147e+00
-1.194452189792520214e+00 -1.150789153252476105e+00 -1.161185209269906426e+00 -1.145023217807158433e+00 -1.158069080840606224e+00 -1.160482779422571165e+00 -1.165300087631842452e+00
-1.175544954344905468e+00 -1.154774945182092560e+00 -1.141770146113719520e+00 -1.160850110923211442e+00 -1.156473906212920788e+00 -1.154508266395708027e+00 -1.163572226565048329e+00
-1.132643140297625139e+00 -1.186689155629921277e+00 -1.147575758986790539e+00 -1.159566385015697643e+00 -1.159354721059069115e+00 -1.153042367167102400e+00 -1.157322091869189107e+00
-1.190352930947148113e+00 -1.112986867099662769e+00 -1.150733335776922939e+00 -1.154175116944795576e+00 -1.156561223338853583e+00 -1.157571504702288534e+00 -1.157130632430916073e+00
-1.166340218103035120e+00 -1.167341875349264146e+00 -1.126881088907272011e+00 -1.168782352048373330e+00 -1.156428518499839075e+00 -1.162264728038041817e+00 -1.160238176421902079e+00
-1.179911000176373737e+00 -1.167483001641080875e+00 -1.162655042775644576e+00 -1.156942838721747968e+00 -1.161420939891404824e+00 -1.159605109115222632e+00 -1.157398320235159428e+00
-1.179795087305361978e+00 -1.130144673073554262e+00 -1.156915719411681032e+00 -1.160830704545756209e+00 -1.156184291537859066e+00 -1.161016652708887875e+00 -1.159059671665450875e+00
-1.160493441377097090e+00 -1.176398534197740542e+00 -1.164482221421466290e+00 -1.156346017149929795e+00 -1.160379242044297765e+00 -1.156674071904239209e+00 -1.152646001078937221e+00
-1.171756453546500154e+00 -1.160789707709138252e+00 -1.128645435780416761e+00 -1.154893233801267183e+00 -1.166477073803253717e+00 -1.160448264673109353e+00 -1.165546104789069837e+00
-1.202853202364468466e+00 -1.182289642685683262e+00 -1.188017642304246557e+00 -1.169211952994698489e+00 -1.158091376311484622e+00 -1.163656044423955871e+00 -1.163482749002317629e+00
-1.153865064758248016e+00 -1.149500839610574809e+00 -1.166932508499571641e+00 -1.167804635724231321e+00 -1.164576351289324130e+00 -1.161126532161055547e+00 -1.158353346848673526e+00
-1.171193539211109469e+00 -1.121917980440667595e+00 -1.148111633435795920e+00 -1.147811425280148789e+00 -1.155694943365093152e+00 -1.156123988459180740e+00 -1.152151706607903892e+00
-1.210494271516715514e+00 -1.185530325962034004e+00 -1.148500045793768631e+00 -1.146520815699509477e+00 -1.158242388262444411e+00 -1.157947024715925810e+00 -1.162252431918720408e+00
-1.135122020446924118e+00 -1.165431033806850536e+00 -1.170412300727154520e+00 -1.161530700647676717e+00 -1.154904042822673560e+00 -1.159863670227476717e+00 -1.163873868583667370e+00
-1.172341137491630159e+00 -1.146046734832936620e+00 -1.176464671224972891e+00 -1.156510398221980207e+00 -1.154298133010792649e+00 -1.160827217083446827e+00 -1.155262988434416327e+00
-1.167547212689709291e+00 -1.141442995380885783e+00 -1.162213127681440694e+00 -1.159232502707984169e+00 -1.163547876132569048e+00 -1.160421164896836110e+00 -1.159494496110625938e+00
-1.103731117943768769e+00 -1.163402655218573445e+00 -1.158172470109317231e+00 -1.155001829020483317e+00 -1.160160640649245956e+00 -1.154619447017863010e+00 -1.159629006018852104e+00
-1.131862875833901994e+00 -1.137267841157733272e+00 -1.139850848445407960e+00 -1.168972478329520559e+00 -1.159965698699764403e+00 -1.158020992689672291e+00 -1.153697546380303196e+00
-1.141805637406415830e+00 -1.133003725940564754e+00 -1.138986707074629345e+00 -1.149188478935922575e+00 -1.151313173021462966e+00 -1.158245368288229438e+00 -1.153379376164405334e+00
-1.187359219686145551e+00 -1.136214226113797965e+00 -1.146837987298838790e+00 -1.161323600577372828e+00 -1.160071444147711350e+00 -1.159956622100763779e+00 -1.154127130074823260e+00
-1.173286541383512294e+00 -1.122968345949929336e+00 -1.147531912599046411e+00 -1.167255289634618665e+00 -1.163024883796571762e+00 -1.152204831353760284e+00 -1.161630068900857404e+00
-1.183452800738264976e+00 -1.182990546883964544e+00 -1.160274234389084613e+00 -1.165619313359065767e+00 -1.154758375999772158e+00 -1.160304792287859099e+00 -1.159095215916725152e+00
-1.158697960145675943e+00 -1.093969653894458771e+00 -1.143638462145609047e+00 -1.155478449728595702e+00 -1.161725039072499133e+00 -1.161027438855369187e+00 -1.154914184750303052e+00
-1.152492535850952571e+00 -1.141877226350369812e+00 -1.150993443590820897e+00 -1.162861273298012144e+00 -1.153783787300378449e+00 -1.157937769900354352e+00 -1.164345458458239335e+00
-1.162928970612206125e+00 -1.148147907503000997e+00 -1.162806869854771330e+00 -1.153937521018413292e+00 -1.157274792138499375e+00 -1.158867180089464544e+00 -1.158863644141179705e+00
-1.135892241888237120e+00 -1.168457146120049694e+00 -1.163906856057183470e+00 -1.146473719638129607e+00 -1.159264249155980142e+00 -1.163001321700638524e+00 -1.160732441024925787e+00
-1.169342773836351546e+00 -1.178262536145186612e+00 -1.159016993099531323e+00 -1.159096133697560926e+00 -1.154339824231608302e+00 -1.156025818179178932e+00 -1.152855467889144059e+00
-1.179513735287974985e+00 -1.108370545465095169e+00 -1.160312746861124733e+00 -1.161483366978829812e+00 -1.159642712086135896e+00 -1.159602772035545293e+00 -1.159917066753018311e+00
-1.149655743986235601e+00 -1.172100993156614424e+00 -1.144617938450474881e+00 -1.153390734883539936e+00 -1.155675147903805433e+00 -1.158830686150950307e+00 -1.162307062712712558e+00
-1.162827292841642102e+00 -1.129019880756517047e+00 -1.162188412519766345e+00 -1.161688817261342432e+00 -1.156614944457543537e+00 -1.154045031448996061e+00 -1.166311758481842986e+00
-1.183009342778271966e+00 -1.110490872493558490e+00 -1.162738101852901274e+00 -1.141838525661162951e+00 -1.151531721239118955e+00 -1.153820360205609408e+00 -1.155562174585393453e+00
-1.195493534932202673e+00 -1.188839714114060531e+00 -1.166318223922565345e+00 -1.164608181317149160e+00 -1.156954737508874231e+00 -1.163954789557991365e+00 -1.160549993315693085e+00
-1.147643561200134776e+00 -1.145011444173091419e+00 -1.152454969913957905e+00 -1.157387120309679940e+00 -1.161210348126062053e+00 -1.160242598446480367e+00 -1.162115364291445907e+00
-1.165922681873208688e+00 -1.179915444615059927e+00 -1.170092415193434210e+00 -1.152018873351131401e+00 -1.164494336231107763e+00 -1.161396035607594079e+00 -1.162316590667688221e+00
-1.170007165386673265e+00 -1.182482581674131117e+00 -1.128386174739785641e+00 -1.175198874982674280e+00 -1.158801566371371994e+00 -1.152401214659657835e+00 -1.154777216504377257e+00
-1.138498761495877254e+00 -1.116625150454921389e+00 -1.152524186774287029e+00 -1.156272892001096508e+00 -1.157714610985687509e+00 -1.156357922243258063e+00 -1.154163844669168881e+00
-1.149807846864042693e+00 -1.167799883749861767e+00 -1.144100478064826287e+00 -1.144384886624686182e+00 -1.157283515296900767e+00 -1.161531460427363216e+00 -1.156830601092461830e+00
-1.163073838698937656e+00 -1.137771707331851623e+00 -1.159145764686078328e+00 -1.142863795746634992e+00 -1.163959701996076568e+00 -1.161786225991901844e+00 -1.155129709000761729e+00
-1.157345896916637251e+00 -1.148695051527791389e+00 -1.151611516955282299e+00 -1.153578152093874154e+00 -1.160183772034451444e+00 -1.161624759824985142e+00 -1.160328225247371670e+00
-1.140526167631905174e+00 -1.154262524553351987e+00 -1.154277781267467828e+00 -1.156667162145043504e+00 -1.153271213747408375e+00 -1.160465690951283158e+00 -1.152829299904885696e+00
-1.159684101057242955e+00 -1.172471517615377268e+00 -1.178811672214507222e+00 -1.170164102300603748e+00 -1.157678526270910169e+00 -1.155113385118814229e+00 -1.161628516908389974e+00
-1.149211776007409869e+00 -1.211448966578389186e+00 -1.171217873075723892e+00 -1.154379231986181420e+00 -1.155127493243661263e+00 -1.156785734373637853e+00 -1.161685484084762798e+00
-1.166350560843661066e+00 -1.173299873461510767e+00 -1.174399337311424318e+00 -1.162813855279108299e+00 -1.159687826236916353e+00 -1.161396312508522044e+00 -1.156515093697859875e+00
