(-1.1588369968952508+0j)
-1.153452223993094883e+00 -1.153447952488320549e+00 -1.165001775099731018e+00 -1.163968827147451535e+00 -1.159668536859161048e+00 -1.159961921740928936e+00 -1.159035518252347963e+00
-1.111806073886668633e+00 -1.180634330822628142e+00 -1.144184054410315898e+00 -1.165019256495445577e+00 -1.153551814355796790e+00 -1.154273398354296987e+00 -1.158266079282760153e+00
-1.109572222685887288e+00 -1.145670282564001941e+00 -1.170385789646903874e+00 -1.153172091191176918e+00 -1.169016234909035612e+00 -1.159489667919162414e+00 -1.157924138744962139e+00
-1.098215020471901893e+00 -1.154919793035891651e+00 -1.168199461528433236e+00 -1.156138234495427186e+00 -1.159691928073003808e+00 -1.158267549064095903e+00 -1.159762944806419949e+00
-1.150345382930187288e+00 -1.172877938506961204e+00 -1.174219298582113602e+00 -1.151312188947881454e+00 -1.151866776529561154e+00 -1.159772151423289932e+00 -1.158930775717200490e+00
-1.193108458637003988e+00 -1.148119994823733725e+00 -1.177149506338991403e+00 -1.158214798107785715e+00 -1.153152425972533646e+00 -1.161031822922391932e+00 -1.160084530051455953e+00
-1.098215020471901893e+00 -1.149055231403369959e+00 -1.169131690995455664e+00 -1.172174798282296759e+00 -1.161991840839245338e+00 -1.157090966450933234e+00 -1.159403508626745793e+00
-1.110689148286278183e+00 -1.167039005903086846e+00 -1.156593664327022264e+00 -1.150376620778696068e+00 -1.159535037980737204e+00 -1.158322094248186218e+00 -1.158863918657330849e+00
-1.198007883156467557e+00 -1.145657468049678496e+00 -1.159878523272138695e+00 -1.161592591946052799e+00 -1.160891630603122948e+00 -1.159724912059870272e+00 -1.158876331803216475e+00
-1.153452223993094883e+00 -1.172873667002186426e+00 -1.161947150131202644e+00 -1.167708338248794941e+00 -1.161567100085165283e+00 -1.157943087873144261e+00 -1.158377091604267051e+00
-1.136754329515420547e+00 -1.187442672044334957e+00 -1.160164188218191228e+00 -1.163332994972311685e+00 -1.161768188086732101e+00 -1.159780571427004858e+00 -1.159627470571131802e+00
-1.154569149593485555e+00 -1.176279973365427223e+00 -1.160115444439333787e+00 -1.154917211934126220e+00 -1.156849471099312243e+00 -1.155629931168537405e+00 -1.159143947950395326e+00
-1.168160203008252296e+00 -1.128639264318918256e+00 -1.173381579453908863e+00 -1.157454254239224101e+00 -1.155795812661805533e+00 -1.159139124775136143e+00 -1.158797819282843200e+00
-1.155686075193876228e+00 -1.173834532610470216e+00 -1.171543186571433193e+00 -1.159406336758511680e+00 -1.158624839073275403e+00 -1.152211500993808535e+00 -1.160341138790012216e+00
-1.193108458637004210e+00 -1.170445312266327420e+00 -1.155784767050144435e+00 -1.144828001276881224e+00 -1.162834244384666871e+00 -1.157693372255738762e+00 -1.157856509854171323e+00
-1.153452223993094883e+00 -1.149050959898595625e+00 -1.124551178693231623e+00 -1.144447635477503944e+00 -1.167316304947460637e+00 -1.161235216916555846e+00 -1.160264955444143986e+00
-1.185533755342091489e+00 -1.149059502908144736e+00 -1.164573022171363714e+00 -1.160671856220675036e+00 -1.154655112298534458e+00 -1.161057253591392335e+00 -1.159842590583903821e+00
-1.196890957556076884e+00 -1.169475983563716293e+00 -1.150431281245964055e+00 -1.161702017544048005e+00 -1.152484783885746156e+00 -1.158037799427850789e+00 -1.159325475068205602e+00
-1.123163276100654029e+00 -1.138874755856618792e+00 -1.172270568784775868e+00 -1.159196088720032991e+00 -1.159347524415028197e+00 -1.157814622536876392e+00 -1.159795570202074799e+00
-1.140978096178719037e+00 -1.152461537766610977e+00 -1.170355260903911399e+00 -1.164276352515037694e+00 -1.156637833010921934e+00 -1.156237814883751769e+00 -1.159266269352224654e+00
