(-1.1588369968952508+0j)
-1.245468101431791208e+00 -1.152140943245116400e+00 -1.156392073034728352e+00 -1.144761699075340644e+00 -1.157321081950314801e+00 -1.156662910329327332e+00 -1.156598231825047840e+00
-1.263083757027803067e+00 -1.188040874142219261e+00 -1.177691458373666622e+00 -1.156228713809719588e+00 -1.158948928900016995e+00 -1.157556599951348186e+00 -1.159634229709792352e+00
-1.138866172889458905e+00 -1.159495562112464739e+00 -1.159980558398163719e+00 -1.162312924977661810e+00 -1.159696314131003270e+00 -1.160529180245908787e+00 -1.158649039129802105e+00
-1.287636580635600936e+00 -1.169412263087231230e+00 -1.156464989862399761e+00 -1.157492883927157656e+00 -1.158646116151061056e+00 -1.160344876737623210e+00 -1.160174258140826531e+00
-1.148516662334511995e+00 -1.155370667301498733e+00 -1.153089010430214056e+00 -1.163134040399849800e+00 -1.153803602652377691e+00 -1.158010754221121763e+00 -1.157412791138453079e+00
-1.130404721135712887e+00 -1.164092198904557396e+00 -1.182491826306162785e+00 -1.170499063072511392e+00 -1.158950480389869808e+00 -1.155807373687806727e+00 -1.158700998670407767e+00
-1.178690483956430946e+00 -1.152098048972618693e+00 -1.158490662266498328e+00 -1.161150161518951451e+00 -1.161348538478238934e+00 -1.157903164516909111e+00 -1.159274075316256702e+00
-1.267261808730578476e+00 -1.152169861272213991e+00 -1.163024299495813541e+00 -1.166203482815326486e+00 -1.166412183852975959e+00 -1.159862117362983280e+00 -1.159547932542037696e+00
-1.275263031215518650e+00 -1.164262243476696712e+00 -1.156369284239580963e+00 -1.169345042034023230e+00 -1.165350448472053158e+00 -1.162275774161234398e+00 -1.160206813897961542e+00
-1.287172391398419435e+00 -1.162040268332002579e+00 -1.153279433737349091e+00 -1.153795438048611732e+00 -1.161928816752942684e+00 -1.162977738904202862e+00 -1.158265645518314457e+00
-1.263378650612073884e+00 -1.158751012182644313e+00 -1.203204232905529469e+00 -1.163397298114265954e+00 -1.165152534012593888e+00 -1.161512740133771482e+00 -1.160444906476086002e+00
-1.161278646862230257e+00 -1.182488386059832752e+00 -1.167348967436256046e+00 -1.163101151337349926e+00 -1.164135942504692656e+00 -1.161696605052848330e+00 -1.159349691937592741e+00
-1.163112176792370889e+00 -1.139920816884439247e+00 -1.148034747838789782e+00 -1.172083631415699045e+00 -1.162997355584803660e+00 -1.160264828793046155e+00 -1.161088194576417321e+00
-1.163013785976929615e+00 -1.162107715749278736e+00 -1.164022371095037034e+00 -1.163343327710091302e+00 -1.157552086587054108e+00 -1.158139190106900251e+00 -1.158881355499340682e+00
-1.171168418025789748e+00 -1.177735386963040920e+00 -1.154267105953745931e+00 -1.159273646604407126e+00 -1.155867261378579425e+00 -1.161932617412158919e+00 -1.161032263975732004e+00
-1.154163939073157952e+00 -1.160511319916402551e+00 -1.173514957492825195e+00 -1.157375717231511114e+00 -1.160516493441037689e+00 -1.159344003277687829e+00 -1.157792364315362033e+00
-1.148879997989860069e+00 -1.149909663502280743e+00 -1.138518317548803838e+00 -1.163115349572686252e+00 -1.161818464928629169e+00 -1.159328570967752770e+00 -1.160605361622757403e+00
-1.153756580931588616e+00 -1.169573261130116393e+00 -1.173150801960583856e+00 -1.161408632900621907e+00 -1.164869267637821171e+00 -1.165004633643127896e+00 -1.160941920242722691e+00
-1.272844563408912055e+00 -1.157203088785099254e+00 -1.166805266611947500e+00 -1.165088249753389205e+00 -1.155940900570515018e+00 -1.158947441800115774e+00 -1.157315680380139433e+00
-1.151669113510282783e+00 -1.168169152827779556e+00 -1.170323261460856301e+00 -1.163870671408064883e+00 -1.163152943192161892e+00 -1.158980771429290346e+00 -1.157433166915831091e+00
