(-1.1419864346334356+0j)
-1.090973830665998623e+00 -1.134768187733100842e+00 -1.161174278140422622e+00 -1.126521969532617629e+00 -1.136262602636985530e+00 -1.147092380941697964e+00 -1.137042160718903183e+00
-1.073096193152709210e+00 -1.142176399591233960e+00 -1.160512104174328485e+00 -1.140518838309025895e+00 -1.139718254573640621e+00 -1.147928065766581351e+00 -1.145340606984701193e+00
-1.073096193152709210e+00 -1.125549915778679022e+00 -1.151063443716887180e+00 -1.145382371746963557e+00 -1.162712456529491512e+00 -1.143372492086367931e+00 -1.139995735608565042e+00
-1.063657589384323199e+00 -1.168429268354745698e+00 -1.099441447704662567e+00 -1.144957132846639691e+00 -1.137380825567908982e+00 -1.126758529069801895e+00 -1.138556603047220950e+00
-1.106870559422911349e+00 -1.161851076955502604e+00 -1.145854800809492868e+00 -1.131496601542487657e+00 -1.147682122941565908e+00 -1.136506442280493356e+00 -1.138095811319581152e+00
-1.084524707644312747e+00 -1.146541811324236271e+00 -1.151169537822180233e+00 -1.140674925390958272e+00 -1.136872552688029669e+00 -1.140755415227251213e+00 -1.139418454887468846e+00
-1.093963311412698758e+00 -1.156201385756522981e+00 -1.156438813624477202e+00 -1.143843119778615414e+00 -1.151971413754925511e+00 -1.148651623960831536e+00 -1.141569176301414412e+00
-1.058291616747355501e+00 -1.158901577521331827e+00 -1.085431569947543640e+00 -1.163602441940623455e+00 -1.147166644088623233e+00 -1.131223495606663576e+00 -1.139927377423998633e+00
-1.100421436401225472e+00 -1.124535392256368116e+00 -1.187377598268700929e+00 -1.134330475895234169e+00 -1.149805389557222224e+00 -1.152241399522810017e+00 -1.138574921051007216e+00
-1.063262006250432323e+00 -1.145898946776486405e+00 -1.127047308486051502e+00 -1.139893160211720158e+00 -1.159059493904065707e+00 -1.150097214738950324e+00 -1.142415825810604302e+00
-1.058291616747355501e+00 -1.081596593305613752e+00 -1.127149115435013949e+00 -1.143055321194641483e+00 -1.135854187217749001e+00 -1.141417492846520609e+00 -1.142240057801899633e+00
-1.078066582655786032e+00 -1.160293181271092156e+00 -1.147895046135939179e+00 -1.143175933684097867e+00 -1.145583457121046589e+00 -1.152070002685305239e+00 -1.136791112694520933e+00
-1.042394887990442776e+00 -1.124401748883675278e+00 -1.142118020289720537e+00 -1.136015027553626044e+00 -1.125558021355618443e+00 -1.140659085099159809e+00 -1.141961660136764589e+00
-1.100421436401225472e+00 -1.121146983226754656e+00 -1.169793429588709355e+00 -1.150346718941487545e+00 -1.156056083253282241e+00 -1.143399974962429955e+00 -1.141889467401663749e+00
-1.051842493725669847e+00 -1.153315816575027686e+00 -1.158773032068954212e+00 -1.121683377006228666e+00 -1.143651696965660491e+00 -1.140031977781546413e+00 -1.141096844036493696e+00
-1.092065983017557862e+00 -1.158989176738645543e+00 -1.117281590306426153e+00 -1.135918998564499072e+00 -1.153204541931222460e+00 -1.145933955531832193e+00 -1.142604039533431592e+00
-1.064749741735882438e+00 -1.140364529237088753e+00 -1.161476181677652875e+00 -1.138649199623817054e+00 -1.157940519169033511e+00 -1.139602844405716464e+00 -1.146467331637385012e+00
-1.058291616747355501e+00 -1.126929785169035192e+00 -1.189355735596026697e+00 -1.149273790093232162e+00 -1.143143048685523855e+00 -1.139649431233791699e+00 -1.139868575878807189e+00
-1.064749741735882438e+00 -1.194356594210962186e+00 -1.119371853048397369e+00 -1.139451107499159566e+00 -1.128470254235617087e+00 -1.144068138374870092e+00 -1.139045180886353315e+00
-1.086003441162921801e+00 -1.126146004932814915e+00 -1.120774080654945770e+00 -1.150097533071821498e+00 -1.155774245004939527e+00 -1.147995792813639504e+00 -1.143931362992837597e+00
-1.057199464395796262e+00 -1.159844964692903435e+00 -1.131011774453375640e+00 -1.130240674928025824e+00 -1.143157372424119078e+00 -1.140242435284906097e+00 -1.146319738390514154e+00
-1.087514188391012881e+00 -1.117977290508623156e+00 -1.122876352170131042e+00 -1.128626287838244036e+00 -1.136177375664591427e+00 -1.139568790914785357e+00 -1.138778408609155246e+00
-1.052682609020424209e+00 -1.102431792975252733e+00 -1.147478153153447700e+00 -1.175817099959421519e+00 -1.153215324301584355e+00 -1.132628772596296240e+00 -1.142226790378687351e+00
-1.063657589384323199e+00 -1.107161779358641018e+00 -1.173702490018038835e+00 -1.106393356591408805e+00 -1.122974041338657525e+00 -1.132413774196770140e+00 -1.147183654432008204e+00
-1.072709611985659395e+00 -1.133822999723840041e+00 -1.157063419178601560e+00 -1.146298608646188821e+00 -1.145656762752373492e+00 -1.134745918149786537e+00 -1.140105226341353362e+00
-1.071617459634100156e+00 -1.119389967476299930e+00 -1.146586468152408944e+00 -1.151226587739154095e+00 -1.120029475022518373e+00 -1.133743587427503030e+00 -1.142076419149842703e+00
-1.106870559422911349e+00 -1.153346571722557723e+00 -1.167778677992346692e+00 -1.132908985080370634e+00 -1.129105727881160259e+00 -1.141146484970779973e+00 -1.143749737237669706e+00
-1.071198864757568092e+00 -1.178623519858092106e+00 -1.148417316555821355e+00 -1.134016788270309384e+00 -1.122230143114315570e+00 -1.144411098688630002e+00 -1.140416024312402854e+00
-1.055302136000655366e+00 -1.121673652958038669e+00 -1.118610906812373962e+00 -1.122697915220164600e+00 -1.145990076689735071e+00 -1.140712511678273255e+00 -1.142972278231089600e+00
-1.035945764968757121e+00 -1.120909989774377502e+00 -1.120182899965233458e+00 -1.134024495358562756e+00 -1.150446017551649991e+00 -1.146179635274190645e+00 -1.135303472917831291e+00
-1.058291616747355501e+00 -1.119273140508202591e+00 -1.135091618686516757e+00 -1.142138007875997285e+00 -1.134906673782103859e+00 -1.139069610206493888e+00 -1.137310382676577580e+00
-1.079554318141235925e+00 -1.143706470764638716e+00 -1.149333682658540301e+00 -1.123926726025261669e+00 -1.149145697479715400e+00 -1.151604368361218711e+00 -1.144698773970224126e+00
-1.106870559422911349e+00 -1.160802741446575137e+00 -1.139572678031326225e+00 -1.148806579132181982e+00 -1.143783352901061923e+00 -1.152873455355042154e+00 -1.143167140444508068e+00
-1.071617459634100156e+00 -1.127152683553159118e+00 -1.139527634197323280e+00 -1.138800448660124420e+00 -1.137525355941564564e+00 -1.149255379380580866e+00 -1.144623756242617141e+00
-1.071198864757568092e+00 -1.146311005673899874e+00 -1.153786187040033662e+00 -1.128613608518461486e+00 -1.134094556792759168e+00 -1.137913684031202521e+00 -1.141681233909907167e+00
-1.048853012978969712e+00 -1.152671029550290882e+00 -1.134874138378322961e+00 -1.160579753718142593e+00 -1.136338140386272011e+00 -1.132602545974866981e+00 -1.141118234600534631e+00
-1.090973830665998623e+00 -1.113895369100428079e+00 -1.176773262464319902e+00 -1.132724395831518294e+00 -1.136978344317613132e+00 -1.148067719323980107e+00 -1.144548601714646008e+00
-1.063657589384323199e+00 -1.158716847531781724e+00 -1.128415584742517463e+00 -1.146754666365016995e+00 -1.143300679879391657e+00 -1.142437392043008204e+00 -1.142498322164532398e+00
-1.087514188391012881e+00 -1.168123163515059293e+00 -1.106320159301462436e+00 -1.126577880318642588e+00 -1.137979508761558511e+00 -1.133506574728715854e+00 -1.142503664140907649e+00
-1.106870559422911349e+00 -1.120018480120458459e+00 -1.165628339852767370e+00 -1.154005833357407473e+00 -1.128216769821065668e+00 -1.148501221204185185e+00 -1.139975899108468971e+00
-1.063262006250432323e+00 -1.147743281768002888e+00 -1.126794519589437993e+00 -1.127948063854916860e+00 -1.151311944715698754e+00 -1.140553656210533173e+00 -1.146640309888277365e+00
-1.078066582655786032e+00 -1.133006459652726505e+00 -1.163513836471030238e+00 -1.133333469145827443e+00 -1.145163163148802399e+00 -1.150249852910567805e+00 -1.140396323390305611e+00
-1.085616859995871986e+00 -1.177990010467471205e+00 -1.161960419547858336e+00 -1.138529662957764144e+00 -1.141137163068252747e+00 -1.143576865031853407e+00 -1.142284659065171404e+00
-1.072709611985659395e+00 -1.105831519715890332e+00 -1.145718744562316704e+00 -1.135930061821292636e+00 -1.146365579205279150e+00 -1.142578251761001695e+00 -1.143440003213699763e+00
-1.073096193152709210e+00 -1.084430446017496719e+00 -1.195859471970422749e+00 -1.116844534225969632e+00 -1.140895375956266555e+00 -1.151121390539441069e+00 -1.140445945733654654e+00
-1.100421436401225472e+00 -1.114147701741405871e+00 -1.173731849031323327e+00 -1.144619199322046477e+00 -1.146000544230374674e+00 -1.130860264140923999e+00 -1.137262948486256420e+00
-1.058291616747355501e+00 -1.173974450331965791e+00 -1.134710741201648609e+00 -1.138392289298845395e+00 -1.153883772217477510e+00 -1.147528123182034232e+00 -1.140649945875162441e+00
-1.055302136000655366e+00 -1.127460613497953457e+00 -1.142983414917359219e+00 -1.151874093839981406e+00 -1.137703088508548177e+00 -1.143509968840729307e+00 -1.143119627640737601e+00
-1.085616859995871986e+00 -1.150854204440000306e+00 -1.132114232986566993e+00 -1.145265248697214133e+00 -1.150637854677409200e+00 -1.149599811317190134e+00 -1.139822231589035395e+00
-1.072709611985659395e+00 -1.067169237746185662e+00 -1.143041151467710570e+00 -1.137528141640399948e+00 -1.127796189375231961e+00 -1.151474574435389364e+00 -1.140698040193147467e+00
