(-1.1419864346334356+0j)
-1.122756951668819614e+00 -1.148688494673549165e+00 -1.152906876784725920e+00 -1.142362181197619453e+00 -1.151630212375480689e+00 -1.144296771524518475e+00 -1.142469506987050298e+00
-1.245280779530924864e+00 -1.160052242718363935e+00 -1.156493698466475539e+00 -1.137650419359990561e+00 -1.142494405373954081e+00 -1.145081222221010053e+00 -1.144047659725947241e+00
-1.122351818691960990e+00 -1.123655810614193395e+00 -1.088227246199769738e+00 -1.142222318320506247e+00 -1.139713306276578297e+00 -1.138433704371595079e+00 -1.139963724808692458e+00
-1.250849994475792482e+00 -1.122030618296301352e+00 -1.127017178963479971e+00 -1.132710543153676586e+00 -1.138305313604476288e+00 -1.139086134149491558e+00 -1.140115323051998253e+00
-1.051033791062536249e+00 -1.068999377131098161e+00 -1.079889842550244339e+00 -1.126438820171894672e+00 -1.131245831920745459e+00 -1.137140575357241001e+00 -1.140312009659501191e+00
-1.110096738765583346e+00 -1.145421318170969371e+00 -1.159699005852756759e+00 -1.156074929826817588e+00 -1.149623292190052659e+00 -1.145570741019239502e+00 -1.140904899091634395e+00
-1.256362903581352386e+00 -1.165453263118149785e+00 -1.143545800153778824e+00 -1.142016367307202351e+00 -1.144251687828163444e+00 -1.144345098552672191e+00 -1.143099078189569129e+00
-1.157110842127759831e+00 -1.127270872227635223e+00 -1.127058444972829587e+00 -1.138950545405631676e+00 -1.145387038960653969e+00 -1.145628767859694364e+00 -1.142327007197655897e+00
-1.205778270928770768e+00 -1.145838853657128009e+00 -1.105840438429420258e+00 -1.135224942379545965e+00 -1.137899450629539899e+00 -1.144294256396603426e+00 -1.143389923714131839e+00
-1.159655713202459193e+00 -1.149917845282630413e+00 -1.139639275181701272e+00 -1.139811397781480107e+00 -1.143134622704081504e+00 -1.142761694858148491e+00 -1.141583670207340750e+00
-1.103969198802394303e+00 -1.163722650641427325e+00 -1.149852621152266607e+00 -1.149532986271635693e+00 -1.146556157263427078e+00 -1.144467745517779411e+00 -1.142422539662538261e+00
-1.137140496501266806e+00 -1.161152205725382469e+00 -1.131047357737427594e+00 -1.124356243122744292e+00 -1.137243811403409577e+00 -1.145051144117532615e+00 -1.141913402683829126e+00
-1.149470650880055622e+00 -1.150546254880906449e+00 -1.119531612918299501e+00 -1.141049163871398875e+00 -1.146511061618666005e+00 -1.145191049570191577e+00 -1.143686150871754625e+00
-1.069350973383810022e+00 -1.111145320588156959e+00 -1.112897349405691738e+00 -1.138712103729557557e+00 -1.141962463233201053e+00 -1.144953540041683482e+00 -1.145384233587070089e+00
-1.187916438831319255e+00 -1.183917361022897685e+00 -1.142426290544777956e+00 -1.138004023015707578e+00 -1.142270019250932300e+00 -1.145979453160995032e+00 -1.142714387149531774e+00
-1.149470650880055622e+00 -1.146125492728794271e+00 -1.141359177019744209e+00 -1.142792334579424640e+00 -1.139544621373948186e+00 -1.139952172139380160e+00 -1.143203584352586066e+00
-1.260069457340230237e+00 -1.171946390678022309e+00 -1.161420281719228953e+00 -1.152653644820513357e+00 -1.149555600991476467e+00 -1.143191612773793331e+00 -1.144099029909013243e+00
-1.048699376567469699e+00 -1.059494529448738565e+00 -1.089704887575708492e+00 -1.126135161728162082e+00 -1.137022020321237115e+00 -1.142880295402010749e+00 -1.141855265941148723e+00
-1.267290888915365787e+00 -1.179074273086103464e+00 -1.146430475877044053e+00 -1.131934392898366504e+00 -1.137733477242451663e+00 -1.142455066200923408e+00 -1.143382560406129844e+00
-1.241592994385149584e+00 -1.143734096208850026e+00 -1.118701601738115503e+00 -1.133255751282186585e+00 -1.140485083887825768e+00 -1.141317903795191935e+00 -1.143160750781704760e+00
