(-1.1419864346334356+0j)
-1.163958129205863390e+00 -1.139882873334348456e+00 -1.138884627813927519e+00 -1.148565661794835879e+00 -1.140758943613588983e+00 -1.140745114989312858e+00 -1.141130434057017418e+00
-1.175009190821106664e+00 -1.175888786852963719e+00 -1.148342998469758403e+00 -1.148413992115758120e+00 -1.145599073789849598e+00 -1.142010317186073820e+00 -1.142958899069667522e+00
-1.178734294606433863e+00 -1.148357271724389950e+00 -1.140772359410770154e+00 -1.150884817652826575e+00 -1.139920204940553905e+00 -1.142315676136672620e+00 -1.141226642617919840e+00
-1.162101942810894073e+00 -1.159916580435992994e+00 -1.150701852213939169e+00 -1.149045504958829955e+00 -1.140687763251299724e+00 -1.139808286282752992e+00 -1.143804585772882465e+00
-1.073445074270367838e+00 -1.151377322781411916e+00 -1.136464720240974113e+00 -1.136832830174728137e+00 -1.141795823432647516e+00 -1.141289753226649051e+00 -1.141176728608400692e+00
-1.200823686841531845e+00 -1.072239036652749888e+00 -1.121683972176998001e+00 -1.144361694825923870e+00 -1.138339077240126063e+00 -1.141731015278742323e+00 -1.141787984252351951e+00
-1.086352322280580651e+00 -1.149563309342008122e+00 -1.103093077293668012e+00 -1.137513005014332945e+00 -1.143746199093647942e+00 -1.144818850093922702e+00 -1.141753352716825543e+00
-1.084483404890222769e+00 -1.151050881195650799e+00 -1.158608501934088597e+00 -1.136688017650152371e+00 -1.138293445045860164e+00 -1.140639886255062851e+00 -1.143470022883054771e+00
-1.202692604231889728e+00 -1.120618995650284999e+00 -1.128177904678912657e+00 -1.154921271534765648e+00 -1.145801771337219943e+00 -1.143009275636347688e+00 -1.142915543693697522e+00
-1.163958129205863390e+00 -1.144315722954519554e+00 -1.157335158354545701e+00 -1.133895607251468762e+00 -1.139609563798230640e+00 -1.138525051213536976e+00 -1.142006125432712738e+00
-1.165827046596221273e+00 -1.167023087612621080e+00 -1.143676897673571835e+00 -1.135029701176493155e+00 -1.140984493207313877e+00 -1.144673546838651301e+00 -1.141053290970855283e+00
-1.147313046414935256e+00 -1.121433732417602691e+00 -1.118638334236103038e+00 -1.142051891681553855e+00 -1.142773814231908602e+00 -1.139157027461192850e+00 -1.142545288132457149e+00
-1.167695963986578933e+00 -1.169043861997556277e+00 -1.153106991497927947e+00 -1.144825199803365834e+00 -1.139985424541801073e+00 -1.142577945649433158e+00 -1.141509610453571799e+00
-1.206430439012605271e+00 -1.137470798099112557e+00 -1.151929412379431472e+00 -1.147112853295246593e+00 -1.134700156665916282e+00 -1.141589950109864526e+00 -1.141464627438919077e+00
-1.112166818301005611e+00 -1.152192059548728942e+00 -1.150438137337969735e+00 -1.137538137239550107e+00 -1.140053683218543057e+00 -1.140127851024047789e+00 -1.141816317158796057e+00
-1.099259570290793242e+00 -1.130907407479730287e+00 -1.146043843870089507e+00 -1.149873057212890348e+00 -1.141209070637780876e+00 -1.142693369918379442e+00 -1.143087363378083143e+00
-1.136274715795080326e+00 -1.158157388372278884e+00 -1.152676846043419356e+00 -1.143119916856473406e+00 -1.142011356522508514e+00 -1.138198396852265315e+00 -1.143550046664527864e+00
-1.099259570290793020e+00 -1.140371168515904809e+00 -1.147270492133752207e+00 -1.145245727024850613e+00 -1.145029972572009669e+00 -1.140456307452700546e+00 -1.140838504460876202e+00
-1.043892743469227113e+00 -1.137959093280668466e+00 -1.103753729258743377e+00 -1.142763294093617432e+00 -1.142353086308879995e+00 -1.141605103082408590e+00 -1.141294040899600848e+00
-1.058668908869797587e+00 -1.097358476546087758e+00 -1.130708605091806263e+00 -1.135858211701409104e+00 -1.146696983068034026e+00 -1.141472303875293637e+00 -1.141096191626055578e+00
