(-1.1047572895025908+0j)
-1.164173017155575973e+00 -1.074328653885075591e+00 -1.095355120290613105e+00 -1.108533238310441149e+00 -1.093503656021387771e+00 -1.101770925353199759e+00 -1.105094765252128131e+00
-1.172618390712659497e+00 -1.114344972322139693e+00 -1.112370450866665639e+00 -1.101202885004141319e+00 -1.097510669216674728e+00 -1.108095605040678500e+00 -1.102432255316005305e+00
-1.173764770153119308e+00 -1.097456588639340147e+00 -1.074013815030756991e+00 -1.127134777989050818e+00 -1.099984668181562597e+00 -1.106453634189452195e+00 -1.105462406026333610e+00
-1.164173017155575973e+00 -1.053279925512192072e+00 -1.121666621954365173e+00 -1.076104159782997893e+00 -1.094477911913778634e+00 -1.104310719982649847e+00 -1.098869343835324308e+00
-1.172618390712659497e+00 -1.111229167593780875e+00 -1.090123213673567903e+00 -1.119570516144201111e+00 -1.111484381173327929e+00 -1.100030842910300732e+00 -1.107264250635512814e+00
-1.173764770153119308e+00 -1.139847739294187257e+00 -1.063922646481368695e+00 -1.097775601889597885e+00 -1.093577945640143323e+00 -1.108597982956530892e+00 -1.105761668784996932e+00
-1.182210016428991928e+00 -1.143352387588153274e+00 -1.098523003644987117e+00 -1.096840450333374406e+00 -1.107907619766351326e+00 -1.100842534948082596e+00 -1.112383001656178205e+00
-1.172618390712659497e+00 -1.102990694539868421e+00 -1.111961093478743168e+00 -1.122160204351843937e+00 -1.112003188458520420e+00 -1.113081011287738065e+00 -1.104127492406451028e+00
-1.182210080069597158e+00 -1.084193754262562148e+00 -1.084628641127332482e+00 -1.118398913052191190e+00 -1.097100059745795164e+00 -1.106811915828987969e+00 -1.106541851603433102e+00
-1.148033682140211287e+00 -1.097506171995474400e+00 -1.129180322914637991e+00 -1.118093703814304396e+00 -1.108406403165487442e+00 -1.105651013678304206e+00 -1.105187428463242361e+00
-1.164173080796181647e+00 -1.053602959678601625e+00 -1.089468025306394416e+00 -1.131215038104278481e+00 -1.105901376805770830e+00 -1.106025082186728792e+00 -1.106996715505612183e+00
-1.166070681413627241e+00 -1.110764650644513019e+00 -1.088570491158884490e+00 -1.099678728477224476e+00 -1.121242546673534068e+00 -1.109825075581687415e+00 -1.109895407460082417e+00
-1.157625307856543717e+00 -1.077406601724395507e+00 -1.105867940122723603e+00 -1.106554811651678349e+00 -1.106956528850301158e+00 -1.106101138918522686e+00 -1.102484298397288009e+00
-1.172618327072053823e+00 -1.130051477961242501e+00 -1.065658856143782085e+00 -1.109618487034687240e+00 -1.107259817680804392e+00 -1.102207536900302376e+00 -1.106934220993164963e+00
-1.146985487803209747e+00 -1.105392694779498530e+00 -1.120847873509196235e+00 -1.116605479919127619e+00 -1.099513368606558572e+00 -1.105773012089568130e+00 -1.110561806618692859e+00
-1.156478992056689137e+00 -1.085157533975694477e+00 -1.094885762483786440e+00 -1.106211408873541968e+00 -1.101137786375185001e+00 -1.105307192404191063e+00 -1.101486838062022411e+00
-1.172618390712659497e+00 -1.115575324744958907e+00 -1.109386413170566854e+00 -1.100230174580236087e+00 -1.111094335801205979e+00 -1.108097485875230159e+00 -1.107116934179101619e+00
-1.157625307856543717e+00 -1.091527073493871347e+00 -1.097853922027558937e+00 -1.105106933500904276e+00 -1.108212985608735268e+00 -1.099230687188357924e+00 -1.107795897766288729e+00
-1.156478928416083463e+00 -1.112741021096229854e+00 -1.123094856235525185e+00 -1.108737251749711605e+00 -1.104539288840889366e+00 -1.104508516579985944e+00 -1.101388532101160056e+00
-1.182210080069597158e+00 -1.085729026463762015e+00 -1.109707691953100372e+00 -1.110659884299419531e+00 -1.121738355189224379e+00 -1.103282911464606997e+00 -1.108920299373772345e+00
-1.157625307856543717e+00 -1.151048134613722684e+00 -1.102222259900061951e+00 -1.101726140004774201e+00 -1.102707734788488603e+00 -1.102919173959843846e+00 -1.104336450787745338e+00
-1.157625307856543717e+00 -1.086735177933192631e+00 -1.077122263901947541e+00 -1.088054644109459401e+00 -1.110215137754780645e+00 -1.104208238956538857e+00 -1.102329591789723562e+00
-1.157625371497148947e+00 -1.115240385473879492e+00 -1.099949828134127117e+00 -1.088903746670687456e+00 -1.090267800268996279e+00 -1.108530751074454423e+00 -1.101116931553667300e+00
-1.148033618499605613e+00 -1.065213930747431537e+00 -1.076150650806302345e+00 -1.109901710293228261e+00 -1.115728210188443814e+00 -1.106089953721636210e+00 -1.101884015388689964e+00
-1.182210080069597158e+00 -1.119456997559099332e+00 -1.120785188348167427e+00 -1.143985333819888428e+00 -1.102665996304411866e+00 -1.102353191660868870e+00 -1.111526234977050942e+00
-1.166070681413627241e+00 -1.093473758989885969e+00 -1.107535022229740651e+00 -1.118365332345887531e+00 -1.104127133304572794e+00 -1.111511400705753161e+00 -1.105102897840405607e+00
-1.164173080796181647e+00 -1.092863652110763084e+00 -1.062398293839784902e+00 -1.096953815621888984e+00 -1.098160378661640957e+00 -1.105433560710622931e+00 -1.102940653787751968e+00
-1.157625371497148947e+00 -1.117347075702582071e+00 -1.065601301916607735e+00 -1.128606851218330043e+00 -1.104727707332106235e+00 -1.108923243707694350e+00 -1.099599677875041870e+00
-1.157625371497148947e+00 -1.090524359468490800e+00 -1.075152891781465669e+00 -1.120263939351818561e+00 -1.097560980766506322e+00 -1.101627501337033355e+00 -1.106056649129365077e+00
-1.157625307856543717e+00 -1.104697127969473058e+00 -1.130287701778375897e+00 -1.081954013952115989e+00 -1.117585138447886317e+00 -1.098656759248144876e+00 -1.108021793830680224e+00
-1.164173017155575973e+00 -1.095976196420453075e+00 -1.072114614205022853e+00 -1.109151730891254406e+00 -1.096219944416541470e+00 -1.107391927641098839e+00 -1.107930584892130366e+00
-1.166070617773021567e+00 -1.072480878854116471e+00 -1.086369357733039109e+00 -1.090938106460676238e+00 -1.115209159160422736e+00 -1.114403892383483585e+00 -1.104555955524187283e+00
-1.166070681413627241e+00 -1.111027020162524082e+00 -1.145703181382800917e+00 -1.111688039256999883e+00 -1.108085846755764159e+00 -1.108193335624249709e+00 -1.099928343614335446e+00
-1.148033682140211287e+00 -1.106845975169163943e+00 -1.075358056514084115e+00 -1.085382632496821209e+00 -1.088267443135733981e+00 -1.102921587997657937e+00 -1.105981179851851515e+00
-1.172618390712659497e+00 -1.055391059714272828e+00 -1.125700589973092303e+00 -1.118908141169795201e+00 -1.120331207665423712e+00 -1.111132197018600998e+00 -1.105802215530761856e+00
-1.148033618499605613e+00 -1.082618841314938463e+00 -1.113359688856623508e+00 -1.102979686527694625e+00 -1.106097086356808035e+00 -1.096029830974523112e+00 -1.107461411701800014e+00
-1.182210080069597158e+00 -1.113774391409686260e+00 -1.124621989865250971e+00 -1.100290267897729990e+00 -1.083702981375244123e+00 -1.098912780535843625e+00 -1.104016878634108689e+00
-1.164173017155575973e+00 -1.086602624928263428e+00 -1.129416927744240073e+00 -1.093965964094191667e+00 -1.104284893307789117e+00 -1.098801034120695075e+00 -1.103060455853008159e+00
-1.157625371497148947e+00 -1.098862433689752560e+00 -1.117274794740569455e+00 -1.096296263502753110e+00 -1.114584675894614518e+00 -1.097097526226050501e+00 -1.104065329342412749e+00
-1.182210016428991928e+00 -1.129361808680003243e+00 -1.105482320871027824e+00 -1.096670566850105999e+00 -1.115386376174142269e+00 -1.107788411890135327e+00 -1.105095161442881224e+00
-1.173764706512514078e+00 -1.079457182509448554e+00 -1.110082375402490662e+00 -1.112521322615035668e+00 -1.094186251328126858e+00 -1.105525660057762316e+00 -1.106596492966000600e+00
-1.172618390712659497e+00 -1.097128749678660364e+00 -1.089436750755272909e+00 -1.096518832129671051e+00 -1.102075637142818643e+00 -1.107778949913944766e+00 -1.105729650312400114e+00
-1.157625371497148947e+00 -1.097431242177749233e+00 -1.092632443829768985e+00 -1.109519291390198559e+00 -1.113140825923001564e+00 -1.094790429426915068e+00 -1.104567559416217426e+00
-1.148033618499605613e+00 -1.058833126382447087e+00 -1.082224449022737289e+00 -1.093463074074542574e+00 -1.096822727923672414e+00 -1.098426484840508532e+00 -1.102356731738221018e+00
-1.172618327072053823e+00 -1.135486897123286543e+00 -1.083825126563901842e+00 -1.108679880108410565e+00 -1.134987414428443753e+00 -1.094553535073788719e+00 -1.102304007692603616e+00
-1.173764770153119308e+00 -1.112382339162784284e+00 -1.131031219963545276e+00 -1.111273555882544617e+00 -1.103234981235828638e+00 -1.109190718834050626e+00 -1.100239253556344998e+00
-1.148033618499605613e+00 -1.077855914017041616e+00 -1.084471543512541380e+00 -1.095548610223487263e+00 -1.093279355177894097e+00 -1.101172717930853695e+00 -1.101137308778278090e+00
-1.156478928416083463e+00 -1.127162973286329084e+00 -1.094451259662576170e+00 -1.124167883649199506e+00 -1.093037641119424697e+00 -1.106617944131628839e+00 -1.107815651582869432e+00
-1.182210016428991928e+00 -1.072745073458789555e+00 -1.100020519446835543e+00 -1.122227760870899704e+00 -1.101249549810339845e+00 -1.114698462427291981e+00 -1.107146144353380546e+00
-1.166070617773021567e+00 -1.092485318804017780e+00 -1.136837895311038960e+00 -1.094890222700029669e+00 -1.095184773815526924e+00 -1.110709355339596138e+00 -1.105996874840641908e+00
