(-1.0589070383501331+0j)
-1.138228120598299142e+00 -1.065819749237752134e+00 -1.052123714147535916e+00 -1.059733864606931864e+00 -1.061219440976696626e+00 -1.056883638847421425e+00 -1.056876317954591249e+00
-1.112563614535537315e+00 -1.016880913030729250e+00 -1.083790952095491367e+00 -1.050010261584980231e+00 -1.065103127639523528e+00 -1.059212548980508650e+00 -1.060227157489128214e+00
-1.100852277700767656e+00 -1.039181459493269566e+00 -1.075880764476186968e+00 -1.073142194105246805e+00 -1.052453668667481246e+00 -1.061538841577679415e+00 -1.060008914369617639e+00
-1.070916455087415287e+00 -1.087509693610305916e+00 -1.063353333423332270e+00 -1.058555556932651243e+00 -1.059000839890693824e+00 -1.058129872267671967e+00 -1.060076941978433718e+00
-1.149939457433068801e+00 -1.085232805907141440e+00 -1.059708285231033553e+00 -1.055463710375721176e+00 -1.054693774639770876e+00 -1.058382463912696192e+00 -1.059499000415640602e+00
-1.063939870473419314e+00 -1.095641021768010814e+00 -1.060914536085746374e+00 -1.056816831628658804e+00 -1.065233943205265099e+00 -1.063300587411017739e+00 -1.059252548185264819e+00
-1.101315713370951022e+00 -1.047205999551625411e+00 -1.035814249758375105e+00 -1.062337716095226536e+00 -1.057740720129757728e+00 -1.059525432674123246e+00 -1.057497446189753942e+00
-1.156916042047064774e+00 -1.039181459493269566e+00 -1.061978586633852695e+00 -1.066132118010999497e+00 -1.058041763208043884e+00 -1.060610952130293771e+00 -1.058921880013598216e+00
-1.063939870473419314e+00 -1.066619056221014716e+00 -1.053768158588402226e+00 -1.065429520498677451e+00 -1.063592404325726770e+00 -1.058474108313658180e+00 -1.060326808334439042e+00
-1.037811877883104916e+00 -1.120487766710071220e+00 -1.046861103428991413e+00 -1.060550513100964043e+00 -1.052339389198738706e+00 -1.058467504285463434e+00 -1.058522908928321238e+00
-1.037811877883104916e+00 -1.088919602683555476e+00 -1.057386324866080418e+00 -1.065090377028601543e+00 -1.054896875392043576e+00 -1.058243033654407750e+00 -1.059356698304519950e+00
-1.120003634819716432e+00 -1.103994916071002752e+00 -1.023067683386492677e+00 -1.062009766735176441e+00 -1.057062373962630808e+00 -1.057504733747879122e+00 -1.059900645061777835e+00
-1.014852690741118169e+00 -1.106163787711973656e+00 -1.030779165528310504e+00 -1.049926781134705722e+00 -1.056161570039470199e+00 -1.061626678963748072e+00 -1.059450718745552189e+00
-1.113027050205720458e+00 -1.081150211202283717e+00 -1.039078195821860229e+00 -1.067216006765109304e+00 -1.057166231146523083e+00 -1.058436082586303728e+00 -1.055955193731385133e+00
-1.063939870473419091e+00 -1.088160640115833910e+00 -1.071603786878682074e+00 -1.056330315261261754e+00 -1.060125701289577949e+00 -1.059875243598880079e+00 -1.059619404944634358e+00
-1.094339128756954604e+00 -1.068573123700443217e+00 -1.039433652946533337e+00 -1.054212917873614819e+00 -1.058394025337686895e+00 -1.057230535403023586e+00 -1.058862721774290749e+00
-1.007412619599569625e+00 -9.039930264362303625e-01 -1.078558181965813212e+00 -1.070816229281478016e+00 -1.064808544323398554e+00 -1.059311282932408060e+00 -1.056336142839824133e+00
-9.934594503715772351e-01 -1.073844289296107979e+00 -1.074441121346375372e+00 -1.052972191498164012e+00 -1.068094394800702451e+00 -1.062688912547047115e+00 -1.060278894495490398e+00
-1.082627791922185168e+00 -1.009615335540094971e+00 -1.048888958048897369e+00 -1.058655725475483589e+00 -1.060043653721411960e+00 -1.060600099022485088e+00 -1.058758516631638225e+00
-9.583254398672685914e-01 -1.083822896833891658e+00 -1.093732170341554566e+00 -1.053390285977863439e+00 -1.054461551885467419e+00 -1.062360911340249237e+00 -1.059114703353669196e+00
