(-1.0589070383501331+0j)
-1.157262078021606078e+00 -1.052076215831511119e+00 -1.055904631499710478e+00 -1.085855875046197516e+00 -1.049416209692247470e+00 -1.065781297975249897e+00 -1.053109049627076299e+00
-1.202700228445188646e+00 -1.039897860509822136e+00 -1.072590139000181075e+00 -1.080557092493012794e+00 -1.055463145567978378e+00 -1.062140335551796433e+00 -1.054789176791038452e+00
-1.174668333557697730e+00 -1.063222834846324627e+00 -1.084794778099477552e+00 -1.057227445092995932e+00 -1.059465007442187412e+00 -1.068094185151007514e+00 -1.058067539458134032e+00
-1.174732756239442288e+00 -1.036516715725369187e+00 -1.042351900656789176e+00 -1.074064406766380264e+00 -1.036223392799031418e+00 -1.059579512765099096e+00 -1.056118674816449499e+00
-1.157836507180618923e+00 -1.098120350064814232e+00 -1.091189190348786031e+00 -1.071122991269064517e+00 -1.052774312209036500e+00 -1.065825452410075647e+00 -1.056489666729290899e+00
-1.132752786095579722e+00 -1.047081487566516422e+00 -1.027123834913116651e+00 -1.070476846419676109e+00 -1.045677075094885833e+00 -1.053389631923409731e+00 -1.060117114100646685e+00
-1.181358606112006271e+00 -1.058360600858986533e+00 -1.050019997093289748e+00 -1.059380625636490603e+00 -1.061194083037047431e+00 -1.050677945922398493e+00 -1.062914978768521701e+00
-1.182061880634508455e+00 -1.007079825288412334e+00 -1.053144588652331848e+00 -1.076562601196233260e+00 -1.061575444718082517e+00 -1.068333193744165355e+00 -1.058430731746967890e+00
-1.174668333557697730e+00 -1.079431190051519884e+00 -1.043592546980728786e+00 -1.077139865082369363e+00 -1.040444842444799178e+00 -1.067588957918857107e+00 -1.066967275907483748e+00
-1.156978159549469032e+00 -1.096873667969018085e+00 -1.038733337123265432e+00 -1.044595648895844775e+00 -1.057105507711857628e+00 -1.054149609512284647e+00 -1.058578515456594760e+00
-1.132817208777324280e+00 -1.070193664513431120e+00 -1.063564584966128157e+00 -1.076368913486648982e+00 -1.046442066653268999e+00 -1.052390056204519198e+00 -1.060756069307947413e+00
-1.181423028793750829e+00 -9.895587953744393594e-01 -1.046668955752543928e+00 -1.030116238603405954e+00 -1.064041290339024837e+00 -1.062965880893329995e+00 -1.060653144842425899e+00
-1.181358606112006271e+00 -1.052425140468882692e+00 -1.050994364445924312e+00 -1.072957466282357109e+00 -1.064089894153401161e+00 -1.058770704879598457e+00 -1.061221712347922619e+00
-1.154029985747017539e+00 -1.159732695906183331e+00 -1.047227097949031016e+00 -1.064925066310956847e+00 -1.063971621932040090e+00 -1.062379644170442283e+00 -1.064660307329237332e+00
-1.157900929862363704e+00 -1.082147036512531191e+00 -1.059624081282114938e+00 -1.079029152017549231e+00 -1.053756743426836895e+00 -1.055370624815050506e+00 -1.056890567429291217e+00
-1.178255359200906849e+00 -1.077887567314241180e+00 -1.021042905403540590e+00 -1.053314711230559420e+00 -1.076582176319380135e+00 -1.051496318004306874e+00 -1.056934604458432458e+00
-1.178190936519162291e+00 -1.068442310938253481e+00 -1.085205961734729385e+00 -1.071871244916332122e+00 -1.059928067252813744e+00 -1.060020139060769528e+00 -1.059697574130496589e+00
-1.156978159549469032e+00 -1.011855943708538152e+00 -1.031697870300459341e+00 -1.047943839943465516e+00 -1.042832679947451435e+00 -1.059325649438882744e+00 -1.058916424740405704e+00
-1.136559307529181329e+00 -1.037142412560516869e+00 -1.040663365779578520e+00 -1.067306159289894474e+00 -1.067848762508179838e+00 -1.058954307946538886e+00 -1.058262311638421105e+00
-1.178190936519162291e+00 -1.016766854118769547e+00 -1.044067844223675712e+00 -1.049944046854012436e+00 -1.057670426265700847e+00 -1.056014855970240918e+00 -1.060957063978105630e+00
-1.157836507180618923e+00 -1.081228768977283261e+00 -1.082384190531977763e+00 -1.080835453180122530e+00 -1.063556755321994896e+00 -1.060573355330574286e+00 -1.056275438651798071e+00
-1.154029985747017539e+00 -1.085973766734852575e+00 -1.048690596594968216e+00 -1.039827734536313830e+00 -1.038854014047682073e+00 -1.060596453530651129e+00 -1.058384592761395737e+00
-1.202700228445188646e+00 -9.925077970883848799e-01 -1.034546289094050664e+00 -1.089226761930643717e+00 -1.063726768875629336e+00 -1.051880180632501549e+00 -1.058065673407094343e+00
-1.174668333557697730e+00 -1.014960007193306701e+00 -1.072427437327607036e+00 -1.055452870044879310e+00 -1.049444942397939506e+00 -1.062939660635370265e+00 -1.057975597383363775e+00
-1.174732756239442288e+00 -1.075661280090605576e+00 -1.031303346245435959e+00 -1.051421450098903865e+00 -1.066213002213206140e+00 -1.058284167062347958e+00 -1.062520364679124585e+00
-1.178474854991299337e+00 -1.064842037620617354e+00 -1.100501930974426390e+00 -1.048858143006103028e+00 -1.061693432793345604e+00 -1.052785096419097233e+00 -1.059928855561901528e+00
-1.178255359200906849e+00 -1.023416895146922467e+00 -1.131626507423470818e+00 -1.003340517162109702e+00 -1.055722601005727013e+00 -1.057267195861075759e+00 -1.056719749621832571e+00
-1.160784680983070638e+00 -1.063920706853577647e+00 -1.065616278962574270e+00 -1.041208277421587391e+00 -1.074794905346391882e+00 -1.061976842911679153e+00 -1.058524041851821806e+00
-1.182061880634508455e+00 -1.029506197319512317e+00 -1.086288314456618664e+00 -1.052849010067972824e+00 -1.057242796148067709e+00 -1.073151815917235297e+00 -1.051927903388790275e+00
-1.157197655339861520e+00 -1.061976064457350377e+00 -1.049712391328899708e+00 -1.064211925155789107e+00 -1.073884402155619533e+00 -1.069772858852865660e+00 -1.053727587177753389e+00
-1.157836507180618923e+00 -1.054826931843849902e+00 -1.058475076817284366e+00 -1.071993268100788432e+00 -1.061487334559118034e+00 -1.057226288441440509e+00 -1.063953509916693019e+00
-1.157836507180618923e+00 -1.033040702620367624e+00 -1.076968653840450596e+00 -1.067931283249167196e+00 -1.068414784494548853e+00 -1.058071284162870995e+00 -1.063959493967503445e+00
-1.154029985747017539e+00 -1.070972396454291209e+00 -1.057187224461473285e+00 -1.053323371634646177e+00 -1.053567651419277551e+00 -1.066254944449418485e+00 -1.061628635718147473e+00
-1.153391133906259913e+00 -1.080169959148983283e+00 -1.033840504436770003e+00 -1.097615557481385951e+00 -1.066887805227662467e+00 -1.064151835222467923e+00 -1.055946654694854159e+00
-1.202635805763444088e+00 -1.042947039264108922e+00 -1.031498606921581462e+00 -1.056543323013742208e+00 -1.049299599294238439e+00 -1.053752985507789841e+00 -1.060095411905338292e+00
-1.181423028793750829e+00 -1.093172594855934099e+00 -1.037913696321374424e+00 -1.070518654042889040e+00 -1.065614964035105361e+00 -1.058518245794560553e+00 -1.060973138900038082e+00
-1.177552084678404887e+00 -1.048706981500478141e+00 -1.082406824640853582e+00 -1.080569406836067614e+00 -1.051371675533289363e+00 -1.056323643716097882e+00 -1.053233885505298506e+00
-1.157836507180618923e+00 -1.032144662912971356e+00 -1.091287132715635488e+00 -1.028853336865369172e+00 -1.060928074935816534e+00 -1.050057666307205428e+00 -1.058433922445225717e+00
-1.157197655339861520e+00 -1.070344014842135261e+00 -1.010412538496830548e+00 -1.070408505252564257e+00 -1.056260776885202146e+00 -1.059874513449473366e+00 -1.057917190353745429e+00
-1.156978159549469032e+00 -1.101163466916734057e+00 -1.037931561023905935e+00 -1.035407986292052440e+00 -1.050074080024095968e+00 -1.064657789502419405e+00 -1.060394054332174596e+00
-1.154029985747017539e+00 -1.062549797734700707e+00 -1.020394684870086444e+00 -1.068856956624251398e+00 -1.067133164308836202e+00 -1.052613796396407286e+00 -1.060302650416575121e+00
-1.136623730210925887e+00 -1.034536680234858341e+00 -1.035294754769321646e+00 -1.040500299322166589e+00 -1.058009373148060650e+00 -1.056375433938994357e+00 -1.061398004902128545e+00
-1.174668333557697730e+00 -1.055252073524692413e+00 -1.084256317072037401e+00 -1.061088846961962595e+00 -1.079166972199898433e+00 -1.053732646997883604e+00 -1.059785638050422030e+00
-1.160784680983070638e+00 -1.054649249118188692e+00 -1.113058679492129555e+00 -1.080636473357960758e+00 -1.041824951039664660e+00 -1.054274672128753920e+00 -1.060221165061115745e+00
-1.181997457952763897e+00 -1.097414922595221887e+00 -1.094314687446614753e+00 -1.031178473111037386e+00 -1.055817561919508707e+00 -1.052142991510364167e+00 -1.054362691137026298e+00
-1.157900929862363704e+00 -1.045370267733497283e+00 -1.044383738343105383e+00 -1.042769290180894037e+00 -1.073741903593415037e+00 -1.046314371040012903e+00 -1.060633503996232241e+00
-1.156913736867724696e+00 -1.043961090533851888e+00 -1.088288704920223005e+00 -1.044366652893650826e+00 -1.055914489275387114e+00 -1.057417819774010947e+00 -1.060955835693098370e+00
-1.157900929862363704e+00 -1.073392999697740491e+00 -1.065289171574023808e+00 -1.047756993855735175e+00 -1.052604331253775616e+00 -1.048516826961104709e+00 -1.055989332868947805e+00
-1.182061880634508455e+00 -1.108472817012840617e+00 -1.078238790524636004e+00 -1.026417954582236280e+00 -1.052559883726734480e+00 -1.070083285850212285e+00 -1.061707273294867582e+00
-1.157836507180618923e+00 -1.004568765304606259e+00 -1.011572230480182633e+00 -1.055355126156867884e+00 -1.071470696974005099e+00 -1.057720482245413152e+00 -1.057724006682102313e+00
