(-1.0102577958654786+0j)
-1.005705334744412260e+00 -1.013444915634881482e+00 -1.009711940759278281e+00 -1.011583898650040503e+00 -1.005122873772981595e+00 -1.017331209435033301e+00 -1.004920045508754800e+00
-1.025610188946967316e+00 -9.950184365340883907e-01 -1.016662766801109896e+00 -1.000064924729234361e+00 -1.013654287902721052e+00 -1.003769004214936977e+00 -1.013552600468606180e+00
-9.959437898957288482e-01 -1.014352879654353279e+00 -1.024212760981170867e+00 -1.007213569108998952e+00 -1.012024297772115666e+00 -1.012646347211097808e+00 -1.010823489534172559e+00
-1.007099757485933722e+00 -1.016860429340417094e+00 -1.014588610668375690e+00 -1.008213294191744325e+00 -1.017330981786394251e+00 -1.017199817650213500e+00 -1.014049075172966052e+00
-1.011611470220169284e+00 -1.028159127408996509e+00 -9.997377528636346433e-01 -9.919557929868965118e-01 -1.012859972492719640e+00 -1.015791243737545368e+00 -1.006925567738059524e+00
-1.035150290352392810e+00 -9.753377952704492815e-01 -1.047184360466274722e+00 -1.004027527384177665e+00 -1.009086575920451256e+00 -1.013173188370450895e+00 -1.011788006210090796e+00
-1.009134342321970079e+00 -9.597806458437584398e-01 -1.016625489559978668e+00 -9.994404042247253539e-01 -1.002228080982922709e+00 -1.004889961002058740e+00 -1.011516146494230384e+00
-9.376654107857644860e-01 -1.034882810814177212e+00 -1.028345732473079366e+00 -1.004371413369589128e+00 -1.008258965155036435e+00 -1.015807221700410157e+00 -1.016188468190916350e+00
-9.791176363116096404e-01 -9.967107678955621219e-01 -1.004675073711869926e+00 -1.003077489193590743e+00 -1.011025036863225646e+00 -1.012050350525140807e+00 -1.009233439667026833e+00
-1.032751778364305872e+00 -9.820742093536446449e-01 -1.018360600334958344e+00 -1.009801540682059962e+00 -1.008380107134854153e+00 -1.010788365280078649e+00 -1.005435195478554089e+00
-1.039061789110124812e+00 -1.016756000660548942e+00 -1.028923500507147315e+00 -1.026848423877399163e+00 -1.011210482278982914e+00 -1.005985461604471443e+00 -1.009643199373797984e+00
-1.009497253113742943e+00 -1.030298994963419368e+00 -9.970706142532488325e-01 -1.015369655331375132e+00 -1.008172606438606733e+00 -1.005290234289206053e+00 -1.009025674288595020e+00
-1.050735036517915999e+00 -9.628835359072998035e-01 -1.023083597084251117e+00 -1.010229767421455094e+00 -1.010928353088936582e+00 -1.004016387345960215e+00 -1.011940188566709864e+00
-9.999918321924743392e-01 -1.045240314294099360e+00 -1.004978886135744487e+00 -9.923152163069455245e-01 -1.017030415142553101e+00 -1.012926170127246728e+00 -1.017763359076076402e+00
-9.986668689188629155e-01 -9.578595354404453310e-01 -9.967789105069039257e-01 -1.011451863798170869e+00 -1.013309716813919792e+00 -1.006342971410809639e+00 -1.008516849819695249e+00
-1.040433401697210325e+00 -9.942931447834085779e-01 -1.033519343025636417e+00 -1.016453710517297271e+00 -1.006842482778711023e+00 -1.014105472851643874e+00 -1.002810895893542220e+00
-1.018314243278436670e+00 -1.012587258687077885e+00 -1.056551768697867821e+00 -9.996114590987630333e-01 -1.012647040061477099e+00 -1.008756783924636080e+00 -1.012232669605662494e+00
-9.479000472509853115e-01 -9.967635427584465857e-01 -1.004013780578096426e+00 -1.017197151577486913e+00 -1.006987121955695397e+00 -1.013370865613283378e+00 -1.009628147851895807e+00
-1.024808636609086943e+00 -9.796863054697636519e-01 -9.931726951961545868e-01 -1.007463064653979945e+00 -1.004674620773073013e+00 -1.012073332315085672e+00 -1.008313464325646835e+00
-1.034498494491578269e+00 -9.612014397087956796e-01 -1.009266122455272363e+00 -1.002390433533731473e+00 -1.007784650297054663e+00 -1.011797179238877131e+00 -1.012945983582761000e+00
-1.013081297576842621e+00 -9.794896848481032814e-01 -1.020226399067245548e+00 -1.017798941252922029e+00 -1.015595759919321495e+00 -1.009156948538563636e+00 -1.004927417820704827e+00
-1.012712084083147390e+00 -1.032983351958132179e+00 -1.016824675567177927e+00 -1.023124904248471134e+00 -1.007195690224828022e+00 -1.013938902193841640e+00 -1.009491315641380282e+00
-8.841672578267949500e-01 -1.029665725492021178e+00 -1.035802177524864476e+00 -1.011145947233386577e+00 -1.007584877424380521e+00 -1.014606828149106743e+00 -1.009492967056215385e+00
-9.794150711140552357e-01 -1.014838342215226064e+00 -1.000391353209558964e+00 -1.012193316226290829e+00 -1.011293815502362303e+00 -1.012380087838650633e+00 -1.005378482431914966e+00
-1.009738174848309633e+00 -1.007590416015063495e+00 -1.023808625240794967e+00 -1.006833648698749695e+00 -1.013931066151455784e+00 -1.006872290734674102e+00 -1.006778329302771668e+00
-1.048318069972864475e+00 -1.006978211309761395e+00 -1.009224193562009875e+00 -1.014806964967722269e+00 -1.012476605374079242e+00 -1.007272683328551022e+00 -1.010656750124004466e+00
-1.040996954696096877e+00 -9.996292009913011478e-01 -1.012886854461982011e+00 -1.026405566870991937e+00 -1.011446747554932024e+00 -1.011941845699295683e+00 -1.013451630859734109e+00
-1.001449361044082220e+00 -9.958988883278079296e-01 -1.018349179508322822e+00 -1.007179932983533810e+00 -1.003966320152889891e+00 -1.012575613690576137e+00 -1.018051772590145676e+00
-1.023464827834821067e+00 -1.035478995875169783e+00 -1.020504355923624207e+00 -1.014963209385518983e+00 -1.016045002117119456e+00 -1.011042304367653966e+00 -1.012884280388616443e+00
-1.031090991808790935e+00 -9.799317817785521134e-01 -1.020695623202872770e+00 -1.014846540981939160e+00 -1.004062636620042692e+00 -1.015017667143271130e+00 -1.010779489026791156e+00
-9.864535652341395178e-01 -1.034616993102570381e+00 -1.001620411518326037e+00 -1.020950022794506307e+00 -1.008339507172788307e+00 -1.010648546120372693e+00 -1.008619323678118684e+00
-1.048743402586797657e+00 -1.025737452311324960e+00 -1.003987662300601214e+00 -9.982162781241293859e-01 -1.010905918650376822e+00 -1.005450623868289650e+00 -1.004133769439113033e+00
-1.044236576313397391e+00 -9.598193381265768265e-01 -1.007141956284958173e+00 -1.016695216616706476e+00 -1.008364054355718631e+00 -1.014483083222576631e+00 -1.007258381101540534e+00
-1.037034188142974100e+00 -1.042078485820413514e+00 -9.988920061981549914e-01 -9.967346799508014499e-01 -1.006179310334016641e+00 -1.004194540536284874e+00 -1.010330042382066473e+00
-1.002485195071996849e+00 -1.015677020964786514e+00 -1.036296387950637943e+00 -1.019235753588042970e+00 -1.006225443309746836e+00 -1.013410659093207489e+00 -1.011611887974773083e+00
-1.026349842776200338e+00 -1.033102968796584253e+00 -1.027632720642502218e+00 -9.937929715837464650e-01 -1.006825944396477102e+00 -1.015833137423570287e+00 -1.003989135404273370e+00
-1.001615959211269891e+00 -1.017468564356730054e+00 -1.029923854563821184e+00 -1.010657613808980004e+00 -1.012937437122430673e+00 -1.010479706370184472e+00 -1.008003030472899519e+00
-1.025296160900119213e+00 -1.050784476387044641e+00 -1.016225806644758922e+00 -1.004451678836216111e+00 -1.014325534038902354e+00 -1.011303940586645744e+00 -1.007106598395847818e+00
-1.057470803560741412e+00 -9.901763635658324958e-01 -9.941349638585624815e-01 -1.015296731460290536e+00 -1.011366810297460450e+00 -1.009444919409786756e+00 -1.010496589049889149e+00
-9.382669032097070705e-01 -1.023507777724154577e+00 -1.009849995720653038e+00 -1.017211100555760916e+00 -1.006255389205991335e+00 -1.009819151687058048e+00 -1.011389955880517721e+00
-1.030125276054383754e+00 -1.061105895206190919e+00 -1.005161038140280905e+00 -1.009099021863011147e+00 -1.017933403489599264e+00 -1.007298775004066282e+00 -1.014673466532025614e+00
-1.008695741845018867e+00 -9.866709401674496061e-01 -1.001981027183204809e+00 -1.005613429512930868e+00 -1.014248693892434883e+00 -1.004075977603876124e+00 -1.006909397189821753e+00
-1.062534161615475981e+00 -9.976043373896615885e-01 -1.015438053619047487e+00 -1.019161516527625544e+00 -1.006385415406194639e+00 -1.013609971593589343e+00 -1.012559528641149065e+00
-1.006380214671750206e+00 -1.030109926110845731e+00 -1.036890795810653465e+00 -1.032169713881587292e+00 -1.012181887790229773e+00 -1.010033613236974048e+00 -1.007709404021654542e+00
-1.015405056381308402e+00 -9.638473917571529492e-01 -1.017237323454353692e+00 -1.010476696931460694e+00 -1.012714410206707161e+00 -1.007251240394169578e+00 -1.009845502757126923e+00
-9.829578270634906634e-01 -1.034533027383721659e+00 -1.004720233161872311e+00 -1.011951698817355361e+00 -1.007729010479150533e+00 -1.007373965676059857e+00 -1.009702766774669858e+00
-9.907095389344695580e-01 -1.005589246015655691e+00 -1.020279888780956323e+00 -1.011182183453771533e+00 -1.009171486374434767e+00 -1.003992769495702930e+00 -1.009225021500685049e+00
-9.615085004738963548e-01 -9.387624370090845716e-01 -1.024338556236333186e+00 -9.923299201083919385e-01 -1.011003786243880320e+00 -1.013281179177489832e+00 -1.010882682737892946e+00
-1.055821902322247485e+00 -1.010635268677108289e+00 -1.024307330306387875e+00 -1.001732771583074832e+00 -1.008429268977233617e+00 -1.009863494502195369e+00 -1.007996630566627694e+00
-1.036180808303230005e+00 -9.811934494513646632e-01 -1.014987549556304991e+00 -1.023045920836638922e+00 -1.011843276734543773e+00 -1.014387880602855674e+00 -1.014976947917928474e+00
