(-1.0102577958654786+0j)
-1.003784931368779443e+00 -9.920411213315989407e-01 -1.001186313820209506e+00 -1.008264668996669444e+00 -1.002474426897967064e+00 -1.010621633065641678e+00 -1.009628569172485557e+00
-9.106069037262840560e-01 -1.006993988870364509e+00 -1.003559654415154379e+00 -1.011877659267851337e+00 -1.011789723956206588e+00 -1.010420504457594681e+00 -1.010011334551037754e+00
-9.218129068937885862e-01 -1.039266975989650454e+00 -1.026683751963793245e+00 -1.016665924675125288e+00 -1.007428949895652792e+00 -1.010659545677708993e+00 -1.009848718781641175e+00
-9.617254110215278651e-01 -1.016092402810296669e+00 -1.016355220088930311e+00 -1.001681508388359010e+00 -1.010839701330851437e+00 -1.011338646755565396e+00 -1.010129174736198454e+00
-1.034128601843106843e+00 -1.043759268046857258e+00 -1.024294792292050227e+00 -1.006179485669287832e+00 -1.020068523734555921e+00 -1.012953498120839679e+00 -1.011863232245755695e+00
-1.014990934536283751e+00 -1.005574756601238295e+00 -1.013164335050487086e+00 -1.023112826958378685e+00 -1.003384731128589946e+00 -1.010067563998254148e+00 -1.010511281928904825e+00
-9.521565773681162081e-01 -1.026036353579466986e+00 -9.913034410934262741e-01 -9.979993552745606289e-01 -1.009541976085902570e+00 -1.008178005481122019e+00 -1.011057452707695203e+00
-9.409505742006116780e-01 -9.893024835434931497e-01 -9.947699489479471247e-01 -1.003243576008237214e+00 -1.006654513667898376e+00 -1.006948725122116972e+00 -1.007933563362775065e+00
-1.024559768189695630e+00 -1.071363270279647395e+00 -1.021534149531696078e+00 -1.022826411279657899e+00 -1.012461067088469724e+00 -1.008627716158730925e+00 -1.011975395387880727e+00
-1.014990934536283973e+00 -9.879775681413882626e-01 -1.015529201094166778e+00 -9.967557014628130041e-01 -1.013932935337074071e+00 -1.012053438782325898e+00 -1.009399937322720486e+00
-9.925789282012744685e-01 -1.006205805161771272e+00 -1.022688928703442190e+00 -1.008543180439257059e+00 -1.012181486585367551e+00 -1.012765638744622887e+00 -1.011180683194977892e+00
-1.076805687739078143e+00 -1.048492241860920826e+00 -1.006240888966837277e+00 -1.009391568902779257e+00 -1.004345694343540707e+00 -1.009020051358240799e+00 -1.006600624985948045e+00
-1.003784931368779221e+00 -9.849125829124972809e-01 -1.015457595543474367e+00 -1.024818732314912717e+00 -1.009775217608844144e+00 -1.011662693211989650e+00 -1.010371955773931241e+00
-9.617254110215278651e-01 -9.518747466659478462e-01 -1.028445503807378314e+00 -1.010323871584046351e+00 -1.023585290253498536e+00 -1.007899381515635628e+00 -1.010161956072371581e+00
-1.016118346790422899e+00 -9.638375244015262577e-01 -1.024358605505394815e+00 -1.001439110838541202e+00 -1.006237886487745037e+00 -1.011657462926574658e+00 -1.010676949175322914e+00
-9.622352577269472906e-01 -1.015335628242222787e+00 -9.700874997333299721e-01 -1.017633206745690133e+00 -1.016836326177428251e+00 -1.012017132012292819e+00 -1.008939662605855547e+00
-1.003784931368779443e+00 -1.020401898132463181e+00 -9.900317560701632491e-01 -9.913584526241305817e-01 -1.006704405259349455e+00 -1.006287265449188784e+00 -1.007876039175442662e+00
-1.065599684571573613e+00 -1.012534127450346544e+00 -1.002325477355367811e+00 -9.963201769260316976e-01 -1.007145345217094867e+00 -1.012253915759637524e+00 -1.008560760147862778e+00
-1.003784931368779665e+00 -1.051627038728973895e+00 -1.021107151862476803e+00 -1.010174017877186969e+00 -1.011742660057086240e+00 -1.008201739708036060e+00 -1.011314983294979708e+00
-1.003275174108825052e+00 -1.049425132634379976e+00 -9.949613473054583768e-01 -1.015521054103935450e+00 -1.005722334516071514e+00 -1.009851883463659394e+00 -1.009728234165620853e+00
