(-0.9618072819282768+0j)
-1.035368033935641252e+00 -9.648709480667463367e-01 -9.871397061428722752e-01 -9.552660450618509769e-01 -9.633974398825643215e-01 -9.610871567616986466e-01 -9.623758023779309667e-01
-9.683030399004717292e-01 -9.496612768833188056e-01 -9.585147128835556085e-01 -9.645689019717944568e-01 -9.648369137648700189e-01 -9.645157863665292375e-01 -9.621724449052421191e-01
-1.014348919273549976e+00 -9.925442372952644199e-01 -9.657033978395728191e-01 -9.664986293328802214e-01 -9.662837705608314787e-01 -9.614980952498365374e-01 -9.610729688251323788e-01
-8.728014165388459089e-01 -9.588129877241944321e-01 -9.673895770217439960e-01 -9.550597931956906761e-01 -9.589577368400515889e-01 -9.564677615932241084e-01 -9.619787911134877190e-01
-9.791115333848112723e-01 -9.294617800099427285e-01 -9.719418628401161886e-01 -9.703484020915360553e-01 -9.622941861713028011e-01 -9.634382929794896855e-01 -9.646122734004702881e-01
-5.652409675502494402e-01 -1.021165476546875617e+00 -9.308451169748851450e-01 -9.700961062653845612e-01 -9.588449934697688137e-01 -9.642132486121944845e-01 -9.628254045997060029e-01
-9.208512078095337783e-01 -1.015689674673030396e+00 -9.418464951058770351e-01 -9.677206529269668511e-01 -9.627285506036455942e-01 -9.639580075703448880e-01 -9.609478192891404147e-01
-1.002134473071350396e+00 -9.087974427949392364e-01 -9.811941117566911341e-01 -9.811626068452026228e-01 -9.653779694029300806e-01 -9.640849833099611743e-01 -9.613132663498117347e-01
-9.899200268691510374e-01 -9.770631236141082976e-01 -9.647278058938295597e-01 -9.634012669490017444e-01 -9.614264190212109540e-01 -9.631250738415481072e-01 -9.591426246633035779e-01
-9.791115333848114943e-01 -9.357407635608168128e-01 -9.833285352662710643e-01 -9.733902882002049006e-01 -9.698660155206277889e-01 -9.634621919488441932e-01 -9.598175510504326491e-01
-1.023751460040030148e+00 -9.336970535206972066e-01 -9.507294753664687903e-01 -9.764068636972154103e-01 -9.584667507004889231e-01 -9.606078503144838132e-01 -9.638702825558536080e-01
-9.987246953290431772e-01 -9.861936986127148863e-01 -9.747301450487895202e-01 -9.610957257769775497e-01 -9.494448629146567953e-01 -9.623153724423865185e-01 -9.612488007157160563e-01
-1.012942966555690605e+00 -9.357407635608170349e-01 -9.267544025774655525e-01 -9.781721960415945549e-01 -9.550119878551565078e-01 -9.580750010791198035e-01 -9.634721531937652239e-01
-9.791115333848112723e-01 -1.007732772636422691e+00 -9.723192476185027466e-01 -9.605989693599087387e-01 -9.652479780493219419e-01 -9.652672543239160241e-01 -9.641001267477604664e-01
-8.850158627410453782e-01 -9.655293613977111722e-01 -9.261166385577201954e-01 -9.489721081939818115e-01 -9.592622512822674974e-01 -9.661067402852294705e-01 -9.606129838227107642e-01
-9.188472959119242667e-01 -9.579382509154898973e-01 -9.626511181155932295e-01 -9.632293130078848353e-01 -9.646824661195603223e-01 -9.670008287505217348e-01 -9.612132923790339678e-01
-8.497784768523066745e-01 -9.650919712750687385e-01 -9.590171181049402804e-01 -9.593029224404576727e-01 -9.701753242094833807e-01 -9.599920803656226687e-01 -9.633421154120729302e-01
-8.281614898836270333e-01 -9.401923605493107683e-01 -9.680980262081335663e-01 -9.724729028420302512e-01 -9.616304414866262418e-01 -9.635009614769521891e-01 -9.637784304842090810e-01
-1.021747635015582301e+00 -9.943716238576449928e-01 -9.739404979580159605e-01 -9.626177908132353966e-01 -9.611163886911835430e-01 -9.634478743468011253e-01 -9.616826105533752278e-01
-9.899200268691510374e-01 -9.443560789283897972e-01 -9.678792880187705450e-01 -9.641152047435420647e-01 -9.613912587194867188e-01 -9.611682382470472241e-01 -9.637850861519643431e-01
