(-0.9151600516933246+0j)
-9.457192027468579454e-01 -9.371917199762607176e-01 -9.087762577310778411e-01 -9.221933667395834089e-01 -9.187181425720705175e-01 -9.126818408896055779e-01 -9.165779461120497906e-01
-1.028418019014874174e+00 -9.188798463622371848e-01 -9.197068698364683215e-01 -9.274336689097488762e-01 -9.221255509343082579e-01 -9.166009044851677334e-01 -9.151932829647824175e-01
-9.606088907848611136e-01 -9.077050641963746447e-01 -8.715171583353584772e-01 -9.236395716162946190e-01 -9.177100037715011371e-01 -9.170789736894857658e-01 -9.159343641219874765e-01
-9.697869708691491120e-01 -9.118779620303707478e-01 -9.222185979985377813e-01 -9.213355242779075471e-01 -9.234362765617758484e-01 -9.195546843994750752e-01 -9.163759221786007547e-01
-9.303701444844014734e-01 -9.022345666028350752e-01 -9.310895137410870603e-01 -9.211532010399567927e-01 -9.199479854783951804e-01 -9.171700240701490259e-01 -9.151314818362985548e-01
-9.090905525923056452e-01 -9.367174149110661929e-01 -9.047018543647020739e-01 -9.162646054995720046e-01 -9.207872393925184973e-01 -9.146584144078127032e-01 -9.173427193398318025e-01
-9.998279539957104500e-01 -9.138999745609106551e-01 -9.128289618033278430e-01 -9.247658149861588406e-01 -9.178554419885571747e-01 -9.194708617261755368e-01 -9.189905162853722054e-01
-1.063278486326335592e+00 -9.734668919665721010e-01 -9.367175519546351303e-01 -9.105358781889467679e-01 -9.113433691190171437e-01 -9.144654485790424392e-01 -9.130649093389906490e-01
-9.896360446264160782e-01 -9.249185979578942174e-01 -8.713228226954299327e-01 -9.005067123357581860e-01 -9.068842080891299506e-01 -9.060876817161962471e-01 -9.137940390790049161e-01
-1.002364957324598072e+00 -8.619695531727051829e-01 -8.829341576453659801e-01 -9.136480390270229623e-01 -9.177921762199687805e-01 -9.186096491336890324e-01 -9.152420180409033268e-01
-1.069080836754471964e+00 -9.320968584824673719e-01 -9.425965692434890020e-01 -9.513412236667195820e-01 -9.248271846555160547e-01 -9.193253891545032364e-01 -9.146926712890717237e-01
-9.346401312447225607e-01 -9.832413961622055165e-01 -9.142708569732804769e-01 -9.183593792125406274e-01 -9.240922189182738666e-01 -9.178015521365532337e-01 -9.143918257636480806e-01
-1.099015635805565827e+00 -9.860439189956076156e-01 -9.278476902186900688e-01 -9.262533223692877016e-01 -9.179991349075229401e-01 -9.100411998398327817e-01 -9.133157499110835520e-01
-9.815061368157851351e-01 -9.537665592487531985e-01 -9.222994044036723071e-01 -9.253555592093680726e-01 -9.118362691191315150e-01 -9.121799020734424612e-01 -9.146348798782832912e-01
-1.105403949164096788e+00 -9.257277241395913681e-01 -9.223567102251106764e-01 -9.124035500832621270e-01 -9.140787943199049081e-01 -9.136252273626730425e-01 -9.127190273782073149e-01
-9.366580151387899900e-01 -9.575844214160558199e-01 -9.280785358890828451e-01 -9.306083364163708627e-01 -9.120533807126511849e-01 -9.178248320528359372e-01 -9.149409846474625407e-01
-1.063396362881825263e+00 -9.915784970568426449e-01 -9.331518036550063844e-01 -8.937942600596602283e-01 -9.142907332716259106e-01 -9.131506974732384041e-01 -9.141673788520792154e-01
-5.430335358165919724e-01 -9.469556636271194705e-01 -9.070621526428819248e-01 -8.961149785031139459e-01 -9.095386560234952622e-01 -9.130647500763438007e-01 -9.138316686585850057e-01
-7.690723228761778829e-01 -9.114228233809884561e-01 -8.974651586359623234e-01 -9.177758051534459227e-01 -9.154537861334202109e-01 -9.201935271344952039e-01 -9.181200667182110031e-01
-8.235735485032420478e-01 -8.956328938474380497e-01 -8.937975203890524689e-01 -9.012820418551037438e-01 -9.141633857720281586e-01 -9.152340877906040006e-01 -9.146838855805448087e-01
