(-0.8311492651726713+0j)
-8.549352199662911822e-01 -7.877128675737357089e-01 -8.386347631834139005e-01 -8.109581073550022889e-01 -8.126612016948329131e-01 -8.358998880195129821e-01 -8.274741445079158986e-01
-8.837045859544647719e-01 -8.611921442479106847e-01 -8.633453035043339163e-01 -8.162694999382698047e-01 -8.296004915358543563e-01 -8.342271212692315974e-01 -8.320133000267637691e-01
-9.034944315536841408e-01 -8.426894102029645062e-01 -8.221023254693613502e-01 -8.674265599235260193e-01 -8.208187470541672415e-01 -8.304532273534781517e-01 -8.240121173434213908e-01
-8.630885497638842718e-01 -9.097915952017543439e-01 -8.475616001462529248e-01 -8.503034248315370913e-01 -8.135171375286467388e-01 -8.363861355714603540e-01 -8.330323758738138462e-01
-9.034944315536841408e-01 -8.071896708036570001e-01 -7.937166356316476268e-01 -8.454595371058608588e-01 -8.379115037443067848e-01 -8.272231693735860869e-01 -8.318509026506621939e-01
-9.227200426994868199e-01 -7.997634355978969767e-01 -8.475330723449396864e-01 -8.080326614728019496e-01 -8.366751033361763401e-01 -8.352427683657195345e-01 -8.373922906965109991e-01
-9.241104677442644189e-01 -8.033703576771720201e-01 -8.568211585359135629e-01 -8.264931115804352579e-01 -8.494968199777279683e-01 -8.304780051155675746e-01 -8.364815859640977180e-01
-9.168685772327553885e-01 -8.645468554457393928e-01 -8.396721404903111363e-01 -8.411619907415095465e-01 -8.536111244242312601e-01 -8.376959354219943865e-01 -8.289371146849924266e-01
-7.928371038078891875e-01 -8.272419081373563188e-01 -8.403810705158181182e-01 -8.015965790321988305e-01 -8.410493711586422005e-01 -8.272627716938918407e-01 -8.300606569361441700e-01
-8.995563564437734083e-01 -8.654295976459185358e-01 -7.852729225411886338e-01 -8.621604689856947612e-01 -8.101927430957023279e-01 -8.407029401237575694e-01 -8.251071052814586970e-01
-8.793816469935720193e-01 -7.859766309099276427e-01 -8.632948167375291693e-01 -8.304805794758585158e-01 -8.192191095538028378e-01 -8.321392143989183587e-01 -8.339414840134311557e-01
-8.476933294547821518e-01 -8.372780716849681504e-01 -8.369485477669378337e-01 -8.340195658946161217e-01 -8.229390265537677163e-01 -8.267869377899927930e-01 -8.348956033398500232e-01
-8.630885497638844939e-01 -7.575758402113518253e-01 -8.141684403059190611e-01 -8.221836371147082101e-01 -8.295958422879063932e-01 -8.299162733311873374e-01 -8.298728175507703586e-01
-8.558526493537685909e-01 -7.723027750935433922e-01 -8.110089691249884325e-01 -8.590845339955759385e-01 -8.203234803138712561e-01 -8.348109055169303794e-01 -8.312187588814641259e-01
-8.692267950328398385e-01 -8.681548057755950065e-01 -7.828827550587276196e-01 -8.430075582346394647e-01 -8.222210703513379570e-01 -8.297854476949597657e-01 -8.306397015582061005e-01
-8.683093656453624298e-01 -8.043392189011262516e-01 -7.971686170320947395e-01 -8.232727477274925931e-01 -8.259946067537036196e-01 -8.386520587577195318e-01 -8.324828395509136225e-01
-9.250219070303484781e-01 -7.901725075327825643e-01 -8.003691228122141732e-01 -8.375351987530450515e-01 -8.220709530808139043e-01 -8.333167972593915618e-01 -8.323722722568263066e-01
-9.073248223903844778e-01 -8.169503170258589630e-01 -8.379959580513496320e-01 -8.084511399077562999e-01 -8.446632907259066236e-01 -8.315909353192221243e-01 -8.275596569591481266e-01
-8.764626954429557415e-01 -8.482966957859499058e-01 -8.308751050010698691e-01 -8.488132361905271761e-01 -8.034199669906962882e-01 -8.330936139249887074e-01 -8.297810597553012535e-01
-8.082323241169915296e-01 -7.968848474979235430e-01 -8.362312479079396788e-01 -8.416074994530708953e-01 -8.291801941199119508e-01 -8.360250193492779758e-01 -8.333167698631038789e-01
-9.250219070303487001e-01 -7.986031939677785685e-01 -8.058282372682958883e-01 -8.250647407079616524e-01 -8.273109549289743292e-01 -8.317758316300194465e-01 -8.370743732406376036e-01
-8.567640886398526501e-01 -8.270200668902905061e-01 -7.881995116904821908e-01 -8.329197260168235140e-01 -8.530508471315563224e-01 -8.384461567124981141e-01 -8.314304055517645065e-01
-8.549352199662911822e-01 -8.460812812078615242e-01 -7.978710400983000106e-01 -8.122508864528730221e-01 -8.247637644289291803e-01 -8.282209496738888177e-01 -8.376902265516499302e-01
-9.168685772327553885e-01 -8.339778200992697954e-01 -8.219856565728234088e-01 -8.248147215409176169e-01 -8.393996682367954598e-01 -8.262225407997927373e-01 -8.250333868742487642e-01
-7.434653844721033078e-01 -8.151944834875026746e-01 -8.139547287034749612e-01 -8.165340834862848673e-01 -8.523804608134055716e-01 -8.363910429288650139e-01 -8.263339682373744832e-01
-8.206675834454468799e-01 -7.583103470009202596e-01 -8.363694723442767209e-01 -8.446257954839628823e-01 -8.255695843002954781e-01 -8.275543203995996411e-01 -8.325374121763038371e-01
-9.360941883785580675e-01 -8.401342234196031988e-01 -8.537197859256384636e-01 -8.406757783259415362e-01 -8.285744506632835016e-01 -8.266683716383356195e-01 -8.358921782718118365e-01
-8.630885497638844939e-01 -8.042291165733332914e-01 -8.048025580774196275e-01 -8.267035983491919371e-01 -8.341152614003946031e-01 -8.382572958889225045e-01 -8.333159501619744614e-01
-8.683093656453626519e-01 -7.917487576547256323e-01 -8.544347532342331242e-01 -8.430915350793528606e-01 -8.424921785354488879e-01 -8.369433785121753733e-01 -8.311165499083847941e-01
-9.241104677442646409e-01 -7.885711147524455678e-01 -8.849005576820450081e-01 -8.327478003739345880e-01 -8.313919372907097038e-01 -8.476748949711516712e-01 -8.287344369155749124e-01
-8.486107588422595605e-01 -8.185175218147560106e-01 -8.440280459196844998e-01 -8.249726597540627537e-01 -8.128090550948070536e-01 -8.257222875757175284e-01 -8.414178252486428367e-01
-8.837045859544647719e-01 -8.330372677817006188e-01 -8.493870507023755234e-01 -8.290959474143353436e-01 -8.349502879349213202e-01 -8.287183904370285514e-01 -8.300447384694236153e-01
-8.630885497638842718e-01 -8.307727695870725793e-01 -7.965315576036280376e-01 -8.368676034537321229e-01 -8.287092617367477487e-01 -8.283588182418857304e-01 -8.364727490180443592e-01
-8.206675834454468799e-01 -8.350165763685344356e-01 -8.658328628650620029e-01 -8.603548121677837557e-01 -8.339422631832094090e-01 -8.273640335197225415e-01 -8.334579828498960286e-01
-9.433360788900673199e-01 -8.197965308669559192e-01 -8.435573139251182351e-01 -7.934977088768875308e-01 -8.296422861181949049e-01 -8.261709644592434287e-01 -8.335100447242367316e-01
-8.660075013145007716e-01 -7.803830963393473263e-01 -8.549427189586904507e-01 -8.407654870385901091e-01 -8.286225059373197865e-01 -8.355701163939501797e-01 -8.294848706755266754e-01
-8.692267950328398385e-01 -7.795815603579154818e-01 -8.166520627039306479e-01 -8.347978104049871284e-01 -8.319295101534143200e-01 -8.335262584197389302e-01 -8.339941126118761705e-01
-8.072934377663756322e-01 -8.605932753314577965e-01 -8.120081202653552932e-01 -8.303073028262279998e-01 -8.260989669982181649e-01 -8.315228411745752002e-01 -8.288115225663725827e-01
-8.206675834454468799e-01 -7.608410579453678269e-01 -8.263421799134345047e-01 -8.461439393610521442e-01 -8.536813431500107630e-01 -8.341265433259210660e-01 -8.302193781050453136e-01
-8.486107588422595605e-01 -8.240357307227266226e-01 -8.593260058586800199e-01 -8.259353533394488966e-01 -8.283617208742579674e-01 -8.254817705720813859e-01 -8.396030988699232367e-01
-8.549352199662911822e-01 -8.410014896052284694e-01 -8.035201171900561157e-01 -8.234106990295775308e-01 -8.567815860537042472e-01 -8.371145562513471194e-01 -8.359086669639581579e-01
-8.072934377663756322e-01 -8.153319704684498515e-01 -8.175826835478932075e-01 -8.436744595274874303e-01 -8.108868259135202372e-01 -8.404737298292495051e-01 -8.343413130082164564e-01
-8.837045859544647719e-01 -8.291902495926408712e-01 -8.271909841510323158e-01 -8.217640554011176324e-01 -8.405073263439943876e-01 -8.318728120154470496e-01 -8.288777752918166097e-01
-8.558526493537685909e-01 -8.424534384049029434e-01 -8.881038899374187334e-01 -8.518784501291516431e-01 -8.252708993344619604e-01 -8.275471116578281272e-01 -8.282161917751116320e-01
-8.180715599321486398e-01 -8.127413776784673249e-01 -8.303754045591682509e-01 -8.399638074851714098e-01 -8.311887390840106971e-01 -8.323678994017127408e-01 -8.341614210465742030e-01
-8.082048770524596915e-01 -8.563892993031518852e-01 -8.326166729782522591e-01 -7.947021409207406517e-01 -8.438079439310866015e-01 -8.293167947969659615e-01 -8.335016899028575565e-01
-7.549517662031970389e-01 -8.700202575430433516e-01 -8.678503463964384324e-01 -7.987078940421907802e-01 -8.479557651471749669e-01 -8.306709268011227554e-01 -8.310557151225186345e-01
-8.837045859544647719e-01 -8.638773780591100238e-01 -8.344087504215904616e-01 -8.511368557668090862e-01 -8.245051616071390477e-01 -8.361495686091244828e-01 -8.273511087974056988e-01
-8.190503420688310943e-01 -7.871631935527383384e-01 -7.957766170883499024e-01 -8.217778414653809094e-01 -8.429463286497089758e-01 -8.258291672129465244e-01 -8.258869896573886038e-01
-8.749567632819346130e-01 -7.883721241184008521e-01 -8.653793168466741292e-01 -8.146827414858284211e-01 -8.339422878010478435e-01 -8.219984933590196441e-01 -8.302539731195923700e-01
