(-0.7960959852784767+0j)
-8.640217173971880271e-01 -7.090225813917665487e-01 -7.834036801529260519e-01 -8.112976470068693491e-01 -8.004673584080457260e-01 -7.935850341641084160e-01 -7.967311854911318658e-01
-8.720466224822327472e-01 -7.938788771086353613e-01 -7.719171530729003194e-01 -7.790474882948201785e-01 -7.990604413074078316e-01 -7.989135679163796855e-01 -7.961606280953359427e-01
-8.687093411200559334e-01 -6.857015526202376865e-01 -7.906166148288107376e-01 -7.883229470356885038e-01 -7.973103729321893152e-01 -8.074910001289763439e-01 -7.895987337389065441e-01
-8.918179157835111059e-01 -7.651128927054473561e-01 -8.076901203269342133e-01 -7.973271991310473261e-01 -8.268785918682637348e-01 -7.945582199085416963e-01 -7.954155601772476825e-01
-9.096978670218174301e-01 -7.526549807281541771e-01 -7.918029791058434075e-01 -7.940934721291446063e-01 -7.898908331442835440e-01 -8.015351004469308815e-01 -7.956570122413790802e-01
-8.706347517420487403e-01 -8.230937286536645914e-01 -8.177228832647895906e-01 -7.892453998805575299e-01 -7.852241319322916802e-01 -7.925581020688907685e-01 -7.959352787513531702e-01
-8.705104710907831667e-01 -7.194233503787279549e-01 -8.221423675314134538e-01 -7.880834162030050383e-01 -8.201159766048242705e-01 -7.864978549742638325e-01 -7.927245762570485077e-01
-8.558988157532210206e-01 -7.574288428691531294e-01 -7.548041890025798395e-01 -7.730798434240864214e-01 -7.681735954240247466e-01 -7.983412455392826512e-01 -7.962689597893730653e-01
-9.059347273382596377e-01 -7.156375331528231909e-01 -7.842730332167466845e-01 -7.815537831226806453e-01 -8.008209969668909078e-01 -7.959465203131734778e-01 -7.958319174507397786e-01
-7.613856352578471931e-01 -7.728168503340826501e-01 -8.324446798843414541e-01 -7.547418187120916722e-01 -8.010202892813675923e-01 -7.987656718191582517e-01 -8.008808992619347311e-01
-8.985214896053543843e-01 -7.372968591040165443e-01 -7.489599908654718252e-01 -8.006904831067724881e-01 -7.674529470088543581e-01 -7.836242339345886876e-01 -7.962523873884317371e-01
-8.533052668611269542e-01 -8.634821794735931810e-01 -7.848452841337543173e-01 -8.074773475322403193e-01 -7.972918072774843878e-01 -7.999125945302629770e-01 -7.971315841130131030e-01
-8.761225788529611869e-01 -8.199492768320402192e-01 -7.945337185446426087e-01 -7.663895520849703935e-01 -8.007388662716792282e-01 -7.963018956830332229e-01 -7.983145276499510334e-01
-8.682909398806148982e-01 -7.672112322494570869e-01 -7.506149284389016518e-01 -8.017425319153532737e-01 -8.139473649406634426e-01 -7.899023756738692281e-01 -7.910501051857379284e-01
-8.630623164554660498e-01 -7.925887550393793113e-01 -7.819530765648521342e-01 -7.917107993033842828e-01 -8.009034857925485529e-01 -7.976978733300965629e-01 -7.958532988494975147e-01
-7.902693038196433317e-01 -6.842146932512507274e-01 -7.959690318180330237e-01 -8.185517924711580573e-01 -7.988804364405366343e-01 -7.959116066883165086e-01 -7.954763695981408311e-01
-8.811014652474498110e-01 -7.694918888008730473e-01 -7.580158304045099271e-01 -7.645398102515703620e-01 -8.112305173266309843e-01 -7.846548002075022232e-01 -8.011004983861178541e-01
-8.887644400110152887e-01 -7.093237053756998867e-01 -8.279436010755731878e-01 -8.271042144085578585e-01 -7.950268671572444656e-01 -7.958258168987724090e-01 -7.942033171942968206e-01
-5.574937386199075862e-01 -8.057737162137839082e-01 -8.154935716112217126e-01 -8.254745832513101789e-01 -8.153625788180736134e-01 -7.983923979370171065e-01 -7.991608528258329347e-01
-5.851919404473082675e-01 -8.561761394277087600e-01 -7.646441185540081564e-01 -7.774670159297865091e-01 -8.087709181465199126e-01 -7.940003703532618751e-01 -7.982153773159756938e-01
-8.400337697971695938e-01 -7.604048218638459478e-01 -7.910662682797642287e-01 -8.028444455096896970e-01 -7.873327325888905825e-01 -8.130948140756544262e-01 -7.979049213631568271e-01
-9.223754789273181931e-01 -7.434897909231323876e-01 -7.477283370550615871e-01 -8.114098821720647781e-01 -7.870771891921235497e-01 -7.996691430710907156e-01 -7.928349521874709094e-01
-8.808245900479696466e-01 -7.084442393888762401e-01 -8.812118682889271692e-01 -7.927312046551429070e-01 -7.819947269221529940e-01 -7.953110017378497432e-01 -7.946120107112428776e-01
-5.468872094117580573e-01 -8.345331197062468842e-01 -7.657645988885628530e-01 -8.117460267474543301e-01 -7.982414286728864994e-01 -7.911502016535525428e-01 -7.994902749243379958e-01
-8.796821374253260828e-01 -7.375417200642928606e-01 -7.787028092476862007e-01 -8.324845038194832458e-01 -8.026531050712326643e-01 -8.021254299423612455e-01 -7.938279071270024634e-01
-8.698008071797211915e-01 -8.132507251701752704e-01 -7.465691221389672005e-01 -8.043215415060935847e-01 -8.136884877744796629e-01 -7.986471990691996758e-01 -7.962863790721630419e-01
-7.211652767776466355e-01 -7.792290243688522189e-01 -8.397378595783415722e-01 -7.675611005070810400e-01 -8.037671299069397701e-01 -7.930424753939666616e-01 -7.956976059250984168e-01
-8.558988157532210206e-01 -7.782667138096266424e-01 -7.960229852199329770e-01 -8.399675205422330038e-01 -7.923583343706646076e-01 -7.968129428383001756e-01 -7.964715477958301815e-01
-9.191071830265742371e-01 -7.646693129998889393e-01 -7.815288868226670793e-01 -7.933542046746258070e-01 -7.838936540728299596e-01 -7.934701582343381965e-01 -7.945082468248469976e-01
-8.419140693164155476e-01 -7.459007848973424615e-01 -7.770649139733392108e-01 -7.505624214385904214e-01 -7.984929739587627306e-01 -8.034709781479971724e-01 -8.027363672581389054e-01
-8.750455002654364822e-01 -7.726541455504523093e-01 -8.154846645764348700e-01 -7.927351342110373622e-01 -7.925745255351019924e-01 -7.916424429393864592e-01 -7.910296141408426074e-01
-8.640217173971880271e-01 -7.324474023930076516e-01 -7.796547433718201692e-01 -8.062024070843143431e-01 -7.890494006575412556e-01 -7.899554193574278571e-01 -7.956872032773611991e-01
-8.621378324161559359e-01 -8.231501129740452782e-01 -7.709473492152998375e-01 -8.165985855908415303e-01 -8.191939681894231384e-01 -7.945687278889181915e-01 -7.928122453662713731e-01
-8.773383255638922407e-01 -7.921086177248044535e-01 -7.563707136547337395e-01 -8.033957682671386547e-01 -8.008978044415264730e-01 -7.936616618684724234e-01 -7.904647775868387516e-01
-8.982717525746943821e-01 -7.604973662931970857e-01 -7.371936053908836328e-01 -7.459062558033786594e-01 -7.864595719422127207e-01 -8.014390504192390186e-01 -7.970383576237116685e-01
-8.690006037916766513e-01 -7.765506975990013050e-01 -7.769789254066150619e-01 -7.602630383600765818e-01 -7.984601149674139808e-01 -8.016664069065084774e-01 -7.930558125038227324e-01
-8.730691030804653696e-01 -7.211946189109119665e-01 -8.143025115161648397e-01 -7.590045911427688585e-01 -7.868274798226662092e-01 -7.909144140555528502e-01 -7.928561430143945543e-01
-8.457522134254733537e-01 -8.032571662303358284e-01 -8.332743239951418968e-01 -7.970933879390489363e-01 -7.987945066498809421e-01 -7.968579798060688724e-01 -8.002168174374095777e-01
-8.835358165858664403e-01 -7.972395863424028839e-01 -8.406131038564264024e-01 -7.803783462423060646e-01 -7.853716129079959529e-01 -8.035089057659032807e-01 -7.966380513331292601e-01
-8.566084796642827737e-01 -7.397210666820361880e-01 -7.261283092791288585e-01 -7.690179263999453729e-01 -7.890179879721097578e-01 -7.925031561868696173e-01 -8.017462169532605376e-01
-8.493273070493208010e-01 -8.414026293409631041e-01 -7.457193888958102423e-01 -8.215020276013411671e-01 -7.883140834805764108e-01 -8.076270498547233334e-01 -7.943969144585225628e-01
-8.698008071797211915e-01 -8.882223916136591235e-01 -8.212920144193338601e-01 -8.002630554794420981e-01 -7.911321925865391069e-01 -7.947897450432630517e-01 -7.975247171183665884e-01
-8.735484118117964325e-01 -9.030863803246675925e-01 -8.004990078274980547e-01 -8.405948254938455655e-01 -8.186572849205444591e-01 -8.009386297098590735e-01 -7.950318322809317717e-01
-8.419140693164155476e-01 -8.817410379547661048e-01 -7.182071052126408617e-01 -7.791174445817663496e-01 -7.864440009167126266e-01 -8.036526757835571466e-01 -7.927636044800936421e-01
-8.621378324161559359e-01 -8.659924490896027116e-01 -7.173211679527708995e-01 -7.976876881760635030e-01 -7.974592884033477880e-01 -7.894316055167420743e-01 -7.953428466096512661e-01
-8.623875694468159381e-01 -7.632249498875360860e-01 -7.451455381604641381e-01 -7.919467315198838175e-01 -7.632305035609650012e-01 -7.926736890595456053e-01 -8.008567644915887129e-01
-8.815602213485673744e-01 -8.528542189188794698e-01 -7.938975926784788140e-01 -7.732412794693381830e-01 -7.988607868269343992e-01 -8.006688856564205814e-01 -7.956176797803033995e-01
-8.795578567740605092e-01 -7.857175789726189574e-01 -7.367683163866267648e-01 -8.041705520789388384e-01 -7.814033135013578324e-01 -7.926639269702246970e-01 -7.963961180917793481e-01
-8.827356131978219000e-01 -7.171560959678009439e-01 -8.526472927983570482e-01 -7.814903709384610764e-01 -7.916626757376614698e-01 -7.980005619584971122e-01 -7.929190427428656207e-01
-8.861708911189212223e-01 -8.304360480487551488e-01 -8.433965675766470493e-01 -8.069352762061612339e-01 -7.950458965905136122e-01 -7.989804438190288849e-01 -7.977831557878827251e-01
