(-0.7960959852784767+0j)
-8.069552323642281699e-01 -7.238097850437017478e-01 -7.775094428757607368e-01 -7.959230377087358477e-01 -8.043361746059611850e-01 -7.997681840013628474e-01 -7.963728888775689629e-01
-1.163361532093974082e+00 -8.057546621361602046e-01 -8.392309594001015061e-01 -7.992596472740385316e-01 -7.894732576350667053e-01 -7.921374900607740521e-01 -7.992354322954535739e-01
-7.829557629046401956e-01 -8.841261998159477553e-01 -8.069714036568989002e-01 -8.460506721178902012e-01 -7.920834011670978558e-01 -7.973022898489627863e-01 -8.019689806311187663e-01
-9.757777392221578250e-01 -7.008915406634818046e-01 -7.864199476305138159e-01 -8.167288065465516667e-01 -8.124448138927327090e-01 -8.028524939125263327e-01 -7.906893179396123905e-01
-7.641732579159918881e-01 -6.730172126128737276e-01 -7.927556942767512993e-01 -8.043153003552456770e-01 -7.945934469780577825e-01 -7.956801925722651880e-01 -7.933506421962659427e-01
-8.768991606057836563e-01 -7.522534903723048227e-01 -8.089490565838708402e-01 -7.896213694028397789e-01 -7.951586592501096451e-01 -8.046253193750336763e-01 -8.032581383851264967e-01
-6.403661070219941465e-01 -8.417990592110939918e-01 -7.976874782583456280e-01 -8.067902881553217220e-01 -8.002673780492826072e-01 -7.928630944608818787e-01 -8.005286000993738771e-01
-7.619164093486185951e-01 -8.539168875424412164e-01 -8.337239191212595379e-01 -7.908094932811746691e-01 -7.999620002782161787e-01 -7.963891779674843185e-01 -7.988179734390192799e-01
-7.312137317105336098e-01 -7.911331445257911987e-01 -8.407559319106703288e-01 -7.818162768499671289e-01 -7.999667575983653300e-01 -7.922745009174145814e-01 -7.936744813513860741e-01
-4.213634341068022149e-01 -8.409119322453291190e-01 -8.042191683867596641e-01 -7.911462512589610974e-01 -7.742729981273024364e-01 -8.026443675236987207e-01 -7.994335086842505600e-01
-7.331408831345145316e-01 -8.447484420236384128e-01 -8.235433880117080108e-01 -8.187301696810243001e-01 -8.021253970053847659e-01 -8.062708438969359293e-01 -7.937828089709038082e-01
-6.840771842882658049e-01 -8.096669502558022646e-01 -7.840327052179909550e-01 -8.287014337896898564e-01 -8.041966157310422858e-01 -7.863807363083246127e-01 -7.944751073988269852e-01
-6.982542055050754426e-01 -7.942920434994100720e-01 -8.599904362628125742e-01 -8.129739543747873665e-01 -7.917744851253019078e-01 -7.942314094873659247e-01 -7.944853536137574945e-01
-8.278354617595347076e-01 -7.783817825505905397e-01 -7.740300885472533032e-01 -8.195499117409623668e-01 -7.913118114343535847e-01 -7.934056464289469535e-01 -7.988349843015059015e-01
-8.891490303986120391e-01 -7.876235080480424866e-01 -8.484228694047890595e-01 -8.134881685306287746e-01 -7.842889019384942095e-01 -8.021641897467395310e-01 -7.937051019148551045e-01
-9.451668482211657007e-01 -8.214468519018229831e-01 -8.518549645674589055e-01 -7.957044756829392274e-01 -8.003866843171036916e-01 -7.965883547059326997e-01 -7.940436181433687679e-01
-8.937545141704510421e-01 -7.204880036338612292e-01 -7.904651971078153760e-01 -7.849577605785105217e-01 -7.969257831712095452e-01 -7.993708475925289658e-01 -7.940876959797504853e-01
-9.130138254844064605e-01 -9.099972278478309917e-01 -8.013747502816686019e-01 -8.130726433356498806e-01 -8.008384364910836606e-01 -7.871905941258254824e-01 -7.965878542927919970e-01
-8.278354617595347076e-01 -7.882035607614479300e-01 -7.807344060762801963e-01 -7.897957826051835717e-01 -8.000985969247567109e-01 -8.008248427013429094e-01 -7.987926608310611520e-01
-8.113098053382592489e-01 -8.094199570915376896e-01 -7.543233490831540156e-01 -8.069557639113766889e-01 -7.793114719555238601e-01 -7.960165843109352490e-01 -7.999810616146396658e-01
