(-0.7682164079245094+0j)
-7.609339776644474806e-01 -6.773130999602230418e-01 -7.614324678650767897e-01 -7.632312279374660058e-01 -7.868950350058158127e-01 -7.669558786157621988e-01 -7.679691691306649304e-01
-8.078333944967127644e-01 -6.554702535315699574e-01 -6.479159160268554984e-01 -7.425904560292263534e-01 -7.721128672738721832e-01 -7.670347807266225670e-01 -7.688447993439563311e-01
-7.417799166111864739e-01 -7.612113457830815832e-01 -7.167915430544573585e-01 -7.512000131323168794e-01 -7.539765533484489302e-01 -7.577492816917088536e-01 -7.634879399447953574e-01
-7.809422009029834966e-01 -8.020824251924423276e-01 -7.292545992411505473e-01 -7.713083416560038152e-01 -7.730591772905011094e-01 -7.718407617295480749e-01 -7.728242582356692481e-01
-7.832321284703227526e-01 -7.282848945641944294e-01 -7.434565859159304457e-01 -7.930528171909889679e-01 -7.701032610666640466e-01 -7.676095959090980525e-01 -7.681919868148938679e-01
-6.715453956202495078e-01 -8.218826857440578726e-01 -8.202585911499459259e-01 -7.730775262840001716e-01 -7.692926166333876603e-01 -7.730818209135923436e-01 -7.705083658630231813e-01
-5.476645234083665770e-01 -6.407193785075091519e-01 -7.040888289271143297e-01 -7.421678134162238427e-01 -7.618257765997811237e-01 -7.751509566869762002e-01 -7.672704094002158470e-01
-7.745198312170219479e-01 -7.233227940642266152e-01 -7.572517464086144789e-01 -7.528086827287046034e-01 -7.770421220813867880e-01 -7.592763262462914886e-01 -7.664445427795367749e-01
-6.994336359921424773e-01 -6.799925155450143865e-01 -7.327126240984116468e-01 -7.259434262976592889e-01 -7.398957350288954959e-01 -7.651029873659719316e-01 -7.674951617344250021e-01
-7.882758189355546508e-01 -7.025012736618058140e-01 -8.040618856396851699e-01 -7.476916672935289832e-01 -7.722030624310585178e-01 -7.735954577391120912e-01 -7.673273751743328042e-01
-1.174059720687085306e+00 -7.315915387532097025e-01 -7.512947752141574398e-01 -7.791740085881900812e-01 -7.766311501410354534e-01 -7.748964019047235308e-01 -7.718899165751852420e-01
-7.836168221635836373e-01 -9.297648128083898511e-01 -8.240121601216330305e-01 -7.884358007532881185e-01 -7.761330664207710672e-01 -7.775084979411628350e-01 -7.673848895557691119e-01
7.069334326658577305e-02 -7.503652967418747988e-01 -6.711866451619086238e-01 -7.320040490399796207e-01 -7.307572335230823057e-01 -7.579914518106233290e-01 -7.644758128216767590e-01
-7.203667808656845084e-01 -6.964553009525763505e-01 -7.020896405160018672e-01 -7.783516643325942841e-01 -7.642854070170435055e-01 -7.707980563781926531e-01 -7.707655784907950780e-01
-8.743103164444091524e-01 -8.984699702999208171e-01 -7.857156328050406424e-01 -7.643492976474157707e-01 -7.534411937889602395e-01 -7.702881121491569338e-01 -7.695856878958710068e-01
-7.786346966671168213e-01 -7.901591936930908444e-01 -7.572048981036728632e-01 -7.788374863954425908e-01 -7.659691456532817799e-01 -7.754520764355360418e-01 -7.685348415664607913e-01
-9.908414410919955673e-01 -8.504958306227908826e-01 -7.439413733778850180e-01 -7.065241425684491983e-01 -7.500898287404879072e-01 -7.657373262862339214e-01 -7.624677111354907222e-01
-9.326192540167931311e-01 -8.298785683917615508e-01 -7.660993038415702117e-01 -7.530474157295030668e-01 -7.745546826347873282e-01 -7.616317064657773805e-01 -7.624218060695500121e-01
-7.760832959586780877e-01 -6.785860316520007096e-01 -7.544710052109848686e-01 -7.787160033753721677e-01 -7.905575831790502273e-01 -7.710522601201040827e-01 -7.719910551898903073e-01
-9.362492792703063227e-01 -7.297047657988260383e-01 -7.711811960101214725e-01 -7.892081126875097885e-01 -7.834144118463221007e-01 -7.748617595496579691e-01 -7.696653160426031315e-01
