(-0.7682164079245094+0j)
-8.099348663796411829e-01 -7.340335097409984577e-01 -7.877504830380132050e-01 -7.644662712679806127e-01 -7.674852089490653562e-01 -7.720171920092897544e-01 -7.654715765568276264e-01
-9.351150719284050394e-01 -6.616207353771339505e-01 -7.519612765452570180e-01 -7.837070885601694625e-01 -7.587849114425742059e-01 -7.655101108798834098e-01 -7.674455390519943077e-01
-8.062759959384794284e-01 -8.674842100637382147e-01 -8.132434980643373779e-01 -7.804668002999725074e-01 -7.621253396436817873e-01 -7.645417282112763058e-01 -7.584040315591338288e-01
-9.138037394023953430e-01 -8.034807363418053905e-01 -7.910864426440972208e-01 -7.841600216356199304e-01 -7.670525984157551269e-01 -7.806823187491714888e-01 -7.677483972561351955e-01
-8.766732094838859402e-01 -7.873892032773034400e-01 -7.357012669501049595e-01 -7.873321479177480819e-01 -7.564083736514839451e-01 -7.659593975046242731e-01 -7.794910575162987687e-01
-8.674511733487156873e-01 -7.162728676161420616e-01 -7.493077766660942718e-01 -7.630613869589610854e-01 -7.577228287243162885e-01 -7.618261008449478400e-01 -7.653435645665218612e-01
-9.152133858573269221e-01 -7.754829033277391703e-01 -7.403895952874566255e-01 -7.781838789197278450e-01 -7.577405887600270340e-01 -7.566550500256391532e-01 -7.558068107577238237e-01
-8.234777286730122769e-01 -7.507003616950596037e-01 -7.855910091023311503e-01 -7.593591763641834858e-01 -7.660169974134408699e-01 -7.713707430007840093e-01 -7.742431360226256221e-01
-8.539470126217355572e-01 -7.639248044212341160e-01 -7.612746034503106163e-01 -7.752958902454493151e-01 -7.755318061968820009e-01 -7.620141770607999909e-01 -7.677174768175509811e-01
-8.458417354899557816e-01 -7.589109599269017181e-01 -7.178505122642819813e-01 -7.740666244727619771e-01 -7.809660847857694543e-01 -7.637980904026415718e-01 -7.662771222107248592e-01
-9.800598906416014833e-01 -7.499188205410667329e-01 -7.362546441935806651e-01 -7.570438191023991514e-01 -7.685611596496746412e-01 -7.659096160244278639e-01 -7.653307908513681257e-01
-8.928929989992308025e-01 -7.487336063162168820e-01 -7.648318711957469151e-01 -7.822563772885350319e-01 -7.729960813331674396e-01 -7.802663784805105029e-01 -7.580503476492376214e-01
-9.156927253573653447e-01 -7.734118742872228003e-01 -8.038638974650295088e-01 -7.816722462434838592e-01 -7.687224110793682286e-01 -7.708472374390196169e-01 -7.505583370731401249e-01
-7.833817299336248707e-01 -8.585332755112946579e-01 -7.659774295622682194e-01 -7.825694500225739425e-01 -7.711402884286452375e-01 -7.668283758614702350e-01 -7.623372004691748582e-01
-6.621947435142554461e-01 -8.883305828985225139e-01 -7.750455147258433763e-01 -7.655102594866249888e-01 -7.745888573881890560e-01 -7.717098740352622555e-01 -7.708665759469053302e-01
-7.867845969340380163e-01 -7.827802912629749921e-01 -7.733575539514302433e-01 -7.776512465039465694e-01 -7.819416771360881979e-01 -7.650725848372557092e-01 -7.610441734892041676e-01
-7.918654383623310311e-01 -8.070806231867163616e-01 -7.804674282140443564e-01 -7.838144816223143740e-01 -7.763023240200616071e-01 -7.707345655267181517e-01 -7.764021725377600047e-01
-7.964486065637376155e-01 -8.015201708563420846e-01 -7.626227993125959115e-01 -7.845501203997534700e-01 -7.819786091008275042e-01 -7.750938355523246948e-01 -7.685412736427115199e-01
-8.294679718792284939e-01 -7.872681498980083070e-01 -7.835409216710312874e-01 -7.719824446241203564e-01 -7.605587193726532913e-01 -7.614719062036645614e-01 -7.646340834252619567e-01
-8.445816614051252502e-01 -8.122966812517522506e-01 -7.804258518996911587e-01 -7.589302732052873868e-01 -7.630318046527244658e-01 -7.692640447998113640e-01 -7.711137448334561828e-01
-9.956370706470770715e-01 -8.300978729478195595e-01 -7.635263796224678323e-01 -7.782116266723798637e-01 -7.564775037104910504e-01 -7.771311695771286887e-01 -7.609790944469368990e-01
-7.298136508152819335e-01 -8.237478437815893839e-01 -7.749587753730532436e-01 -7.599993762964196709e-01 -7.682227492153175241e-01 -7.608217307046296618e-01 -7.648986896163898486e-01
-7.200934669046317183e-01 -7.312365186313456444e-01 -7.276986431269615307e-01 -7.597349054173960781e-01 -7.652569195265356283e-01 -7.724191059373646251e-01 -7.717610256683502534e-01
-8.901067736486575344e-01 -7.403119389685310914e-01 -7.810336228615051279e-01 -7.698570079749660344e-01 -7.583542199382602433e-01 -7.604000179272678572e-01 -7.696075768166907860e-01
-9.180131961922038952e-01 -8.065690069939824847e-01 -7.835290594484949356e-01 -7.575207403285717511e-01 -7.628461118258045293e-01 -7.637254066291462307e-01 -7.759192593702118890e-01
-9.713912948202819697e-01 -8.070548385615340381e-01 -8.152211695965780880e-01 -7.793788735597541040e-01 -7.644525699514337358e-01 -7.621104531633944301e-01 -7.688359178604483590e-01
-8.446243903537448139e-01 -8.452403732962666671e-01 -7.749796215546411737e-01 -7.876437796005486547e-01 -7.716482625976467391e-01 -7.709407584686822634e-01 -7.716204400965765986e-01
-8.022034462273480715e-01 -7.888429465092940962e-01 -7.652974765076469010e-01 -7.861057922313986479e-01 -7.523533429599049693e-01 -7.637719870459994675e-01 -7.771966055003985963e-01
-8.473006131816708253e-01 -7.598290471396191847e-01 -7.752052556310259357e-01 -7.610857712748790860e-01 -7.613554937266672207e-01 -7.725813440212576655e-01 -7.675806561514353366e-01
-9.211100341380288326e-01 -7.409720004529634085e-01 -7.621251572287899290e-01 -7.805109727913968065e-01 -7.622086113134172169e-01 -7.614379547414021898e-01 -7.729779219311531113e-01
-7.000528353568569173e-01 -7.432489394882280109e-01 -7.946230996749599207e-01 -7.532451634067447443e-01 -7.831105044115509450e-01 -7.638410435728161252e-01 -7.690037171675914163e-01
-7.113396915937100218e-01 -7.602266934699681844e-01 -7.639284350389157208e-01 -7.784738647532086775e-01 -7.716432173351811530e-01 -7.568683728728020643e-01 -7.664011486500317272e-01
-8.491934213717090563e-01 -6.794196190876977681e-01 -7.653084143366026826e-01 -7.716365602493631126e-01 -7.700264749080323323e-01 -7.711146334246763434e-01 -7.636308600600434371e-01
-9.668183499555454974e-01 -7.999254368971827622e-01 -7.630475085553272141e-01 -7.692990102949419651e-01 -7.629438438368129072e-01 -7.785364801222562914e-01 -7.583043848979769130e-01
-7.578400638276250323e-01 -8.544686477577078110e-01 -7.756053912489730973e-01 -7.592726241196348091e-01 -7.617399933767815545e-01 -7.725381698874986824e-01 -7.658080709227357286e-01
-9.087393248524054945e-01 -8.096112571883735676e-01 -7.540742353546669996e-01 -7.693880225337139667e-01 -7.710026347938840896e-01 -7.779022868692416770e-01 -7.680380905776921230e-01
-8.253032606433799989e-01 -7.693333881436048571e-01 -8.034751069163299508e-01 -7.847027108291051434e-01 -7.703941301972803135e-01 -7.662551245807140976e-01 -7.721269292236685455e-01
-9.029127522337002665e-01 -7.862576674596348791e-01 -7.664868102838265917e-01 -7.637145108297554996e-01 -7.665834341525048501e-01 -7.630379782579469472e-01 -7.604014098807754252e-01
-8.317661095607394861e-01 -8.388595336822268766e-01 -7.919078408597192142e-01 -7.608880345260624622e-01 -7.781604544391458322e-01 -7.755278462459308519e-01 -7.679668256284286620e-01
-6.006758703514170072e-01 -6.967974608907604450e-01 -7.334579230232614044e-01 -7.815579248573533144e-01 -7.702134460107259439e-01 -7.643852933373787018e-01 -7.621155598653639451e-01
-8.539993403641431557e-01 -7.198996618459745367e-01 -7.135353207684214105e-01 -7.586494560572284440e-01 -7.768068309765534529e-01 -7.777258092665285671e-01 -7.644720542491146853e-01
-7.911668938757289160e-01 -7.836966029669656386e-01 -7.768606793918683140e-01 -7.870426082615241681e-01 -7.667560843005807314e-01 -7.726435493330671145e-01 -7.689634305287305072e-01
-8.970364452904097119e-01 -7.261047699816152168e-01 -7.310296042641375447e-01 -7.643852776015490624e-01 -7.611217091231030629e-01 -7.648912679193600184e-01 -7.660240956544013269e-01
-8.572526292641150514e-01 -7.145129017712089636e-01 -7.539051241757428468e-01 -7.699871093687470358e-01 -7.743519852919094060e-01 -7.690197970441412512e-01 -7.700992310457357437e-01
-6.832597768780939163e-01 -7.478045698638312588e-01 -7.301423778531404007e-01 -7.814516380756467706e-01 -7.716561364289306058e-01 -7.665630513223133935e-01 -7.712960745099903814e-01
-7.623578192177822288e-01 -7.918182596291998276e-01 -7.565643028829684980e-01 -7.693380628129764531e-01 -7.651623961443176913e-01 -7.450917314132388114e-01 -7.861700207646352689e-01
-8.218523980453386057e-01 -8.325412588652475465e-01 -7.433067983262178213e-01 -7.702235860795747513e-01 -7.708976820041865130e-01 -7.609997202000354788e-01 -7.653292763741535998e-01
-8.295209224660345937e-01 -7.462377448119481560e-01 -7.789018577207521554e-01 -7.753479883088126856e-01 -7.786016918123064290e-01 -7.797681321735530080e-01 -7.674337687204484393e-01
-8.426098022613895955e-01 -7.464357901588900557e-01 -7.716246128876513843e-01 -7.652050971944692748e-01 -7.701808497994657721e-01 -7.734621043855445244e-01 -7.634014963904510731e-01
-8.373742135276424081e-01 -8.204577070415982609e-01 -7.640889268980916027e-01 -7.531302925469286480e-01 -7.744691007707446007e-01 -7.697853009802642088e-01 -7.762718568669813024e-01
