(-0.7682164079245094+0j)
-8.549908494745180887e-01 -8.149647291692265760e-01 -8.076700753410870348e-01 -7.555819512188822751e-01 -7.625901373556949192e-01 -7.694987858524495739e-01 -7.696985752074068099e-01
-5.990330985333713887e-01 -6.595096531463732203e-01 -6.431166264236207741e-01 -7.197744819390277105e-01 -7.678069317047930831e-01 -7.807452329838916461e-01 -7.623586973897146235e-01
-6.192914545471333021e-01 -7.897327162503927633e-01 -8.286229339130776195e-01 -8.024757849292075695e-01 -7.436502853114841383e-01 -7.727746994894992838e-01 -7.695655003421542073e-01
-7.121930386788108969e-01 -8.649789539446764985e-01 -8.240314969044032489e-01 -7.765880700403401393e-01 -7.529534061364270281e-01 -7.733732632692102982e-01 -7.651810625637091023e-01
-9.155121270540919065e-01 -8.399518448639833323e-01 -7.950836447743289126e-01 -7.675897125627322293e-01 -7.619996802532598146e-01 -7.611210671061025002e-01 -7.699484995931580311e-01
-8.549908494745183107e-01 -8.874574384012673400e-01 -8.746426299116550895e-01 -8.179033707945639886e-01 -7.778592736117158069e-01 -7.751797986726225442e-01 -7.571914634116863052e-01
-6.255917684486571595e-01 -7.069109300063523005e-01 -7.681313822131417002e-01 -7.784527289287919150e-01 -7.701302713370574704e-01 -7.768176110093061304e-01 -7.680759920541051500e-01
-1.062853607994171057e+00 -6.708748178671097850e-01 -8.045776677247195030e-01 -7.465298792069012812e-01 -7.315870863442237582e-01 -7.613625005427580028e-01 -7.698844662143583539e-01
-7.273106161532700842e-01 -5.780952159572454452e-01 -7.411487499366058440e-01 -7.383580476832474204e-01 -7.704241087233025809e-01 -7.678840715466119793e-01 -7.704389298076632642e-01
-8.897198776860334446e-01 -6.774813591703641169e-01 -7.844615992702133056e-01 -7.836333800059787080e-01 -7.557311813041653892e-01 -7.711946345775598788e-01 -7.703142618709637457e-01
-8.657117788094975674e-01 -7.487892550437327266e-01 -7.467428561718210123e-01 -7.791743618657716031e-01 -7.657378843761734055e-01 -7.550917991674043206e-01 -7.693546011874007329e-01
-7.822122823790843560e-01 -7.116745888949778109e-01 -7.671302367821126733e-01 -8.100351654126640710e-01 -7.581125647567317216e-01 -7.698108380856807376e-01 -7.642980437438864350e-01
-7.413058190732424446e-01 -7.219563304356924061e-01 -7.940354534054041569e-01 -7.641538879420997077e-01 -7.831072722134256869e-01 -7.649276002626681503e-01 -7.621109219919623978e-01
-6.629572412481359311e-01 -6.317173321331444047e-01 -8.078232125487819770e-01 -7.328625919933977606e-01 -7.563246543432746716e-01 -7.772368341322094532e-01 -7.672633786335923967e-01
-9.009557368568760216e-01 -8.503221810703083250e-01 -7.056779584810703998e-01 -7.416595984374909634e-01 -7.451514245016526150e-01 -7.725187740198791175e-01 -7.727418233087349764e-01
-1.040126859500726031e+00 -8.408365813609510742e-01 -7.713429795247943588e-01 -7.505905518509783381e-01 -8.030752274375311250e-01 -7.612783485463343602e-01 -7.737015013017143339e-01
-7.413520561606534720e-01 -7.723796996842331453e-01 -7.705663837113790882e-01 -7.298009818268080817e-01 -7.749722534204513957e-01 -7.678820612314454230e-01 -7.660495800616304862e-01
-7.418670063504859691e-01 -7.331812974193867571e-01 -6.964574943441380617e-01 -7.877721953470719907e-01 -7.650800159422270763e-01 -7.561725329661098671e-01 -7.645610089053267444e-01
-2.705877114122681171e-01 -8.447058983717961045e-01 -7.475555609279691538e-01 -7.745772035249671728e-01 -7.818823825114883386e-01 -7.812408185050334630e-01 -7.704297358659458750e-01
-8.751634874888177817e-01 -8.110877496753147176e-01 -8.580618396039144669e-01 -7.725455907405435196e-01 -7.870312020993416313e-01 -7.658889646739128754e-01 -7.677064202094476819e-01
