(-0.7493142405160524+0j)
-7.327220169636379232e-01 -7.934649481451813147e-01 -7.357284202296715536e-01 -7.600813682598710486e-01 -7.589158477956757798e-01 -7.519940163880296513e-01 -7.515403343527884417e-01
-6.264679775718915433e-01 -6.981816078799788494e-01 -7.598891082176361111e-01 -7.665295305785106983e-01 -7.531634171185959126e-01 -7.421649150041754739e-01 -7.465330355553810859e-01
-7.110060949460719204e-01 -7.554113467468972498e-01 -7.144535212083962250e-01 -7.648448461520596098e-01 -7.463493135147587498e-01 -7.476416597656198038e-01 -7.453953948717595424e-01
-8.008890605429969112e-01 -7.129888312750132240e-01 -7.244309030244409087e-01 -7.318194431104223519e-01 -7.553458485325768024e-01 -7.435330598124028079e-01 -7.526320577615988050e-01
-8.013513644554414173e-01 -7.691097105980335691e-01 -7.534361584606372730e-01 -7.539975456379802710e-01 -7.315549209208545012e-01 -7.507191095822518534e-01 -7.501365496060972138e-01
-6.661574770387721500e-01 -7.192021318610803959e-01 -7.648015360039990274e-01 -7.460355803114644413e-01 -7.390670084699781928e-01 -7.507195203052450250e-01 -7.466846309303035722e-01
-8.240049952899753949e-01 -8.256228239667278146e-01 -7.532799371135910915e-01 -7.338024661069502130e-01 -7.572760267369589293e-01 -7.526739239760529276e-01 -7.490566470721892189e-01
-8.402480900626259075e-01 -7.016839887558525835e-01 -7.924569525233291500e-01 -7.363457009685334675e-01 -7.341484800971211921e-01 -7.539151634855529860e-01 -7.537331423998506752e-01
-8.622272167500171225e-01 -7.829102197855299927e-01 -7.411705184973774729e-01 -7.251605577157544946e-01 -7.337690968667502922e-01 -7.472115824635732206e-01 -7.494729168532900943e-01
-6.848144580132113912e-01 -6.778408784792127051e-01 -7.424060935387191140e-01 -7.653166828759885298e-01 -7.566622800922656600e-01 -7.543631031892993333e-01 -7.461883024071556125e-01
-7.282121160209731325e-01 -7.909515876460185835e-01 -7.862212824008614209e-01 -7.514003374705358063e-01 -7.438733024045844910e-01 -7.442803683301227879e-01 -7.519366326391405675e-01
-6.596661162622088348e-01 -7.334096029906504999e-01 -7.620383276929426630e-01 -7.371095528765055915e-01 -7.558320287343813781e-01 -7.501034054246979998e-01 -7.488760720308089702e-01
-7.697397134625766357e-01 -7.438421234917600433e-01 -7.418735989685304455e-01 -7.698963015015635181e-01 -7.515727440161628081e-01 -7.475659483638419367e-01 -7.497083153602491778e-01
-7.529028339836747463e-01 -7.619478394077517924e-01 -7.357254642912220977e-01 -7.425356009105394950e-01 -7.463847024726120161e-01 -7.518078438202835390e-01 -7.479159484925458345e-01
-8.716661107133319986e-01 -7.149147185772120050e-01 -8.165502048406692026e-01 -7.365748255444970471e-01 -7.535401552937697200e-01 -7.536115479335609990e-01 -7.484672423359227666e-01
-9.363708433655300034e-01 -5.984557276070343601e-01 -7.256338790094989388e-01 -7.513061159501767117e-01 -7.504958920654225540e-01 -7.465579530557897581e-01 -7.557130563662568523e-01
-6.498940193908224749e-01 -7.974814014932125605e-01 -7.407353634535065456e-01 -7.365571754060167287e-01 -7.462028994454867892e-01 -7.537827637308714968e-01 -7.490409054228976959e-01
-7.711304361151607445e-01 -8.089185732837422815e-01 -7.067103703314628893e-01 -7.598455531201722124e-01 -7.421689845063068613e-01 -7.502113796316129957e-01 -7.457229386157175899e-01
-8.468261021058902660e-01 -7.380453688479038377e-01 -7.681084022812189049e-01 -7.421984631431984836e-01 -7.438883697201124079e-01 -7.471777491828667239e-01 -7.496228074720074908e-01
-5.945442654363033430e-01 -7.314325196204890522e-01 -7.415964517195158257e-01 -7.802033864594094537e-01 -7.380277616313695166e-01 -7.480755981136948396e-01 -7.485454243231608462e-01
-8.951894485308612426e-01 -7.468107763305253943e-01 -7.440940380504079688e-01 -7.316692418971471046e-01 -7.414844901921169296e-01 -7.444269168952728499e-01 -7.479108282865225554e-01
-6.800641140634335891e-01 -7.466026140753634355e-01 -7.535974623451707766e-01 -7.178096141770877736e-01 -7.494096945010293442e-01 -7.509267726330903781e-01 -7.497183321668192679e-01
-7.780972140054887021e-01 -6.698089845555323940e-01 -7.220736126074909222e-01 -7.366359293613089498e-01 -7.566111364417167362e-01 -7.557301799602795800e-01 -7.472992314600891417e-01
-6.588824859230411057e-01 -6.876167281627695305e-01 -7.437123107829117785e-01 -7.546008019848771120e-01 -7.514853312903482241e-01 -7.446279187124368315e-01 -7.448180335898981763e-01
-6.394544179806249673e-01 -8.147546355679624597e-01 -7.672574887764067597e-01 -7.253603387690197302e-01 -7.482837345770259052e-01 -7.507727004262927384e-01 -7.473050276545525339e-01
-7.475042775476179457e-01 -6.798313115101790594e-01 -7.319579677328784673e-01 -7.386800694514322752e-01 -7.508443387855274764e-01 -7.440643553428916146e-01 -7.492926559090520300e-01
-7.256970422292052803e-01 -7.224535275309978966e-01 -6.796786607438860539e-01 -7.733576773199737353e-01 -7.433056452809041481e-01 -7.555128472160461683e-01 -7.455455376947272006e-01
-8.040692180529734889e-01 -7.084029427332194651e-01 -7.606713629926988851e-01 -7.407682764881510229e-01 -7.706523963585594217e-01 -7.595766637464753668e-01 -7.506961210035265619e-01
-8.712038640658886779e-01 -8.321751890858175571e-01 -7.630357136705555599e-01 -7.195082139565212032e-01 -7.546392562460080278e-01 -7.549558635377717764e-01 -7.511288357626924039e-01
-8.850190632875253316e-01 -7.786255789779529257e-01 -7.919434360575777765e-01 -7.656118801979355792e-01 -7.533816690325256804e-01 -7.432260474246427107e-01 -7.463350165463102925e-01
-8.522831184204778809e-01 -7.869330715485099992e-01 -7.642025487032213515e-01 -7.504014609248066403e-01 -7.616928788640890957e-01 -7.569367444503052322e-01 -7.499877942322343838e-01
-6.318924914954058281e-01 -7.505785913577572854e-01 -7.225320786348763402e-01 -7.334433646514803007e-01 -7.487084044029894692e-01 -7.521984574263476109e-01 -7.460489773325400531e-01
-6.494420880946134567e-01 -7.763206213644022746e-01 -7.434207947126952876e-01 -7.432492294232746488e-01 -7.443002076807634371e-01 -7.492460435709387134e-01 -7.515461404958718727e-01
-7.686617399511505022e-01 -7.462078952422116496e-01 -7.559581998523517976e-01 -7.594027020391524996e-01 -7.517122221188443643e-01 -7.502899429942575527e-01 -7.502367575865483973e-01
-7.180151856378441666e-01 -6.968461109774239937e-01 -7.622410504198678938e-01 -7.617771640109654019e-01 -7.520244245010914153e-01 -7.436611538759385631e-01 -7.521431228557149407e-01
-8.443151854074048002e-01 -7.632751291843461461e-01 -7.384441485190629262e-01 -7.236652073731002499e-01 -7.433126853903151421e-01 -7.474476346469822730e-01 -7.503890526895042878e-01
-8.668374994268507328e-01 -7.909815601973526622e-01 -7.414217626225849678e-01 -7.290778148968746208e-01 -7.532164586322145361e-01 -7.515273547689254041e-01 -7.544743838687988369e-01
-7.853453436302260116e-01 -7.287200478540594162e-01 -7.404820910033680370e-01 -7.446776519935283112e-01 -7.418873397131642289e-01 -7.493895136706035798e-01 -7.485993778871996573e-01
-5.586244884392116417e-01 -7.286597230430723604e-01 -7.712652889768282227e-01 -7.491735953008895610e-01 -7.688678499776340214e-01 -7.556800019815972380e-01 -7.509352831260538430e-01
-7.084938718285633819e-01 -7.819700488061557264e-01 -7.842700916255381793e-01 -7.472051582006997705e-01 -7.502748453286776087e-01 -7.480475329416045316e-01 -7.527128036319372661e-01
-6.345301566761304413e-01 -7.911886550485900393e-01 -7.031983751886511369e-01 -7.344186583490935893e-01 -7.602868676259024738e-01 -7.496631242822099361e-01 -7.488761125989817913e-01
-7.682612121527405691e-01 -7.805692172785066996e-01 -7.185351024684640819e-01 -7.419968616695304942e-01 -7.517977224397520697e-01 -7.435464381734131489e-01 -7.509514687815856959e-01
-8.570202740817288722e-01 -7.789482892267743930e-01 -7.179623525611571466e-01 -7.242738252661810039e-01 -7.620976352950474819e-01 -7.444210035784029067e-01 -7.482400846635155478e-01
-7.484003084266861450e-01 -7.339843297758612550e-01 -7.548687593817072772e-01 -7.680010522811305806e-01 -7.444455540883254674e-01 -7.456258806026965225e-01 -7.489640892887847734e-01
-7.034115695407160418e-01 -7.579537578236086315e-01 -7.089048761046805591e-01 -7.235066937604874848e-01 -7.556100824425562301e-01 -7.529875277464742611e-01 -7.470736419370507253e-01
-7.407793892645144762e-01 -7.358157940568124111e-01 -7.127427501313560176e-01 -7.490590352413107889e-01 -7.448742455459578249e-01 -7.496406767095008528e-01 -7.531494930014177580e-01
-8.292875580422222059e-01 -7.148273422502167129e-01 -8.133191744157506342e-01 -7.496480375057362755e-01 -7.574060893989177368e-01 -7.451169409014668510e-01 -7.491768874986083349e-01
-8.519434168967123799e-01 -7.755866376910098836e-01 -7.303195309140951830e-01 -7.387798827047999950e-01 -7.403740286663067494e-01 -7.517456325880291779e-01 -7.516699506439511458e-01
-6.932909974792798025e-01 -8.565139656000914092e-01 -7.158897300119908547e-01 -7.316559264279665076e-01 -7.428088516612407766e-01 -7.481804375753509095e-01 -7.537639925591707035e-01
-6.726546056624262970e-01 -7.945275990554366841e-01 -7.503076438916171931e-01 -7.660644684897416345e-01 -7.549993154910625837e-01 -7.505046440389420148e-01 -7.467409128401910623e-01
