(-0.7393280742094857+0j)
-6.931628588050521289e-01 -6.523800420509002773e-01 -7.372814862158838523e-01 -7.253623626099443555e-01 -7.408592392391000203e-01 -7.501293886595454818e-01 -7.336877890132981195e-01
-6.700477001593720949e-01 -6.694248358937151533e-01 -7.112813848050510979e-01 -7.270483264878329077e-01 -7.402632138781938265e-01 -7.372354568511522155e-01 -7.322350754678264018e-01
-6.210806689834655892e-01 -7.395563255249988366e-01 -7.293821269836868737e-01 -7.607883800065308177e-01 -7.264963170638650825e-01 -7.410283441477567568e-01 -7.415720571024634333e-01
-7.538570629912533239e-01 -6.119821005075662956e-01 -7.304169735530281482e-01 -7.086218385924522023e-01 -7.199260283039061736e-01 -7.367743959345942617e-01 -7.328218091428306824e-01
-7.028771614986868421e-01 -8.444973684746982512e-01 -7.041652299131297976e-01 -7.332710069709998946e-01 -7.465929232999755083e-01 -7.415496828818632924e-01 -7.378270812176037641e-01
-7.263310088543639687e-01 -7.369349580175079684e-01 -7.426086400820032241e-01 -7.361828852165935855e-01 -7.353455928335906888e-01 -7.429930926787677858e-01 -7.447250797707050118e-01
-7.794585289868823930e-01 -7.115323767138952427e-01 -7.338906534526171699e-01 -7.480755266723393415e-01 -7.490432865441229993e-01 -7.329594074516720958e-01 -7.405685395109184999e-01
-7.740326404778483660e-01 -7.206808100963211228e-01 -6.935524998685610454e-01 -7.423283395894353376e-01 -7.486149011586920032e-01 -7.297608382216818068e-01 -7.389612874443014512e-01
-7.559837073081021597e-01 -6.097595357158992480e-01 -7.323129713578815370e-01 -7.474909774663518469e-01 -7.338404123077606478e-01 -7.383294006814126176e-01 -7.429466373102308063e-01
-7.874664620797419134e-01 -7.352933401390819856e-01 -7.685244912445807763e-01 -7.447364468228898637e-01 -7.187161241771777842e-01 -7.382939932468224331e-01 -7.296626357865911849e-01
-8.308131179450325421e-01 -9.236295203762373562e-01 -6.337109833777569978e-01 -7.331403879564895032e-01 -7.302069362852265932e-01 -7.439179122177372872e-01 -7.432246854456527885e-01
-7.711492221265203728e-01 -7.716910967818394473e-01 -7.069793718345718236e-01 -7.429441823834534997e-01 -7.339780675544664845e-01 -7.363305571473435229e-01 -7.377969395382906193e-01
-6.659797889704262008e-01 -7.755297655957327230e-01 -7.774221315974426672e-01 -7.436217199498982300e-01 -7.447401618852993455e-01 -7.329200256168281191e-01 -7.352756506420564664e-01
-7.476285833761281419e-01 -7.572958663355315867e-01 -7.298411610851786024e-01 -7.764754200453354294e-01 -7.394649354738647151e-01 -7.348481031200524427e-01 -7.432697017175351473e-01
-7.803611279447709714e-01 -6.074926566333276323e-01 -7.787624228605016796e-01 -7.098410155799548260e-01 -7.401381468846325307e-01 -7.407455422502575715e-01 -7.326757424735217405e-01
-6.630606766777211725e-01 -6.139814925091851006e-01 -7.795512518039289240e-01 -7.278792635149655688e-01 -7.451551174516790610e-01 -7.319158471534751298e-01 -7.496070763228674938e-01
-8.307504503511855543e-01 -6.954234528250253788e-01 -7.456931704309115450e-01 -7.405111765189271722e-01 -7.599865184345033775e-01 -7.382877635113140879e-01 -7.433860627514887742e-01
-7.338639942817977158e-01 -8.258937310711474966e-01 -7.388810933573037865e-01 -7.247025311725693308e-01 -7.494018537413280612e-01 -7.373984216033241390e-01 -7.412023851038156419e-01
-6.804260729825007958e-01 -7.742601960272432748e-01 -7.372961966297616465e-01 -7.311413322219797450e-01 -7.346810165545734073e-01 -7.378276338155622671e-01 -7.462079734148077126e-01
-7.406307523889089639e-01 -7.743601515183629047e-01 -7.515993144699153472e-01 -7.555491049860150188e-01 -7.271674898194010472e-01 -7.347126112575228518e-01 -7.410721326525109287e-01
-6.902201012004591796e-01 -7.323287855902860244e-01 -7.534137554313888874e-01 -7.492628054788941228e-01 -7.333651266025188464e-01 -7.363910845702242858e-01 -7.336195813996244652e-01
-6.824308702356028933e-01 -8.981352627070418038e-01 -7.337475373962194514e-01 -7.255168279642616458e-01 -7.541616492341842726e-01 -7.361048982214818404e-01 -7.454101217506553523e-01
-7.183761150790602956e-01 -7.691043799123337132e-01 -7.370380846327275748e-01 -7.642264007686168092e-01 -7.491384323095400255e-01 -7.461235092479332476e-01 -7.419863535197495086e-01
-7.217516925340041745e-01 -7.294401520829065788e-01 -7.962565394217560044e-01 -7.646027495387746065e-01 -7.396358910421743094e-01 -7.435547011116490079e-01 -7.382751500731814520e-01
-6.202499755228659817e-01 -7.111584521661137304e-01 -6.970122835204183298e-01 -7.279310214794274536e-01 -7.328993138779057448e-01 -7.328693427578549802e-01 -7.500096762544239404e-01
-8.285949395224957437e-01 -8.293493908712142870e-01 -7.459133858443771636e-01 -7.369327813003563321e-01 -7.295728438948245742e-01 -7.349649412284857686e-01 -7.376393588533571855e-01
-7.081738014305988260e-01 -6.852061356659759905e-01 -7.350040562040979220e-01 -7.440740391569239387e-01 -7.506658701183441806e-01 -7.452896965380414462e-01 -7.404110502737283328e-01
-7.742977487315708673e-01 -7.582609141531783115e-01 -7.334224312766141063e-01 -7.510198437904473945e-01 -7.466704375504711333e-01 -7.236352824580118970e-01 -7.355132948994889119e-01
-7.023579498081933270e-01 -7.348476159054133650e-01 -7.488560343839836264e-01 -7.314103017617350488e-01 -7.422801344806532198e-01 -7.369145075083232133e-01 -7.418230259440730112e-01
-6.999250368831873015e-01 -7.981749671595453899e-01 -7.430197831105533890e-01 -7.293204540853800433e-01 -7.263439318754699725e-01 -7.492497316487103376e-01 -7.453145307145673248e-01
-6.748480395646072605e-01 -7.201528301604073201e-01 -7.507134178722940643e-01 -7.099304034857882861e-01 -7.359954372103533204e-01 -7.475795282775185013e-01 -7.323894365055305666e-01
-6.163177683255579575e-01 -7.781360077595755875e-01 -7.143862925477262316e-01 -7.653728142694672387e-01 -7.470058428627560643e-01 -7.338852054887399223e-01 -7.439582486722700061e-01
-4.941409119686402951e-01 -6.505168905909778365e-01 -7.509824788766849002e-01 -7.434324888901941986e-01 -7.443795853082895153e-01 -7.440175924838912103e-01 -7.435681483821505733e-01
-7.653511135869113247e-01 -7.728758799939234869e-01 -7.276892959686455109e-01 -7.547165687109729237e-01 -7.470352002814476533e-01 -7.359422918851508122e-01 -7.326479269909408343e-01
-7.115881254160175695e-01 -7.787425204990942040e-01 -6.935535541576546281e-01 -7.265658636895253597e-01 -7.561538234211211407e-01 -7.394671684639990694e-01 -7.405578065818763100e-01
-8.359919420768914256e-01 -6.599413500319284420e-01 -7.384957683635173797e-01 -7.356993728375688102e-01 -7.379632677614813563e-01 -7.388143527400085064e-01 -7.415537182803941807e-01
-6.601433862554804133e-01 -7.268388187715146831e-01 -7.756716173866620156e-01 -7.482127461200112073e-01 -7.390484185799429673e-01 -7.531128677445931840e-01 -7.490204100358222039e-01
-7.527329744359408936e-01 -7.903101826921913320e-01 -7.545327777686683390e-01 -7.158327091494833816e-01 -7.510034662548537021e-01 -7.489718740749511383e-01 -7.356993728619742878e-01
-7.621402813390839581e-01 -7.352642991101795422e-01 -7.409246048101334470e-01 -7.300900521044808578e-01 -7.444994697284879059e-01 -7.342838825158213290e-01 -7.323403058015311995e-01
-6.682953771881827709e-01 -7.362225729237552585e-01 -7.598756109688875604e-01 -7.478164212934407251e-01 -7.619827881456791019e-01 -7.364922073752140363e-01 -7.403285736382463345e-01
-6.860794704153754253e-01 -7.190807933493248427e-01 -7.737200784442584967e-01 -7.376548573490286920e-01 -7.305595630972024912e-01 -7.349755779432722846e-01 -7.437139866908240027e-01
-7.273954618518277959e-01 -7.656864079034100268e-01 -7.433530823780714059e-01 -7.386054243188160395e-01 -7.390063616776973987e-01 -7.457592601784334141e-01 -7.453018095800840737e-01
-6.013888090937973274e-01 -7.133414761408553018e-01 -7.821484636539297597e-01 -7.188820076400069814e-01 -7.444794407383434898e-01 -7.294632531193268044e-01 -7.369489449027898376e-01
-6.577263519984479778e-01 -7.881589761124342397e-01 -7.340232953594936216e-01 -7.296224458622230236e-01 -7.325338654702806540e-01 -7.287500957178505434e-01 -7.507020694303139230e-01
-8.113871840147188763e-01 -7.920262983594114070e-01 -7.875077194651596280e-01 -7.621638311450982251e-01 -7.450157645803914264e-01 -7.356264099014804270e-01 -7.333761180659605916e-01
-6.058384435695699510e-01 -6.749976948155523848e-01 -7.795724474775821422e-01 -7.298114516045088873e-01 -7.277097303795899697e-01 -7.392589907146029926e-01 -7.457071130091413869e-01
-7.507546084268595932e-01 -6.772833909280261411e-01 -7.576803935468157114e-01 -7.425434646800922467e-01 -7.411958932820947865e-01 -7.339202605746693031e-01 -7.399926477325611263e-01
-7.038685268473940937e-01 -7.693481376934349081e-01 -7.252530451145664525e-01 -7.476697660437165993e-01 -7.538961978820253318e-01 -7.410557489209543824e-01 -7.380578623811034911e-01
-5.810223805521287366e-01 -7.863830881895266245e-01 -6.879086099740092664e-01 -6.978168689784238765e-01 -7.215564085784423876e-01 -7.429256248745139679e-01 -7.500744795209315363e-01
-7.514601028457452703e-01 -6.239903931400356818e-01 -7.280376397158772050e-01 -7.682224378746322913e-01 -7.512655919966414464e-01 -7.392170421033245065e-01 -7.347882098366973480e-01
