(-0.7393280742094857+0j)
-6.457266943532482539e-01 -8.363069238753896295e-01 -7.444043336961549961e-01 -6.932658260871215061e-01 -7.222301717419135070e-01 -7.439690811633430378e-01 -7.446828242712981716e-01
-8.764563940878995485e-01 -4.969263737909017653e-01 -7.476659215711548567e-01 -7.268498139173037442e-01 -7.476695817058212068e-01 -7.331020137148482885e-01 -7.426861452245301365e-01
-5.095861134510910606e-01 -5.908745184540939999e-01 -6.363613945148941520e-01 -7.185171059612986966e-01 -7.270765472188285283e-01 -7.622298246186789417e-01 -7.455233296685310762e-01
-5.943071782958677662e-01 -6.703402333993744300e-01 -7.182093429163189935e-01 -7.856467369147331903e-01 -7.599740166871226110e-01 -7.307306962205182277e-01 -7.411651279829696293e-01
-3.978849559531364433e-01 -5.427765738891001668e-01 -7.403008104745252282e-01 -7.503848530998274979e-01 -7.491652447147645333e-01 -7.435630644210636797e-01 -7.387494446620451738e-01
-4.755294770679049376e-01 -7.106267567231164817e-01 -8.147857833448681752e-01 -7.201244801615727109e-01 -7.671610120293048674e-01 -7.420709604307598184e-01 -7.404528617501975329e-01
-3.717136555986376711e-01 -7.779382907943078740e-01 -7.215341213996847580e-01 -7.471744095446690714e-01 -7.341773701010738673e-01 -7.385333122604729184e-01 -7.284858674143477320e-01
-4.921020352548133303e-01 -7.001430700469007951e-01 -7.568038622409996030e-01 -7.660578719073193321e-01 -7.163920011430915391e-01 -7.313499321544696397e-01 -7.356555878862318654e-01
-5.761991371189504330e-01 -5.457478793561731933e-01 -7.577856559814923898e-01 -7.455946134333930608e-01 -7.296367218883772487e-01 -7.354829009140246843e-01 -7.289845055313035616e-01
-5.048745648620542870e-01 -8.351900915161100114e-01 -7.294733260781343098e-01 -7.314840165092721946e-01 -7.245960360599688066e-01 -7.285295433943648202e-01 -7.397210850922995018e-01
-5.627811299312159843e-01 -5.983936737571527997e-01 -7.561490992593090654e-01 -6.968163503066407971e-01 -7.596167681010640438e-01 -7.233449326941276958e-01 -7.489942241670715095e-01
-6.280645945668001939e-01 -6.357501084856194140e-01 -6.760303998807966064e-01 -7.647408405913864726e-01 -7.430914433927640061e-01 -7.414052852750830924e-01 -7.404419709505336566e-01
-4.630407942158804024e-01 -5.002740660823441488e-01 -6.970431703348826113e-01 -7.101424219263947624e-01 -7.243894536262880379e-01 -7.479916556776160519e-01 -7.366995409471349676e-01
-4.810955995644521921e-01 -5.851155241662574502e-01 -7.428373453939949300e-01 -6.738034580782011895e-01 -7.364109752767193928e-01 -7.453180961658537607e-01 -7.478530843257806815e-01
-3.345045214125498267e-01 -7.175547125237833335e-01 -6.618359218781522113e-01 -8.050052796714375347e-01 -7.517635506251050259e-01 -7.408543149308879361e-01 -7.383309051917134047e-01
-5.234821422176791916e-01 -7.512464890380685656e-01 -7.588960340056191134e-01 -7.538913026535418727e-01 -7.467615380289764904e-01 -7.413110993002229865e-01 -7.309485730405522741e-01
-4.812421179880614908e-01 -6.937188369774468510e-01 -6.679497715671285363e-01 -7.199869890743737511e-01 -7.101229528209300756e-01 -7.352925920087820533e-01 -7.435799551720009282e-01
-2.364559665572133484e-01 -6.112934796082052369e-01 -7.778506818900315922e-01 -7.244499747997799055e-01 -7.252149819604154501e-01 -7.353408662144403918e-01 -7.399292125878883519e-01
-8.039820675827977770e-01 -6.829625596058035431e-01 -7.933800525174485863e-01 -7.500054194467240531e-01 -7.809727985646068849e-01 -7.331193282280082935e-01 -7.359148386339917636e-01
-3.800502149808660524e-01 -7.310224056290279826e-01 -7.289155061277681202e-01 -7.372252560427533519e-01 -7.244703498606928083e-01 -7.382754928465025124e-01 -7.359369856621287287e-01
-4.458622112752861355e-01 -6.882585853153833089e-01 -7.271019430218566004e-01 -7.707139189248441991e-01 -7.327905734763396906e-01 -7.482287961278453192e-01 -7.421263755099354320e-01
-3.239874774646257505e-01 -6.872136796371686174e-01 -6.906589929638917713e-01 -7.349851676037766346e-01 -7.386190494959072872e-01 -7.336868661712379058e-01 -7.357172224317184428e-01
-5.697661595130188994e-01 -5.292800916714389681e-01 -7.477157030581398356e-01 -7.628998913216213928e-01 -7.492593377401666199e-01 -7.399074885151175618e-01 -7.349635042031787968e-01
-6.758034761166014093e-01 -6.820895334680796562e-01 -6.096286474491739993e-01 -7.180296900246277980e-01 -7.392646483087212950e-01 -7.396318837134032709e-01 -7.400676017356719871e-01
-6.105200114810171996e-01 -6.198585432642662596e-01 -7.111392104924232349e-01 -7.554285320975465678e-01 -7.548992290832493568e-01 -7.412573500399772808e-01 -7.427233442648056849e-01
-5.672115059427502715e-01 -7.561204807515495840e-01 -7.085089581537633574e-01 -7.498209477861910166e-01 -7.480214945946356275e-01 -7.409509786669660203e-01 -7.432074771381860234e-01
-5.176117110381672770e-01 -7.030906757324379974e-01 -7.174000235740847220e-01 -7.957067566689861593e-01 -7.564123623527387874e-01 -7.340685793508233692e-01 -7.356894102910065403e-01
-4.770008396770765158e-01 -7.209779200111430253e-01 -6.938647007441821613e-01 -7.023141827386045755e-01 -7.322433121094117370e-01 -7.294741322690315721e-01 -7.302404858418071187e-01
-4.408809886732141803e-01 -7.253418437039846900e-01 -7.189387441473644724e-01 -7.022523524836881137e-01 -7.360538387570038088e-01 -7.209417722735753653e-01 -7.454993174180123416e-01
-5.996111451618219013e-01 -5.897264566870671354e-01 -7.184506256959793946e-01 -7.642327425890488302e-01 -7.376788211072802248e-01 -7.375455944489812676e-01 -7.325488794905411494e-01
-3.557678105836600269e-01 -7.497814677267389261e-01 -7.440320206669780445e-01 -7.581920845175544876e-01 -7.580168726265339441e-01 -7.275743543830979210e-01 -7.401849296870746109e-01
-7.000347728565464722e-01 -4.352434059370812180e-01 -7.554332967981203240e-01 -7.465978630764873447e-01 -7.300860576709200522e-01 -7.452530341585943408e-01 -7.389674773296350807e-01
-8.075131350460639235e-01 -6.373567516545257661e-01 -7.063136903850695258e-01 -8.266364521788539532e-01 -7.328538660806329652e-01 -7.403818204327081709e-01 -7.439231314685721408e-01
-5.796335461622257323e-01 -6.872351926241303532e-01 -7.473064684393232460e-01 -6.732897312221983732e-01 -7.396047736933061278e-01 -7.311693347823673417e-01 -7.356780131007352175e-01
-7.035216245953033187e-01 -6.270005791372239567e-01 -6.758846691830621145e-01 -7.123938028160725633e-01 -7.669177036261293212e-01 -7.499503901336790346e-01 -7.382123976853627312e-01
-3.093848116187005726e-01 -7.681873334639101047e-01 -7.324970360717713014e-01 -7.942304063977010387e-01 -7.289429680920689325e-01 -7.284978989235325608e-01 -7.326089692194885927e-01
-5.635348629669565401e-01 -5.864854751472936556e-01 -7.266957554777080386e-01 -7.870740281799829541e-01 -7.081869397234520358e-01 -7.391036394465626547e-01 -7.379760482847141922e-01
-3.104950659057312268e-01 -7.261991162639097608e-01 -7.021490907883790600e-01 -7.825184378079567127e-01 -7.275889606694099232e-01 -7.439584483111741919e-01 -7.354394219892423923e-01
-6.407618183276961865e-01 -7.089250990909559125e-01 -5.664637300010513243e-01 -7.658341304441453889e-01 -7.552666508719589888e-01 -7.541885926501186166e-01 -7.331557524533781622e-01
-3.071403293443270011e-01 -6.761781395437445052e-01 -7.399201763947221844e-01 -7.364841717685082223e-01 -7.311475861350731353e-01 -7.378399642165228700e-01 -7.392355280010667329e-01
-4.807682414296329254e-01 -6.652494569218890819e-01 -6.486634981267102029e-01 -7.418656667883867240e-01 -7.403008685633296615e-01 -7.462293763838470095e-01 -7.421462032968183520e-01
-3.765662075223235039e-01 -7.885247110034402374e-01 -7.102851655878303916e-01 -7.545379392625707338e-01 -7.405152362983435932e-01 -7.346121195669004234e-01 -7.423376739982112671e-01
-4.298315574612260326e-01 -4.408569722917123346e-01 -7.242048245441372600e-01 -7.261226506729203667e-01 -7.389277811647361194e-01 -7.334052474643377728e-01 -7.418571149936342701e-01
-3.375264589627531842e-01 -5.277386593278408089e-01 -6.952501860706032932e-01 -7.200718670157206791e-01 -7.609844726076502308e-01 -7.487387048720777205e-01 -7.411587795482035279e-01
-6.128770697049541472e-01 -6.913255259477993908e-01 -6.888320146918875952e-01 -8.167148505405826819e-01 -6.837998341627349319e-01 -7.386548005643325254e-01 -7.343125509120617123e-01
-7.234861057373562776e-01 -7.364394744606566068e-01 -7.580722872516099109e-01 -7.630837643766466005e-01 -7.096042059583931305e-01 -7.269134130804790761e-01 -7.351628313375991874e-01
-2.571125906997309141e-01 -7.678224847096669636e-01 -7.030292347089209803e-01 -8.285537149586401640e-01 -7.595569416311831468e-01 -7.403187024759703139e-01 -7.383247472174132575e-01
-7.245657874301328905e-01 -5.740244708445934041e-01 -5.914717173334360645e-01 -7.396143375071017045e-01 -7.458578323285194323e-01 -7.455299500984033934e-01 -7.400741661273197991e-01
-6.719360813411788813e-01 -7.152631265026654361e-01 -7.574318465142830803e-01 -7.108157533388599347e-01 -7.541048855266483386e-01 -7.360089144634271996e-01 -7.379972457744129466e-01
-4.632310691604863973e-01 -7.439422549533475371e-01 -7.758032228434444955e-01 -7.106359571819029775e-01 -7.036340061201393770e-01 -7.451304315420709257e-01 -7.358181178075360318e-01
