(-0.7402797558454873+0j)
-7.402797558454876636e-01 -7.402797558454875526e-01 -7.402797558454875526e-01 -7.402797558454875526e-01 -7.402797558454875526e-01 -7.402797558454874416e-01 -7.402797558454875526e-01
-7.402797558454876636e-01 -7.402797558454876636e-01 -7.402797558454875526e-01 -7.402797558454876636e-01 -7.402797558454876636e-01 -7.402797558454876636e-01 -7.402797558454875526e-01
-7.402797558454876636e-01 -7.402797558454876636e-01 -7.402797558454875526e-01 -7.402797558454875526e-01 -7.402797558454875526e-01 -7.402797558454876636e-01 -7.402797558454876636e-01
-7.402797558454876636e-01 -7.402797558454875526e-01 -7.402797558454875526e-01 -7.402797558454876636e-01 -7.402797558454875526e-01 -7.402797558454875526e-01 -7.402797558454875526e-01
-7.402797558454876636e-01 -7.402797558454875526e-01 -7.402797558454874416e-01 -7.402797558454875526e-01 -7.402797558454876636e-01 -7.402797558454876636e-01 -7.402797558454876636e-01
-7.402797558454876636e-01 -7.402797558454876636e-01 -7.402797558454875526e-01 -7.402797558454875526e-01 -7.402797558454875526e-01 -7.402797558454876636e-01 -7.402797558454876636e-01
-7.402797558454875526e-01 -7.402797558454875526e-01 -7.402797558454875526e-01 -7.402797558454875526e-01 -7.402797558454875526e-01 -7.402797558454875526e-01 -7.402797558454875526e-01
-7.402797558454875526e-01 -7.402797558454875526e-01 -7.402797558454876636e-01 -7.402797558454875526e-01 -7.402797558454876636e-01 -7.402797558454876636e-01 -7.402797558454875526e-01
-7.402797558454875526e-01 -7.402797558454875526e-01 -7.402797558454875526e-01 -7.402797558454875526e-01 -7.402797558454875526e-01 -7.402797558454874416e-01 -7.402797558454875526e-01
-7.402797558454876636e-01 -7.402797558454875526e-01 -7.402797558454875526e-01 -7.402797558454875526e-01 -7.402797558454875526e-01 -7.402797558454876636e-01 -7.402797558454876636e-01
-7.402797558454875526e-01 -7.402797558454875526e-01 -7.402797558454876636e-01 -7.402797558454876636e-01 -7.402797558454876636e-01 -7.402797558454875526e-01 -7.402797558454876636e-01
-7.402797558454876636e-01 -7.402797558454876636e-01 -7.402797558454875526e-01 -7.402797558454875526e-01 -7.402797558454876636e-01 -7.402797558454876636e-01 -7.402797558454875526e-01
-7.402797558454875526e-01 -7.402797558454876636e-01 -7.402797558454876636e-01 -7.402797558454876636e-01 -7.402797558454875526e-01 -7.402797558454875526e-01 -7.402797558454874416e-01
-7.402797558454876636e-01 -7.402797558454876636e-01 -7.402797558454875526e-01 -7.402797558454876636e-01 -7.402797558454875526e-01 -7.402797558454876636e-01 -7.402797558454875526e-01
-7.402797558454875526e-01 -7.402797558454876636e-01 -7.402797558454876636e-01 -7.402797558454875526e-01 -7.402797558454876636e-01 -7.402797558454876636e-01 -7.402797558454875526e-01
-7.402797558454876636e-01 -7.402797558454875526e-01 -7.402797558454875526e-01 -7.402797558454875526e-01 -7.402797558454876636e-01 -7.402797558454876636e-01 -7.402797558454875526e-01
-7.402797558454875526e-01 -7.402797558454875526e-01 -7.402797558454876636e-01 -7.402797558454876636e-01 -7.402797558454875526e-01 -7.402797558454875526e-01 -7.402797558454875526e-01
-7.402797558454876636e-01 -7.402797558454876636e-01 -7.402797558454876636e-01 -7.402797558454875526e-01 -7.402797558454874416e-01 -7.402797558454875526e-01 -7.402797558454875526e-01
-7.402797558454875526e-01 -7.402797558454875526e-01 -7.402797558454875526e-01 -7.402797558454875526e-01 -7.402797558454875526e-01 -7.402797558454876636e-01 -7.402797558454875526e-01
-7.402797558454875526e-01 -7.402797558454876636e-01 -7.402797558454876636e-01 -7.402797558454876636e-01 -7.402797558454875526e-01 -7.402797558454876636e-01 -7.402797558454875526e-01
-7.402797558454876636e-01 -7.402797558454876636e-01 -7.402797558454875526e-01 -7.402797558454875526e-01 -7.402797558454874416e-01 -7.402797558454876636e-01 -7.402797558454876636e-01
-7.402797558454875526e-01 -7.402797558454875526e-01 -7.402797558454875526e-01 -7.402797558454875526e-01 -7.402797558454875526e-01 -7.402797558454876636e-01 -7.402797558454875526e-01
-7.402797558454875526e-01 -7.402797558454876636e-01 -7.402797558454875526e-01 -7.402797558454875526e-01 -7.402797558454875526e-01 -7.402797558454875526e-01 -7.402797558454875526e-01
-7.402797558454874416e-01 -7.402797558454875526e-01 -7.402797558454875526e-01 -7.402797558454876636e-01 -7.402797558454876636e-01 -7.402797558454875526e-01 -7.402797558454875526e-01
-7.402797558454875526e-01 -7.402797558454876636e-01 -7.402797558454875526e-01 -7.402797558454876636e-01 -7.402797558454875526e-01 -7.402797558454875526e-01 -7.402797558454875526e-01
-7.402797558454875526e-01 -7.402797558454875526e-01 -7.402797558454875526e-01 -7.402797558454875526e-01 -7.402797558454875526e-01 -7.402797558454876636e-01 -7.402797558454876636e-01
-7.402797558454875526e-01 -7.402797558454875526e-01 -7.402797558454875526e-01 -7.402797558454874416e-01 -7.402797558454875526e-01 -7.402797558454876636e-01 -7.402797558454876636e-01
-7.402797558454876636e-01 -7.402797558454875526e-01 -7.402797558454875526e-01 -7.402797558454875526e-01 -7.402797558454876636e-01 -7.402797558454876636e-01 -7.402797558454875526e-01
-7.402797558454875526e-01 -7.402797558454875526e-01 -7.402797558454875526e-01 -7.402797558454876636e-01 -7.402797558454876636e-01 -7.402797558454875526e-01 -7.402797558454875526e-01
-7.402797558454876636e-01 -7.402797558454875526e-01 -7.402797558454876636e-01 -7.402797558454875526e-01 -7.402797558454875526e-01 -7.402797558454875526e-01 -7.402797558454875526e-01
-7.402797558454875526e-01 -7.402797558454875526e-01 -7.402797558454875526e-01 -7.402797558454875526e-01 -7.402797558454874416e-01 -7.402797558454875526e-01 -7.402797558454876636e-01
-7.402797558454875526e-01 -7.402797558454875526e-01 -7.402797558454875526e-01 -7.402797558454875526e-01 -7.402797558454876636e-01 -7.402797558454875526e-01 -7.402797558454875526e-01
-7.402797558454876636e-01 -7.402797558454876636e-01 -7.402797558454875526e-01 -7.402797558454874416e-01 -7.402797558454875526e-01 -7.402797558454875526e-01 -7.402797558454875526e-01
-7.402797558454876636e-01 -7.402797558454876636e-01 -7.402797558454874416e-01 -7.402797558454875526e-01 -7.402797558454876636e-01 -7.402797558454875526e-01 -7.402797558454876636e-01
-7.402797558454876636e-01 -7.402797558454876636e-01 -7.402797558454876636e-01 -7.402797558454875526e-01 -7.402797558454876636e-01 -7.402797558454875526e-01 -7.402797558454876636e-01
-7.402797558454875526e-01 -7.402797558454874416e-01 -7.402797558454875526e-01 -7.402797558454875526e-01 -7.402797558454875526e-01 -7.402797558454876636e-01 -7.402797558454875526e-01
-7.402797558454875526e-01 -7.402797558454875526e-01 -7.402797558454876636e-01 -7.402797558454875526e-01 -7.402797558454874416e-01 -7.402797558454875526e-01 -7.402797558454874416e-01
-7.402797558454875526e-01 -7.402797558454876636e-01 -7.402797558454875526e-01 -7.402797558454876636e-01 -7.402797558454876636e-01 -7.402797558454875526e-01 -7.402797558454875526e-01
-7.402797558454875526e-01 -7.402797558454876636e-01 -7.402797558454875526e-01 -7.402797558454876636e-01 -7.402797558454875526e-01 -7.402797558454876636e-01 -7.402797558454875526e-01
-7.402797558454876636e-01 -7.402797558454875526e-01 -7.402797558454875526e-01 -7.402797558454875526e-01 -7.402797558454876636e-01 -7.402797558454876636e-01 -7.402797558454876636e-01
-7.402797558454875526e-01 -7.402797558454875526e-01 -7.402797558454876636e-01 -7.402797558454875526e-01 -7.402797558454875526e-01 -7.402797558454875526e-01 -7.402797558454875526e-01
-7.402797558454876636e-01 -7.402797558454875526e-01 -7.402797558454875526e-01 -7.402797558454875526e-01 -7.402797558454876636e-01 -7.402797558454875526e-01 -7.402797558454876636e-01
-7.402797558454875526e-01 -7.402797558454875526e-01 -7.402797558454875526e-01 -7.402797558454876636e-01 -7.402797558454875526e-01 -7.402797558454875526e-01 -7.402797558454875526e-01
-7.402797558454875526e-01 -7.402797558454876636e-01 -7.402797558454876636e-01 -7.402797558454875526e-01 -7.402797558454876636e-01 -7.402797558454875526e-01 -7.402797558454874416e-01
-7.402797558454876636e-01 -7.402797558454876636e-01 -7.402797558454875526e-01 -7.402797558454876636e-01 -7.402797558454876636e-01 -7.402797558454875526e-01 -7.402797558454876636e-01
-7.402797558454874416e-01 -7.402797558454876636e-01 -7.402797558454876636e-01 -7.402797558454875526e-01 -7.402797558454876636e-01 -7.402797558454875526e-01 -7.402797558454875526e-01
-7.402797558454875526e-01 -7.402797558454876636e-01 -7.402797558454874416e-01 -7.402797558454875526e-01 -7.402797558454876636e-01 -7.402797558454875526e-01 -7.402797558454876636e-01
-7.402797558454876636e-01 -7.402797558454876636e-01 -7.402797558454876636e-01 -7.402797558454875526e-01 -7.402797558454874416e-01 -7.402797558454875526e-01 -7.402797558454874416e-01
-7.402797558454875526e-01 -7.402797558454875526e-01 -7.402797558454876636e-01 -7.402797558454875526e-01 -7.402797558454874416e-01 -7.402797558454876636e-01 -7.402797558454875526e-01
-7.402797558454874416e-01 -7.402797558454876636e-01 -7.402797558454876636e-01 -7.402797558454875526e-01 -7.402797558454875526e-01 -7.402797558454875526e-01 -7.402797558454876636e-01
-7.402797558454876636e-01 -7.402797558454875526e-01 -7.402797558454876636e-01 -7.402797558454875526e-01 -7.402797558454875526e-01 -7.402797558454874416e-01 -7.402797558454875526e-01
-7.402797558454876636e-01 -7.402797558454875526e-01 -7.402797558454876636e-01 -7.402797558454874416e-01 -7.402797558454874416e-01 -7.402797558454875526e-01 -7.402797558454875526e-01
-7.402797558454876636e-01 -7.402797558454875526e-01 -7.402797558454875526e-01 -7.402797558454875526e-01 -7.402797558454876636e-01 -7.402797558454874416e-01 -7.402797558454876636e-01
-7.402797558454876636e-01 -7.402797558454876636e-01 -7.402797558454875526e-01 -7.402797558454876636e-01 -7.402797558454875526e-01 -7.402797558454875526e-01 -7.402797558454875526e-01
-7.402797558454876636e-01 -7.402797558454875526e-01 -7.402797558454875526e-01 -7.402797558454875526e-01 -7.402797558454875526e-01 -7.402797558454876636e-01 -7.402797558454875526e-01
-7.402797558454876636e-01 -7.402797558454875526e-01 -7.402797558454875526e-01 -7.402797558454876636e-01 -7.402797558454875526e-01 -7.402797558454875526e-01 -7.402797558454875526e-01
-7.402797558454874416e-01 -7.402797558454875526e-01 -7.402797558454875526e-01 -7.402797558454875526e-01 -7.402797558454875526e-01 -7.402797558454875526e-01 -7.402797558454875526e-01
-7.402797558454876636e-01 -7.402797558454875526e-01 -7.402797558454875526e-01 -7.402797558454876636e-01 -7.402797558454875526e-01 -7.402797558454875526e-01 -7.402797558454876636e-01
-7.402797558454874416e-01 -7.402797558454876636e-01 -7.402797558454876636e-01 -7.402797558454875526e-01 -7.402797558454875526e-01 -7.402797558454875526e-01 -7.402797558454875526e-01
-7.402797558454875526e-01 -7.402797558454876636e-01 -7.402797558454876636e-01 -7.402797558454876636e-01 -7.402797558454875526e-01 -7.402797558454875526e-01 -7.402797558454875526e-01
-7.402797558454875526e-01 -7.402797558454876636e-01 -7.402797558454876636e-01 -7.402797558454875526e-01 -7.402797558454875526e-01 -7.402797558454875526e-01 -7.402797558454876636e-01
-7.402797558454876636e-01 -7.402797558454875526e-01 -7.402797558454876636e-01 -7.402797558454875526e-01 -7.402797558454875526e-01 -7.402797558454876636e-01 -7.402797558454875526e-01
-7.402797558454876636e-01 -7.402797558454876636e-01 -7.402797558454875526e-01 -7.402797558454875526e-01 -7.402797558454875526e-01 -7.402797558454875526e-01 -7.402797558454876636e-01
-7.402797558454876636e-01 -7.402797558454875526e-01 -7.402797558454876636e-01 -7.402797558454876636e-01 -7.402797558454876636e-01 -7.402797558454874416e-01 -7.402797558454874416e-01
-7.402797558454876636e-01 -7.402797558454875526e-01 -7.402797558454874416e-01 -7.402797558454874416e-01 -7.402797558454875526e-01 -7.402797558454876636e-01 -7.402797558454875526e-01
-7.402797558454876636e-01 -7.402797558454875526e-01 -7.402797558454874416e-01 -7.402797558454874416e-01 -7.402797558454875526e-01 -7.402797558454874416e-01 -7.402797558454875526e-01
-7.402797558454876636e-01 -7.402797558454875526e-01 -7.402797558454876636e-01 -7.402797558454876636e-01 -7.402797558454875526e-01 -7.402797558454874416e-01 -7.402797558454874416e-01
-7.402797558454875526e-01 -7.402797558454876636e-01 -7.402797558454875526e-01 -7.402797558454875526e-01 -7.402797558454876636e-01 -7.402797558454875526e-01 -7.402797558454876636e-01
-7.402797558454875526e-01 -7.402797558454874416e-01 -7.402797558454875526e-01 -7.402797558454874416e-01 -7.402797558454876636e-01 -7.402797558454875526e-01 -7.402797558454875526e-01
-7.402797558454876636e-01 -7.402797558454876636e-01 -7.402797558454875526e-01 -7.402797558454875526e-01 -7.402797558454875526e-01 -7.402797558454874416e-01 -7.402797558454875526e-01
-7.402797558454875526e-01 -7.402797558454875526e-01 -7.402797558454876636e-01 -7.402797558454875526e-01 -7.402797558454875526e-01 -7.402797558454875526e-01 -7.402797558454876636e-01
-7.402797558454876636e-01 -7.402797558454875526e-01 -7.402797558454875526e-01 -7.402797558454875526e-01 -7.402797558454876636e-01 -7.402797558454875526e-01 -7.402797558454875526e-01
-7.402797558454875526e-01 -7.402797558454875526e-01 -7.402797558454875526e-01 -7.402797558454874416e-01 -7.402797558454875526e-01 -7.402797558454875526e-01 -7.402797558454875526e-01
-7.402797558454876636e-01 -7.402797558454876636e-01 -7.402797558454876636e-01 -7.402797558454875526e-01 -7.402797558454874416e-01 -7.402797558454876636e-01 -7.402797558454875526e-01
-7.402797558454876636e-01 -7.402797558454875526e-01 -7.402797558454875526e-01 -7.402797558454875526e-01 -7.402797558454876636e-01 -7.402797558454876636e-01 -7.402797558454875526e-01
-7.402797558454876636e-01 -7.402797558454875526e-01 -7.402797558454876636e-01 -7.402797558454875526e-01 -7.402797558454876636e-01 -7.402797558454876636e-01 -7.402797558454876636e-01
-7.402797558454875526e-01 -7.402797558454876636e-01 -7.402797558454875526e-01 -7.402797558454875526e-01 -7.402797558454875526e-01 -7.402797558454875526e-01 -7.402797558454875526e-01
-7.402797558454876636e-01 -7.402797558454874416e-01 -7.402797558454875526e-01 -7.402797558454875526e-01 -7.402797558454875526e-01 -7.402797558454875526e-01 -7.402797558454876636e-01
-7.402797558454876636e-01 -7.402797558454876636e-01 -7.402797558454875526e-01 -7.402797558454876636e-01 -7.402797558454875526e-01 -7.402797558454875526e-01 -7.402797558454876636e-01
-7.402797558454876636e-01 -7.402797558454876636e-01 -7.402797558454875526e-01 -7.402797558454876636e-01 -7.402797558454876636e-01 -7.402797558454876636e-01 -7.402797558454875526e-01
-7.402797558454876636e-01 -7.402797558454875526e-01 -7.402797558454875526e-01 -7.402797558454875526e-01 -7.402797558454875526e-01 -7.402797558454876636e-01 -7.402797558454876636e-01
-7.402797558454875526e-01 -7.402797558454875526e-01 -7.402797558454876636e-01 -7.402797558454875526e-01 -7.402797558454876636e-01 -7.402797558454875526e-01 -7.402797558454874416e-01
-7.402797558454875526e-01 -7.402797558454876636e-01 -7.402797558454876636e-01 -7.402797558454876636e-01 -7.402797558454876636e-01 -7.402797558454876636e-01 -7.402797558454874416e-01
-7.402797558454876636e-01 -7.402797558454877747e-01 -7.402797558454875526e-01 -7.402797558454875526e-01 -7.402797558454876636e-01 -7.402797558454875526e-01 -7.402797558454875526e-01
-7.402797558454875526e-01 -7.402797558454875526e-01 -7.402797558454876636e-01 -7.402797558454875526e-01 -7.402797558454875526e-01 -7.402797558454875526e-01 -7.402797558454876636e-01
-7.402797558454874416e-01 -7.402797558454876636e-01 -7.402797558454874416e-01 -7.402797558454874416e-01 -7.402797558454875526e-01 -7.402797558454874416e-01 -7.402797558454875526e-01
-7.402797558454876636e-01 -7.402797558454876636e-01 -7.402797558454876636e-01 -7.402797558454876636e-01 -7.402797558454875526e-01 -7.402797558454875526e-01 -7.402797558454875526e-01
-7.402797558454876636e-01 -7.402797558454875526e-01 -7.402797558454874416e-01 -7.402797558454876636e-01 -7.402797558454875526e-01 -7.402797558454875526e-01 -7.402797558454874416e-01
-7.402797558454875526e-01 -7.402797558454876636e-01 -7.402797558454875526e-01 -7.402797558454874416e-01 -7.402797558454874416e-01 -7.402797558454876636e-01 -7.402797558454875526e-01
-7.402797558454876636e-01 -7.402797558454876636e-01 -7.402797558454874416e-01 -7.402797558454875526e-01 -7.402797558454876636e-01 -7.402797558454875526e-01 -7.402797558454874416e-01
-7.402797558454875526e-01 -7.402797558454875526e-01 -7.402797558454875526e-01 -7.402797558454876636e-01 -7.402797558454876636e-01 -7.402797558454876636e-01 -7.402797558454874416e-01
-7.402797558454876636e-01 -7.402797558454876636e-01 -7.402797558454875526e-01 -7.402797558454874416e-01 -7.402797558454874416e-01 -7.402797558454875526e-01 -7.402797558454874416e-01
-7.402797558454874416e-01 -7.402797558454875526e-01 -7.402797558454875526e-01 -7.402797558454875526e-01 -7.402797558454874416e-01 -7.402797558454875526e-01 -7.402797558454876636e-01
-7.402797558454876636e-01 -7.402797558454875526e-01 -7.402797558454876636e-01 -7.402797558454875526e-01 -7.402797558454875526e-01 -7.402797558454875526e-01 -7.402797558454875526e-01
-7.402797558454875526e-01 -7.402797558454876636e-01 -7.402797558454875526e-01 -7.402797558454875526e-01 -7.402797558454876636e-01 -7.402797558454875526e-01 -7.402797558454875526e-01
-7.402797558454874416e-01 -7.402797558454876636e-01 -7.402797558454875526e-01 -7.402797558454876636e-01 -7.402797558454876636e-01 -7.402797558454875526e-01 -7.402797558454875526e-01
-7.402797558454876636e-01 -7.402797558454876636e-01 -7.402797558454875526e-01 -7.402797558454875526e-01 -7.402797558454876636e-01 -7.402797558454876636e-01 -7.402797558454874416e-01
-7.402797558454875526e-01 -7.402797558454875526e-01 -7.402797558454875526e-01 -7.402797558454875526e-01 -7.402797558454874416e-01 -7.402797558454875526e-01 -7.402797558454875526e-01
-7.402797558454876636e-01 -7.402797558454875526e-01 -7.402797558454875526e-01 -7.402797558454875526e-01 -7.402797558454875526e-01 -7.402797558454875526e-01 -7.402797558454874416e-01
-7.402797558454875526e-01 -7.402797558454875526e-01 -7.402797558454876636e-01 -7.402797558454875526e-01 -7.402797558454875526e-01 -7.402797558454875526e-01 -7.402797558454875526e-01
