(-0.7402797558454873+0j)
-6.482799623039805503e-01 -5.851248577255767636e-01 -7.259425874166389736e-01 -7.670050076222509894e-01 -7.281060859070288549e-01 -7.385448356434998196e-01 -7.485321267568533221e-01
-7.714455471097342310e-01 -7.173576995362863640e-01 -7.170329741601502160e-01 -7.437049836656545176e-01 -7.346081607734392671e-01 -7.524235190003170093e-01 -7.360343688162024334e-01
-7.599261624804592996e-01 -7.510511796387948635e-01 -6.495277272266481994e-01 -7.230994848212176640e-01 -7.459815914979708307e-01 -7.475216945041253114e-01 -7.549402580932663698e-01
-7.649648988082448087e-01 -7.397846930021124701e-01 -7.215583698238826615e-01 -7.376182981191788945e-01 -7.449590429295874783e-01 -7.368574901795492682e-01 -7.332345434561157171e-01
-7.557270342080601999e-01 -7.551714617677852681e-01 -8.007661110147864525e-01 -7.390805861760101347e-01 -7.162153609255061948e-01 -7.454255907550398907e-01 -7.397090600370954672e-01
-6.995975525046205235e-01 -8.523843373681185831e-01 -7.607010666459803616e-01 -7.222297875400663925e-01 -7.482132250955259023e-01 -7.356104090307757915e-01 -7.448848851058852416e-01
-6.301252229436857810e-01 -6.461385232439309512e-01 -7.745676274599893052e-01 -7.287540380471742019e-01 -7.409790788074513967e-01 -7.375067252866819301e-01 -7.373265676408595759e-01
-8.592932990664947646e-01 -7.176220253031204699e-01 -7.370460114555813513e-01 -7.455403901131486544e-01 -7.580511617787689671e-01 -7.417138642811412774e-01 -7.468820201464039243e-01
-7.406099704224432534e-01 -7.845351721816830048e-01 -8.017405654623273037e-01 -7.101845529520344202e-01 -7.220820714859883527e-01 -7.474169428789813052e-01 -7.498807039286520260e-01
-7.360159381559066016e-01 -7.817994507282806094e-01 -8.091675585235454937e-01 -7.406157754478579491e-01 -7.389413711626028336e-01 -7.328892239348165916e-01 -7.396723910571755267e-01
-8.592495354351470382e-01 -7.804232922017927399e-01 -6.672067297618868853e-01 -7.337117188656228084e-01 -7.545982447943236915e-01 -7.444508172771862053e-01 -7.391335569780552728e-01
-6.471411118676724250e-01 -7.492714464869458801e-01 -7.262427281386993894e-01 -7.371444876614582364e-01 -7.306882935823258984e-01 -7.483171010606225471e-01 -7.387958533575477160e-01
-8.238574628589414584e-01 -8.415018374048466310e-01 -7.261089468579554618e-01 -7.543095696940734785e-01 -7.376529032291404553e-01 -7.382870358972932756e-01 -7.474595306501310432e-01
-6.335420215822218371e-01 -6.285102657940897508e-01 -7.486630978835017158e-01 -7.481670801437563245e-01 -7.406921331854720014e-01 -7.400731575591749101e-01 -7.409476420145333364e-01
-8.544252617537745342e-01 -7.574890404699425872e-01 -7.269780228866911109e-01 -7.597316987614347594e-01 -7.323753438341661370e-01 -7.295631053787811071e-01 -7.414155706393780187e-01
-8.860017342972948962e-01 -7.820882792150014584e-01 -7.016612788779162946e-01 -7.380339808649269973e-01 -7.444272861198527602e-01 -7.316614430080582432e-01 -7.428464492925094254e-01
-7.462428784798815773e-01 -6.821324624540332504e-01 -7.417212154225117926e-01 -7.593696608737970921e-01 -7.347567293350200091e-01 -7.372529337203158617e-01 -7.549070590943955938e-01
-6.480797424941107110e-01 -7.397205345494705098e-01 -7.171848543336137860e-01 -7.477792129356126694e-01 -7.443929581506132376e-01 -7.435296524600613077e-01 -7.358056599135146536e-01
-7.260222738267364528e-01 -7.844104280734424117e-01 -7.230504012709807471e-01 -7.571617261884538985e-01 -7.180112604185634462e-01 -7.440218221269465637e-01 -7.468708739072641434e-01
-5.878859082477951858e-01 -7.417778021801475496e-01 -7.668905290136959207e-01 -7.400268766123300201e-01 -7.414785090656221822e-01 -7.452723366746015765e-01 -7.323611028396250777e-01
-8.912148885764399342e-01 -6.710052035243685431e-01 -7.176482614541065397e-01 -7.100663403669638107e-01 -7.531537242583946634e-01 -7.443843074057092668e-01 -7.347612935407955570e-01
-8.027664072133423590e-01 -7.508259809896595804e-01 -7.611386271329795283e-01 -7.373806355658737433e-01 -7.277438192688321372e-01 -7.280203916228303873e-01 -7.331481179542951310e-01
-6.485387076608060131e-01 -6.344788763035801304e-01 -7.573210129904592858e-01 -7.104032786310334746e-01 -7.294074178934611963e-01 -7.350294331539579673e-01 -7.373306305321266629e-01
-6.466611240614859035e-01 -8.164278913652545100e-01 -6.761565098970581111e-01 -7.255473291727504437e-01 -7.435703949991367967e-01 -7.457196828571126535e-01 -7.450054308734356256e-01
-8.094925853864324283e-01 -7.124670307094382871e-01 -7.603773807793511308e-01 -7.119992622188719977e-01 -7.421981800520084382e-01 -7.368018131460407627e-01 -7.416569179235679155e-01
-8.239012264902888516e-01 -7.547238525425219446e-01 -7.433423305164843509e-01 -7.508880730654453606e-01 -7.305257785407761606e-01 -7.373274637796810582e-01 -7.372912583528778985e-01
-6.979054967762901018e-01 -8.356915593286704524e-01 -7.588483987691208021e-01 -7.369064690358833047e-01 -7.420281809420179453e-01 -7.444078471866210078e-01 -7.404693597696462293e-01
-5.675516408237799570e-01 -8.141008501284165977e-01 -7.891907661718520206e-01 -7.395781785910946482e-01 -7.496939628849593751e-01 -7.394087039895380631e-01 -7.334413576613877384e-01
-7.718955467811133841e-01 -8.056713395549823797e-01 -7.292014063346871078e-01 -7.600063069227043222e-01 -7.392099340442569444e-01 -7.403711077958545772e-01 -7.435532636746401414e-01
-8.525990214252437971e-01 -7.673623720871127762e-01 -6.487398087022557824e-01 -7.163454952878330895e-01 -7.589782970739189505e-01 -7.416405252781769208e-01 -7.339352381287245208e-01
-7.925166610307254889e-01 -7.787315733448108013e-01 -7.190926238685017013e-01 -7.505764923238797959e-01 -7.333070457803841924e-01 -7.432564959618715994e-01 -7.440636256111260449e-01
-7.591658439786865831e-01 -7.863149024039245427e-01 -7.260969014720201065e-01 -7.373577368474028004e-01 -7.390508947542953067e-01 -7.324316986876462376e-01 -7.329253385207235016e-01
-8.636483309681932674e-01 -6.591121537990052293e-01 -7.372767043851351509e-01 -7.426870366210478469e-01 -7.289620471713184058e-01 -7.252261647872674244e-01 -7.364298104327386962e-01
-5.731723835286728352e-01 -7.496334656738204982e-01 -7.096159026001543912e-01 -7.314394114800570890e-01 -7.422468437902211003e-01 -7.390517172915600508e-01 -7.464713022018054644e-01
-6.440017116384644247e-01 -6.555844450443787386e-01 -7.415497563245040391e-01 -7.325320589270873928e-01 -7.316736556976430883e-01 -7.242584189336573885e-01 -7.393637925191822724e-01
-6.977382945712549134e-01 -7.358052478773919880e-01 -7.263659413550851429e-01 -7.589403949673678706e-01 -7.376116823897793662e-01 -7.361330826122122195e-01 -7.326854633692421181e-01
-6.506197991728557284e-01 -6.000893887783516067e-01 -7.392334635898100137e-01 -7.402123371629983906e-01 -7.464716574467683552e-01 -7.367269650694320271e-01 -7.443763496079874864e-01
-5.562037499361220938e-01 -7.479841594587728348e-01 -7.127555532016985884e-01 -7.275521678848210216e-01 -7.314444041213722381e-01 -7.380725190801580293e-01 -7.397613841155380454e-01
-5.256207248220889916e-01 -7.965127035966147462e-01 -7.457269959395843584e-01 -7.338868229253131537e-01 -7.482608295088364336e-01 -7.300863939949268078e-01 -7.366087707084201242e-01
-8.018350338799020705e-01 -7.179974986765874645e-01 -7.486374629847447615e-01 -7.509879051001330241e-01 -7.214927132945148092e-01 -7.446942774119932329e-01 -7.354503458779716452e-01
-9.553905362892574082e-01 -7.151141243442549200e-01 -7.373132268538045153e-01 -7.350556984197682553e-01 -7.391449706026830269e-01 -7.414714393518658797e-01 -7.402414308111530117e-01
-7.150086788621587974e-01 -6.936773995727459896e-01 -7.673732307651370821e-01 -7.439828263783777595e-01 -7.443553319843411176e-01 -7.333448439270022767e-01 -7.313819288644816119e-01
-5.386991965869178944e-01 -6.838734171274443163e-01 -7.295059681316368172e-01 -7.405129443927822575e-01 -7.433522007904802553e-01 -7.375516677548353828e-01 -7.507832555770352911e-01
-9.322036852181779798e-01 -7.632666302773449818e-01 -7.502925884413000901e-01 -7.517777469555718683e-01 -7.194166174010497850e-01 -7.372349780633005167e-01 -7.387184264989117288e-01
-7.296890490594025724e-01 -8.339799942951152678e-01 -6.257096381227167381e-01 -7.630127494971716828e-01 -7.391128895531150489e-01 -7.461913735062551956e-01 -7.302360231462345919e-01
-7.924524090402060850e-01 -6.969035665719174322e-01 -7.835798472034959383e-01 -7.318620761907174144e-01 -7.477521613720834459e-01 -7.543387886728302183e-01 -7.451788806573679258e-01
-7.864383390150122555e-01 -6.641636992915433968e-01 -7.104613276644206055e-01 -7.264064109924476265e-01 -7.436056523287525311e-01 -7.374457674005370222e-01 -7.396370380489198926e-01
-8.592602814616596696e-01 -6.162154869807066060e-01 -7.186059612302674315e-01 -7.345680427746931196e-01 -7.463832535645009703e-01 -7.345878360546875818e-01 -7.464708743770670507e-01
-5.906689264050011268e-01 -8.304099619417273370e-01 -7.501167145484702869e-01 -7.412457649637289592e-01 -7.362127985918787143e-01 -7.451756225263210798e-01 -7.342790561063308186e-01
-9.190657045237368150e-01 -7.501266194922134867e-01 -7.497355031004041548e-01 -7.357308687139545444e-01 -7.288270728011813082e-01 -7.508117246924690402e-01 -7.451928659570958846e-01
