(-0.7402797558454873+0j)
-7.402797558454875526e-01 -7.402797558454876636e-01 -7.402797558454876636e-01 -7.402797558454875526e-01 -7.402797558454875526e-01 -7.402797558454875526e-01 -7.402797558454875526e-01
-6.074140593348812400e-01 -7.402797558454876636e-01 -7.402797558454875526e-01 -7.402797558454876636e-01 -7.402797558454876636e-01 -7.402797558454875526e-01 -7.402797558454876636e-01
-7.402797558454876636e-01 -7.402797558454875526e-01 -7.402797558454875526e-01 -7.402797558454874416e-01 -7.402797558454876636e-01 -7.402797558454874416e-01 -7.402797558454876636e-01
-7.402797558454876636e-01 -7.402797558454875526e-01 -7.402797558454875526e-01 -7.402797558454874416e-01 -7.402797558454875526e-01 -7.402797558454876636e-01 -7.402797558454875526e-01
-7.402797558454876636e-01 -7.402797558454875526e-01 -7.402797558454876636e-01 -7.402797558454876636e-01 -7.402797558454876636e-01 -7.402797558454875526e-01 -7.402797558454875526e-01
-6.600765485983597358e-01 -7.402797558454876636e-01 -7.402797558454876636e-01 -7.402797558454874416e-01 -7.402797558454875526e-01 -7.402797558454876636e-01 -7.402797558454876636e-01
-7.402797558454875526e-01 -7.402797558454875526e-01 -7.402797558454875526e-01 -7.402797558454875526e-01 -7.402797558454876636e-01 -7.402797558454875526e-01 -7.402797558454876636e-01
-6.876172665820090568e-01 -7.402797558454875526e-01 -7.402797558454874416e-01 -7.402797558454875526e-01 -7.402797558454875526e-01 -7.402797558454876636e-01 -7.402797558454875526e-01
-6.600765485983597358e-01 -7.402797558454876636e-01 -7.402797558454876636e-01 -7.402797558454874416e-01 -7.402797558454874416e-01 -7.402797558454876636e-01 -7.402797558454876636e-01
-7.402797558454876636e-01 -7.402797558454875526e-01 -7.402797558454876636e-01 -7.402797558454875526e-01 -7.402797558454874416e-01 -7.402797558454876636e-01 -7.402797558454876636e-01
-7.402797558454876636e-01 -7.402797558454875526e-01 -7.402797558454875526e-01 -7.402797558454875526e-01 -7.402797558454875526e-01 -7.402797558454875526e-01 -7.402797558454874416e-01
-7.402797558454875526e-01 -7.402797558454875526e-01 -7.402797558454876636e-01 -7.402797558454875526e-01 -7.402797558454876636e-01 -7.402797558454876636e-01 -7.402797558454876636e-01
-7.402797558454876636e-01 -7.402797558454876636e-01 -7.402797558454877747e-01 -7.402797558454875526e-01 -7.402797558454875526e-01 -7.402797558454875526e-01 -7.402797558454875526e-01
-6.876172665820090568e-01 -7.402797558454875526e-01 -7.402797558454875526e-01 -7.402797558454875526e-01 -7.402797558454874416e-01 -7.402797558454875526e-01 -7.402797558454875526e-01
-6.876172665820090568e-01 -7.402797558454876636e-01 -7.402797558454875526e-01 -7.402797558454876636e-01 -7.402797558454875526e-01 -7.402797558454875526e-01 -7.402797558454875526e-01
-7.402797558454875526e-01 -7.402797558454875526e-01 -7.402797558454875526e-01 -7.402797558454874416e-01 -7.402797558454876636e-01 -7.402797558454876636e-01 -7.402797558454875526e-01
-6.600765485983597358e-01 -7.402797558454875526e-01 -7.402797558454875526e-01 -7.402797558454876636e-01 -7.402797558454875526e-01 -7.402797558454875526e-01 -7.402797558454874416e-01
-6.600765485983597358e-01 -7.402797558454876636e-01 -7.402797558454876636e-01 -7.402797558454874416e-01 -7.402797558454874416e-01 -7.402797558454876636e-01 -7.402797558454875526e-01
-7.402797558454875526e-01 -7.402797558454875526e-01 -7.402797558454875526e-01 -7.402797558454876636e-01 -7.402797558454875526e-01 -7.402797558454875526e-01 -7.402797558454875526e-01
-6.600765485983597358e-01 -7.402797558454875526e-01 -7.402797558454875526e-01 -7.402797558454875526e-01 -7.402797558454875526e-01 -7.402797558454875526e-01 -7.402797558454875526e-01
-6.600765485983597358e-01 -7.402797558454875526e-01 -7.402797558454875526e-01 -7.402797558454876636e-01 -7.402797558454875526e-01 -7.402797558454875526e-01 -7.402797558454875526e-01
-6.600765485983597358e-01 -7.402797558454876636e-01 -7.402797558454875526e-01 -7.402797558454875526e-01 -7.402797558454875526e-01 -7.402797558454874416e-01 -7.402797558454875526e-01
-7.402797558454875526e-01 -7.402797558454875526e-01 -7.402797558454875526e-01 -7.402797558454874416e-01 -7.402797558454875526e-01 -7.402797558454875526e-01 -7.402797558454875526e-01
-7.402797558454875526e-01 -7.402797558454876636e-01 -7.402797558454874416e-01 -7.402797558454875526e-01 -7.402797558454874416e-01 -7.402797558454875526e-01 -7.402797558454876636e-01
-7.402797558454875526e-01 -7.402797558454875526e-01 -7.402797558454876636e-01 -7.402797558454874416e-01 -7.402797558454874416e-01 -7.402797558454876636e-01 -7.402797558454874416e-01
-7.402797558454876636e-01 -7.402797558454876636e-01 -7.402797558454875526e-01 -7.402797558454875526e-01 -7.402797558454875526e-01 -7.402797558454875526e-01 -7.402797558454875526e-01
-6.600765485983597358e-01 -7.402797558454874416e-01 -7.402797558454876636e-01 -7.402797558454876636e-01 -7.402797558454875526e-01 -7.402797558454875526e-01 -7.402797558454875526e-01
-6.074140593348811290e-01 -7.402797558454876636e-01 -7.402797558454876636e-01 -7.402797558454875526e-01 -7.402797558454876636e-01 -7.402797558454874416e-01 -7.402797558454875526e-01
-7.402797558454876636e-01 -7.402797558454876636e-01 -7.402797558454875526e-01 -7.402797558454875526e-01 -7.402797558454875526e-01 -7.402797558454875526e-01 -7.402797558454876636e-01
-7.402797558454876636e-01 -7.402797558454874416e-01 -7.402797558454875526e-01 -7.402797558454875526e-01 -7.402797558454875526e-01 -7.402797558454874416e-01 -7.402797558454875526e-01
-6.074140593348811290e-01 -7.402797558454875526e-01 -7.402797558454875526e-01 -7.402797558454876636e-01 -7.402797558454875526e-01 -7.402797558454875526e-01 -7.402797558454875526e-01
-6.600765485983597358e-01 -7.402797558454876636e-01 -7.402797558454875526e-01 -7.402797558454874416e-01 -7.402797558454876636e-01 -7.402797558454875526e-01 -7.402797558454875526e-01
-7.402797558454875526e-01 -7.402797558454876636e-01 -7.402797558454875526e-01 -7.402797558454875526e-01 -7.402797558454875526e-01 -7.402797558454876636e-01 -7.402797558454876636e-01
-6.074140593348811290e-01 -7.402797558454875526e-01 -7.402797558454876636e-01 -7.402797558454876636e-01 -7.402797558454875526e-01 -7.402797558454875526e-01 -7.402797558454875526e-01
-6.876172665820090568e-01 -7.402797558454876636e-01 -7.402797558454875526e-01 -7.402797558454875526e-01 -7.402797558454875526e-01 -7.402797558454875526e-01 -7.402797558454876636e-01
-6.600765485983597358e-01 -7.402797558454875526e-01 -7.402797558454875526e-01 -7.402797558454876636e-01 -7.402797558454875526e-01 -7.402797558454875526e-01 -7.402797558454875526e-01
-7.402797558454876636e-01 -7.402797558454875526e-01 -7.402797558454876636e-01 -7.402797558454875526e-01 -7.402797558454875526e-01 -7.402797558454875526e-01 -7.402797558454875526e-01
-6.876172665820090568e-01 -7.402797558454875526e-01 -7.402797558454876636e-01 -7.402797558454875526e-01 -7.402797558454875526e-01 -7.402797558454875526e-01 -7.402797558454874416e-01
-7.402797558454874416e-01 -7.402797558454876636e-01 -7.402797558454876636e-01 -7.402797558454874416e-01 -7.402797558454875526e-01 -7.402797558454876636e-01 -7.402797558454875526e-01
-6.876172665820090568e-01 -7.402797558454876636e-01 -7.402797558454875526e-01 -7.402797558454875526e-01 -7.402797558454875526e-01 -7.402797558454875526e-01 -7.402797558454875526e-01
-7.402797558454876636e-01 -7.402797558454875526e-01 -7.402797558454876636e-01 -7.402797558454875526e-01 -7.402797558454876636e-01 -7.402797558454874416e-01 -7.402797558454876636e-01
-7.402797558454875526e-01 -7.402797558454875526e-01 -7.402797558454876636e-01 -7.402797558454876636e-01 -7.402797558454875526e-01 -7.402797558454875526e-01 -7.402797558454875526e-01
-7.402797558454875526e-01 -7.402797558454875526e-01 -7.402797558454875526e-01 -7.402797558454875526e-01 -7.402797558454875526e-01 -7.402797558454876636e-01 -7.402797558454875526e-01
-6.600765485983597358e-01 -7.402797558454875526e-01 -7.402797558454875526e-01 -7.402797558454875526e-01 -7.402797558454875526e-01 -7.402797558454876636e-01 -7.402797558454874416e-01
-7.402797558454876636e-01 -7.402797558454876636e-01 -7.402797558454875526e-01 -7.402797558454875526e-01 -7.402797558454876636e-01 -7.402797558454875526e-01 -7.402797558454876636e-01
-7.402797558454875526e-01 -7.402797558454875526e-01 -7.402797558454874416e-01 -7.402797558454875526e-01 -7.402797558454875526e-01 -7.402797558454876636e-01 -7.402797558454874416e-01
-7.402797558454875526e-01 -7.402797558454876636e-01 -7.402797558454875526e-01 -7.402797558454875526e-01 -7.402797558454874416e-01 -7.402797558454875526e-01 -7.402797558454875526e-01
-7.402797558454876636e-01 -7.402797558454875526e-01 -7.402797558454875526e-01 -7.402797558454875526e-01 -7.402797558454874416e-01 -7.402797558454875526e-01 -7.402797558454876636e-01
-7.402797558454875526e-01 -7.402797558454876636e-01 -7.402797558454875526e-01 -7.402797558454875526e-01 -7.402797558454875526e-01 -7.402797558454876636e-01 -7.402797558454876636e-01
-6.876172665820090568e-01 -7.402797558454876636e-01 -7.402797558454875526e-01 -7.402797558454875526e-01 -7.402797558454874416e-01 -7.402797558454875526e-01 -7.402797558454875526e-01
-7.402797558454876636e-01 -7.402797558454875526e-01 -7.402797558454876636e-01 -7.402797558454874416e-01 -7.402797558454875526e-01 -7.402797558454874416e-01 -7.402797558454874416e-01
-4.223622459537657026e-01 -7.402797558454875526e-01 -7.402797558454875526e-01 -7.402797558454875526e-01 -7.402797558454876636e-01 -7.402797558454874416e-01 -7.402797558454876636e-01
-7.402797558454876636e-01 -7.402797558454875526e-01 -7.402797558454875526e-01 -7.402797558454875526e-01 -7.402797558454875526e-01 -7.402797558454875526e-01 -7.402797558454874416e-01
-7.402797558454876636e-01 -7.402797558454876636e-01 -7.402797558454875526e-01 -7.402797558454876636e-01 -7.402797558454876636e-01 -7.402797558454875526e-01 -7.402797558454874416e-01
-6.600765485983597358e-01 -7.402797558454875526e-01 -7.402797558454875526e-01 -7.402797558454876636e-01 -7.402797558454875526e-01 -7.402797558454876636e-01 -7.402797558454875526e-01
-7.402797558454875526e-01 -7.402797558454875526e-01 -7.402797558454875526e-01 -7.402797558454875526e-01 -7.402797558454875526e-01 -7.402797558454876636e-01 -7.402797558454876636e-01
-7.402797558454876636e-01 -7.402797558454875526e-01 -7.402797558454876636e-01 -7.402797558454874416e-01 -7.402797558454876636e-01 -7.402797558454875526e-01 -7.402797558454876636e-01
-7.402797558454876636e-01 -7.402797558454876636e-01 -7.402797558454876636e-01 -7.402797558454874416e-01 -7.402797558454875526e-01 -7.402797558454876636e-01 -7.402797558454875526e-01
-7.402797558454876636e-01 -7.402797558454876636e-01 -7.402797558454875526e-01 -7.402797558454875526e-01 -7.402797558454876636e-01 -7.402797558454876636e-01 -7.402797558454874416e-01
-4.750247352172442539e-01 -7.402797558454875526e-01 -7.402797558454876636e-01 -7.402797558454874416e-01 -7.402797558454875526e-01 -7.402797558454875526e-01 -7.402797558454875526e-01
-7.402797558454876636e-01 -7.402797558454876636e-01 -7.402797558454876636e-01 -7.402797558454875526e-01 -7.402797558454875526e-01 -7.402797558454875526e-01 -7.402797558454874416e-01
-6.600765485983597358e-01 -7.402797558454876636e-01 -7.402797558454876636e-01 -7.402797558454874416e-01 -7.402797558454875526e-01 -7.402797558454875526e-01 -7.402797558454874416e-01
-7.402797558454875526e-01 -7.402797558454875526e-01 -7.402797558454875526e-01 -7.402797558454875526e-01 -7.402797558454875526e-01 -7.402797558454875526e-01 -7.402797558454875526e-01
-7.402797558454875526e-01 -7.402797558454876636e-01 -7.402797558454876636e-01 -7.402797558454874416e-01 -7.402797558454875526e-01 -7.402797558454874416e-01 -7.402797558454876636e-01
-6.600765485983597358e-01 -7.402797558454876636e-01 -7.402797558454876636e-01 -7.402797558454876636e-01 -7.402797558454875526e-01 -7.402797558454875526e-01 -7.402797558454876636e-01
-7.402797558454875526e-01 -7.402797558454876636e-01 -7.402797558454876636e-01 -7.402797558454876636e-01 -7.402797558454875526e-01 -7.402797558454874416e-01 -7.402797558454876636e-01
-6.558804009754803932e-01 -7.402797558454876636e-01 -7.402797558454875526e-01 -7.402797558454875526e-01 -7.402797558454875526e-01 -7.402797558454875526e-01 -7.402797558454876636e-01
-7.402797558454875526e-01 -7.402797558454875526e-01 -7.402797558454875526e-01 -7.402797558454875526e-01 -7.402797558454876636e-01 -7.402797558454876636e-01 -7.402797558454875526e-01
-7.402797558454875526e-01 -7.402797558454875526e-01 -7.402797558454875526e-01 -7.402797558454875526e-01 -7.402797558454875526e-01 -7.402797558454875526e-01 -7.402797558454876636e-01
-6.600765485983597358e-01 -6.600765485983597358e-01 -7.402797558454875526e-01 -7.402797558454875526e-01 -7.402797558454875526e-01 -7.402797558454875526e-01 -7.402797558454874416e-01
-7.402797558454875526e-01 -7.402797558454876636e-01 -7.402797558454876636e-01 -7.402797558454875526e-01 -7.402797558454874416e-01 -7.402797558454876636e-01 -7.402797558454875526e-01
-7.402797558454874416e-01 -7.402797558454875526e-01 -7.402797558454874416e-01 -7.402797558454875526e-01 -7.402797558454875526e-01 -7.402797558454876636e-01 -7.402797558454875526e-01
-6.558804009754803932e-01 -7.402797558454876636e-01 -7.402797558454875526e-01 -7.402797558454875526e-01 -7.402797558454875526e-01 -7.402797558454874416e-01 -7.402797558454875526e-01
-7.402797558454874416e-01 -7.402797558454875526e-01 -7.402797558454876636e-01 -7.402797558454875526e-01 -7.402797558454875526e-01 -7.402797558454875526e-01 -7.402797558454875526e-01
-7.402797558454875526e-01 -7.402797558454876636e-01 -7.402797558454876636e-01 -7.402797558454875526e-01 -7.402797558454875526e-01 -7.402797558454875526e-01 -7.402797558454875526e-01
-6.600765485983597358e-01 -7.402797558454876636e-01 -7.402797558454876636e-01 -7.402797558454875526e-01 -7.402797558454876636e-01 -7.402797558454876636e-01 -7.402797558454875526e-01
-6.876172665820090568e-01 -7.402797558454874416e-01 -7.402797558454875526e-01 -7.402797558454876636e-01 -7.402797558454875526e-01 -7.402797558454875526e-01 -7.402797558454876636e-01
-7.402797558454874416e-01 -7.402797558454876636e-01 -7.402797558454875526e-01 -7.402797558454875526e-01 -7.402797558454876636e-01 -7.402797558454876636e-01 -7.402797558454876636e-01
-7.402797558454876636e-01 -7.402797558454875526e-01 -7.402797558454875526e-01 -7.402797558454874416e-01 -7.402797558454875526e-01 -7.402797558454875526e-01 -7.402797558454874416e-01
-6.600765485983597358e-01 -6.600765485983597358e-01 -7.402797558454875526e-01 -7.402797558454875526e-01 -7.402797558454875526e-01 -7.402797558454876636e-01 -7.402797558454876636e-01
-7.402797558454875526e-01 -7.402797558454876636e-01 -7.402797558454876636e-01 -7.402797558454876636e-01 -7.402797558454874416e-01 -7.402797558454876636e-01 -7.402797558454875526e-01
-7.402797558454876636e-01 -7.402797558454875526e-01 -7.402797558454875526e-01 -7.402797558454875526e-01 -7.402797558454875526e-01 -7.402797558454875526e-01 -7.402797558454874416e-01
-4.223622459537657026e-01 -7.402797558454875526e-01 -7.402797558454876636e-01 -7.402797558454875526e-01 -7.402797558454875526e-01 -7.402797558454875526e-01 -7.402797558454875526e-01
-4.750247352172442539e-01 -7.402797558454875526e-01 -7.402797558454874416e-01 -7.402797558454874416e-01 -7.402797558454875526e-01 -7.402797558454876636e-01 -7.402797558454874416e-01
-6.600765485983597358e-01 -7.402797558454875526e-01 -7.402797558454874416e-01 -7.402797558454876636e-01 -7.402797558454875526e-01 -7.402797558454876636e-01 -7.402797558454875526e-01
-6.600765485983597358e-01 -7.402797558454876636e-01 -7.402797558454876636e-01 -7.402797558454876636e-01 -7.402797558454875526e-01 -7.402797558454876636e-01 -7.402797558454876636e-01
-6.600765485983597358e-01 -7.402797558454875526e-01 -7.402797558454876636e-01 -7.402797558454875526e-01 -7.402797558454875526e-01 -7.402797558454875526e-01 -7.402797558454874416e-01
-6.600765485983597358e-01 -7.402797558454875526e-01 -7.402797558454875526e-01 -7.402797558454875526e-01 -7.402797558454875526e-01 -7.402797558454875526e-01 -7.402797558454876636e-01
-7.402797558454876636e-01 -7.402797558454876636e-01 -7.402797558454875526e-01 -7.402797558454875526e-01 -7.402797558454876636e-01 -7.402797558454874416e-01 -7.402797558454875526e-01
-6.600765485983595138e-01 -7.402797558454876636e-01 -7.402797558454876636e-01 -7.402797558454875526e-01 -7.402797558454876636e-01 -7.402797558454875526e-01 -7.402797558454875526e-01
-6.876172665820090568e-01 -7.402797558454875526e-01 -7.402797558454875526e-01 -7.402797558454875526e-01 -7.402797558454875526e-01 -7.402797558454875526e-01 -7.402797558454874416e-01
-6.074140593348811290e-01 -6.600765485983597358e-01 -7.402797558454876636e-01 -7.402797558454875526e-01 -7.402797558454875526e-01 -7.402797558454875526e-01 -7.402797558454875526e-01
-7.402797558454875526e-01 -7.402797558454876636e-01 -7.402797558454876636e-01 -7.402797558454874416e-01 -7.402797558454874416e-01 -7.402797558454876636e-01 -7.402797558454874416e-01
-6.600765485983597358e-01 -7.402797558454875526e-01 -7.402797558454875526e-01 -7.402797558454876636e-01 -7.402797558454876636e-01 -7.402797558454876636e-01 -7.402797558454876636e-01
-6.600765485983597358e-01 -7.402797558454875526e-01 -7.402797558454875526e-01 -7.402797558454875526e-01 -7.402797558454876636e-01 -7.402797558454876636e-01 -7.402797558454875526e-01
-6.600765485983597358e-01 -7.402797558454875526e-01 -7.402797558454876636e-01 -7.402797558454875526e-01 -7.402797558454876636e-01 -7.402797558454875526e-01 -7.402797558454875526e-01
-6.876172665820090568e-01 -7.402797558454876636e-01 -7.402797558454875526e-01 -7.402797558454874416e-01 -7.402797558454874416e-01 -7.402797558454876636e-01 -7.402797558454875526e-01
-7.402797558454874416e-01 -7.402797558454875526e-01 -7.402797558454876636e-01 -7.402797558454875526e-01 -7.402797558454876636e-01 -7.402797558454875526e-01 -7.402797558454876636e-01
-6.876172665820090568e-01 -7.402797558454876636e-01 -7.402797558454876636e-01 -7.402797558454876636e-01 -7.402797558454876636e-01 -7.402797558454874416e-01 -7.402797558454875526e-01
-7.402797558454875526e-01 -7.402797558454876636e-01 -7.402797558454876636e-01 -7.402797558454876636e-01 -7.402797558454876636e-01 -7.402797558454875526e-01 -7.402797558454875526e-01
