(-0.7433837767768509+0j)
-9.632599081030677191e-01 -7.295064762004510595e-01 -7.006784211128196382e-01 -7.318375548590694279e-01 -7.371344374775774533e-01 -7.364511915502820472e-01 -7.430439718817174466e-01
-8.696751741019068671e-01 -8.235676814692329817e-01 -7.388219352382252580e-01 -6.969066595491493210e-01 -7.168482145854198073e-01 -7.548198967218815447e-01 -7.379587311495996449e-01
-9.819993429581450606e-01 -8.425086123509786251e-01 -7.277762372981375627e-01 -7.874041794074988498e-01 -7.442638171154645210e-01 -7.485555713971359104e-01 -7.442413390863771294e-01
-7.756555173116463919e-01 -7.148985002442154180e-01 -7.829670110979125575e-01 -7.511590990591581196e-01 -7.245341489298771087e-01 -7.485544836061335250e-01 -7.434003995129598863e-01
-7.798007384432699141e-01 -6.510948925966875134e-01 -8.935954756848163427e-01 -7.427109412088743756e-01 -7.791567003124379998e-01 -7.401284275991524275e-01 -7.431258859105698278e-01
-8.696751741019068671e-01 -6.807371611842527592e-01 -8.160420576738729448e-01 -7.133708644502303464e-01 -7.073775588144073367e-01 -7.462424547771144834e-01 -7.418280278367037628e-01
-9.486656943796136776e-01 -6.187614938614482973e-01 -7.598917238030329369e-01 -6.992052776866461983e-01 -7.591208909482922707e-01 -7.472145703075472323e-01 -7.389505681333810028e-01
-9.486656943796136776e-01 -8.004913268690527772e-01 -7.633111051718211026e-01 -6.698362692889587855e-01 -7.302089107146390035e-01 -7.323598400612754133e-01 -7.397804002660812728e-01
-9.819993429581450606e-01 -8.551151753533745570e-01 -8.155842968698574502e-01 -7.763809083794439569e-01 -7.631518994968560232e-01 -7.293369623994350182e-01 -7.390174050363393921e-01
-8.879796861678845854e-01 -8.333033841512766937e-01 -8.342792202275117752e-01 -6.696165252189916206e-01 -7.446556771182517576e-01 -7.442448349089172410e-01 -7.404111066962242305e-01
-8.696751741019068671e-01 -7.678666674466121389e-01 -8.976986536457316479e-01 -7.670246799315043607e-01 -7.520376473167538212e-01 -7.235773220373971082e-01 -7.459509382682307788e-01
-8.696751741019068671e-01 -8.141338957540569243e-01 -7.337215195698589820e-01 -7.584563355379017047e-01 -7.533392652202086648e-01 -7.432902292956558021e-01 -7.447722347721554836e-01
-9.486656943796136776e-01 -6.501213180925207169e-01 -7.054801550634433038e-01 -6.689490195517089344e-01 -7.910884588647086879e-01 -7.635754811284212185e-01 -7.454122562940039831e-01
-8.546460375893534245e-01 -7.557017745977143708e-01 -8.411348250110690650e-01 -6.969525308595616586e-01 -7.575100650159609650e-01 -7.510926206155472684e-01 -7.291978051642475922e-01
-9.632599081030677191e-01 -6.415845079065622958e-01 -6.655182673895885248e-01 -7.676929302080097717e-01 -7.422059914850587248e-01 -7.605177225336803293e-01 -7.466637110217910767e-01
-7.798007384432699141e-01 -7.030937365932818928e-01 -7.472394354524765081e-01 -8.506518506964617643e-01 -7.783694993186498490e-01 -7.336022928424292822e-01 -7.376744172939269095e-01
-7.756555173116463919e-01 -7.530072231428617258e-01 -7.249028177321232835e-01 -7.086691726842597738e-01 -7.172332006416761718e-01 -7.443348788995576282e-01 -7.453898173819721862e-01
-8.733854724444307660e-01 -6.957848568100264419e-01 -7.267179471036799843e-01 -7.337271712980075744e-01 -7.384309658060450587e-01 -7.403428043724400442e-01 -7.448153253880647195e-01
-8.546460375893534245e-01 -8.199408508060044287e-01 -7.457569828690979730e-01 -7.623954325312682911e-01 -7.350489395926573799e-01 -7.468230258317336556e-01 -7.430856315009639612e-01
-8.550809603784528257e-01 -8.001997623552357108e-01 -8.090441320892820531e-01 -7.184202305090547913e-01 -7.458489736179341190e-01 -7.418437908430759453e-01 -7.328971054882817970e-01
-7.610613035881923505e-01 -7.899235705312095401e-01 -7.002686831705262627e-01 -7.297202044103072716e-01 -7.648982396471504241e-01 -7.679916036895491072e-01 -7.347859990695908561e-01
-8.692402513128072439e-01 -8.478601307804007892e-01 -6.682265000930844856e-01 -7.330068242440013204e-01 -7.262069731712468279e-01 -7.525988440030793036e-01 -7.399977625122242664e-01
-8.733854724444307660e-01 -6.435981338619070069e-01 -6.800111537224298175e-01 -7.798062809962218456e-01 -7.435158728601345413e-01 -7.340646417765726017e-01 -7.428461283194891518e-01
-9.819993429581450606e-01 -7.677987457354369383e-01 -7.871961972720455947e-01 -6.730575828977793940e-01 -7.639639835741647289e-01 -7.466350899150386855e-01 -7.440513802319961290e-01
-9.486656943796136776e-01 -7.504176099461641325e-01 -7.298665977046712161e-01 -7.309321554267849130e-01 -7.452520024310658187e-01 -7.503045401297614436e-01 -7.465287913608340542e-01
-9.486656943796136776e-01 -7.124119507744859359e-01 -8.358202709077220405e-01 -7.813452800783375896e-01 -7.225417232868331929e-01 -7.409444124127364528e-01 -7.370027267177028385e-01
-9.819993429581450606e-01 -6.507749086639491587e-01 -7.496700863837080231e-01 -7.367426933018821344e-01 -7.340071904169944705e-01 -7.592288775208129170e-01 -7.444685514535074322e-01
-7.943949521667237335e-01 -7.540471657911258507e-01 -7.348996617191592140e-01 -7.179283864351737598e-01 -7.136372637825896259e-01 -7.499089579218198853e-01 -7.421268051580012237e-01
-8.733854724444307660e-01 -7.414697756317827348e-01 -6.859246986254545764e-01 -6.988552671904106894e-01 -7.263882482070476154e-01 -7.404882744424838847e-01 -7.417871178637980289e-01
-8.738203952335303892e-01 -7.199799466180696328e-01 -7.394042138612815229e-01 -7.997023712261481787e-01 -7.904262987242149929e-01 -7.675895427016303785e-01 -7.462681737797265402e-01
-8.738203952335303892e-01 -6.697103024168180596e-01 -7.749493799850120102e-01 -6.919737752575665368e-01 -7.528875811661430717e-01 -7.425790173654860382e-01 -7.392715937971265916e-01
-8.733854724444307660e-01 -5.924318866771185466e-01 -7.740534891890482605e-01 -7.461025005197472471e-01 -7.790286066433418366e-01 -7.476644242645928973e-01 -7.393897122022945467e-01
-8.879796861678845854e-01 -8.449867726273694313e-01 -6.933491471987043298e-01 -7.279395887721960001e-01 -7.278889720059755764e-01 -7.322139444513964257e-01 -7.483848553463285924e-01
-8.884146089569842086e-01 -8.464625568103836262e-01 -8.200629765033162766e-01 -7.750673627811441868e-01 -7.422167874434224544e-01 -7.655481475272156722e-01 -7.456725454733639236e-01
-8.692402513128072439e-01 -6.428263729902070622e-01 -6.778877867844705918e-01 -7.443754661321404509e-01 -7.256486580646552831e-01 -7.577208062558351553e-01 -7.400422973277009930e-01
-8.879796861678845854e-01 -7.822096564877432101e-01 -7.660048225693163459e-01 -7.304389089681226910e-01 -7.511043379134882958e-01 -7.433513854453834835e-01 -7.415782122929919229e-01
-8.546460375893534245e-01 -7.060407691976195999e-01 -8.076520997428744408e-01 -7.394085105747802977e-01 -7.236400894783900917e-01 -7.471700716015874377e-01 -7.455820865268054654e-01
-8.546460375893534245e-01 -8.449010138798642711e-01 -7.597192523448719204e-01 -7.106125905220594952e-01 -7.681324223823788877e-01 -7.501725152060807478e-01 -7.417174089543521198e-01
-8.884146089569842086e-01 -7.714723710131385914e-01 -7.612654783014374260e-01 -8.040659804230883001e-01 -7.523734796909402611e-01 -7.360598099159536556e-01 -7.439316698872158184e-01
-8.733854724444307660e-01 -6.472634677510697987e-01 -7.550330738363093541e-01 -7.798478091852008021e-01 -7.480639054776561103e-01 -7.464625763171195416e-01 -7.442809020718867963e-01
-7.610613035881923505e-01 -7.396806305574235019e-01 -7.158224781213324839e-01 -7.790057684463036480e-01 -7.533776572329065058e-01 -7.558383359719493821e-01 -7.385266273362416367e-01
-8.879796861678845854e-01 -7.643280037028004070e-01 -7.507125648997703404e-01 -7.927502300772382160e-01 -7.544826131923638712e-01 -7.470678331375204539e-01 -7.364780070232808118e-01
-9.674051292346912412e-01 -7.844921431640725640e-01 -7.586140115632040715e-01 -7.065262236094289605e-01 -7.594536259758617458e-01 -7.438059036823143622e-01 -7.391843430314599672e-01
-9.486656943796136776e-01 -6.678613599683878022e-01 -7.945872574482866213e-01 -6.619162051495688370e-01 -7.964992299529121134e-01 -7.233946200066119214e-01 -7.493482335445169618e-01
-8.738203952335303892e-01 -8.515304235053888782e-01 -6.943107644941255430e-01 -8.090980931868636539e-01 -7.474474741272325584e-01 -7.228591344724759615e-01 -7.375189413531464400e-01
-7.610613035881923505e-01 -6.607772092422936616e-01 -8.719828111531082726e-01 -7.659383981077863002e-01 -7.160330156452725525e-01 -7.449921655306752655e-01 -7.509298027185318247e-01
-9.486656943796136776e-01 -8.428672470006954853e-01 -7.596876636210170286e-01 -8.079307274273446193e-01 -7.426285242299524025e-01 -7.477068281790284487e-01 -7.477422844402996649e-01
-9.486656943796136776e-01 -6.767205202798203256e-01 -8.111483214196411051e-01 -7.066219535517248573e-01 -7.673775983053143790e-01 -7.480874686153464737e-01 -7.403325374726845709e-01
-7.943949521667237335e-01 -7.876176044860461190e-01 -6.497553016026289541e-01 -7.956347050131029608e-01 -7.321683336505955264e-01 -7.527381890386120045e-01 -7.500600002846302683e-01
-7.756555173116463919e-01 -8.076820590092486096e-01 -8.288518911724231941e-01 -8.156029372475241956e-01 -7.614223854636994471e-01 -7.477908761059151033e-01 -7.558101290891130475e-01
