(-0.7463222967902247+0j)
-6.864960376310791368e-01 -7.967850188477868523e-01 -6.692824886064391299e-01 -7.582234525466199360e-01 -7.448401856932969078e-01 -7.491850598227364211e-01 -7.433953095952450241e-01
-6.807687469239660505e-01 -7.824992346872551296e-01 -7.526992418191267298e-01 -7.421499601778285271e-01 -7.468378032528415478e-01 -7.471510351184655896e-01 -7.451385903060572247e-01
-6.417905351496679955e-01 -7.118549204042158296e-01 -7.269059177573508057e-01 -7.479758019001570002e-01 -7.442595134291445369e-01 -7.406235212944531909e-01 -7.420951902515968701e-01
-6.427383093708728401e-01 -7.657738952912983565e-01 -7.891251885633363550e-01 -7.236460913316065113e-01 -7.640286995989676866e-01 -7.423006647028264071e-01 -7.601660136940343593e-01
-5.600141799700223411e-01 -8.844384482516135515e-01 -7.425863605578426618e-01 -7.751552442905578211e-01 -7.467389108825418509e-01 -7.474919589771298334e-01 -7.538602629281975220e-01
-7.097401154840361492e-01 -7.791789586996910044e-01 -7.568638957960577285e-01 -7.483116289865776594e-01 -7.605020125757510074e-01 -7.401137982474186305e-01 -7.587741002520576039e-01
-6.386529742357779371e-01 -7.196128095564187088e-01 -7.737875384569186110e-01 -7.548896827363039685e-01 -7.508257889413032515e-01 -7.417280319438103176e-01 -7.565761922796905292e-01
-5.647290974522651830e-01 -7.371508057781102075e-01 -7.481669233532008967e-01 -7.684713600911949882e-01 -7.491316740848563693e-01 -7.401308050001284000e-01 -7.361411305887952672e-01
-6.263750949764903542e-01 -7.403670881333734854e-01 -7.180703882641347180e-01 -7.442496120058329501e-01 -7.491789581034788981e-01 -7.458509766064338464e-01 -7.367450944971519755e-01
-7.127464618979746369e-01 -8.101056246612521328e-01 -7.605603501335372885e-01 -7.423971647098612792e-01 -7.428600270444667419e-01 -7.476388769174789894e-01 -7.381380032631956745e-01
-6.208047431108927317e-01 -7.401868128753368303e-01 -7.609575262117210803e-01 -7.627286675361951707e-01 -7.599269599957462207e-01 -7.510615164112814934e-01 -7.372512737319797393e-01
-7.427215508952491607e-01 -8.846789759668634012e-01 -7.184440574706235649e-01 -7.511969442900705562e-01 -7.362589888532802274e-01 -7.404424519013614869e-01 -7.412705330195914488e-01
-6.458189185788798525e-01 -7.820788536513112454e-01 -8.227960931525404309e-01 -7.288524481650645592e-01 -7.469066747344111912e-01 -7.481450101399989006e-01 -7.409902433496065033e-01
-6.264366525353176618e-01 -6.592294797874995727e-01 -7.462811082830451692e-01 -7.575989575111791163e-01 -7.524977176635947451e-01 -7.414801066573883936e-01 -7.529963068713456664e-01
-5.756208852940645215e-01 -7.131459958936430255e-01 -8.055219937096012028e-01 -7.409317828394654804e-01 -7.554944103360030638e-01 -7.356192230777685026e-01 -7.461153601691459247e-01
-4.872661337948813731e-01 -7.335563791242807330e-01 -7.307331584069303165e-01 -7.674796918962398795e-01 -7.482822251724077223e-01 -7.430426289879774604e-01 -7.364615022232960939e-01
-6.597773732467141494e-01 -7.220289335784471074e-01 -7.359035559563757989e-01 -7.426871069974145811e-01 -7.406051282677306169e-01 -7.511274280730126929e-01 -7.505690608910893236e-01
-6.122897359349205315e-01 -7.800038741512054230e-01 -7.512763079362312357e-01 -7.760686274419397179e-01 -7.418039066843991058e-01 -7.374952816801942923e-01 -7.451067263619879366e-01
-6.416464290307259954e-01 -8.100882494123442523e-01 -7.740781208357155885e-01 -7.333894841280900190e-01 -7.397984623874966914e-01 -7.475208552475725021e-01 -7.562196687649758164e-01
-5.985771040356960837e-01 -6.653866491201771982e-01 -7.994329623007436769e-01 -7.584686087828990120e-01 -7.418279549933355366e-01 -7.438823437847674747e-01 -7.529370546097080563e-01
-7.618760983914590890e-01 -7.316058661545350450e-01 -7.680784214687917943e-01 -7.415093943813635402e-01 -7.468345079229823380e-01 -7.531696935294095452e-01 -7.476817991590356538e-01
-6.023005462212449590e-01 -7.917832880505720761e-01 -7.848470293318970947e-01 -7.334280955946184122e-01 -7.272076934944505799e-01 -7.460974967238092059e-01 -7.482023941212985196e-01
-6.588887968617287427e-01 -7.660547915183624212e-01 -7.230505813604835019e-01 -7.595855776816422544e-01 -7.457465695637202074e-01 -7.386428624968187640e-01 -7.438682342013644977e-01
-5.633740998543594891e-01 -6.706847050162862978e-01 -7.141835489030990969e-01 -7.384211335662664855e-01 -7.350651146945911263e-01 -7.459661094219196542e-01 -7.549145810386170830e-01
-7.502974802473547644e-01 -7.519461402203235778e-01 -7.215950511994388972e-01 -7.520273545809752491e-01 -7.358093463361110587e-01 -7.519003629772672559e-01 -7.396673756932858890e-01
-6.749995508506507758e-01 -7.863902630212552536e-01 -7.282525185416197644e-01 -7.315681671743206049e-01 -7.493894353798016272e-01 -7.542240636991583980e-01 -7.481553016492947794e-01
-7.023720328487768061e-01 -7.066661933029685372e-01 -7.219581407859674282e-01 -7.426299914924494594e-01 -7.473563072802809071e-01 -7.390807253389669595e-01 -7.499744960050775955e-01
-6.934355970517662726e-01 -7.398400469005099733e-01 -7.228751687057788367e-01 -7.332081157334058297e-01 -7.538675361421125487e-01 -7.503998828414260025e-01 -7.477212455279502734e-01
-6.296734957279479517e-01 -6.988085491507067815e-01 -7.427896138887093436e-01 -7.381987770672850946e-01 -7.374178860201445751e-01 -7.400583886748406393e-01 -7.423848683089493417e-01
-6.229614022150120611e-01 -7.573074383916230667e-01 -7.462990236033557601e-01 -7.264015628196605068e-01 -7.331569107006563613e-01 -7.475847783424840465e-01 -7.497376157669699559e-01
-5.853470074067967932e-01 -7.960367925234821396e-01 -6.885661252585719705e-01 -7.345840958771316931e-01 -7.545665947263184847e-01 -7.330181128859536432e-01 -7.480392512480955602e-01
-6.795643217884950182e-01 -7.155544023860186398e-01 -7.887750658920978930e-01 -7.228641345441217947e-01 -7.336917281360741949e-01 -7.395817719390350709e-01 -7.417974450540799625e-01
-6.904652232240715559e-01 -8.174572286034628155e-01 -7.447765625907399878e-01 -7.628658347033384635e-01 -7.631296659980587593e-01 -7.389884386539161687e-01 -7.386886387017421729e-01
-7.783522517711776167e-01 -6.978635037364517846e-01 -7.770665896591013588e-01 -7.250058375028205493e-01 -7.534334322407376661e-01 -7.546031009565548064e-01 -7.424714817598104810e-01
-6.570065253489677515e-01 -7.960122285895570027e-01 -7.040804185605777921e-01 -7.251894336691560028e-01 -7.507827442954151387e-01 -7.382781254476991073e-01 -7.390600462983132335e-01
-5.933960192878851014e-01 -7.252954023435074227e-01 -7.345855237536149662e-01 -7.373737001695507276e-01 -7.498121013476155561e-01 -7.458004545267067353e-01 -7.510075413412071743e-01
-6.033491465022567946e-01 -7.795488607643179524e-01 -7.278640380740387661e-01 -7.709479744625894471e-01 -7.474907321174801833e-01 -7.497410335097285383e-01 -7.516523253598969001e-01
-6.376025800417206568e-01 -7.470128230427743876e-01 -7.332098671979861981e-01 -7.454266702369787279e-01 -7.603782027384656805e-01 -7.492700138266396026e-01 -7.537079154174257667e-01
-7.612386890607029111e-01 -7.176209766116391497e-01 -7.343213606692859940e-01 -7.267237527532470764e-01 -7.347517635383480350e-01 -7.473291798776592332e-01 -7.534647729211381151e-01
-6.716046341656020102e-01 -7.968672570386226006e-01 -7.159044361911661714e-01 -7.358659252894277358e-01 -7.569411844764059039e-01 -7.467484746766862580e-01 -7.516068342836925709e-01
-6.761013726123059620e-01 -7.511131965084059114e-01 -7.444933246531413307e-01 -7.240291308345557786e-01 -7.506028212388886622e-01 -7.425642432879688837e-01 -7.440776753620285122e-01
-7.624518271925487811e-01 -7.602637764543980214e-01 -7.360786466332800426e-01 -7.601793877333720140e-01 -7.396999164318804887e-01 -7.385050185466736083e-01 -7.480915227677236157e-01
-6.469908481911996745e-01 -7.676671846220871620e-01 -6.936481317533498281e-01 -7.396957525631593366e-01 -7.547649158883324993e-01 -7.515397336545813767e-01 -7.394075340621828474e-01
-7.241238264549373360e-01 -8.108196862425508522e-01 -7.015477612469147584e-01 -7.480466272432508834e-01 -7.467019358145212671e-01 -7.372312219015844104e-01 -7.442147131953440464e-01
-6.497496738836857633e-01 -7.546433556744145399e-01 -7.390323238626180791e-01 -7.520238767949770642e-01 -7.437673223605208994e-01 -7.486043088695952807e-01 -7.374116253894167361e-01
-7.360016621267296832e-01 -6.759977063361605198e-01 -7.468856216279198268e-01 -7.532830856404816311e-01 -7.343843892052119848e-01 -7.440995775886833918e-01 -7.423393866962654242e-01
-6.061898093328184078e-01 -8.160397704910825611e-01 -7.617708246562763241e-01 -7.619382658807950515e-01 -7.461205754858242223e-01 -7.497762330674104803e-01 -7.498777668126881402e-01
-6.900838909317443814e-01 -6.798720548080455783e-01 -7.346315429995287083e-01 -7.494514655703572448e-01 -7.418541533591022086e-01 -7.489550791907498839e-01 -7.443314565349468115e-01
-6.543237732842830390e-01 -8.317795656957945871e-01 -7.336489765688085640e-01 -7.599330926799063857e-01 -7.418664746630814211e-01 -7.533251190133707365e-01 -7.390014263675622752e-01
-7.768465587399984162e-01 -7.235515018768740036e-01 -6.991376878406840856e-01 -7.281765855170094781e-01 -7.480917873451187194e-01 -7.389934265998521212e-01 -7.554707999996614909e-01
