(-0.7463222967902247+0j)
-4.159943782587784411e-01 -7.006492779183067787e-01 -6.806646698875427060e-01 -7.551855339816229140e-01 -7.405986633783518958e-01 -7.313671642960255515e-01 -7.506283912680313808e-01
-6.997562962133152542e-01 -5.313171205090880811e-01 -7.255649829756506408e-01 -7.653513469372005273e-01 -7.499639502837796012e-01 -7.437820127212300125e-01 -7.492557287469777672e-01
-5.909975074490865232e-01 -6.521756878793577572e-01 -7.959886210571995857e-01 -7.553082107769610865e-01 -7.342061947863679494e-01 -7.484825025005048538e-01 -7.441940244490421463e-01
-6.267321300370243264e-01 -5.656992831385043718e-01 -7.367653834832035287e-01 -6.986897525700945799e-01 -7.295829398585997883e-01 -7.347583446576053667e-01 -7.506683899731434462e-01
-6.955588004613024733e-01 -7.093625677830969201e-01 -7.961397894153535715e-01 -7.193558241641652140e-01 -7.540108260826322573e-01 -7.385034692658944966e-01 -7.452577018994746005e-01
-5.465807934638058363e-01 -7.820787225401907294e-01 -7.349510059142911889e-01 -7.544585924298361501e-01 -7.579817384948212000e-01 -7.434394522727584276e-01 -7.444694386293473354e-01
-3.007952493999268007e-01 -8.315737218881658066e-01 -7.065538081970126338e-01 -7.399660713257047995e-01 -7.436502484590947759e-01 -7.428268604752448212e-01 -7.532606991186148182e-01
-3.897653047220318023e-01 -6.695440671433143809e-01 -7.554536877857611632e-01 -7.562112393993503101e-01 -7.587462957349619952e-01 -7.582796513657713566e-01 -7.356241069823225009e-01
-5.247552637296188927e-01 -7.351147426791136974e-01 -7.815353067415744537e-01 -7.476652584548014735e-01 -7.411414500273174610e-01 -7.547380282911670957e-01 -7.505179747617329866e-01
-4.773926609891219197e-01 -7.572188846009404450e-01 -7.536706389329786981e-01 -7.162813947259409897e-01 -7.527509893337323010e-01 -7.431650166252705692e-01 -7.432442989181782256e-01
-5.897914357456153223e-01 -6.171306680222420349e-01 -8.094608825780575945e-01 -7.896415670540829490e-01 -7.461398697440499994e-01 -7.417251149162088497e-01 -7.513803984027968008e-01
-4.942791897351358488e-01 -6.788577914118807399e-01 -7.532920810772241182e-01 -7.410916728208482018e-01 -7.411482938763158668e-01 -7.422285121704151889e-01 -7.463797091456696453e-01
-4.179083113547515937e-01 -6.660353756490373645e-01 -7.035093253418491788e-01 -7.774929731763547958e-01 -7.435442063894249776e-01 -7.505285848733429521e-01 -7.472801836671678632e-01
-5.178426638152808792e-01 -8.508697227493989823e-01 -7.598364126317773692e-01 -7.815425180930819504e-01 -7.527250555984368319e-01 -7.369310477090762479e-01 -7.480268085271227774e-01
-5.405704754179181393e-01 -7.281224045852247029e-01 -7.550213015472101441e-01 -7.496045713858814352e-01 -7.605297912251072212e-01 -7.496405069212106476e-01 -7.490673465707675671e-01
-6.354616294334792803e-01 -7.149197847440773579e-01 -7.544362389841772210e-01 -7.770391575184003585e-01 -7.407584931712178911e-01 -7.526869937211241313e-01 -7.474208056350583051e-01
-6.069097527512419266e-01 -7.132442522304049959e-01 -7.499181415015534480e-01 -7.713721503716433059e-01 -7.439455762653737203e-01 -7.542750316223622020e-01 -7.479796461656491591e-01
-4.969427955769302740e-01 -7.332856627948571848e-01 -7.819764434359622873e-01 -7.256447247123622990e-01 -7.393339534143578140e-01 -7.394301523578099555e-01 -7.421332734464038960e-01
-5.102380633705063673e-01 -7.768445565153536680e-01 -7.312647680927550908e-01 -7.548725755735598009e-01 -7.000986525708887687e-01 -7.520794143982201252e-01 -7.363313836603753160e-01
-6.112080954302847591e-01 -5.808079157729600928e-01 -6.770924710269665692e-01 -7.792291822068445617e-01 -7.436969909611791385e-01 -7.399549343554714387e-01 -7.474434772523164128e-01
-3.287966907921869852e-01 -6.329982636005726526e-01 -6.776976541469489357e-01 -7.387068421364535453e-01 -7.651492716116806703e-01 -7.398905324907807390e-01 -7.477401687680778064e-01
-4.537321532951207881e-01 -7.327202382376969414e-01 -7.929151089089164772e-01 -7.189103577045894422e-01 -7.620218196287963375e-01 -7.657119692448235426e-01 -7.437756820507088751e-01
-5.930006598974911780e-01 -8.006153420236388207e-01 -8.401377175915668571e-01 -7.547062706330285309e-01 -7.513469861781392201e-01 -7.458242879536406411e-01 -7.426556462818918458e-01
-4.588642178442841058e-01 -7.467506147131435235e-01 -7.972458675802542860e-01 -7.317076018323199760e-01 -7.282723226283357443e-01 -7.480018461011774811e-01 -7.476250530540493600e-01
-6.286067017345260410e-01 -7.709141443437766972e-01 -6.964106369275305797e-01 -7.216907532123701952e-01 -7.677841676188185138e-01 -7.448557386315743933e-01 -7.442884099915432206e-01
-6.071405373441328690e-01 -7.586958716191120056e-01 -7.448137240034984341e-01 -7.284011097881507579e-01 -7.594505925637162758e-01 -7.375986839476436074e-01 -7.446798299330736892e-01
-5.488225447665260326e-01 -7.756842358560215311e-01 -6.640063270154159536e-01 -7.458656584701736092e-01 -7.419623705651312573e-01 -7.582195907953617198e-01 -7.468060965213902946e-01
-5.020748601260935917e-01 -6.892779680727916247e-01 -7.598623919276699112e-01 -7.594944344637742928e-01 -7.424874176401623505e-01 -7.562220672769646157e-01 -7.490243423528029076e-01
-6.927021310585178560e-01 -6.591146316556282247e-01 -7.212496814969483472e-01 -7.652939345766367474e-01 -7.333472268745098166e-01 -7.459978780018017286e-01 -7.467964387321803788e-01
-5.017552094290074205e-01 -5.913564505889110645e-01 -7.835714145410648257e-01 -7.366621979469440973e-01 -7.495681573621503224e-01 -7.420137392080652372e-01 -7.464472958118441026e-01
-3.952381719674989413e-01 -6.656082444996049841e-01 -7.428591368135286643e-01 -7.788355496113519294e-01 -7.113858464375438784e-01 -7.416263533656428653e-01 -7.535073176924571570e-01
-7.840644102251169700e-01 -7.368593981630240375e-01 -7.928659467226856217e-01 -7.773088847809302981e-01 -7.616485607782743639e-01 -7.601702066885710485e-01 -7.468465209378926106e-01
-6.719459247672383562e-01 -8.684196187232904318e-01 -7.168777748787180659e-01 -7.854388131954965768e-01 -7.496789070713981706e-01 -7.495398378132624995e-01 -7.437858598548015010e-01
-4.949396431285256748e-01 -6.077676263516944566e-01 -6.774661658645902973e-01 -6.966196310733400177e-01 -7.514284824168193655e-01 -7.499166421837497598e-01 -7.485733541737127350e-01
-5.025442435733002977e-01 -6.379338378496021145e-01 -7.909562681427718678e-01 -7.376840071052448433e-01 -7.291150790334890441e-01 -7.436694726201805716e-01 -7.414213925062871358e-01
-3.584260584269928218e-01 -7.576560912384519009e-01 -6.949959355411170492e-01 -7.672006883082962414e-01 -7.371991794021565125e-01 -7.514520505391699690e-01 -7.433811440853054231e-01
-2.849385796065443399e-01 -6.756223172912489972e-01 -6.637319621514310430e-01 -7.731975685604424164e-01 -7.795194176193042113e-01 -7.453932073835296546e-01 -7.403866885061343162e-01
-5.619741506130309094e-01 -6.212115979540184796e-01 -7.725522374959923333e-01 -7.777463197922019900e-01 -7.551370156201735462e-01 -7.427870829916771722e-01 -7.467673455955660122e-01
-7.977349042245521771e-01 -6.870509335444338062e-01 -7.795813906595456810e-01 -6.887319410278746057e-01 -7.411729452542381580e-01 -7.592017404545470249e-01 -7.485598425706678771e-01
-4.554571131515223747e-01 -7.734944790123209346e-01 -7.721759384763636769e-01 -6.782651991650410217e-01 -7.383901439786535459e-01 -7.539899944200340043e-01 -7.373553375048498282e-01
-3.607570290821443537e-01 -8.266005776742750832e-01 -7.142613666092271218e-01 -7.288304242167871205e-01 -7.587542543853339483e-01 -7.538654794969317230e-01 -7.440690452345006811e-01
-6.256676235740126213e-01 -7.737721034686544375e-01 -7.706400916333657758e-01 -7.511316430427132929e-01 -7.635771963014009733e-01 -7.560746857767428608e-01 -7.498484893491976777e-01
-3.570289167773381678e-01 -6.514010245132717536e-01 -7.443240209836468058e-01 -7.709200666796750534e-01 -7.638056962249811788e-01 -7.438528072850714157e-01 -7.399614151423210551e-01
-4.756677011327204441e-01 -7.106583809386465278e-01 -7.301609252229934732e-01 -7.627911180717164008e-01 -7.443490462752977432e-01 -7.431997452522405290e-01 -7.441825739667962125e-01
-5.695787510578055324e-01 -6.420918597736948730e-01 -7.932189033162242442e-01 -7.507541976836713538e-01 -7.551837096128075633e-01 -7.522884226171275834e-01 -7.532717969075752862e-01
-4.111819644067011836e-01 -8.292985905719462147e-01 -8.098328358061726018e-01 -7.793215442148062611e-01 -7.299523524602191671e-01 -7.422391942773801654e-01 -7.486451392997141019e-01
-5.975801924500656614e-01 -7.785073399314023090e-01 -6.992414630096157602e-01 -7.635786015711187869e-01 -7.498213758459606471e-01 -7.490491209481398016e-01 -7.435017061553044204e-01
-5.568441827704790903e-01 -7.354033723851964854e-01 -8.114822904916337842e-01 -7.236667728469048377e-01 -7.430528878579292229e-01 -7.490250500290767111e-01 -7.455942953812677576e-01
-5.611818868479934164e-01 -8.408502417304538623e-01 -7.260000115882829785e-01 -7.807617033134913731e-01 -7.487232554413217889e-01 -7.418852164073397315e-01 -7.517315963362785070e-01
-6.250071701806227953e-01 -6.566864403577864495e-01 -8.015002488171855122e-01 -7.188176957880934026e-01 -7.506847840895307655e-01 -7.604645520264513570e-01 -7.424464257051313076e-01
