0.1152558750 0 0 0 0 1 3 
0.0954105000 0 0 0 0 3 1 
0.0615217500 0 0 0 1 3 0 
0.0599055000 0 0 0 3 0 1 
0.0444797500 0 0 0 3 1 0 
0.0954105000 0 0 1 0 3 0 
0.0615217500 0 0 1 1 3 1 
0.0599055000 0 0 1 3 0 0 
0.0444797500 0 0 1 3 1 1 
0.0615217500 0 0 2 1 3 2 
0.0444797500 0 0 2 3 1 2 
0.1152558750 0 0 3 0 1 0 
0.0615217500 0 0 3 1 3 3 
0.0444797500 0 0 3 3 1 3 
0.1152558750 0 1 0 0 0 3 
0.0444797500 0 1 0 3 0 0 
0.0599055000 0 1 0 3 1 1 
0.0444797500 0 1 1 3 0 1 
0.0599055000 0 1 1 3 1 0 
0.0444797500 0 1 2 3 0 2 
0.1152558750 0 1 3 0 0 0 
0.0954105000 0 1 3 0 2 2 
0.0444797500 0 1 3 3 0 3 
0.0599055000 0 2 0 3 2 1 
0.0599055000 0 2 1 3 2 0 
0.0954105000 0 2 2 0 1 3 
0.1152558750 0 2 2 0 3 1 
0.0954105000 0 3 0 0 0 1 
0.0615217500 0 3 0 1 0 0 
0.0599055000 0 3 0 3 3 1 
0.0954105000 0 3 1 0 0 0 
0.1152558750 0 3 1 0 2 2 
0.0615217500 0 3 1 1 0 1 
0.0599055000 0 3 1 3 3 0 
0.0615217500 0 3 2 1 0 2 
0.0615217500 0 3 3 1 0 3 
0.0615217500 1 0 0 0 3 0 
0.1152558750 1 0 0 1 1 3 
0.0954105000 1 0 0 1 3 1 
0.0615217500 1 0 1 0 3 1 
0.0954105000 1 0 1 1 3 0 
0.0615217500 1 0 2 0 3 2 
0.0615217500 1 0 3 0 3 3 
0.1152558750 1 0 3 1 1 0 
0.0599055000 1 0 3 2 0 2 
0.1152558750 1 1 0 1 0 3 
0.1152558750 1 1 3 1 0 0 
0.0954105000 1 1 3 1 2 2 
0.0599055000 1 1 3 2 1 2 
0.0954105000 1 2 2 1 1 3 
0.1152558750 1 2 2 1 3 1 
0.0599055000 1 2 3 2 2 2 
0.0615217500 1 3 0 0 0 0 
0.0954105000 1 3 0 1 0 1 
0.0444797500 1 3 0 2 2 0 
0.0615217500 1 3 1 0 0 1 
0.0954105000 1 3 1 1 0 0 
0.1152558750 1 3 1 1 2 2 
0.0444797500 1 3 1 2 2 1 
0.0615217500 1 3 2 0 0 2 
0.0444797500 1 3 2 2 2 2 
0.0615217500 1 3 3 0 0 3 
0.0444797500 1 3 3 2 2 3 
0.0599055000 1 3 3 2 3 2 
0.1152558750 2 0 0 2 1 3 
0.0954105000 2 0 0 2 3 1 
0.0954105000 2 0 1 2 3 0 
0.1097872500 2 0 1 3 0 2 
0.0599055000 2 0 2 1 0 3 
0.1152558750 2 0 3 2 1 0 
0.1152558750 2 1 0 2 0 3 
0.1097872500 2 1 1 3 1 2 
0.0599055000 2 1 2 1 1 3 
0.1152558750 2 1 3 2 0 0 
0.0954105000 2 1 3 2 2 2 
0.0444797500 2 2 0 1 3 0 
0.0615217500 2 2 0 3 1 0 
0.0444797500 2 2 1 1 3 1 
0.0615217500 2 2 1 3 1 1 
0.1097872500 2 2 1 3 2 2 
0.0599055000 2 2 2 1 2 3 
0.0444797500 2 2 2 1 3 2 
0.0954105000 2 2 2 2 1 3 
0.1152558750 2 2 2 2 3 1 
0.0615217500 2 2 2 3 1 2 
0.0444797500 2 2 3 1 3 3 
0.0615217500 2 2 3 3 1 3 
0.0954105000 2 3 0 2 0 1 
0.0954105000 2 3 1 2 0 0 
0.1152558750 2 3 1 2 2 2 
0.1097872500 2 3 1 3 3 2 
0.0599055000 2 3 2 1 3 3 
0.0599055000 3 0 0 0 0 1 
0.0444797500 3 0 0 0 1 0 
0.1152558750 3 0 0 3 1 3 
0.0954105000 3 0 0 3 3 1 
0.0599055000 3 0 1 0 0 0 
0.0444797500 3 0 1 0 1 1 
0.0954105000 3 0 1 3 3 0 
0.0444797500 3 0 2 0 1 2 
0.1097872500 3 0 2 2 0 1 
0.0444797500 3 0 3 0 1 3 
0.1152558750 3 0 3 3 1 0 
0.0444797500 3 1 0 0 0 0 
0.0599055000 3 1 0 0 1 1 
0.0615217500 3 1 0 2 2 0 
0.1152558750 3 1 0 3 0 3 
0.0444797500 3 1 1 0 0 1 
0.0599055000 3 1 1 0 1 0 
0.0615217500 3 1 1 2 2 1 
0.0444797500 3 1 2 0 0 2 
0.1097872500 3 1 2 2 1 1 
0.0615217500 3 1 2 2 2 2 
0.0444797500 3 1 3 0 0 3 
0.0615217500 3 1 3 2 2 3 
0.1152558750 3 1 3 3 0 0 
0.0954105000 3 1 3 3 2 2 
0.0599055000 3 2 0 0 2 1 
0.0599055000 3 2 1 0 2 0 
0.1097872500 3 2 2 2 2 1 
0.0954105000 3 2 2 3 1 3 
0.1152558750 3 2 2 3 3 1 
0.0599055000 3 3 0 0 3 1 
0.0954105000 3 3 0 3 0 1 
0.0599055000 3 3 1 0 3 0 
0.0954105000 3 3 1 3 0 0 
0.1152558750 3 3 1 3 2 2 
0.1097872500 3 3 2 2 3 1 
