0.0563383750 0 0 0 0 0 0 1 3 
0.0287436875 0 0 0 0 0 1 3 0 
0.0618600000 0 0 0 0 0 3 1 0 
0.0522286875 0 0 0 0 1 0 0 3 
0.0171455000 0 0 0 0 1 0 3 0 
0.0050180625 0 0 0 0 3 0 0 1 
0.0272922500 0 0 0 0 3 0 1 0 
0.0287436875 0 0 0 1 0 1 3 1 
0.0618600000 0 0 0 1 0 3 1 1 
0.0171455000 0 0 0 1 1 0 3 1 
0.0050180625 0 0 0 1 3 0 0 0 
0.0272922500 0 0 0 1 3 0 1 1 
0.0287436875 0 0 0 2 0 1 3 2 
0.0618600000 0 0 0 2 0 3 1 2 
0.0171455000 0 0 0 2 1 0 3 2 
0.0272922500 0 0 0 2 3 0 1 2 
0.0563383750 0 0 0 3 0 0 1 0 
0.0287436875 0 0 0 3 0 1 3 3 
0.0618600000 0 0 0 3 0 3 1 3 
0.0522286875 0 0 0 3 1 0 0 0 
0.0171455000 0 0 0 3 1 0 3 3 
0.0272922500 0 0 0 3 3 0 1 3 
0.0563383750 0 0 1 0 0 0 0 3 
0.0618600000 0 0 1 0 0 3 0 0 
0.0522286875 0 0 1 0 1 0 1 3 
0.0272922500 0 0 1 0 3 0 0 0 
0.0050180625 0 0 1 0 3 0 1 1 
0.0618600000 0 0 1 1 0 3 0 1 
0.0272922500 0 0 1 1 3 0 0 1 
0.0050180625 0 0 1 1 3 0 1 0 
0.0311373750 0 0 1 2 0 0 2 3 
0.0618600000 0 0 1 2 0 3 0 2 
0.0272922500 0 0 1 2 3 0 0 2 
0.0563383750 0 0 1 3 0 0 0 0 
0.0618600000 0 0 1 3 0 3 0 3 
0.0522286875 0 0 1 3 1 0 1 0 
0.0272922500 0 0 1 3 3 0 0 3 
0.0522286875 0 0 2 0 1 0 2 3 
0.0050180625 0 0 2 0 3 0 2 1 
0.0050180625 0 0 2 1 3 0 2 0 
0.0563383750 0 0 2 2 0 0 3 1 
0.0311373750 0 0 2 3 0 0 1 2 
0.0522286875 0 0 2 3 1 0 2 0 
0.0287436875 0 0 3 0 0 1 0 0 
0.0171455000 0 0 3 0 1 0 0 0 
0.0522286875 0 0 3 0 1 0 3 3 
0.0050180625 0 0 3 0 3 0 3 1 
0.0563383750 0 0 3 1 0 0 2 2 
0.0287436875 0 0 3 1 0 1 0 1 
0.0171455000 0 0 3 1 1 0 0 1 
0.0050180625 0 0 3 1 3 0 3 0 
0.0287436875 0 0 3 2 0 1 0 2 
0.0171455000 0 0 3 2 1 0 0 2 
0.0287436875 0 0 3 3 0 1 0 3 
0.0171455000 0 0 3 3 1 0 0 3 
0.0522286875 0 0 3 3 1 0 3 0 
0.0287436875 0 1 0 0 0 0 3 0 
0.0563383750 0 1 0 0 0 1 1 3 
0.0522286875 0 1 0 0 1 1 0 3 
0.0171455000 0 1 0 0 1 1 3 0 
0.0050180625 0 1 0 0 3 1 0 1 
0.0272922500 0 1 0 0 3 1 1 0 
0.0287436875 0 1 0 1 0 0 3 1 
0.0171455000 0 1 0 1 1 1 3 1 
0.0050180625 0 1 0 1 3 1 0 0 
0.0272922500 0 1 0 1 3 1 1 1 
0.0287436875 0 1 0 2 0 0 3 2 
0.0456295000 0 1 0 2 0 2 0 3 
0.0171455000 0 1 0 2 1 1 3 2 
0.0272922500 0 1 0 2 3 1 1 2 
0.0287436875 0 1 0 3 0 0 3 3 
0.0563383750 0 1 0 3 0 1 1 0 
0.0522286875 0 1 0 3 1 1 0 0 
0.0171455000 0 1 0 3 1 1 3 3 
0.0272922500 0 1 0 3 3 1 1 3 
0.0563383750 0 1 1 0 0 1 0 3 
0.0522286875 0 1 1 0 1 1 1 3 
0.0272922500 0 1 1 0 3 1 0 0 
0.0050180625 0 1 1 0 3 1 1 1 
0.0272922500 0 1 1 1 3 1 0 1 
0.0050180625 0 1 1 1 3 1 1 0 
0.0311373750 0 1 1 2 0 1 2 3 
0.0456295000 0 1 1 2 0 2 1 3 
0.0272922500 0 1 1 2 3 1 0 2 
0.0563383750 0 1 1 3 0 1 0 0 
0.0522286875 0 1 1 3 1 1 1 0 
0.0272922500 0 1 1 3 3 1 0 3 
0.0522286875 0 1 2 0 1 1 2 3 
0.0050180625 0 1 2 0 3 1 2 1 
0.0050180625 0 1 2 1 3 1 2 0 
0.0563383750 0 1 2 2 0 1 3 1 
0.0456295000 0 1 2 2 0 2 2 3 
0.0311373750 0 1 2 3 0 1 1 2 
0.0522286875 0 1 2 3 1 1 2 0 
0.0287436875 0 1 3 0 0 0 0 0 
0.0618600000 0 1 3 0 0 2 2 0 
0.0171455000 0 1 3 0 1 1 0 0 
0.0522286875 0 1 3 0 1 1 3 3 
0.0050180625 0 1 3 0 3 1 3 1 
0.0287436875 0 1 3 1 0 0 0 1 
0.0563383750 0 1 3 1 0 1 2 2 
0.0618600000 0 1 3 1 0 2 2 1 
0.0171455000 0 1 3 1 1 1 0 1 
0.0050180625 0 1 3 1 3 1 3 0 
0.0287436875 0 1 3 2 0 0 0 2 
0.0618600000 0 1 3 2 0 2 2 2 
0.0456295000 0 1 3 2 0 2 3 3 
0.0171455000 0 1 3 2 1 1 0 2 
0.0287436875 0 1 3 3 0 0 0 3 
0.0618600000 0 1 3 3 0 2 2 3 
0.0171455000 0 1 3 3 1 1 0 3 
0.0522286875 0 1 3 3 1 1 3 0 
0.0563383750 0 2 0 0 0 2 1 3 
0.0522286875 0 2 0 0 1 2 0 3 
0.0171455000 0 2 0 0 1 2 3 0 
0.0050180625 0 2 0 0 3 2 0 1 
0.0272922500 0 2 0 0 3 2 1 0 
0.0243158750 0 2 0 1 0 3 0 2 
0.0171455000 0 2 0 1 1 2 3 1 
0.0050180625 0 2 0 1 3 2 0 0 
0.0272922500 0 2 0 1 3 2 1 1 
0.0171455000 0 2 0 2 1 2 3 2 
0.0272922500 0 2 0 2 3 2 1 2 
0.0456295000 0 2 0 3 0 1 0 2 
0.0563383750 0 2 0 3 0 2 1 0 
0.0522286875 0 2 0 3 1 2 0 0 
0.0171455000 0 2 0 3 1 2 3 3 
0.0272922500 0 2 0 3 3 2 1 3 
0.0563383750 0 2 1 0 0 2 0 3 
0.0522286875 0 2 1 0 1 2 1 3 
0.0272922500 0 2 1 0 3 2 0 0 
0.0050180625 0 2 1 0 3 2 1 1 
0.0243158750 0 2 1 1 0 3 1 2 
0.0272922500 0 2 1 1 3 2 0 1 
0.0050180625 0 2 1 1 3 2 1 0 
0.0311373750 0 2 1 2 0 2 2 3 
0.0272922500 0 2 1 2 3 2 0 2 
0.0456295000 0 2 1 3 0 1 1 2 
0.0563383750 0 2 1 3 0 2 0 0 
0.0522286875 0 2 1 3 1 2 1 0 
0.0272922500 0 2 1 3 3 2 0 3 
0.0618600000 0 2 2 0 0 1 3 0 
0.0287436875 0 2 2 0 0 3 1 0 
0.0522286875 0 2 2 0 1 2 2 3 
0.0050180625 0 2 2 0 3 2 2 1 
0.0618600000 0 2 2 1 0 1 3 1 
0.0287436875 0 2 2 1 0 3 1 1 
0.0243158750 0 2 2 1 0 3 2 2 
0.0050180625 0 2 2 1 3 2 2 0 
0.0618600000 0 2 2 2 0 1 3 2 
0.0563383750 0 2 2 2 0 2 3 1 
0.0287436875 0 2 2 2 0 3 1 2 
0.0456295000 0 2 2 3 0 1 2 2 
0.0618600000 0 2 2 3 0 1 3 3 
0.0311373750 0 2 2 3 0 2 1 2 
0.0287436875 0 2 2 3 0 3 1 3 
0.0522286875 0 2 2 3 1 2 2 0 
0.0171455000 0 2 3 0 1 2 0 0 
0.0522286875 0 2 3 0 1 2 3 3 
0.0050180625 0 2 3 0 3 2 3 1 
0.0563383750 0 2 3 1 0 2 2 2 
0.0243158750 0 2 3 1 0 3 3 2 
0.0171455000 0 2 3 1 1 2 0 1 
0.0050180625 0 2 3 1 3 2 3 0 
0.0171455000 0 2 3 2 1 2 0 2 
0.0456295000 0 2 3 3 0 1 3 2 
0.0171455000 0 2 3 3 1 2 0 3 
0.0522286875 0 2 3 3 1 2 3 0 
0.0618600000 0 3 0 0 0 0 1 0 
0.0563383750 0 3 0 0 0 3 1 3 
0.0522286875 0 3 0 0 1 3 0 3 
0.0171455000 0 3 0 0 1 3 3 0 
0.0050180625 0 3 0 0 3 3 0 1 
0.0272922500 0 3 0 0 3 3 1 0 
0.0618600000 0 3 0 1 0 0 1 1 
0.0171455000 0 3 0 1 1 3 3 1 
0.0050180625 0 3 0 1 3 3 0 0 
0.0272922500 0 3 0 1 3 3 1 1 
0.0618600000 0 3 0 2 0 0 1 2 
0.0243158750 0 3 0 2 0 2 0 1 
0.0171455000 0 3 0 2 1 3 3 2 
0.0272922500 0 3 0 2 3 3 1 2 
0.0618600000 0 3 0 3 0 0 1 3 
0.0563383750 0 3 0 3 0 3 1 0 
0.0522286875 0 3 0 3 1 3 0 0 
0.0171455000 0 3 0 3 1 3 3 3 
0.0272922500 0 3 0 3 3 3 1 3 
0.0618600000 0 3 1 0 0 0 0 0 
0.0287436875 0 3 1 0 0 2 2 0 
0.0563383750 0 3 1 0 0 3 0 3 
0.0522286875 0 3 1 0 1 3 1 3 
0.0272922500 0 3 1 0 3 3 0 0 
0.0050180625 0 3 1 0 3 3 1 1 
0.0618600000 0 3 1 1 0 0 0 1 
0.0287436875 0 3 1 1 0 2 2 1 
0.0272922500 0 3 1 1 3 3 0 1 
0.0050180625 0 3 1 1 3 3 1 0 
0.0618600000 0 3 1 2 0 0 0 2 
0.0243158750 0 3 1 2 0 2 1 1 
0.0287436875 0 3 1 2 0 2 2 2 
0.0311373750 0 3 1 2 0 3 2 3 
0.0272922500 0 3 1 2 3 3 0 2 
0.0618600000 0 3 1 3 0 0 0 3 
0.0287436875 0 3 1 3 0 2 2 3 
0.0563383750 0 3 1 3 0 3 0 0 
0.0522286875 0 3 1 3 1 3 1 0 
0.0272922500 0 3 1 3 3 3 0 3 
0.0522286875 0 3 2 0 1 3 2 3 
0.0050180625 0 3 2 0 3 3 2 1 
0.0050180625 0 3 2 1 3 3 2 0 
0.0243158750 0 3 2 2 0 2 2 1 
0.0563383750 0 3 2 2 0 3 3 1 
0.0311373750 0 3 2 3 0 3 1 2 
0.0522286875 0 3 2 3 1 3 2 0 
0.0171455000 0 3 3 0 1 3 0 0 
0.0522286875 0 3 3 0 1 3 3 3 
0.0050180625 0 3 3 0 3 3 3 1 
0.0563383750 0 3 3 1 0 3 2 2 
0.0171455000 0 3 3 1 1 3 0 1 
0.0050180625 0 3 3 1 3 3 3 0 
0.0243158750 0 3 3 2 0 2 3 1 
0.0171455000 0 3 3 2 1 3 0 2 
0.0171455000 0 3 3 3 1 3 0 3 
0.0522286875 0 3 3 3 1 3 3 0 
0.0522286875 1 0 0 0 0 0 0 3 
0.0171455000 1 0 0 0 0 0 3 0 
0.0563383750 1 0 0 0 1 0 1 3 
0.0287436875 1 0 0 0 1 1 3 0 
0.0618600000 1 0 0 0 1 3 1 0 
0.0171455000 1 0 0 1 0 0 3 1 
0.0287436875 1 0 0 1 1 1 3 1 
0.0618600000 1 0 0 1 1 3 1 1 
0.0171455000 1 0 0 2 0 0 3 2 
0.0287436875 1 0 0 2 1 1 3 2 
0.0618600000 1 0 0 2 1 3 1 2 
0.0522286875 1 0 0 3 0 0 0 0 
0.0171455000 1 0 0 3 0 0 3 3 
0.0563383750 1 0 0 3 1 0 1 0 
0.0287436875 1 0 0 3 1 1 3 3 
0.0618600000 1 0 0 3 1 3 1 3 
0.0050180625 1 0 0 3 2 0 0 2 
0.0522286875 1 0 1 0 0 0 1 3 
0.0563383750 1 0 1 0 1 0 0 3 
0.0618600000 1 0 1 0 1 3 0 0 
0.0618600000 1 0 1 1 1 3 0 1 
0.0311373750 1 0 1 2 1 0 2 3 
0.0618600000 1 0 1 2 1 3 0 2 
0.0522286875 1 0 1 3 0 0 1 0 
0.0563383750 1 0 1 3 1 0 0 0 
0.0618600000 1 0 1 3 1 3 0 3 
0.0050180625 1 0 1 3 2 0 1 2 
0.0522286875 1 0 2 0 0 0 2 3 
0.0563383750 1 0 2 2 1 0 3 1 
0.0522286875 1 0 2 3 0 0 2 0 
0.0311373750 1 0 2 3 1 0 1 2 
0.0050180625 1 0 2 3 2 0 2 2 
0.0171455000 1 0 3 0 0 0 0 0 
0.0522286875 1 0 3 0 0 0 3 3 
0.0287436875 1 0 3 0 1 1 0 0 
0.0272922500 1 0 3 0 2 0 2 0 
0.0171455000 1 0 3 1 0 0 0 1 
0.0563383750 1 0 3 1 1 0 2 2 
0.0287436875 1 0 3 1 1 1 0 1 
0.0272922500 1 0 3 1 2 0 2 1 
0.0171455000 1 0 3 2 0 0 0 2 
0.0287436875 1 0 3 2 1 1 0 2 
0.0272922500 1 0 3 2 2 0 2 2 
0.0171455000 1 0 3 3 0 0 0 3 
0.0522286875 1 0 3 3 0 0 3 0 
0.0287436875 1 0 3 3 1 1 0 3 
0.0272922500 1 0 3 3 2 0 2 3 
0.0050180625 1 0 3 3 2 0 3 2 
0.0522286875 1 1 0 0 0 1 0 3 
0.0171455000 1 1 0 0 0 1 3 0 
0.0287436875 1 1 0 0 1 0 3 0 
0.0563383750 1 1 0 0 1 1 1 3 
0.0171455000 1 1 0 1 0 1 3 1 
0.0287436875 1 1 0 1 1 0 3 1 
0.0171455000 1 1 0 2 0 1 3 2 
0.0287436875 1 1 0 2 1 0 3 2 
0.0456295000 1 1 0 2 1 2 0 3 
0.0522286875 1 1 0 3 0 1 0 0 
0.0171455000 1 1 0 3 0 1 3 3 
0.0287436875 1 1 0 3 1 0 3 3 
0.0563383750 1 1 0 3 1 1 1 0 
0.0050180625 1 1 0 3 2 1 0 2 
0.0522286875 1 1 1 0 0 1 1 3 
0.0563383750 1 1 1 0 1 1 0 3 
0.0311373750 1 1 1 2 1 1 2 3 
0.0456295000 1 1 1 2 1 2 1 3 
0.0522286875 1 1 1 3 0 1 1 0 
0.0563383750 1 1 1 3 1 1 0 0 
0.0050180625 1 1 1 3 2 1 1 2 
0.0522286875 1 1 2 0 0 1 2 3 
0.0563383750 1 1 2 2 1 1 3 1 
0.0456295000 1 1 2 2 1 2 2 3 
0.0522286875 1 1 2 3 0 1 2 0 
0.0311373750 1 1 2 3 1 1 1 2 
0.0050180625 1 1 2 3 2 1 2 2 
0.0171455000 1 1 3 0 0 1 0 0 
0.0522286875 1 1 3 0 0 1 3 3 
0.0287436875 1 1 3 0 1 0 0 0 
0.0618600000 1 1 3 0 1 2 2 0 
0.0272922500 1 1 3 0 2 1 2 0 
0.0171455000 1 1 3 1 0 1 0 1 
0.0287436875 1 1 3 1 1 0 0 1 
0.0563383750 1 1 3 1 1 1 2 2 
0.0618600000 1 1 3 1 1 2 2 1 
0.0272922500 1 1 3 1 2 1 2 1 
0.0171455000 1 1 3 2 0 1 0 2 
0.0287436875 1 1 3 2 1 0 0 2 
0.0618600000 1 1 3 2 1 2 2 2 
0.0456295000 1 1 3 2 1 2 3 3 
0.0272922500 1 1 3 2 2 1 2 2 
0.0171455000 1 1 3 3 0 1 0 3 
0.0522286875 1 1 3 3 0 1 3 0 
0.0287436875 1 1 3 3 1 0 0 3 
0.0618600000 1 1 3 3 1 2 2 3 
0.0272922500 1 1 3 3 2 1 2 3 
0.0050180625 1 1 3 3 2 1 3 2 
0.0522286875 1 2 0 0 0 2 0 3 
0.0171455000 1 2 0 0 0 2 3 0 
0.0563383750 1 2 0 0 1 2 1 3 
0.0445422500 1 2 0 0 2 3 0 0 
0.0171455000 1 2 0 1 0 2 3 1 
0.0243158750 1 2 0 1 1 3 0 2 
0.0445422500 1 2 0 1 2 3 0 1 
0.0171455000 1 2 0 2 0 2 3 2 
0.0445422500 1 2 0 2 2 3 0 2 
0.0522286875 1 2 0 3 0 2 0 0 
0.0171455000 1 2 0 3 0 2 3 3 
0.0456295000 1 2 0 3 1 1 0 2 
0.0563383750 1 2 0 3 1 2 1 0 
0.0050180625 1 2 0 3 2 2 0 2 
0.0445422500 1 2 0 3 2 3 0 3 
0.0522286875 1 2 1 0 0 2 1 3 
0.0563383750 1 2 1 0 1 2 0 3 
0.0445422500 1 2 1 0 2 3 1 0 
0.0243158750 1 2 1 1 1 3 1 2 
0.0445422500 1 2 1 1 2 3 1 1 
0.0311373750 1 2 1 2 1 2 2 3 
0.0445422500 1 2 1 2 2 3 1 2 
0.0522286875 1 2 1 3 0 2 1 0 
0.0456295000 1 2 1 3 1 1 1 2 
0.0563383750 1 2 1 3 1 2 0 0 
0.0050180625 1 2 1 3 2 2 1 2 
0.0445422500 1 2 1 3 2 3 1 3 
0.0522286875 1 2 2 0 0 2 2 3 
0.0618600000 1 2 2 0 1 1 3 0 
0.0287436875 1 2 2 0 1 3 1 0 
0.0445422500 1 2 2 0 2 3 2 0 
0.0618600000 1 2 2 1 1 1 3 1 
0.0287436875 1 2 2 1 1 3 1 1 
0.0243158750 1 2 2 1 1 3 2 2 
0.0445422500 1 2 2 1 2 3 2 1 
0.0618600000 1 2 2 2 1 1 3 2 
0.0563383750 1 2 2 2 1 2 3 1 
0.0287436875 1 2 2 2 1 3 1 2 
0.0445422500 1 2 2 2 2 3 2 2 
0.0522286875 1 2 2 3 0 2 2 0 
0.0456295000 1 2 2 3 1 1 2 2 
0.0618600000 1 2 2 3 1 1 3 3 
0.0311373750 1 2 2 3 1 2 1 2 
0.0287436875 1 2 2 3 1 3 1 3 
0.0050180625 1 2 2 3 2 2 2 2 
0.0445422500 1 2 2 3 2 3 2 3 
0.0171455000 1 2 3 0 0 2 0 0 
0.0522286875 1 2 3 0 0 2 3 3 
0.0272922500 1 2 3 0 2 2 2 0 
0.0445422500 1 2 3 0 2 3 3 0 
0.0171455000 1 2 3 1 0 2 0 1 
0.0563383750 1 2 3 1 1 2 2 2 
0.0243158750 1 2 3 1 1 3 3 2 
0.0272922500 1 2 3 1 2 2 2 1 
0.0445422500 1 2 3 1 2 3 3 1 
0.0171455000 1 2 3 2 0 2 0 2 
0.0272922500 1 2 3 2 2 2 2 2 
0.0445422500 1 2 3 2 2 3 3 2 
0.0171455000 1 2 3 3 0 2 0 3 
0.0522286875 1 2 3 3 0 2 3 0 
0.0456295000 1 2 3 3 1 1 3 2 
0.0272922500 1 2 3 3 2 2 2 3 
0.0050180625 1 2 3 3 2 2 3 2 
0.0445422500 1 2 3 3 2 3 3 3 
0.0522286875 1 3 0 0 0 3 0 3 
0.0171455000 1 3 0 0 0 3 3 0 
0.0618600000 1 3 0 0 1 0 1 0 
0.0563383750 1 3 0 0 1 3 1 3 
0.0171455000 1 3 0 1 0 3 3 1 
0.0618600000 1 3 0 1 1 0 1 1 
0.0171455000 1 3 0 2 0 3 3 2 
0.0618600000 1 3 0 2 1 0 1 2 
0.0243158750 1 3 0 2 1 2 0 1 
0.0522286875 1 3 0 3 0 3 0 0 
0.0171455000 1 3 0 3 0 3 3 3 
0.0618600000 1 3 0 3 1 0 1 3 
0.0563383750 1 3 0 3 1 3 1 0 
0.0050180625 1 3 0 3 2 3 0 2 
0.0522286875 1 3 1 0 0 3 1 3 
0.0618600000 1 3 1 0 1 0 0 0 
0.0287436875 1 3 1 0 1 2 2 0 
0.0563383750 1 3 1 0 1 3 0 3 
0.0618600000 1 3 1 1 1 0 0 1 
0.0287436875 1 3 1 1 1 2 2 1 
0.0618600000 1 3 1 2 1 0 0 2 
0.0243158750 1 3 1 2 1 2 1 1 
0.0287436875 1 3 1 2 1 2 2 2 
0.0311373750 1 3 1 2 1 3 2 3 
0.0522286875 1 3 1 3 0 3 1 0 
0.0618600000 1 3 1 3 1 0 0 3 
0.0287436875 1 3 1 3 1 2 2 3 
0.0563383750 1 3 1 3 1 3 0 0 
0.0050180625 1 3 1 3 2 3 1 2 
0.0522286875 1 3 2 0 0 3 2 3 
0.0243158750 1 3 2 2 1 2 2 1 
0.0563383750 1 3 2 2 1 3 3 1 
0.0522286875 1 3 2 3 0 3 2 0 
0.0311373750 1 3 2 3 1 3 1 2 
0.0050180625 1 3 2 3 2 3 2 2 
0.0171455000 1 3 3 0 0 3 0 0 
0.0522286875 1 3 3 0 0 3 3 3 
0.0272922500 1 3 3 0 2 3 2 0 
0.0171455000 1 3 3 1 0 3 0 1 
0.0563383750 1 3 3 1 1 3 2 2 
0.0272922500 1 3 3 1 2 3 2 1 
0.0171455000 1 3 3 2 0 3 0 2 
0.0243158750 1 3 3 2 1 2 3 1 
0.0272922500 1 3 3 2 2 3 2 2 
0.0171455000 1 3 3 3 0 3 0 3 
0.0522286875 1 3 3 3 0 3 3 0 
0.0272922500 1 3 3 3 2 3 2 3 
0.0050180625 1 3 3 3 2 3 3 2 
0.0563383750 2 0 0 0 2 0 1 3 
0.0287436875 2 0 0 0 2 1 3 0 
0.0618600000 2 0 0 0 2 3 1 0 
0.0287436875 2 0 0 1 2 1 3 1 
0.0618600000 2 0 0 1 2 3 1 1 
0.0050180625 2 0 0 2 1 0 0 3 
0.0287436875 2 0 0 2 2 1 3 2 
0.0618600000 2 0 0 2 2 3 1 2 
0.0522286875 2 0 0 2 3 0 0 1 
0.0563383750 2 0 0 3 2 0 1 0 
0.0287436875 2 0 0 3 2 1 3 3 
0.0618600000 2 0 0 3 2 3 1 3 
0.0563383750 2 0 1 0 2 0 0 3 
0.0618600000 2 0 1 0 2 3 0 0 
0.0618600000 2 0 1 1 2 3 0 1 
0.0050180625 2 0 1 2 1 0 1 3 
0.0311373750 2 0 1 2 2 0 2 3 
0.0618600000 2 0 1 2 2 3 0 2 
0.0522286875 2 0 1 2 3 0 1 1 
0.0563383750 2 0 1 3 2 0 0 0 
0.0618600000 2 0 1 3 2 3 0 3 
0.0272922500 2 0 2 0 1 0 3 0 
0.0171455000 2 0 2 0 3 0 1 0 
0.0272922500 2 0 2 1 1 0 3 1 
0.0171455000 2 0 2 1 3 0 1 1 
0.0050180625 2 0 2 2 1 0 2 3 
0.0272922500 2 0 2 2 1 0 3 2 
0.0563383750 2 0 2 2 2 0 3 1 
0.0171455000 2 0 2 2 3 0 1 2 
0.0522286875 2 0 2 2 3 0 2 1 
0.0272922500 2 0 2 3 1 0 3 3 
0.0311373750 2 0 2 3 2 0 1 2 
0.0171455000 2 0 2 3 3 0 1 3 
0.0287436875 2 0 3 0 2 1 0 0 
0.0563383750 2 0 3 1 2 0 2 2 
0.0287436875 2 0 3 1 2 1 0 1 
0.0050180625 2 0 3 2 1 0 3 3 
0.0287436875 2 0 3 2 2 1 0 2 
0.0522286875 2 0 3 2 3 0 3 1 
0.0287436875 2 0 3 3 2 1 0 3 
0.0287436875 2 1 0 0 2 0 3 0 
0.0563383750 2 1 0 0 2 1 1 3 
0.0341556250 2 1 0 0 3 2 0 0 
0.0287436875 2 1 0 1 2 0 3 1 
0.0341556250 2 1 0 1 3 2 0 1 
0.0050180625 2 1 0 2 1 1 0 3 
0.0287436875 2 1 0 2 2 0 3 2 
0.0456295000 2 1 0 2 2 2 0 3 
0.0522286875 2 1 0 2 3 1 0 1 
0.0341556250 2 1 0 2 3 2 0 2 
0.0287436875 2 1 0 3 2 0 3 3 
0.0563383750 2 1 0 3 2 1 1 0 
0.0341556250 2 1 0 3 3 2 0 3 
0.0563383750 2 1 1 0 2 1 0 3 
0.0341556250 2 1 1 0 3 2 1 0 
0.0341556250 2 1 1 1 3 2 1 1 
0.0050180625 2 1 1 2 1 1 1 3 
0.0311373750 2 1 1 2 2 1 2 3 
0.0456295000 2 1 1 2 2 2 1 3 
0.0522286875 2 1 1 2 3 1 1 1 
0.0341556250 2 1 1 2 3 2 1 2 
0.0563383750 2 1 1 3 2 1 0 0 
0.0341556250 2 1 1 3 3 2 1 3 
0.0272922500 2 1 2 0 1 1 3 0 
0.0171455000 2 1 2 0 3 1 1 0 
0.0341556250 2 1 2 0 3 2 2 0 
0.0272922500 2 1 2 1 1 1 3 1 
0.0171455000 2 1 2 1 3 1 1 1 
0.0341556250 2 1 2 1 3 2 2 1 
0.0050180625 2 1 2 2 1 1 2 3 
0.0272922500 2 1 2 2 1 1 3 2 
0.0563383750 2 1 2 2 2 1 3 1 
0.0456295000 2 1 2 2 2 2 2 3 
0.0171455000 2 1 2 2 3 1 1 2 
0.0522286875 2 1 2 2 3 1 2 1 
0.0341556250 2 1 2 2 3 2 2 2 
0.0272922500 2 1 2 3 1 1 3 3 
0.0311373750 2 1 2 3 2 1 1 2 
0.0171455000 2 1 2 3 3 1 1 3 
0.0341556250 2 1 2 3 3 2 2 3 
0.0287436875 2 1 3 0 2 0 0 0 
0.0618600000 2 1 3 0 2 2 2 0 
0.0341556250 2 1 3 0 3 2 3 0 
0.0287436875 2 1 3 1 2 0 0 1 
0.0563383750 2 1 3 1 2 1 2 2 
0.0618600000 2 1 3 1 2 2 2 1 
0.0341556250 2 1 3 1 3 2 3 1 
0.0050180625 2 1 3 2 1 1 3 3 
0.0287436875 2 1 3 2 2 0 0 2 
0.0618600000 2 1 3 2 2 2 2 2 
0.0456295000 2 1 3 2 2 2 3 3 
0.0522286875 2 1 3 2 3 1 3 1 
0.0341556250 2 1 3 2 3 2 3 2 
0.0287436875 2 1 3 3 2 0 0 3 
0.0618600000 2 1 3 3 2 2 2 3 
0.0341556250 2 1 3 3 3 2 3 3 
0.0563383750 2 2 0 0 2 2 1 3 
0.0243158750 2 2 0 1 2 3 0 2 
0.0050180625 2 2 0 2 1 2 0 3 
0.0522286875 2 2 0 2 3 2 0 1 
0.0456295000 2 2 0 3 2 1 0 2 
0.0563383750 2 2 0 3 2 2 1 0 
0.0563383750 2 2 1 0 2 2 0 3 
0.0243158750 2 2 1 1 2 3 1 2 
0.0050180625 2 2 1 2 1 2 1 3 
0.0311373750 2 2 1 2 2 2 2 3 
0.0522286875 2 2 1 2 3 2 1 1 
0.0456295000 2 2 1 3 2 1 1 2 
0.0563383750 2 2 1 3 2 2 0 0 
0.0272922500 2 2 2 0 1 2 3 0 
0.0618600000 2 2 2 0 2 1 3 0 
0.0287436875 2 2 2 0 2 3 1 0 
0.0171455000 2 2 2 0 3 2 1 0 
0.0272922500 2 2 2 1 1 2 3 1 
0.0618600000 2 2 2 1 2 1 3 1 
0.0287436875 2 2 2 1 2 3 1 1 
0.0243158750 2 2 2 1 2 3 2 2 
0.0171455000 2 2 2 1 3 2 1 1 
0.0050180625 2 2 2 2 1 2 2 3 
0.0272922500 2 2 2 2 1 2 3 2 
0.0618600000 2 2 2 2 2 1 3 2 
0.0563383750 2 2 2 2 2 2 3 1 
0.0287436875 2 2 2 2 2 3 1 2 
0.0171455000 2 2 2 2 3 2 1 2 
0.0522286875 2 2 2 2 3 2 2 1 
0.0272922500 2 2 2 3 1 2 3 3 
0.0456295000 2 2 2 3 2 1 2 2 
0.0618600000 2 2 2 3 2 1 3 3 
0.0311373750 2 2 2 3 2 2 1 2 
0.0287436875 2 2 2 3 2 3 1 3 
0.0171455000 2 2 2 3 3 2 1 3 
0.0563383750 2 2 3 1 2 2 2 2 
0.0243158750 2 2 3 1 2 3 3 2 
0.0050180625 2 2 3 2 1 2 3 3 
0.0522286875 2 2 3 2 3 2 3 1 
0.0456295000 2 2 3 3 2 1 3 2 
0.0445422500 2 3 0 0 1 2 0 0 
0.0618600000 2 3 0 0 2 0 1 0 
0.0563383750 2 3 0 0 2 3 1 3 
0.0445422500 2 3 0 1 1 2 0 1 
0.0618600000 2 3 0 1 2 0 1 1 
0.0445422500 2 3 0 2 1 2 0 2 
0.0050180625 2 3 0 2 1 3 0 3 
0.0618600000 2 3 0 2 2 0 1 2 
0.0243158750 2 3 0 2 2 2 0 1 
0.0522286875 2 3 0 2 3 3 0 1 
0.0445422500 2 3 0 3 1 2 0 3 
0.0618600000 2 3 0 3 2 0 1 3 
0.0563383750 2 3 0 3 2 3 1 0 
0.0445422500 2 3 1 0 1 2 1 0 
0.0618600000 2 3 1 0 2 0 0 0 
0.0287436875 2 3 1 0 2 2 2 0 
0.0563383750 2 3 1 0 2 3 0 3 
0.0445422500 2 3 1 1 1 2 1 1 
0.0618600000 2 3 1 1 2 0 0 1 
0.0287436875 2 3 1 1 2 2 2 1 
0.0445422500 2 3 1 2 1 2 1 2 
0.0050180625 2 3 1 2 1 3 1 3 
0.0618600000 2 3 1 2 2 0 0 2 
0.0243158750 2 3 1 2 2 2 1 1 
0.0287436875 2 3 1 2 2 2 2 2 
0.0311373750 2 3 1 2 2 3 2 3 
0.0522286875 2 3 1 2 3 3 1 1 
0.0445422500 2 3 1 3 1 2 1 3 
0.0618600000 2 3 1 3 2 0 0 3 
0.0287436875 2 3 1 3 2 2 2 3 
0.0563383750 2 3 1 3 2 3 0 0 
0.0445422500 2 3 2 0 1 2 2 0 
0.0272922500 2 3 2 0 1 3 3 0 
0.0171455000 2 3 2 0 3 3 1 0 
0.0445422500 2 3 2 1 1 2 2 1 
0.0272922500 2 3 2 1 1 3 3 1 
0.0171455000 2 3 2 1 3 3 1 1 
0.0445422500 2 3 2 2 1 2 2 2 
0.0050180625 2 3 2 2 1 3 2 3 
0.0272922500 2 3 2 2 1 3 3 2 
0.0243158750 2 3 2 2 2 2 2 1 
0.0563383750 2 3 2 2 2 3 3 1 
0.0171455000 2 3 2 2 3 3 1 2 
0.0522286875 2 3 2 2 3 3 2 1 
0.0445422500 2 3 2 3 1 2 2 3 
0.0272922500 2 3 2 3 1 3 3 3 
0.0311373750 2 3 2 3 2 3 1 2 
0.0171455000 2 3 2 3 3 3 1 3 
0.0445422500 2 3 3 0 1 2 3 0 
0.0445422500 2 3 3 1 1 2 3 1 
0.0563383750 2 3 3 1 2 3 2 2 
0.0445422500 2 3 3 2 1 2 3 2 
0.0050180625 2 3 3 2 1 3 3 3 
0.0243158750 2 3 3 2 2 2 3 1 
0.0522286875 2 3 3 2 3 3 3 1 
0.0445422500 2 3 3 3 1 2 3 3 
0.0050180625 3 0 0 0 0 0 0 1 
0.0272922500 3 0 0 0 0 0 1 0 
0.0563383750 3 0 0 0 3 0 1 3 
0.0287436875 3 0 0 0 3 1 3 0 
0.0618600000 3 0 0 0 3 3 1 0 
0.0050180625 3 0 0 1 0 0 0 0 
0.0272922500 3 0 0 1 0 0 1 1 
0.0522286875 3 0 0 1 2 0 0 2 
0.0287436875 3 0 0 1 3 1 3 1 
0.0618600000 3 0 0 1 3 3 1 1 
0.0272922500 3 0 0 2 0 0 1 2 
0.0287436875 3 0 0 2 3 1 3 2 
0.0618600000 3 0 0 2 3 3 1 2 
0.0272922500 3 0 0 3 0 0 1 3 
0.0563383750 3 0 0 3 3 0 1 0 
0.0287436875 3 0 0 3 3 1 3 3 
0.0618600000 3 0 0 3 3 3 1 3 
0.0272922500 3 0 1 0 0 0 0 0 
0.0050180625 3 0 1 0 0 0 1 1 
0.0171455000 3 0 1 0 2 0 2 0 
0.0563383750 3 0 1 0 3 0 0 3 
0.0618600000 3 0 1 0 3 3 0 0 
0.0272922500 3 0 1 1 0 0 0 1 
0.0050180625 3 0 1 1 0 0 1 0 
0.0522286875 3 0 1 1 2 0 1 2 
0.0171455000 3 0 1 1 2 0 2 1 
0.0618600000 3 0 1 1 3 3 0 1 
0.0272922500 3 0 1 2 0 0 0 2 
0.0171455000 3 0 1 2 2 0 2 2 
0.0311373750 3 0 1 2 3 0 2 3 
0.0618600000 3 0 1 2 3 3 0 2 
0.0272922500 3 0 1 3 0 0 0 3 
0.0171455000 3 0 1 3 2 0 2 3 
0.0563383750 3 0 1 3 3 0 0 0 
0.0618600000 3 0 1 3 3 3 0 3 
0.0050180625 3 0 2 0 0 0 2 1 
0.0050180625 3 0 2 1 0 0 2 0 
0.0522286875 3 0 2 1 2 0 2 2 
0.0563383750 3 0 2 2 3 0 3 1 
0.0311373750 3 0 2 3 3 0 1 2 
0.0050180625 3 0 3 0 0 0 3 1 
0.0287436875 3 0 3 0 3 1 0 0 
0.0050180625 3 0 3 1 0 0 3 0 
0.0522286875 3 0 3 1 2 0 3 2 
0.0563383750 3 0 3 1 3 0 2 2 
0.0287436875 3 0 3 1 3 1 0 1 
0.0287436875 3 0 3 2 3 1 0 2 
0.0287436875 3 0 3 3 3 1 0 3 
0.0050180625 3 1 0 0 0 1 0 1 
0.0272922500 3 1 0 0 0 1 1 0 
0.0287436875 3 1 0 0 3 0 3 0 
0.0563383750 3 1 0 0 3 1 1 3 
0.0050180625 3 1 0 1 0 1 0 0 
0.0272922500 3 1 0 1 0 1 1 1 
0.0522286875 3 1 0 1 2 1 0 2 
0.0287436875 3 1 0 1 3 0 3 1 
0.0272922500 3 1 0 2 0 1 1 2 
0.0287436875 3 1 0 2 3 0 3 2 
0.0456295000 3 1 0 2 3 2 0 3 
0.0272922500 3 1 0 3 0 1 1 3 
0.0287436875 3 1 0 3 3 0 3 3 
0.0563383750 3 1 0 3 3 1 1 0 
0.0272922500 3 1 1 0 0 1 0 0 
0.0050180625 3 1 1 0 0 1 1 1 
0.0171455000 3 1 1 0 2 1 2 0 
0.0563383750 3 1 1 0 3 1 0 3 
0.0272922500 3 1 1 1 0 1 0 1 
0.0050180625 3 1 1 1 0 1 1 0 
0.0522286875 3 1 1 1 2 1 1 2 
0.0171455000 3 1 1 1 2 1 2 1 
0.0272922500 3 1 1 2 0 1 0 2 
0.0171455000 3 1 1 2 2 1 2 2 
0.0311373750 3 1 1 2 3 1 2 3 
0.0456295000 3 1 1 2 3 2 1 3 
0.0272922500 3 1 1 3 0 1 0 3 
0.0171455000 3 1 1 3 2 1 2 3 
0.0563383750 3 1 1 3 3 1 0 0 
0.0050180625 3 1 2 0 0 1 2 1 
0.0050180625 3 1 2 1 0 1 2 0 
0.0522286875 3 1 2 1 2 1 2 2 
0.0563383750 3 1 2 2 3 1 3 1 
0.0456295000 3 1 2 2 3 2 2 3 
0.0311373750 3 1 2 3 3 1 1 2 
0.0050180625 3 1 3 0 0 1 3 1 
0.0287436875 3 1 3 0 3 0 0 0 
0.0618600000 3 1 3 0 3 2 2 0 
0.0050180625 3 1 3 1 0 1 3 0 
0.0522286875 3 1 3 1 2 1 3 2 
0.0287436875 3 1 3 1 3 0 0 1 
0.0563383750 3 1 3 1 3 1 2 2 
0.0618600000 3 1 3 1 3 2 2 1 
0.0287436875 3 1 3 2 3 0 0 2 
0.0618600000 3 1 3 2 3 2 2 2 
0.0456295000 3 1 3 2 3 2 3 3 
0.0287436875 3 1 3 3 3 0 0 3 
0.0618600000 3 1 3 3 3 2 2 3 
0.0050180625 3 2 0 0 0 2 0 1 
0.0272922500 3 2 0 0 0 2 1 0 
0.0341556250 3 2 0 0 2 1 0 0 
0.0563383750 3 2 0 0 3 2 1 3 
0.0050180625 3 2 0 1 0 2 0 0 
0.0272922500 3 2 0 1 0 2 1 1 
0.0341556250 3 2 0 1 2 1 0 1 
0.0522286875 3 2 0 1 2 2 0 2 
0.0243158750 3 2 0 1 3 3 0 2 
0.0272922500 3 2 0 2 0 2 1 2 
0.0341556250 3 2 0 2 2 1 0 2 
0.0272922500 3 2 0 3 0 2 1 3 
0.0341556250 3 2 0 3 2 1 0 3 
0.0456295000 3 2 0 3 3 1 0 2 
0.0563383750 3 2 0 3 3 2 1 0 
0.0272922500 3 2 1 0 0 2 0 0 
0.0050180625 3 2 1 0 0 2 1 1 
0.0341556250 3 2 1 0 2 1 1 0 
0.0171455000 3 2 1 0 2 2 2 0 
0.0563383750 3 2 1 0 3 2 0 3 
0.0272922500 3 2 1 1 0 2 0 1 
0.0050180625 3 2 1 1 0 2 1 0 
0.0341556250 3 2 1 1 2 1 1 1 
0.0522286875 3 2 1 1 2 2 1 2 
0.0171455000 3 2 1 1 2 2 2 1 
0.0243158750 3 2 1 1 3 3 1 2 
0.0272922500 3 2 1 2 0 2 0 2 
0.0341556250 3 2 1 2 2 1 1 2 
0.0171455000 3 2 1 2 2 2 2 2 
0.0311373750 3 2 1 2 3 2 2 3 
0.0272922500 3 2 1 3 0 2 0 3 
0.0341556250 3 2 1 3 2 1 1 3 
0.0171455000 3 2 1 3 2 2 2 3 
0.0456295000 3 2 1 3 3 1 1 2 
0.0563383750 3 2 1 3 3 2 0 0 
0.0050180625 3 2 2 0 0 2 2 1 
0.0341556250 3 2 2 0 2 1 2 0 
0.0618600000 3 2 2 0 3 1 3 0 
0.0287436875 3 2 2 0 3 3 1 0 
0.0050180625 3 2 2 1 0 2 2 0 
0.0341556250 3 2 2 1 2 1 2 1 
0.0522286875 3 2 2 1 2 2 2 2 
0.0618600000 3 2 2 1 3 1 3 1 
0.0287436875 3 2 2 1 3 3 1 1 
0.0243158750 3 2 2 1 3 3 2 2 
0.0341556250 3 2 2 2 2 1 2 2 
0.0618600000 3 2 2 2 3 1 3 2 
0.0563383750 3 2 2 2 3 2 3 1 
0.0287436875 3 2 2 2 3 3 1 2 
0.0341556250 3 2 2 3 2 1 2 3 
0.0456295000 3 2 2 3 3 1 2 2 
0.0618600000 3 2 2 3 3 1 3 3 
0.0311373750 3 2 2 3 3 2 1 2 
0.0287436875 3 2 2 3 3 3 1 3 
0.0050180625 3 2 3 0 0 2 3 1 
0.0341556250 3 2 3 0 2 1 3 0 
0.0050180625 3 2 3 1 0 2 3 0 
0.0341556250 3 2 3 1 2 1 3 1 
0.0522286875 3 2 3 1 2 2 3 2 
0.0563383750 3 2 3 1 3 2 2 2 
0.0243158750 3 2 3 1 3 3 3 2 
0.0341556250 3 2 3 2 2 1 3 2 
0.0341556250 3 2 3 3 2 1 3 3 
0.0456295000 3 2 3 3 3 1 3 2 
0.0050180625 3 3 0 0 0 3 0 1 
0.0272922500 3 3 0 0 0 3 1 0 
0.0618600000 3 3 0 0 3 0 1 0 
0.0563383750 3 3 0 0 3 3 1 3 
0.0050180625 3 3 0 1 0 3 0 0 
0.0272922500 3 3 0 1 0 3 1 1 
0.0522286875 3 3 0 1 2 3 0 2 
0.0618600000 3 3 0 1 3 0 1 1 
0.0272922500 3 3 0 2 0 3 1 2 
0.0618600000 3 3 0 2 3 0 1 2 
0.0243158750 3 3 0 2 3 2 0 1 
0.0272922500 3 3 0 3 0 3 1 3 
0.0618600000 3 3 0 3 3 0 1 3 
0.0563383750 3 3 0 3 3 3 1 0 
0.0272922500 3 3 1 0 0 3 0 0 
0.0050180625 3 3 1 0 0 3 1 1 
0.0171455000 3 3 1 0 2 3 2 0 
0.0618600000 3 3 1 0 3 0 0 0 
0.0287436875 3 3 1 0 3 2 2 0 
0.0563383750 3 3 1 0 3 3 0 3 
0.0272922500 3 3 1 1 0 3 0 1 
0.0050180625 3 3 1 1 0 3 1 0 
0.0522286875 3 3 1 1 2 3 1 2 
0.0171455000 3 3 1 1 2 3 2 1 
0.0618600000 3 3 1 1 3 0 0 1 
0.0287436875 3 3 1 1 3 2 2 1 
0.0272922500 3 3 1 2 0 3 0 2 
0.0171455000 3 3 1 2 2 3 2 2 
0.0618600000 3 3 1 2 3 0 0 2 
0.0243158750 3 3 1 2 3 2 1 1 
0.0287436875 3 3 1 2 3 2 2 2 
0.0311373750 3 3 1 2 3 3 2 3 
0.0272922500 3 3 1 3 0 3 0 3 
0.0171455000 3 3 1 3 2 3 2 3 
0.0618600000 3 3 1 3 3 0 0 3 
0.0287436875 3 3 1 3 3 2 2 3 
0.0563383750 3 3 1 3 3 3 0 0 
0.0050180625 3 3 2 0 0 3 2 1 
0.0050180625 3 3 2 1 0 3 2 0 
0.0522286875 3 3 2 1 2 3 2 2 
0.0243158750 3 3 2 2 3 2 2 1 
0.0563383750 3 3 2 2 3 3 3 1 
0.0311373750 3 3 2 3 3 3 1 2 
0.0050180625 3 3 3 0 0 3 3 1 
0.0050180625 3 3 3 1 0 3 3 0 
0.0522286875 3 3 3 1 2 3 3 2 
0.0563383750 3 3 3 1 3 3 2 2 
0.0243158750 3 3 3 2 3 2 3 1 
