0.0012342500 0 0 0 0 0 0 
0.0018376250 0 0 0 0 0 1 
0.0018648750 0 0 0 0 0 3 
0.0010428750 0 0 0 0 1 0 
0.0013580000 0 0 0 0 1 1 
0.0014112500 0 0 0 0 2 2 
0.0008767500 0 0 0 0 2 3 
0.0004777500 0 0 0 1 0 0 
0.0004367500 0 0 0 1 0 3 
0.0012802500 0 0 0 1 1 0 
0.0016738750 0 0 0 1 1 1 
0.0016127500 0 0 0 1 1 2 
0.0009988750 0 0 0 1 3 0 
0.0010585000 0 0 0 1 3 2 
0.0010522500 0 0 0 1 3 3 
0.0001293750 0 0 0 2 0 1 
0.0001300000 0 0 0 2 0 2 
0.0010037500 0 0 0 2 0 3 
0.0001611250 0 0 0 2 1 3 
0.0019473750 0 0 0 2 2 0 
0.0009626250 0 0 0 2 2 2 
0.0017775000 0 0 0 2 2 3 
0.0004898750 0 0 0 2 3 1 
0.0001887500 0 0 0 2 3 2 
0.0006895000 0 0 0 3 0 1 
0.0017358750 0 0 0 3 0 3 
0.0004642500 0 0 0 3 1 0 
0.0008442500 0 0 0 3 1 1 
0.0002853750 0 0 0 3 1 2 
0.0007572500 0 0 0 3 1 3 
0.0016125000 0 0 0 3 2 0 
0.0000163750 0 0 0 3 2 1 
0.0001055000 0 0 0 3 2 2 
0.0005228750 0 0 0 3 2 3 
0.0017782500 0 0 0 3 3 0 
0.0000718750 0 0 0 3 3 1 
0.0003198750 0 0 0 3 3 2 
0.0015913750 0 0 0 3 3 3 
0.0018376250 0 0 1 0 0 0 
0.0012342500 0 0 1 0 0 1 
0.0013580000 0 0 1 0 1 0 
0.0010428750 0 0 1 0 1 1 
0.0004777500 0 0 1 1 0 1 
0.0016738750 0 0 1 1 1 0 
0.0012802500 0 0 1 1 1 1 
0.0009988750 0 0 1 1 3 1 
0.0001293750 0 0 1 2 0 0 
0.0019473750 0 0 1 2 2 1 
0.0004898750 0 0 1 2 3 0 
0.0006895000 0 0 1 3 0 0 
0.0008442500 0 0 1 3 1 0 
0.0004642500 0 0 1 3 1 1 
0.0000163750 0 0 1 3 2 0 
0.0016125000 0 0 1 3 2 1 
0.0000718750 0 0 1 3 3 0 
0.0017782500 0 0 1 3 3 1 
0.0012342500 0 0 2 0 0 2 
0.0010428750 0 0 2 0 1 2 
0.0014112500 0 0 2 0 2 0 
0.0004777500 0 0 2 1 0 2 
0.0016127500 0 0 2 1 1 0 
0.0012802500 0 0 2 1 1 2 
0.0010585000 0 0 2 1 3 0 
0.0009988750 0 0 2 1 3 2 
0.0001300000 0 0 2 2 0 0 
0.0009626250 0 0 2 2 2 0 
0.0019473750 0 0 2 2 2 2 
0.0001887500 0 0 2 2 3 0 
0.0002853750 0 0 2 3 1 0 
0.0004642500 0 0 2 3 1 2 
0.0001055000 0 0 2 3 2 0 
0.0016125000 0 0 2 3 2 2 
0.0003198750 0 0 2 3 3 0 
0.0017782500 0 0 2 3 3 2 
0.0018648750 0 0 3 0 0 0 
0.0012342500 0 0 3 0 0 3 
0.0010428750 0 0 3 0 1 3 
0.0008767500 0 0 3 0 2 0 
0.0004367500 0 0 3 1 0 0 
0.0004777500 0 0 3 1 0 3 
0.0012802500 0 0 3 1 1 3 
0.0010522500 0 0 3 1 3 0 
0.0009988750 0 0 3 1 3 3 
0.0010037500 0 0 3 2 0 0 
0.0001611250 0 0 3 2 1 0 
0.0017775000 0 0 3 2 2 0 
0.0019473750 0 0 3 2 2 3 
0.0017358750 0 0 3 3 0 0 
0.0007572500 0 0 3 3 1 0 
0.0004642500 0 0 3 3 1 3 
0.0005228750 0 0 3 3 2 0 
0.0016125000 0 0 3 3 2 3 
0.0015913750 0 0 3 3 3 0 
0.0017782500 0 0 3 3 3 3 
0.0010428750 0 1 0 0 0 0 
0.0013580000 0 1 0 0 0 1 
0.0012342500 0 1 0 0 1 0 
0.0018376250 0 1 0 0 1 1 
0.0018648750 0 1 0 0 1 3 
0.0012802500 0 1 0 1 0 0 
0.0016738750 0 1 0 1 0 1 
0.0016127500 0 1 0 1 0 2 
0.0004777500 0 1 0 1 1 0 
0.0004367500 0 1 0 1 1 3 
0.0001611250 0 1 0 2 0 3 
0.0001293750 0 1 0 2 1 1 
0.0001300000 0 1 0 2 1 2 
0.0010037500 0 1 0 2 1 3 
0.0004642500 0 1 0 3 0 0 
0.0008442500 0 1 0 3 0 1 
0.0002853750 0 1 0 3 0 2 
0.0007572500 0 1 0 3 0 3 
0.0006895000 0 1 0 3 1 1 
0.0017358750 0 1 0 3 1 3 
0.0013580000 0 1 1 0 0 0 
0.0010428750 0 1 1 0 0 1 
0.0018376250 0 1 1 0 1 0 
0.0012342500 0 1 1 0 1 1 
0.0016400000 0 1 1 0 2 2 
0.0008767500 0 1 1 0 3 2 
0.0016738750 0 1 1 1 0 0 
0.0012802500 0 1 1 1 0 1 
0.0004777500 0 1 1 1 1 1 
0.0010585000 0 1 1 1 2 3 
0.0005912500 0 1 1 1 3 3 
0.0001293750 0 1 1 2 1 0 
0.0009893750 0 1 1 2 2 2 
0.0001887500 0 1 1 2 2 3 
0.0017775000 0 1 1 2 3 2 
0.0008442500 0 1 1 3 0 0 
0.0004642500 0 1 1 3 0 1 
0.0006895000 0 1 1 3 1 0 
0.0003198750 0 1 1 3 2 3 
0.0005228750 0 1 1 3 3 2 
0.0010428750 0 1 2 0 0 2 
0.0012342500 0 1 2 0 1 2 
0.0007277500 0 1 2 0 2 3 
0.0016127500 0 1 2 1 0 0 
0.0012802500 0 1 2 1 0 2 
0.0004777500 0 1 2 1 1 2 
0.0010522500 0 1 2 1 2 1 
0.0009826250 0 1 2 1 2 3 
0.0015928750 0 1 2 1 3 1 
0.0001300000 0 1 2 2 1 0 
0.0002853750 0 1 2 3 0 0 
0.0004642500 0 1 2 3 0 2 
0.0015913750 0 1 2 3 2 1 
0.0000163750 0 1 2 3 3 3 
0.0010428750 0 1 3 0 0 3 
0.0018648750 0 1 3 0 1 0 
0.0012342500 0 1 3 0 1 3 
0.0009343750 0 1 3 0 2 1 
0.0014112500 0 1 3 0 3 1 
0.0001631250 0 1 3 0 3 2 
0.0012802500 0 1 3 1 0 3 
0.0004367500 0 1 3 1 1 0 
0.0004777500 0 1 3 1 1 3 
0.0010835000 0 1 3 1 3 2 
0.0001611250 0 1 3 2 0 0 
0.0010037500 0 1 3 2 1 0 
0.0004898750 0 1 3 2 2 2 
0.0009626250 0 1 3 2 3 1 
0.0018272500 0 1 3 2 3 2 
0.0007572500 0 1 3 3 0 0 
0.0004642500 0 1 3 3 0 3 
0.0017358750 0 1 3 3 1 0 
0.0000718750 0 1 3 3 2 2 
0.0001055000 0 1 3 3 3 1 
0.0014112500 0 2 0 0 0 2 
0.0008767500 0 2 0 0 0 3 
0.0012342500 0 2 0 0 2 0 
0.0018376250 0 2 0 0 2 1 
0.0018648750 0 2 0 0 2 3 
0.0004777500 0 2 0 1 2 0 
0.0004367500 0 2 0 1 2 3 
0.0019473750 0 2 0 2 0 0 
0.0009626250 0 2 0 2 0 2 
0.0017775000 0 2 0 2 0 3 
0.0001293750 0 2 0 2 2 1 
0.0001300000 0 2 0 2 2 2 
0.0010037500 0 2 0 2 2 3 
0.0016125000 0 2 0 3 0 0 
0.0000163750 0 2 0 3 0 1 
0.0001055000 0 2 0 3 0 2 
0.0005228750 0 2 0 3 0 3 
0.0006895000 0 2 0 3 2 1 
0.0017358750 0 2 0 3 2 3 
0.0009343750 0 2 1 0 1 3 
0.0018376250 0 2 1 0 2 0 
0.0012342500 0 2 1 0 2 1 
0.0013095000 0 2 1 0 3 2 
0.0010522500 0 2 1 1 1 2 
0.0004777500 0 2 1 1 2 1 
0.0014512500 0 2 1 1 3 2 
0.0016127500 0 2 1 1 3 3 
0.0019473750 0 2 1 2 0 1 
0.0001293750 0 2 1 2 2 0 
0.0000163750 0 2 1 3 0 0 
0.0016125000 0 2 1 3 0 1 
0.0015913750 0 2 1 3 1 2 
0.0006895000 0 2 1 3 2 0 
0.0002853750 0 2 1 3 3 3 
0.0014112500 0 2 2 0 0 0 
0.0016400000 0 2 2 0 1 1 
0.0012342500 0 2 2 0 2 2 
0.0004777500 0 2 2 1 2 2 
0.0009626250 0 2 2 2 0 0 
0.0019473750 0 2 2 2 0 2 
0.0009893750 0 2 2 2 1 1 
0.0004898750 0 2 2 2 1 3 
0.0001300000 0 2 2 2 2 0 
0.0001611250 0 2 2 2 3 1 
0.0015895000 0 2 2 2 3 3 
0.0001055000 0 2 2 3 0 0 
0.0016125000 0 2 2 3 0 2 
0.0000718750 0 2 2 3 1 3 
0.0007572500 0 2 2 3 3 1 
0.0008767500 0 2 3 0 0 0 
0.0007277500 0 2 3 0 1 2 
0.0018648750 0 2 3 0 2 0 
0.0012342500 0 2 3 0 2 3 
0.0007161250 0 2 3 0 3 1 
0.0013580000 0 2 3 0 3 2 
0.0010585000 0 2 3 1 1 1 
0.0009826250 0 2 3 1 1 2 
0.0004367500 0 2 3 1 2 0 
0.0004777500 0 2 3 1 2 3 
0.0016738750 0 2 3 1 3 2 
0.0017775000 0 2 3 2 0 0 
0.0019473750 0 2 3 2 0 3 
0.0001887500 0 2 3 2 1 1 
0.0010037500 0 2 3 2 2 0 
0.0010451250 0 2 3 2 3 1 
0.0005228750 0 2 3 3 0 0 
0.0016125000 0 2 3 3 0 3 
0.0003198750 0 2 3 3 1 1 
0.0017358750 0 2 3 3 2 0 
0.0008442500 0 2 3 3 3 2 
0.0012342500 0 3 0 0 3 0 
0.0018376250 0 3 0 0 3 1 
0.0018648750 0 3 0 0 3 3 
0.0009988750 0 3 0 1 0 0 
0.0010585000 0 3 0 1 0 2 
0.0010522500 0 3 0 1 0 3 
0.0004777500 0 3 0 1 3 0 
0.0004367500 0 3 0 1 3 3 
0.0004898750 0 3 0 2 0 1 
0.0001887500 0 3 0 2 0 2 
0.0001293750 0 3 0 2 3 1 
0.0001300000 0 3 0 2 3 2 
0.0010037500 0 3 0 2 3 3 
0.0017782500 0 3 0 3 0 0 
0.0000718750 0 3 0 3 0 1 
0.0003198750 0 3 0 3 0 2 
0.0015913750 0 3 0 3 0 3 
0.0006895000 0 3 0 3 3 1 
0.0017358750 0 3 0 3 3 3 
0.0014112500 0 3 1 0 1 3 
0.0007161250 0 3 1 0 2 3 
0.0018376250 0 3 1 0 3 0 
0.0012342500 0 3 1 0 3 1 
0.0009988750 0 3 1 1 0 1 
0.0015928750 0 3 1 1 1 2 
0.0004777500 0 3 1 1 3 1 
0.0004898750 0 3 1 2 0 0 
0.0009626250 0 3 1 2 1 3 
0.0001611250 0 3 1 2 2 2 
0.0010451250 0 3 1 2 2 3 
0.0001293750 0 3 1 2 3 0 
0.0000718750 0 3 1 3 0 0 
0.0017782500 0 3 1 3 0 1 
0.0001055000 0 3 1 3 1 3 
0.0007572500 0 3 1 3 2 2 
0.0006895000 0 3 1 3 3 0 
0.0008767500 0 3 2 0 1 1 
0.0001631250 0 3 2 0 1 3 
0.0013095000 0 3 2 0 2 1 
0.0013580000 0 3 2 0 2 3 
0.0012342500 0 3 2 0 3 2 
0.0010585000 0 3 2 1 0 0 
0.0009988750 0 3 2 1 0 2 
0.0010835000 0 3 2 1 1 3 
0.0014512500 0 3 2 1 2 1 
0.0016738750 0 3 2 1 2 3 
0.0004777500 0 3 2 1 3 2 
0.0001887500 0 3 2 2 0 0 
0.0017775000 0 3 2 2 1 1 
0.0018272500 0 3 2 2 1 3 
0.0001300000 0 3 2 2 3 0 
0.0003198750 0 3 2 3 0 0 
0.0017782500 0 3 2 3 0 2 
0.0005228750 0 3 2 3 1 1 
0.0008442500 0 3 2 3 2 3 
0.0018648750 0 3 3 0 3 0 
0.0012342500 0 3 3 0 3 3 
0.0010522500 0 3 3 1 0 0 
0.0009988750 0 3 3 1 0 3 
0.0005912500 0 3 3 1 1 1 
0.0016127500 0 3 3 1 2 1 
0.0004367500 0 3 3 1 3 0 
0.0004777500 0 3 3 1 3 3 
0.0015895000 0 3 3 2 2 2 
0.0010037500 0 3 3 2 3 0 
0.0015913750 0 3 3 3 0 0 
0.0017782500 0 3 3 3 0 3 
0.0000163750 0 3 3 3 1 2 
0.0002853750 0 3 3 3 2 1 
0.0017358750 0 3 3 3 3 0 
0.0004777500 1 0 0 0 0 0 
0.0004367500 1 0 0 0 0 3 
0.0012802500 1 0 0 0 1 0 
0.0016738750 1 0 0 0 1 1 
0.0016127500 1 0 0 0 1 2 
0.0009988750 1 0 0 0 3 0 
0.0010585000 1 0 0 0 3 2 
0.0010522500 1 0 0 0 3 3 
0.0012342500 1 0 0 1 0 0 
0.0018376250 1 0 0 1 0 1 
0.0018648750 1 0 0 1 0 3 
0.0010428750 1 0 0 1 1 0 
0.0013580000 1 0 0 1 1 1 
0.0014112500 1 0 0 1 2 2 
0.0008767500 1 0 0 1 2 3 
0.0004777500 1 0 1 0 0 1 
0.0016738750 1 0 1 0 1 0 
0.0012802500 1 0 1 0 1 1 
0.0009988750 1 0 1 0 3 1 
0.0018376250 1 0 1 1 0 0 
0.0012342500 1 0 1 1 0 1 
0.0013580000 1 0 1 1 1 0 
0.0010428750 1 0 1 1 1 1 
0.0002853750 1 0 1 2 1 3 
0.0001055000 1 0 1 2 2 3 
0.0003198750 1 0 1 2 3 3 
0.0010037500 1 0 1 3 0 2 
0.0001611250 1 0 1 3 1 2 
0.0010451250 1 0 1 3 1 3 
0.0017775000 1 0 1 3 2 2 
0.0004777500 1 0 2 0 0 2 
0.0016127500 1 0 2 0 1 0 
0.0012802500 1 0 2 0 1 2 
0.0010585000 1 0 2 0 3 0 
0.0009988750 1 0 2 0 3 2 
0.0012342500 1 0 2 1 0 2 
0.0010428750 1 0 2 1 1 2 
0.0014112500 1 0 2 1 2 0 
0.0017358750 1 0 2 2 0 1 
0.0007572500 1 0 2 2 1 1 
0.0005228750 1 0 2 2 2 1 
0.0015913750 1 0 2 2 3 1 
0.0001293750 1 0 2 3 0 3 
0.0009893750 1 0 2 3 3 1 
0.0004898750 1 0 2 3 3 3 
0.0004367500 1 0 3 0 0 0 
0.0004777500 1 0 3 0 0 3 
0.0012802500 1 0 3 0 1 3 
0.0010522500 1 0 3 0 3 0 
0.0009988750 1 0 3 0 3 3 
0.0018648750 1 0 3 1 0 0 
0.0012342500 1 0 3 1 0 3 
0.0010428750 1 0 3 1 1 3 
0.0008767500 1 0 3 1 2 0 
0.0013658750 1 0 3 2 0 1 
0.0006895000 1 0 3 2 0 2 
0.0008442500 1 0 3 2 1 2 
0.0000163750 1 0 3 2 2 2 
0.0000718750 1 0 3 2 3 2 
0.0001300000 1 0 3 3 0 1 
0.0015895000 1 0 3 3 1 2 
0.0009626250 1 0 3 3 2 1 
0.0018272500 1 0 3 3 2 2 
0.0001887500 1 0 3 3 3 1 
0.0012802500 1 1 0 0 0 0 
0.0016738750 1 1 0 0 0 1 
0.0016127500 1 1 0 0 0 2 
0.0004777500 1 1 0 0 1 0 
0.0004367500 1 1 0 0 1 3 
0.0010428750 1 1 0 1 0 0 
0.0013580000 1 1 0 1 0 1 
0.0012342500 1 1 0 1 1 0 
0.0018376250 1 1 0 1 1 1 
0.0018648750 1 1 0 1 1 3 
0.0016125000 1 1 0 2 3 0 
0.0000163750 1 1 0 2 3 1 
0.0001055000 1 1 0 2 3 2 
0.0005228750 1 1 0 2 3 3 
0.0004898750 1 1 0 3 2 1 
0.0001887500 1 1 0 3 2 2 
0.0018272500 1 1 0 3 3 1 
0.0016738750 1 1 1 0 0 0 
0.0012802500 1 1 1 0 0 1 
0.0004777500 1 1 1 0 1 1 
0.0010585000 1 1 1 0 2 3 
0.0005912500 1 1 1 0 3 3 
0.0013580000 1 1 1 1 0 0 
0.0010428750 1 1 1 1 0 1 
0.0018376250 1 1 1 1 1 0 
0.0012342500 1 1 1 1 1 1 
0.0016400000 1 1 1 1 2 2 
0.0008767500 1 1 1 1 3 2 
0.0002853750 1 1 1 2 0 3 
0.0000163750 1 1 1 2 3 0 
0.0016125000 1 1 1 2 3 1 
0.0001611250 1 1 1 3 0 2 
0.0010451250 1 1 1 3 0 3 
0.0010037500 1 1 1 3 1 2 
0.0004898750 1 1 1 3 2 0 
0.0018272500 1 1 1 3 3 0 
0.0016127500 1 1 2 0 0 0 
0.0012802500 1 1 2 0 0 2 
0.0004777500 1 1 2 0 1 2 
0.0010522500 1 1 2 0 2 1 
0.0009826250 1 1 2 0 2 3 
0.0015928750 1 1 2 0 3 1 
0.0010428750 1 1 2 1 0 2 
0.0012342500 1 1 2 1 1 2 
0.0007277500 1 1 2 1 2 3 
0.0007572500 1 1 2 2 0 1 
0.0017358750 1 1 2 2 1 1 
0.0001055000 1 1 2 2 3 0 
0.0016125000 1 1 2 2 3 2 
0.0001293750 1 1 2 3 1 3 
0.0001887500 1 1 2 3 2 0 
0.0012802500 1 1 3 0 0 3 
0.0004367500 1 1 3 0 1 0 
0.0004777500 1 1 3 0 1 3 
0.0010835000 1 1 3 0 3 2 
0.0010428750 1 1 3 1 0 3 
0.0018648750 1 1 3 1 1 0 
0.0012342500 1 1 3 1 1 3 
0.0009343750 1 1 3 1 2 1 
0.0014112500 1 1 3 1 3 1 
0.0001631250 1 1 3 1 3 2 
0.0008442500 1 1 3 2 0 2 
0.0013658750 1 1 3 2 1 1 
0.0006895000 1 1 3 2 1 2 
0.0005228750 1 1 3 2 3 0 
0.0016125000 1 1 3 2 3 3 
0.0015895000 1 1 3 3 0 2 
0.0001300000 1 1 3 3 1 1 
0.0004777500 1 2 0 0 2 0 
0.0004367500 1 2 0 0 2 3 
0.0014112500 1 2 0 1 0 2 
0.0008767500 1 2 0 1 0 3 
0.0012342500 1 2 0 1 2 0 
0.0018376250 1 2 0 1 2 1 
0.0018648750 1 2 0 1 2 3 
0.0017782500 1 2 0 2 1 0 
0.0000718750 1 2 0 2 1 1 
0.0003198750 1 2 0 2 1 2 
0.0015913750 1 2 0 2 1 3 
0.0011051250 1 2 0 3 1 0 
0.0009893750 1 2 0 3 1 3 
0.0001611250 1 2 0 3 3 3 
0.0010522500 1 2 1 0 1 2 
0.0004777500 1 2 1 0 2 1 
0.0014512500 1 2 1 0 3 2 
0.0016127500 1 2 1 0 3 3 
0.0009343750 1 2 1 1 1 3 
0.0018376250 1 2 1 1 2 0 
0.0012342500 1 2 1 1 2 1 
0.0013095000 1 2 1 1 3 2 
0.0001055000 1 2 1 2 0 3 
0.0000718750 1 2 1 2 1 0 
0.0017782500 1 2 1 2 1 1 
0.0017775000 1 2 1 3 0 2 
0.0011051250 1 2 1 3 1 1 
0.0010037500 1 2 1 3 2 2 
0.0004777500 1 2 2 0 2 2 
0.0014112500 1 2 2 1 0 0 
0.0016400000 1 2 2 1 1 1 
0.0012342500 1 2 2 1 2 2 
0.0005228750 1 2 2 2 0 1 
0.0003198750 1 2 2 2 1 0 
0.0017782500 1 2 2 2 1 2 
0.0017358750 1 2 2 2 2 1 
0.0011051250 1 2 2 3 1 2 
0.0001293750 1 2 2 3 2 3 
0.0010585000 1 2 3 0 1 1 
0.0009826250 1 2 3 0 1 2 
0.0004367500 1 2 3 0 2 0 
0.0004777500 1 2 3 0 2 3 
0.0016738750 1 2 3 0 3 2 
0.0008767500 1 2 3 1 0 0 
0.0007277500 1 2 3 1 1 2 
0.0018648750 1 2 3 1 2 0 
0.0012342500 1 2 3 1 2 3 
0.0007161250 1 2 3 1 3 1 
0.0013580000 1 2 3 1 3 2 
0.0000163750 1 2 3 2 0 2 
0.0015913750 1 2 3 2 1 0 
0.0017782500 1 2 3 2 1 3 
0.0013658750 1 2 3 2 2 1 
0.0006895000 1 2 3 2 2 2 
0.0009626250 1 2 3 3 0 1 
0.0018272500 1 2 3 3 0 2 
0.0009893750 1 2 3 3 1 0 
0.0011051250 1 2 3 3 1 3 
0.0001300000 1 2 3 3 2 1 
0.0001611250 1 2 3 3 3 0 
0.0009988750 1 3 0 0 0 0 
0.0010585000 1 3 0 0 0 2 
0.0010522500 1 3 0 0 0 3 
0.0004777500 1 3 0 0 3 0 
0.0004367500 1 3 0 0 3 3 
0.0012342500 1 3 0 1 3 0 
0.0018376250 1 3 0 1 3 1 
0.0018648750 1 3 0 1 3 3 
0.0004642500 1 3 0 2 2 0 
0.0008442500 1 3 0 2 2 1 
0.0002853750 1 3 0 2 2 2 
0.0007572500 1 3 0 2 2 3 
0.0019473750 1 3 0 3 1 0 
0.0009626250 1 3 0 3 1 2 
0.0017775000 1 3 0 3 1 3 
0.0006478750 1 3 0 3 2 0 
0.0015895000 1 3 0 3 2 1 
0.0010451250 1 3 0 3 2 2 
0.0009988750 1 3 1 0 0 1 
0.0015928750 1 3 1 0 1 2 
0.0004777500 1 3 1 0 3 1 
0.0014112500 1 3 1 1 1 3 
0.0007161250 1 3 1 1 2 3 
0.0018376250 1 3 1 1 3 0 
0.0012342500 1 3 1 1 3 1 
0.0003198750 1 3 1 2 0 3 
0.0008442500 1 3 1 2 2 0 
0.0004642500 1 3 1 2 2 1 
0.0019473750 1 3 1 3 1 1 
0.0015895000 1 3 1 3 2 0 
0.0006478750 1 3 1 3 2 1 
0.0010037500 1 3 1 3 3 2 
0.0010585000 1 3 2 0 0 0 
0.0009988750 1 3 2 0 0 2 
0.0010835000 1 3 2 0 1 3 
0.0014512500 1 3 2 0 2 1 
0.0016738750 1 3 2 0 2 3 
0.0004777500 1 3 2 0 3 2 
0.0008767500 1 3 2 1 1 1 
0.0001631250 1 3 2 1 1 3 
0.0013095000 1 3 2 1 2 1 
0.0013580000 1 3 2 1 2 3 
0.0012342500 1 3 2 1 3 2 
0.0015913750 1 3 2 2 0 1 
0.0002853750 1 3 2 2 2 0 
0.0004642500 1 3 2 2 2 2 
0.0017358750 1 3 2 2 3 1 
0.0009893750 1 3 2 3 0 1 
0.0004898750 1 3 2 3 0 3 
0.0009626250 1 3 2 3 1 0 
0.0019473750 1 3 2 3 1 2 
0.0010451250 1 3 2 3 2 0 
0.0006478750 1 3 2 3 2 2 
0.0001293750 1 3 2 3 3 3 
0.0010522500 1 3 3 0 0 0 
0.0009988750 1 3 3 0 0 3 
0.0005912500 1 3 3 0 1 1 
0.0016127500 1 3 3 0 2 1 
0.0004367500 1 3 3 0 3 0 
0.0004777500 1 3 3 0 3 3 
0.0018648750 1 3 3 1 3 0 
0.0012342500 1 3 3 1 3 3 
0.0000718750 1 3 3 2 0 2 
0.0007572500 1 3 3 2 2 0 
0.0004642500 1 3 3 2 2 3 
0.0013658750 1 3 3 2 3 1 
0.0006895000 1 3 3 2 3 2 
0.0001887500 1 3 3 3 0 1 
0.0017775000 1 3 3 3 1 0 
0.0019473750 1 3 3 3 1 3 
0.0006478750 1 3 3 3 2 3 
0.0001300000 1 3 3 3 3 1 
0.0001293750 2 0 0 0 0 1 
0.0001300000 2 0 0 0 0 2 
0.0010037500 2 0 0 0 0 3 
0.0001611250 2 0 0 0 1 3 
0.0019473750 2 0 0 0 2 0 
0.0009626250 2 0 0 0 2 2 
0.0017775000 2 0 0 0 2 3 
0.0004898750 2 0 0 0 3 1 
0.0001887500 2 0 0 0 3 2 
0.0012342500 2 0 0 2 0 0 
0.0018376250 2 0 0 2 0 1 
0.0018648750 2 0 0 2 0 3 
0.0010428750 2 0 0 2 1 0 
0.0013580000 2 0 0 2 1 1 
0.0014112500 2 0 0 2 2 2 
0.0008767500 2 0 0 2 2 3 
0.0001293750 2 0 1 0 0 0 
0.0019473750 2 0 1 0 2 1 
0.0004898750 2 0 1 0 3 0 
0.0017358750 2 0 1 1 0 2 
0.0013658750 2 0 1 1 0 3 
0.0007572500 2 0 1 1 1 2 
0.0005228750 2 0 1 1 2 2 
0.0015913750 2 0 1 1 3 2 
0.0018376250 2 0 1 2 0 0 
0.0012342500 2 0 1 2 0 1 
0.0013580000 2 0 1 2 1 0 
0.0010428750 2 0 1 2 1 1 
0.0014512500 2 0 1 3 1 2 
0.0016127500 2 0 1 3 1 3 
0.0015928750 2 0 1 3 2 2 
0.0010585000 2 0 1 3 3 3 
0.0001300000 2 0 2 0 0 0 
0.0009626250 2 0 2 0 2 0 
0.0019473750 2 0 2 0 2 2 
0.0001887500 2 0 2 0 3 0 
0.0006895000 2 0 2 1 0 3 
0.0008442500 2 0 2 1 1 3 
0.0000163750 2 0 2 1 2 3 
0.0000718750 2 0 2 1 3 3 
0.0012342500 2 0 2 2 0 2 
0.0010428750 2 0 2 2 1 2 
0.0014112500 2 0 2 2 2 0 
0.0004367500 2 0 2 3 0 1 
0.0015748750 2 0 2 3 0 3 
0.0010835000 2 0 2 3 2 3 
0.0010522500 2 0 2 3 3 1 
0.0009826250 2 0 2 3 3 3 
0.0010037500 2 0 3 0 0 0 
0.0001611250 2 0 3 0 1 0 
0.0017775000 2 0 3 0 2 0 
0.0019473750 2 0 3 0 2 3 
0.0002853750 2 0 3 1 1 1 
0.0001055000 2 0 3 1 2 1 
0.0003198750 2 0 3 1 3 1 
0.0018648750 2 0 3 2 0 0 
0.0012342500 2 0 3 2 0 3 
0.0010428750 2 0 3 2 1 3 
0.0008767500 2 0 3 2 2 0 
0.0015457500 2 0 3 3 0 1 
0.0016738750 2 0 3 3 1 2 
0.0005912500 2 0 3 3 2 1 
0.0001611250 2 1 0 0 0 3 
0.0001293750 2 1 0 0 1 1 
0.0001300000 2 1 0 0 1 2 
0.0010037500 2 1 0 0 1 3 
0.0017782500 2 1 0 1 2 0 
0.0000718750 2 1 0 1 2 1 
0.0003198750 2 1 0 1 2 2 
0.0015913750 2 1 0 1 2 3 
0.0010428750 2 1 0 2 0 0 
0.0013580000 2 1 0 2 0 1 
0.0012342500 2 1 0 2 1 0 
0.0018376250 2 1 0 2 1 1 
0.0018648750 2 1 0 2 1 3 
0.0009826250 2 1 0 3 2 1 
0.0001293750 2 1 1 0 1 0 
0.0009893750 2 1 1 0 2 2 
0.0001887500 2 1 1 0 2 3 
0.0017775000 2 1 1 0 3 2 
0.0007572500 2 1 1 1 0 2 
0.0017358750 2 1 1 1 1 2 
0.0013658750 2 1 1 1 1 3 
0.0000718750 2 1 1 1 2 0 
0.0017782500 2 1 1 1 2 1 
0.0013580000 2 1 1 2 0 0 
0.0010428750 2 1 1 2 0 1 
0.0018376250 2 1 1 2 1 0 
0.0012342500 2 1 1 2 1 1 
0.0016400000 2 1 1 2 2 2 
0.0008767500 2 1 1 2 3 2 
0.0014512500 2 1 1 3 0 2 
0.0016127500 2 1 1 3 0 3 
0.0009826250 2 1 1 3 2 0 
0.0001300000 2 1 2 0 1 0 
0.0008442500 2 1 2 1 0 3 
0.0006895000 2 1 2 1 1 3 
0.0003198750 2 1 2 1 2 0 
0.0017782500 2 1 2 1 2 2 
0.0010428750 2 1 2 2 0 2 
0.0012342500 2 1 2 2 1 2 
0.0007277500 2 1 2 2 2 3 
0.0004367500 2 1 2 3 1 1 
0.0015748750 2 1 2 3 1 3 
0.0001611250 2 1 3 0 0 0 
0.0010037500 2 1 3 0 1 0 
0.0004898750 2 1 3 0 2 2 
0.0009626250 2 1 3 0 3 1 
0.0018272500 2 1 3 0 3 2 
0.0002853750 2 1 3 1 0 1 
0.0015913750 2 1 3 1 2 0 
0.0017782500 2 1 3 1 2 3 
0.0010428750 2 1 3 2 0 3 
0.0018648750 2 1 3 2 1 0 
0.0012342500 2 1 3 2 1 3 
0.0009343750 2 1 3 2 2 1 
0.0014112500 2 1 3 2 3 1 
0.0001631250 2 1 3 2 3 2 
0.0016738750 2 1 3 3 0 2 
0.0015457500 2 1 3 3 1 1 
0.0019473750 2 2 0 0 0 0 
0.0009626250 2 2 0 0 0 2 
0.0017775000 2 2 0 0 0 3 
0.0001293750 2 2 0 0 2 1 
0.0001300000 2 2 0 0 2 2 
0.0010037500 2 2 0 0 2 3 
0.0004642500 2 2 0 1 3 0 
0.0008442500 2 2 0 1 3 1 
0.0002853750 2 2 0 1 3 2 
0.0007572500 2 2 0 1 3 3 
0.0014112500 2 2 0 2 0 2 
0.0008767500 2 2 0 2 0 3 
0.0012342500 2 2 0 2 2 0 
0.0018376250 2 2 0 2 2 1 
0.0018648750 2 2 0 2 2 3 
0.0009988750 2 2 0 3 1 0 
0.0010585000 2 2 0 3 1 2 
0.0010522500 2 2 0 3 1 3 
0.0014512500 2 2 0 3 3 3 
0.0019473750 2 2 1 0 0 1 
0.0001293750 2 2 1 0 2 0 
0.0005228750 2 2 1 1 0 2 
0.0017358750 2 2 1 1 2 2 
0.0013658750 2 2 1 1 2 3 
0.0008442500 2 2 1 1 3 0 
0.0004642500 2 2 1 1 3 1 
0.0009343750 2 2 1 2 1 3 
0.0018376250 2 2 1 2 2 0 
0.0012342500 2 2 1 2 2 1 
0.0013095000 2 2 1 2 3 2 
0.0015928750 2 2 1 3 0 2 
0.0009988750 2 2 1 3 1 1 
0.0009626250 2 2 2 0 0 0 
0.0019473750 2 2 2 0 0 2 
0.0009893750 2 2 2 0 1 1 
0.0004898750 2 2 2 0 1 3 
0.0001300000 2 2 2 0 2 0 
0.0001611250 2 2 2 0 3 1 
0.0015895000 2 2 2 0 3 3 
0.0000163750 2 2 2 1 0 3 
0.0006895000 2 2 2 1 2 3 
0.0002853750 2 2 2 1 3 0 
0.0004642500 2 2 2 1 3 2 
0.0014112500 2 2 2 2 0 0 
0.0016400000 2 2 2 2 1 1 
0.0012342500 2 2 2 2 2 2 
0.0010835000 2 2 2 3 0 3 
0.0010585000 2 2 2 3 1 0 
0.0009988750 2 2 2 3 1 2 
0.0004367500 2 2 2 3 2 1 
0.0015748750 2 2 2 3 2 3 
0.0017775000 2 2 3 0 0 0 
0.0019473750 2 2 3 0 0 3 
0.0001887500 2 2 3 0 1 1 
0.0010037500 2 2 3 0 2 0 
0.0010451250 2 2 3 0 3 1 
0.0001055000 2 2 3 1 0 1 
0.0007572500 2 2 3 1 3 0 
0.0004642500 2 2 3 1 3 3 
0.0008767500 2 2 3 2 0 0 
0.0007277500 2 2 3 2 1 2 
0.0018648750 2 2 3 2 2 0 
0.0012342500 2 2 3 2 2 3 
0.0007161250 2 2 3 2 3 1 
0.0013580000 2 2 3 2 3 2 
0.0005912500 2 2 3 3 0 1 
0.0010522500 2 2 3 3 1 0 
0.0009988750 2 2 3 3 1 3 
0.0015457500 2 2 3 3 2 1 
0.0014512500 2 2 3 3 3 0 
0.0004898750 2 3 0 0 0 1 
0.0001887500 2 3 0 0 0 2 
0.0001293750 2 3 0 0 3 1 
0.0001300000 2 3 0 0 3 2 
0.0010037500 2 3 0 0 3 3 
0.0016125000 2 3 0 1 1 0 
0.0000163750 2 3 0 1 1 1 
0.0001055000 2 3 0 1 1 2 
0.0005228750 2 3 0 1 1 3 
0.0012342500 2 3 0 2 3 0 
0.0018376250 2 3 0 2 3 1 
0.0018648750 2 3 0 2 3 3 
0.0004772500 2 3 0 3 1 0 
0.0010835000 2 3 0 3 1 1 
0.0005912500 2 3 0 3 1 2 
0.0015928750 2 3 0 3 1 3 
0.0012802500 2 3 0 3 2 0 
0.0016738750 2 3 0 3 2 1 
0.0016127500 2 3 0 3 2 2 
0.0004898750 2 3 1 0 0 0 
0.0009626250 2 3 1 0 1 3 
0.0001611250 2 3 1 0 2 2 
0.0010451250 2 3 1 0 2 3 
0.0001293750 2 3 1 0 3 0 
0.0015913750 2 3 1 1 0 2 
0.0000163750 2 3 1 1 1 0 
0.0016125000 2 3 1 1 1 1 
0.0017358750 2 3 1 1 3 2 
0.0013658750 2 3 1 1 3 3 
0.0014112500 2 3 1 2 1 3 
0.0007161250 2 3 1 2 2 3 
0.0018376250 2 3 1 2 3 0 
0.0012342500 2 3 1 2 3 1 
0.0010585000 2 3 1 3 0 3 
0.0010835000 2 3 1 3 1 0 
0.0004772500 2 3 1 3 1 1 
0.0016738750 2 3 1 3 2 0 
0.0012802500 2 3 1 3 2 1 
0.0001887500 2 3 2 0 0 0 
0.0017775000 2 3 2 0 1 1 
0.0018272500 2 3 2 0 1 3 
0.0001300000 2 3 2 0 3 0 
0.0000718750 2 3 2 1 0 3 
0.0001055000 2 3 2 1 1 0 
0.0016125000 2 3 2 1 1 2 
0.0006895000 2 3 2 1 3 3 
0.0008767500 2 3 2 2 1 1 
0.0001631250 2 3 2 2 1 3 
0.0013095000 2 3 2 2 2 1 
0.0013580000 2 3 2 2 2 3 
0.0012342500 2 3 2 2 3 2 
0.0010522500 2 3 2 3 0 1 
0.0009826250 2 3 2 3 0 3 
0.0005912500 2 3 2 3 1 0 
0.0004772500 2 3 2 3 1 2 
0.0016127500 2 3 2 3 2 0 
0.0012802500 2 3 2 3 2 2 
0.0004367500 2 3 2 3 3 1 
0.0015748750 2 3 2 3 3 3 
0.0015895000 2 3 3 0 2 2 
0.0010037500 2 3 3 0 3 0 
0.0003198750 2 3 3 1 0 1 
0.0005228750 2 3 3 1 1 0 
0.0016125000 2 3 3 1 1 3 
0.0018648750 2 3 3 2 3 0 
0.0012342500 2 3 3 2 3 3 
0.0015928750 2 3 3 3 1 0 
0.0004772500 2 3 3 3 1 3 
0.0012802500 2 3 3 3 2 3 
0.0015457500 2 3 3 3 3 1 
0.0006895000 3 0 0 0 0 1 
0.0017358750 3 0 0 0 0 3 
0.0004642500 3 0 0 0 1 0 
0.0008442500 3 0 0 0 1 1 
0.0002853750 3 0 0 0 1 2 
0.0007572500 3 0 0 0 1 3 
0.0016125000 3 0 0 0 2 0 
0.0000163750 3 0 0 0 2 1 
0.0001055000 3 0 0 0 2 2 
0.0005228750 3 0 0 0 2 3 
0.0017782500 3 0 0 0 3 0 
0.0000718750 3 0 0 0 3 1 
0.0003198750 3 0 0 0 3 2 
0.0015913750 3 0 0 0 3 3 
0.0012342500 3 0 0 3 0 0 
0.0018376250 3 0 0 3 0 1 
0.0018648750 3 0 0 3 0 3 
0.0010428750 3 0 0 3 1 0 
0.0013580000 3 0 0 3 1 1 
0.0014112500 3 0 0 3 2 2 
0.0008767500 3 0 0 3 2 3 
0.0006895000 3 0 1 0 0 0 
0.0008442500 3 0 1 0 1 0 
0.0004642500 3 0 1 0 1 1 
0.0000163750 3 0 1 0 2 0 
0.0016125000 3 0 1 0 2 1 
0.0000718750 3 0 1 0 3 0 
0.0017782500 3 0 1 0 3 1 
0.0001300000 3 0 1 1 0 3 
0.0009626250 3 0 1 1 2 3 
0.0009893750 3 0 1 1 3 2 
0.0001887500 3 0 1 1 3 3 
0.0004367500 3 0 1 2 0 2 
0.0015457500 3 0 1 2 0 3 
0.0005912500 3 0 1 2 2 3 
0.0010522500 3 0 1 2 3 2 
0.0018376250 3 0 1 3 0 0 
0.0012342500 3 0 1 3 0 1 
0.0013580000 3 0 1 3 1 0 
0.0010428750 3 0 1 3 1 1 
0.0002853750 3 0 2 0 1 0 
0.0004642500 3 0 2 0 1 2 
0.0001055000 3 0 2 0 2 0 
0.0016125000 3 0 2 0 2 2 
0.0003198750 3 0 2 0 3 0 
0.0017782500 3 0 2 0 3 2 
0.0010037500 3 0 2 1 0 1 
0.0001611250 3 0 2 1 1 1 
0.0015895000 3 0 2 1 1 3 
0.0017775000 3 0 2 1 2 1 
0.0018272500 3 0 2 1 2 3 
0.0014512500 3 0 2 2 1 1 
0.0016738750 3 0 2 2 1 3 
0.0015928750 3 0 2 2 2 1 
0.0012342500 3 0 2 3 0 2 
0.0010428750 3 0 2 3 1 2 
0.0014112500 3 0 2 3 2 0 
0.0017358750 3 0 3 0 0 0 
0.0007572500 3 0 3 0 1 0 
0.0004642500 3 0 3 0 1 3 
0.0005228750 3 0 3 0 2 0 
0.0016125000 3 0 3 0 2 3 
0.0015913750 3 0 3 0 3 0 
0.0017782500 3 0 3 0 3 3 
0.0001293750 3 0 3 1 0 2 
0.0010451250 3 0 3 1 1 1 
0.0004898750 3 0 3 1 3 2 
0.0015748750 3 0 3 2 0 2 
0.0016127500 3 0 3 2 1 1 
0.0010835000 3 0 3 2 2 2 
0.0010585000 3 0 3 2 3 1 
0.0009826250 3 0 3 2 3 2 
0.0018648750 3 0 3 3 0 0 
0.0012342500 3 0 3 3 0 3 
0.0010428750 3 0 3 3 1 3 
0.0008767500 3 0 3 3 2 0 
0.0004642500 3 1 0 0 0 0 
0.0008442500 3 1 0 0 0 1 
0.0002853750 3 1 0 0 0 2 
0.0007572500 3 1 0 0 0 3 
0.0006895000 3 1 0 0 1 1 
0.0017358750 3 1 0 0 1 3 
0.0011051250 3 1 0 1 2 0 
0.0009893750 3 1 0 1 2 3 
0.0019473750 3 1 0 1 3 0 
0.0009626250 3 1 0 1 3 2 
0.0017775000 3 1 0 1 3 3 
0.0009988750 3 1 0 2 2 0 
0.0010585000 3 1 0 2 2 2 
0.0010522500 3 1 0 2 2 3 
0.0004772500 3 1 0 2 3 0 
0.0010835000 3 1 0 2 3 1 
0.0005912500 3 1 0 2 3 2 
0.0015928750 3 1 0 2 3 3 
0.0010428750 3 1 0 3 0 0 
0.0013580000 3 1 0 3 0 1 
0.0012342500 3 1 0 3 1 0 
0.0018376250 3 1 0 3 1 1 
0.0018648750 3 1 0 3 1 3 
0.0008442500 3 1 1 0 0 0 
0.0004642500 3 1 1 0 0 1 
0.0006895000 3 1 1 0 1 0 
0.0003198750 3 1 1 0 2 3 
0.0005228750 3 1 1 0 3 2 
0.0001300000 3 1 1 1 1 3 
0.0011051250 3 1 1 1 2 1 
0.0019473750 3 1 1 1 3 1 
0.0004367500 3 1 1 2 1 2 
0.0015457500 3 1 1 2 1 3 
0.0009988750 3 1 1 2 2 1 
0.0010835000 3 1 1 2 3 0 
0.0004772500 3 1 1 2 3 1 
0.0013580000 3 1 1 3 0 0 
0.0010428750 3 1 1 3 0 1 
0.0018376250 3 1 1 3 1 0 
0.0012342500 3 1 1 3 1 1 
0.0016400000 3 1 1 3 2 2 
0.0008767500 3 1 1 3 3 2 
0.0002853750 3 1 2 0 0 0 
0.0004642500 3 1 2 0 0 2 
0.0015913750 3 1 2 0 2 1 
0.0000163750 3 1 2 0 3 3 
0.0001611250 3 1 2 1 0 1 
0.0015895000 3 1 2 1 0 3 
0.0010037500 3 1 2 1 1 1 
0.0011051250 3 1 2 1 2 2 
0.0009626250 3 1 2 1 3 0 
0.0019473750 3 1 2 1 3 2 
0.0014512500 3 1 2 2 0 1 
0.0016738750 3 1 2 2 0 3 
0.0010585000 3 1 2 2 2 0 
0.0009988750 3 1 2 2 2 2 
0.0005912500 3 1 2 2 3 0 
0.0004772500 3 1 2 2 3 2 
0.0010428750 3 1 2 3 0 2 
0.0012342500 3 1 2 3 1 2 
0.0007277500 3 1 2 3 2 3 
0.0007572500 3 1 3 0 0 0 
0.0004642500 3 1 3 0 0 3 
0.0017358750 3 1 3 0 1 0 
0.0000718750 3 1 3 0 2 2 
0.0001055000 3 1 3 0 3 1 
0.0010451250 3 1 3 1 0 1 
0.0001293750 3 1 3 1 1 2 
0.0009893750 3 1 3 1 2 0 
0.0011051250 3 1 3 1 2 3 
0.0017775000 3 1 3 1 3 0 
0.0019473750 3 1 3 1 3 3 
0.0016127500 3 1 3 2 0 1 
0.0015748750 3 1 3 2 1 2 
0.0010522500 3 1 3 2 2 0 
0.0009988750 3 1 3 2 2 3 
0.0015928750 3 1 3 2 3 0 
0.0004772500 3 1 3 2 3 3 
0.0010428750 3 1 3 3 0 3 
0.0018648750 3 1 3 3 1 0 
0.0012342500 3 1 3 3 1 3 
0.0009343750 3 1 3 3 2 1 
0.0014112500 3 1 3 3 3 1 
0.0001631250 3 1 3 3 3 2 
0.0016125000 3 2 0 0 0 0 
0.0000163750 3 2 0 0 0 1 
0.0001055000 3 2 0 0 0 2 
0.0005228750 3 2 0 0 0 3 
0.0006895000 3 2 0 0 2 1 
0.0017358750 3 2 0 0 2 3 
0.0004898750 3 2 0 1 1 1 
0.0001887500 3 2 0 1 1 2 
0.0006478750 3 2 0 1 3 0 
0.0015895000 3 2 0 1 3 1 
0.0010451250 3 2 0 1 3 2 
0.0009826250 3 2 0 2 1 1 
0.0012802500 3 2 0 2 3 0 
0.0016738750 3 2 0 2 3 1 
0.0016127500 3 2 0 2 3 2 
0.0014112500 3 2 0 3 0 2 
0.0008767500 3 2 0 3 0 3 
0.0012342500 3 2 0 3 2 0 
0.0018376250 3 2 0 3 2 1 
0.0018648750 3 2 0 3 2 3 
0.0000163750 3 2 1 0 0 0 
0.0016125000 3 2 1 0 0 1 
0.0015913750 3 2 1 0 1 2 
0.0006895000 3 2 1 0 2 0 
0.0002853750 3 2 1 0 3 3 
0.0009626250 3 2 1 1 0 3 
0.0004898750 3 2 1 1 1 0 
0.0001300000 3 2 1 1 2 3 
0.0015895000 3 2 1 1 3 0 
0.0006478750 3 2 1 1 3 1 
0.0005912500 3 2 1 2 0 3 
0.0009826250 3 2 1 2 1 0 
0.0004367500 3 2 1 2 2 2 
0.0015457500 3 2 1 2 2 3 
0.0016738750 3 2 1 2 3 0 
0.0012802500 3 2 1 2 3 1 
0.0009343750 3 2 1 3 1 3 
0.0018376250 3 2 1 3 2 0 
0.0012342500 3 2 1 3 2 1 
0.0013095000 3 2 1 3 3 2 
0.0001055000 3 2 2 0 0 0 
0.0016125000 3 2 2 0 0 2 
0.0000718750 3 2 2 0 1 3 
0.0007572500 3 2 2 0 3 1 
0.0017775000 3 2 2 1 0 1 
0.0018272500 3 2 2 1 0 3 
0.0001887500 3 2 2 1 1 0 
0.0010037500 3 2 2 1 2 1 
0.0010451250 3 2 2 1 3 0 
0.0006478750 3 2 2 1 3 2 
0.0015928750 3 2 2 2 0 1 
0.0016127500 3 2 2 2 3 0 
0.0012802500 3 2 2 2 3 2 
0.0014112500 3 2 2 3 0 0 
0.0016400000 3 2 2 3 1 1 
0.0012342500 3 2 2 3 2 2 
0.0005228750 3 2 3 0 0 0 
0.0016125000 3 2 3 0 0 3 
0.0003198750 3 2 3 0 1 1 
0.0017358750 3 2 3 0 2 0 
0.0008442500 3 2 3 0 3 2 
0.0001293750 3 2 3 1 2 2 
0.0006478750 3 2 3 1 3 3 
0.0010835000 3 2 3 2 0 2 
0.0015748750 3 2 3 2 2 2 
0.0012802500 3 2 3 2 3 3 
0.0008767500 3 2 3 3 0 0 
0.0007277500 3 2 3 3 1 2 
0.0018648750 3 2 3 3 2 0 
0.0012342500 3 2 3 3 2 3 
0.0007161250 3 2 3 3 3 1 
0.0013580000 3 2 3 3 3 2 
0.0017782500 3 3 0 0 0 0 
0.0000718750 3 3 0 0 0 1 
0.0003198750 3 3 0 0 0 2 
0.0015913750 3 3 0 0 0 3 
0.0006895000 3 3 0 0 3 1 
0.0017358750 3 3 0 0 3 3 
0.0018272500 3 3 0 1 1 1 
0.0001611250 3 3 0 1 2 3 
0.0014512500 3 3 0 2 2 3 
0.0012342500 3 3 0 3 3 0 
0.0018376250 3 3 0 3 3 1 
0.0018648750 3 3 0 3 3 3 
0.0000718750 3 3 1 0 0 0 
0.0017782500 3 3 1 0 0 1 
0.0001055000 3 3 1 0 1 3 
0.0007572500 3 3 1 0 2 2 
0.0006895000 3 3 1 0 3 0 
0.0009893750 3 3 1 1 0 2 
0.0001887500 3 3 1 1 0 3 
0.0018272500 3 3 1 1 1 0 
0.0001300000 3 3 1 1 3 3 
0.0010522500 3 3 1 2 0 2 
0.0004367500 3 3 1 2 3 2 
0.0015457500 3 3 1 2 3 3 
0.0014112500 3 3 1 3 1 3 
0.0007161250 3 3 1 3 2 3 
0.0018376250 3 3 1 3 3 0 
0.0012342500 3 3 1 3 3 1 
0.0003198750 3 3 2 0 0 0 
0.0017782500 3 3 2 0 0 2 
0.0005228750 3 3 2 0 1 1 
0.0008442500 3 3 2 0 2 3 
0.0010037500 3 3 2 1 3 1 
0.0008767500 3 3 2 3 1 1 
0.0001631250 3 3 2 3 1 3 
0.0013095000 3 3 2 3 2 1 
0.0013580000 3 3 2 3 2 3 
0.0012342500 3 3 2 3 3 2 
0.0015913750 3 3 3 0 0 0 
0.0017782500 3 3 3 0 0 3 
0.0000163750 3 3 3 0 1 2 
0.0002853750 3 3 3 0 2 1 
0.0017358750 3 3 3 0 3 0 
0.0004898750 3 3 3 1 0 2 
0.0001611250 3 3 3 1 2 0 
0.0001293750 3 3 3 1 3 2 
0.0010585000 3 3 3 2 0 1 
0.0009826250 3 3 3 2 0 2 
0.0014512500 3 3 3 2 2 0 
0.0015748750 3 3 3 2 3 2 
0.0018648750 3 3 3 3 3 0 
0.0012342500 3 3 3 3 3 3 
