0.0012342500 0 0 0 0 0 0 
0.0011193750 0 0 0 0 0 1 
0.0000916250 0 0 0 0 0 3 
0.0011193750 0 0 0 0 1 0 
0.0003545000 0 0 0 0 1 1 
0.0000920000 0 0 0 0 1 3 
0.0011628750 0 0 0 0 2 2 
0.0000146250 0 0 0 0 2 3 
0.0000916250 0 0 0 0 3 0 
0.0000920000 0 0 0 0 3 1 
0.0000146250 0 0 0 0 3 2 
0.0006247500 0 0 0 0 3 3 
0.0011193750 0 0 0 1 0 0 
0.0003545000 0 0 0 1 0 1 
0.0000920000 0 0 0 1 0 3 
0.0003545000 0 0 0 1 1 0 
0.0016738750 0 0 0 1 1 1 
0.0000697500 0 0 0 1 2 3 
0.0000920000 0 0 0 1 3 0 
0.0000697500 0 0 0 1 3 2 
0.0006271250 0 0 0 1 3 3 
0.0011628750 0 0 0 2 0 2 
0.0000146250 0 0 0 2 0 3 
0.0000697500 0 0 0 2 1 3 
0.0011628750 0 0 0 2 2 0 
0.0009626250 0 0 0 2 2 2 
0.0006906250 0 0 0 2 2 3 
0.0000146250 0 0 0 2 3 0 
0.0000697500 0 0 0 2 3 1 
0.0006906250 0 0 0 2 3 2 
0.0000916250 0 0 0 3 0 0 
0.0000920000 0 0 0 3 0 1 
0.0000146250 0 0 0 3 0 2 
0.0006247500 0 0 0 3 0 3 
0.0000920000 0 0 0 3 1 0 
0.0000697500 0 0 0 3 1 2 
0.0006271250 0 0 0 3 1 3 
0.0000146250 0 0 0 3 2 0 
0.0000697500 0 0 0 3 2 1 
0.0006906250 0 0 0 3 2 2 
0.0006247500 0 0 0 3 3 0 
0.0006271250 0 0 0 3 3 1 
0.0015913750 0 0 0 3 3 3 
0.0011193750 0 0 1 0 0 0 
0.0012342500 0 0 1 0 0 1 
0.0003545000 0 0 1 0 1 0 
0.0011193750 0 0 1 0 1 1 
0.0000920000 0 0 1 0 3 0 
0.0000916250 0 0 1 0 3 1 
0.0003545000 0 0 1 1 0 0 
0.0011193750 0 0 1 1 0 1 
0.0016738750 0 0 1 1 1 0 
0.0003545000 0 0 1 1 1 1 
0.0000920000 0 0 1 1 3 1 
0.0011628750 0 0 1 2 2 1 
0.0000697500 0 0 1 2 3 0 
0.0000146250 0 0 1 2 3 1 
0.0000920000 0 0 1 3 0 0 
0.0000916250 0 0 1 3 0 1 
0.0000920000 0 0 1 3 1 1 
0.0000697500 0 0 1 3 2 0 
0.0000146250 0 0 1 3 2 1 
0.0006271250 0 0 1 3 3 0 
0.0006247500 0 0 1 3 3 1 
0.0012342500 0 0 2 0 0 2 
0.0011193750 0 0 2 0 1 2 
0.0011628750 0 0 2 0 2 0 
0.0000146250 0 0 2 0 3 0 
0.0000916250 0 0 2 0 3 2 
0.0011193750 0 0 2 1 0 2 
0.0003545000 0 0 2 1 1 2 
0.0000697500 0 0 2 1 3 0 
0.0000920000 0 0 2 1 3 2 
0.0011628750 0 0 2 2 0 0 
0.0009626250 0 0 2 2 2 0 
0.0011628750 0 0 2 2 2 2 
0.0006906250 0 0 2 2 3 0 
0.0000146250 0 0 2 2 3 2 
0.0000146250 0 0 2 3 0 0 
0.0000916250 0 0 2 3 0 2 
0.0000697500 0 0 2 3 1 0 
0.0000920000 0 0 2 3 1 2 
0.0006906250 0 0 2 3 2 0 
0.0000146250 0 0 2 3 2 2 
0.0006247500 0 0 2 3 3 2 
0.0000916250 0 0 3 0 0 0 
0.0012342500 0 0 3 0 0 3 
0.0000920000 0 0 3 0 1 0 
0.0011193750 0 0 3 0 1 3 
0.0000146250 0 0 3 0 2 0 
0.0006247500 0 0 3 0 3 0 
0.0000916250 0 0 3 0 3 3 
0.0000920000 0 0 3 1 0 0 
0.0011193750 0 0 3 1 0 3 
0.0003545000 0 0 3 1 1 3 
0.0000697500 0 0 3 1 2 0 
0.0006271250 0 0 3 1 3 0 
0.0000920000 0 0 3 1 3 3 
0.0000146250 0 0 3 2 0 0 
0.0000697500 0 0 3 2 1 0 
0.0006906250 0 0 3 2 2 0 
0.0011628750 0 0 3 2 2 3 
0.0000146250 0 0 3 2 3 3 
0.0006247500 0 0 3 3 0 0 
0.0000916250 0 0 3 3 0 3 
0.0006271250 0 0 3 3 1 0 
0.0000920000 0 0 3 3 1 3 
0.0000146250 0 0 3 3 2 3 
0.0015913750 0 0 3 3 3 0 
0.0006247500 0 0 3 3 3 3 
0.0011193750 0 1 0 0 0 0 
0.0003545000 0 1 0 0 0 1 
0.0000920000 0 1 0 0 0 3 
0.0012342500 0 1 0 0 1 0 
0.0011193750 0 1 0 0 1 1 
0.0000916250 0 1 0 0 1 3 
0.0003545000 0 1 0 1 0 0 
0.0016738750 0 1 0 1 0 1 
0.0011193750 0 1 0 1 1 0 
0.0003545000 0 1 0 1 1 1 
0.0000920000 0 1 0 1 1 3 
0.0000697500 0 1 0 2 0 3 
0.0011628750 0 1 0 2 1 2 
0.0000146250 0 1 0 2 1 3 
0.0000920000 0 1 0 3 0 0 
0.0000697500 0 1 0 3 0 2 
0.0006271250 0 1 0 3 0 3 
0.0000916250 0 1 0 3 1 0 
0.0000920000 0 1 0 3 1 1 
0.0000146250 0 1 0 3 1 2 
0.0006247500 0 1 0 3 1 3 
0.0003545000 0 1 1 0 0 0 
0.0011193750 0 1 1 0 0 1 
0.0011193750 0 1 1 0 1 0 
0.0012342500 0 1 1 0 1 1 
0.0000146250 0 1 1 0 2 3 
0.0000146250 0 1 1 0 3 2 
0.0016738750 0 1 1 1 0 0 
0.0003545000 0 1 1 1 0 1 
0.0003545000 0 1 1 1 1 0 
0.0011193750 0 1 1 1 1 1 
0.0000697500 0 1 1 1 2 3 
0.0000697500 0 1 1 1 3 2 
0.0011545000 0 1 1 1 3 3 
0.0000488750 0 1 1 2 2 2 
0.0006906250 0 1 1 2 2 3 
0.0006906250 0 1 1 2 3 2 
0.0000920000 0 1 1 3 0 1 
0.0000920000 0 1 1 3 1 0 
0.0000916250 0 1 1 3 1 1 
0.0011193750 0 1 2 0 0 2 
0.0012342500 0 1 2 0 1 2 
0.0006247500 0 1 2 0 2 1 
0.0003545000 0 1 2 1 0 2 
0.0011193750 0 1 2 1 1 2 
0.0006271250 0 1 2 1 2 1 
0.0005298750 0 1 2 1 2 3 
0.0011628750 0 1 2 2 1 0 
0.0000697500 0 1 2 3 0 0 
0.0000920000 0 1 2 3 0 2 
0.0000146250 0 1 2 3 1 0 
0.0000916250 0 1 2 3 1 2 
0.0015913750 0 1 2 3 2 1 
0.0000488750 0 1 2 3 3 1 
0.0000697500 0 1 2 3 3 3 
0.0000920000 0 1 3 0 0 0 
0.0011193750 0 1 3 0 0 3 
0.0000916250 0 1 3 0 1 0 
0.0012342500 0 1 3 0 1 3 
0.0000920000 0 1 3 0 2 2 
0.0011628750 0 1 3 0 3 1 
0.0005701250 0 1 3 0 3 2 
0.0003545000 0 1 3 1 0 3 
0.0000920000 0 1 3 1 1 0 
0.0011193750 0 1 3 1 1 3 
0.0003533750 0 1 3 1 3 2 
0.0000697500 0 1 3 2 0 0 
0.0000146250 0 1 3 2 1 0 
0.0000697500 0 1 3 2 2 2 
0.0009626250 0 1 3 2 3 1 
0.0011545000 0 1 3 2 3 2 
0.0006271250 0 1 3 3 0 0 
0.0000920000 0 1 3 3 0 3 
0.0006247500 0 1 3 3 1 0 
0.0000916250 0 1 3 3 1 3 
0.0000488750 0 1 3 3 2 1 
0.0006271250 0 1 3 3 2 2 
0.0006906250 0 1 3 3 3 1 
0.0011628750 0 2 0 0 0 2 
0.0000146250 0 2 0 0 0 3 
0.0012342500 0 2 0 0 2 0 
0.0011193750 0 2 0 0 2 1 
0.0000916250 0 2 0 0 2 3 
0.0000697500 0 2 0 1 0 3 
0.0011193750 0 2 0 1 2 0 
0.0003545000 0 2 0 1 2 1 
0.0000920000 0 2 0 1 2 3 
0.0011628750 0 2 0 2 0 0 
0.0009626250 0 2 0 2 0 2 
0.0006906250 0 2 0 2 0 3 
0.0011628750 0 2 0 2 2 2 
0.0000146250 0 2 0 2 2 3 
0.0000146250 0 2 0 3 0 0 
0.0000697500 0 2 0 3 0 1 
0.0006906250 0 2 0 3 0 2 
0.0000916250 0 2 0 3 2 0 
0.0000920000 0 2 0 3 2 1 
0.0000146250 0 2 0 3 2 2 
0.0006247500 0 2 0 3 2 3 
0.0006247500 0 2 1 0 1 2 
0.0011193750 0 2 1 0 2 0 
0.0012342500 0 2 1 0 2 1 
0.0006271250 0 2 1 1 1 2 
0.0003545000 0 2 1 1 2 0 
0.0011193750 0 2 1 1 2 1 
0.0005298750 0 2 1 1 3 2 
0.0011628750 0 2 1 2 0 1 
0.0000697500 0 2 1 3 0 0 
0.0000146250 0 2 1 3 0 1 
0.0015913750 0 2 1 3 1 2 
0.0000488750 0 2 1 3 1 3 
0.0000920000 0 2 1 3 2 0 
0.0000916250 0 2 1 3 2 1 
0.0000697500 0 2 1 3 3 3 
0.0011628750 0 2 2 0 0 0 
0.0000920000 0 2 2 0 1 3 
0.0012342500 0 2 2 0 2 2 
0.0000920000 0 2 2 0 3 1 
0.0011193750 0 2 2 1 2 2 
0.0009626250 0 2 2 2 0 0 
0.0011628750 0 2 2 2 0 2 
0.0000488750 0 2 2 2 1 1 
0.0000697500 0 2 2 2 1 3 
0.0011628750 0 2 2 2 2 0 
0.0000697500 0 2 2 2 3 1 
0.0003533750 0 2 2 2 3 3 
0.0006906250 0 2 2 3 0 0 
0.0000146250 0 2 2 3 0 2 
0.0006271250 0 2 2 3 1 3 
0.0000146250 0 2 2 3 2 0 
0.0000916250 0 2 2 3 2 2 
0.0006271250 0 2 2 3 3 1 
0.0005298750 0 2 2 3 3 3 
0.0000146250 0 2 3 0 0 0 
0.0000146250 0 2 3 0 1 1 
0.0000916250 0 2 3 0 2 0 
0.0012342500 0 2 3 0 2 3 
0.0005701250 0 2 3 0 3 1 
0.0003545000 0 2 3 0 3 2 
0.0000697500 0 2 3 1 0 0 
0.0000697500 0 2 3 1 1 1 
0.0005298750 0 2 3 1 1 2 
0.0000920000 0 2 3 1 2 0 
0.0011193750 0 2 3 1 2 3 
0.0003533750 0 2 3 1 3 1 
0.0016738750 0 2 3 1 3 2 
0.0006906250 0 2 3 2 0 0 
0.0011628750 0 2 3 2 0 3 
0.0006906250 0 2 3 2 1 1 
0.0000146250 0 2 3 2 2 0 
0.0011545000 0 2 3 2 3 1 
0.0000146250 0 2 3 3 0 3 
0.0006247500 0 2 3 3 2 0 
0.0000916250 0 2 3 3 2 3 
0.0000916250 0 3 0 0 0 0 
0.0000920000 0 3 0 0 0 1 
0.0000146250 0 3 0 0 0 2 
0.0006247500 0 3 0 0 0 3 
0.0012342500 0 3 0 0 3 0 
0.0011193750 0 3 0 0 3 1 
0.0000916250 0 3 0 0 3 3 
0.0000920000 0 3 0 1 0 0 
0.0000697500 0 3 0 1 0 2 
0.0006271250 0 3 0 1 0 3 
0.0011193750 0 3 0 1 3 0 
0.0003545000 0 3 0 1 3 1 
0.0000920000 0 3 0 1 3 3 
0.0000146250 0 3 0 2 0 0 
0.0000697500 0 3 0 2 0 1 
0.0006906250 0 3 0 2 0 2 
0.0011628750 0 3 0 2 3 2 
0.0000146250 0 3 0 2 3 3 
0.0006247500 0 3 0 3 0 0 
0.0006271250 0 3 0 3 0 1 
0.0015913750 0 3 0 3 0 3 
0.0000916250 0 3 0 3 3 0 
0.0000920000 0 3 0 3 3 1 
0.0000146250 0 3 0 3 3 2 
0.0006247500 0 3 0 3 3 3 
0.0000920000 0 3 1 0 0 0 
0.0000916250 0 3 1 0 0 1 
0.0011628750 0 3 1 0 1 3 
0.0000920000 0 3 1 0 2 2 
0.0005701250 0 3 1 0 2 3 
0.0011193750 0 3 1 0 3 0 
0.0012342500 0 3 1 0 3 1 
0.0000920000 0 3 1 1 0 1 
0.0003533750 0 3 1 1 2 3 
0.0003545000 0 3 1 1 3 0 
0.0011193750 0 3 1 1 3 1 
0.0000697500 0 3 1 2 0 0 
0.0000146250 0 3 1 2 0 1 
0.0009626250 0 3 1 2 1 3 
0.0000697500 0 3 1 2 2 2 
0.0011545000 0 3 1 2 2 3 
0.0006271250 0 3 1 3 0 0 
0.0006247500 0 3 1 3 0 1 
0.0000488750 0 3 1 3 1 2 
0.0006906250 0 3 1 3 1 3 
0.0006271250 0 3 1 3 2 2 
0.0000920000 0 3 1 3 3 0 
0.0000916250 0 3 1 3 3 1 
0.0000146250 0 3 2 0 0 0 
0.0000916250 0 3 2 0 0 2 
0.0000146250 0 3 2 0 1 1 
0.0005701250 0 3 2 0 1 3 
0.0003545000 0 3 2 0 2 3 
0.0012342500 0 3 2 0 3 2 
0.0000697500 0 3 2 1 0 0 
0.0000920000 0 3 2 1 0 2 
0.0000697500 0 3 2 1 1 1 
0.0003533750 0 3 2 1 1 3 
0.0005298750 0 3 2 1 2 1 
0.0016738750 0 3 2 1 2 3 
0.0011193750 0 3 2 1 3 2 
0.0006906250 0 3 2 2 0 0 
0.0000146250 0 3 2 2 0 2 
0.0006906250 0 3 2 2 1 1 
0.0011545000 0 3 2 2 1 3 
0.0011628750 0 3 2 2 3 0 
0.0006247500 0 3 2 3 0 2 
0.0000146250 0 3 2 3 3 0 
0.0000916250 0 3 2 3 3 2 
0.0006247500 0 3 3 0 0 0 
0.0000916250 0 3 3 0 0 3 
0.0000916250 0 3 3 0 3 0 
0.0012342500 0 3 3 0 3 3 
0.0006271250 0 3 3 1 0 0 
0.0000920000 0 3 3 1 0 3 
0.0011545000 0 3 3 1 1 1 
0.0000920000 0 3 3 1 3 0 
0.0011193750 0 3 3 1 3 3 
0.0000146250 0 3 3 2 0 3 
0.0003533750 0 3 3 2 2 2 
0.0000146250 0 3 3 2 3 0 
0.0015913750 0 3 3 3 0 0 
0.0006247500 0 3 3 3 0 3 
0.0000697500 0 3 3 3 1 2 
0.0000697500 0 3 3 3 2 1 
0.0005298750 0 3 3 3 2 2 
0.0006247500 0 3 3 3 3 0 
0.0000916250 0 3 3 3 3 3 
0.0011193750 1 0 0 0 0 0 
0.0003545000 1 0 0 0 0 1 
0.0000920000 1 0 0 0 0 3 
0.0003545000 1 0 0 0 1 0 
0.0016738750 1 0 0 0 1 1 
0.0000697500 1 0 0 0 2 3 
0.0000920000 1 0 0 0 3 0 
0.0000697500 1 0 0 0 3 2 
0.0006271250 1 0 0 0 3 3 
0.0012342500 1 0 0 1 0 0 
0.0011193750 1 0 0 1 0 1 
0.0000916250 1 0 0 1 0 3 
0.0011193750 1 0 0 1 1 0 
0.0003545000 1 0 0 1 1 1 
0.0000920000 1 0 0 1 1 3 
0.0011628750 1 0 0 1 2 2 
0.0000146250 1 0 0 1 2 3 
0.0000916250 1 0 0 1 3 0 
0.0000920000 1 0 0 1 3 1 
0.0000146250 1 0 0 1 3 2 
0.0006247500 1 0 0 1 3 3 
0.0003545000 1 0 1 0 0 0 
0.0011193750 1 0 1 0 0 1 
0.0016738750 1 0 1 0 1 0 
0.0003545000 1 0 1 0 1 1 
0.0000920000 1 0 1 0 3 1 
0.0011193750 1 0 1 1 0 0 
0.0012342500 1 0 1 1 0 1 
0.0003545000 1 0 1 1 1 0 
0.0011193750 1 0 1 1 1 1 
0.0000920000 1 0 1 1 3 0 
0.0000916250 1 0 1 1 3 1 
0.0000146250 1 0 1 2 0 3 
0.0000697500 1 0 1 2 1 3 
0.0000488750 1 0 1 2 2 2 
0.0006906250 1 0 1 2 2 3 
0.0000146250 1 0 1 3 0 2 
0.0000697500 1 0 1 3 1 2 
0.0011545000 1 0 1 3 1 3 
0.0006906250 1 0 1 3 2 2 
0.0011193750 1 0 2 0 0 2 
0.0003545000 1 0 2 0 1 2 
0.0000697500 1 0 2 0 3 0 
0.0000920000 1 0 2 0 3 2 
0.0012342500 1 0 2 1 0 2 
0.0011193750 1 0 2 1 1 2 
0.0011628750 1 0 2 1 2 0 
0.0000146250 1 0 2 1 3 0 
0.0000916250 1 0 2 1 3 2 
0.0006247500 1 0 2 2 0 1 
0.0006271250 1 0 2 2 1 1 
0.0005298750 1 0 2 2 1 3 
0.0015913750 1 0 2 2 3 1 
0.0000488750 1 0 2 3 3 1 
0.0000697500 1 0 2 3 3 3 
0.0000920000 1 0 3 0 0 0 
0.0011193750 1 0 3 0 0 3 
0.0003545000 1 0 3 0 1 3 
0.0000697500 1 0 3 0 2 0 
0.0006271250 1 0 3 0 3 0 
0.0000920000 1 0 3 0 3 3 
0.0000916250 1 0 3 1 0 0 
0.0012342500 1 0 3 1 0 3 
0.0000920000 1 0 3 1 1 0 
0.0011193750 1 0 3 1 1 3 
0.0000146250 1 0 3 1 2 0 
0.0006247500 1 0 3 1 3 0 
0.0000916250 1 0 3 1 3 3 
0.0000920000 1 0 3 2 0 2 
0.0000697500 1 0 3 2 2 2 
0.0000488750 1 0 3 2 3 1 
0.0006271250 1 0 3 2 3 2 
0.0011628750 1 0 3 3 0 1 
0.0005701250 1 0 3 3 0 2 
0.0003533750 1 0 3 3 1 2 
0.0009626250 1 0 3 3 2 1 
0.0011545000 1 0 3 3 2 2 
0.0006906250 1 0 3 3 3 1 
0.0003545000 1 1 0 0 0 0 
0.0016738750 1 1 0 0 0 1 
0.0011193750 1 1 0 0 1 0 
0.0003545000 1 1 0 0 1 1 
0.0000920000 1 1 0 0 1 3 
0.0011193750 1 1 0 1 0 0 
0.0003545000 1 1 0 1 0 1 
0.0000920000 1 1 0 1 0 3 
0.0012342500 1 1 0 1 1 0 
0.0011193750 1 1 0 1 1 1 
0.0000916250 1 1 0 1 1 3 
0.0000488750 1 1 0 2 2 2 
0.0000146250 1 1 0 2 3 0 
0.0000697500 1 1 0 2 3 1 
0.0006906250 1 1 0 2 3 2 
0.0000146250 1 1 0 3 2 0 
0.0000697500 1 1 0 3 2 1 
0.0006906250 1 1 0 3 2 2 
0.0011545000 1 1 0 3 3 1 
0.0016738750 1 1 1 0 0 0 
0.0003545000 1 1 1 0 0 1 
0.0003545000 1 1 1 0 1 0 
0.0011193750 1 1 1 0 1 1 
0.0000697500 1 1 1 0 2 3 
0.0000697500 1 1 1 0 3 2 
0.0011545000 1 1 1 0 3 3 
0.0003545000 1 1 1 1 0 0 
0.0011193750 1 1 1 1 0 1 
0.0011193750 1 1 1 1 1 0 
0.0012342500 1 1 1 1 1 1 
0.0000146250 1 1 1 1 2 3 
0.0000146250 1 1 1 1 3 2 
0.0000697500 1 1 1 2 0 3 
0.0000146250 1 1 1 2 1 3 
0.0000697500 1 1 1 2 3 0 
0.0000146250 1 1 1 2 3 1 
0.0000697500 1 1 1 3 0 2 
0.0011545000 1 1 1 3 0 3 
0.0000146250 1 1 1 3 1 2 
0.0000697500 1 1 1 3 2 0 
0.0000146250 1 1 1 3 2 1 
0.0011545000 1 1 1 3 3 0 
0.0003545000 1 1 2 0 0 2 
0.0011193750 1 1 2 0 1 2 
0.0006271250 1 1 2 0 2 1 
0.0005298750 1 1 2 0 2 3 
0.0011193750 1 1 2 1 0 2 
0.0012342500 1 1 2 1 1 2 
0.0006247500 1 1 2 1 2 1 
0.0006271250 1 1 2 2 0 1 
0.0005298750 1 1 2 2 0 3 
0.0006247500 1 1 2 2 1 1 
0.0000488750 1 1 2 2 2 0 
0.0006906250 1 1 2 2 3 0 
0.0000146250 1 1 2 2 3 2 
0.0006906250 1 1 2 3 2 0 
0.0000146250 1 1 2 3 2 2 
0.0003545000 1 1 3 0 0 3 
0.0000920000 1 1 3 0 1 0 
0.0011193750 1 1 3 0 1 3 
0.0003533750 1 1 3 0 3 2 
0.0000920000 1 1 3 1 0 0 
0.0011193750 1 1 3 1 0 3 
0.0000916250 1 1 3 1 1 0 
0.0012342500 1 1 3 1 1 3 
0.0000920000 1 1 3 1 2 2 
0.0011628750 1 1 3 1 3 1 
0.0005701250 1 1 3 1 3 2 
0.0000920000 1 1 3 2 1 2 
0.0000146250 1 1 3 2 3 3 
0.0003533750 1 1 3 3 0 2 
0.0011628750 1 1 3 3 1 1 
0.0005701250 1 1 3 3 1 2 
0.0000146250 1 1 3 3 2 3 
0.0000697500 1 2 0 0 0 3 
0.0011193750 1 2 0 0 2 0 
0.0003545000 1 2 0 0 2 1 
0.0000920000 1 2 0 0 2 3 
0.0011628750 1 2 0 1 0 2 
0.0000146250 1 2 0 1 0 3 
0.0012342500 1 2 0 1 2 0 
0.0011193750 1 2 0 1 2 1 
0.0000916250 1 2 0 1 2 3 
0.0006247500 1 2 0 2 1 0 
0.0006271250 1 2 0 2 1 1 
0.0015913750 1 2 0 2 1 3 
0.0005298750 1 2 0 2 3 1 
0.0000488750 1 2 0 3 1 3 
0.0000697500 1 2 0 3 3 3 
0.0006271250 1 2 1 0 1 2 
0.0003545000 1 2 1 0 2 0 
0.0011193750 1 2 1 0 2 1 
0.0005298750 1 2 1 0 3 2 
0.0006247500 1 2 1 1 1 2 
0.0011193750 1 2 1 1 2 0 
0.0012342500 1 2 1 1 2 1 
0.0000488750 1 2 1 2 0 2 
0.0006906250 1 2 1 2 0 3 
0.0006271250 1 2 1 2 1 0 
0.0006247500 1 2 1 2 1 1 
0.0000146250 1 2 1 2 2 3 
0.0005298750 1 2 1 2 3 0 
0.0006906250 1 2 1 3 0 2 
0.0000146250 1 2 1 3 2 2 
0.0011193750 1 2 2 0 2 2 
0.0011628750 1 2 2 1 0 0 
0.0000920000 1 2 2 1 1 3 
0.0012342500 1 2 2 1 2 2 
0.0000920000 1 2 2 1 3 1 
0.0006247500 1 2 2 2 1 2 
0.0006247500 1 2 2 2 2 1 
0.0000697500 1 2 3 0 0 0 
0.0000697500 1 2 3 0 1 1 
0.0005298750 1 2 3 0 1 2 
0.0000920000 1 2 3 0 2 0 
0.0011193750 1 2 3 0 2 3 
0.0003533750 1 2 3 0 3 1 
0.0016738750 1 2 3 0 3 2 
0.0000146250 1 2 3 1 0 0 
0.0000146250 1 2 3 1 1 1 
0.0000916250 1 2 3 1 2 0 
0.0012342500 1 2 3 1 2 3 
0.0005701250 1 2 3 1 3 1 
0.0003545000 1 2 3 1 3 2 
0.0000697500 1 2 3 2 0 2 
0.0015913750 1 2 3 2 1 0 
0.0006247500 1 2 3 2 1 3 
0.0000920000 1 2 3 2 2 2 
0.0009626250 1 2 3 3 0 1 
0.0011545000 1 2 3 3 0 2 
0.0000488750 1 2 3 3 1 0 
0.0011628750 1 2 3 3 2 1 
0.0005701250 1 2 3 3 2 2 
0.0000697500 1 2 3 3 3 0 
0.0000920000 1 3 0 0 0 0 
0.0000697500 1 3 0 0 0 2 
0.0006271250 1 3 0 0 0 3 
0.0011193750 1 3 0 0 3 0 
0.0003545000 1 3 0 0 3 1 
0.0000920000 1 3 0 0 3 3 
0.0000916250 1 3 0 1 0 0 
0.0000920000 1 3 0 1 0 1 
0.0000146250 1 3 0 1 0 2 
0.0006247500 1 3 0 1 0 3 
0.0012342500 1 3 0 1 3 0 
0.0011193750 1 3 0 1 3 1 
0.0000916250 1 3 0 1 3 3 
0.0000488750 1 3 0 2 1 3 
0.0000920000 1 3 0 2 2 0 
0.0000697500 1 3 0 2 2 2 
0.0006271250 1 3 0 2 2 3 
0.0011628750 1 3 0 3 1 0 
0.0009626250 1 3 0 3 1 2 
0.0006906250 1 3 0 3 1 3 
0.0005701250 1 3 0 3 2 0 
0.0003533750 1 3 0 3 2 1 
0.0011545000 1 3 0 3 2 2 
0.0000920000 1 3 1 0 0 1 
0.0003533750 1 3 1 0 2 3 
0.0003545000 1 3 1 0 3 0 
0.0011193750 1 3 1 0 3 1 
0.0000920000 1 3 1 1 0 0 
0.0000916250 1 3 1 1 0 1 
0.0011628750 1 3 1 1 1 3 
0.0000920000 1 3 1 1 2 2 
0.0005701250 1 3 1 1 2 3 
0.0011193750 1 3 1 1 3 0 
0.0012342500 1 3 1 1 3 1 
0.0000920000 1 3 1 2 2 1 
0.0000146250 1 3 1 2 3 3 
0.0011628750 1 3 1 3 1 1 
0.0003533750 1 3 1 3 2 0 
0.0005701250 1 3 1 3 2 1 
0.0000146250 1 3 1 3 3 2 
0.0000697500 1 3 2 0 0 0 
0.0000920000 1 3 2 0 0 2 
0.0000697500 1 3 2 0 1 1 
0.0003533750 1 3 2 0 1 3 
0.0005298750 1 3 2 0 2 1 
0.0016738750 1 3 2 0 2 3 
0.0011193750 1 3 2 0 3 2 
0.0000146250 1 3 2 1 0 0 
0.0000916250 1 3 2 1 0 2 
0.0000146250 1 3 2 1 1 1 
0.0005701250 1 3 2 1 1 3 
0.0003545000 1 3 2 1 2 3 
0.0012342500 1 3 2 1 3 2 
0.0015913750 1 3 2 2 0 1 
0.0000697500 1 3 2 2 2 0 
0.0000920000 1 3 2 2 2 2 
0.0006247500 1 3 2 2 3 1 
0.0000488750 1 3 2 3 0 1 
0.0000697500 1 3 2 3 0 3 
0.0009626250 1 3 2 3 1 0 
0.0011628750 1 3 2 3 1 2 
0.0011545000 1 3 2 3 2 0 
0.0005701250 1 3 2 3 2 2 
0.0006271250 1 3 3 0 0 0 
0.0000920000 1 3 3 0 0 3 
0.0011545000 1 3 3 0 1 1 
0.0000920000 1 3 3 0 3 0 
0.0011193750 1 3 3 0 3 3 
0.0006247500 1 3 3 1 0 0 
0.0000916250 1 3 3 1 0 3 
0.0000916250 1 3 3 1 3 0 
0.0012342500 1 3 3 1 3 3 
0.0000488750 1 3 3 2 0 1 
0.0006271250 1 3 3 2 0 2 
0.0000488750 1 3 3 2 1 0 
0.0006271250 1 3 3 2 2 0 
0.0000920000 1 3 3 2 2 3 
0.0000920000 1 3 3 2 3 2 
0.0006906250 1 3 3 3 0 1 
0.0006906250 1 3 3 3 1 0 
0.0011628750 1 3 3 3 1 3 
0.0005701250 1 3 3 3 2 3 
0.0011628750 1 3 3 3 3 1 
0.0005701250 1 3 3 3 3 2 
0.0011628750 2 0 0 0 0 2 
0.0000146250 2 0 0 0 0 3 
0.0000697500 2 0 0 0 1 3 
0.0011628750 2 0 0 0 2 0 
0.0009626250 2 0 0 0 2 2 
0.0006906250 2 0 0 0 2 3 
0.0000146250 2 0 0 0 3 0 
0.0000697500 2 0 0 0 3 1 
0.0006906250 2 0 0 0 3 2 
0.0012342500 2 0 0 2 0 0 
0.0011193750 2 0 0 2 0 1 
0.0000916250 2 0 0 2 0 3 
0.0011193750 2 0 0 2 1 0 
0.0003545000 2 0 0 2 1 1 
0.0000920000 2 0 0 2 1 3 
0.0011628750 2 0 0 2 2 2 
0.0000146250 2 0 0 2 2 3 
0.0000916250 2 0 0 2 3 0 
0.0000920000 2 0 0 2 3 1 
0.0000146250 2 0 0 2 3 2 
0.0006247500 2 0 0 2 3 3 
0.0011628750 2 0 1 0 2 1 
0.0000697500 2 0 1 0 3 0 
0.0000146250 2 0 1 0 3 1 
0.0006247500 2 0 1 1 0 2 
0.0006271250 2 0 1 1 1 2 
0.0015913750 2 0 1 1 3 2 
0.0000488750 2 0 1 1 3 3 
0.0011193750 2 0 1 2 0 0 
0.0012342500 2 0 1 2 0 1 
0.0003545000 2 0 1 2 1 0 
0.0011193750 2 0 1 2 1 1 
0.0000920000 2 0 1 2 3 0 
0.0000916250 2 0 1 2 3 1 
0.0005298750 2 0 1 3 1 2 
0.0000697500 2 0 1 3 3 3 
0.0011628750 2 0 2 0 0 0 
0.0009626250 2 0 2 0 2 0 
0.0011628750 2 0 2 0 2 2 
0.0006906250 2 0 2 0 3 0 
0.0000146250 2 0 2 0 3 2 
0.0000920000 2 0 2 1 0 3 
0.0000488750 2 0 2 1 2 1 
0.0000697500 2 0 2 1 2 3 
0.0006271250 2 0 2 1 3 3 
0.0012342500 2 0 2 2 0 2 
0.0011193750 2 0 2 2 1 2 
0.0011628750 2 0 2 2 2 0 
0.0000146250 2 0 2 2 3 0 
0.0000916250 2 0 2 2 3 2 
0.0000920000 2 0 2 3 0 1 
0.0000697500 2 0 2 3 2 1 
0.0003533750 2 0 2 3 2 3 
0.0006271250 2 0 2 3 3 1 
0.0005298750 2 0 2 3 3 3 
0.0000146250 2 0 3 0 0 0 
0.0000697500 2 0 3 0 1 0 
0.0006906250 2 0 3 0 2 0 
0.0011628750 2 0 3 0 2 3 
0.0000146250 2 0 3 0 3 3 
0.0000146250 2 0 3 1 0 1 
0.0000697500 2 0 3 1 1 1 
0.0005298750 2 0 3 1 1 2 
0.0006906250 2 0 3 1 2 1 
0.0000916250 2 0 3 2 0 0 
0.0012342500 2 0 3 2 0 3 
0.0000920000 2 0 3 2 1 0 
0.0011193750 2 0 3 2 1 3 
0.0000146250 2 0 3 2 2 0 
0.0006247500 2 0 3 2 3 0 
0.0000916250 2 0 3 2 3 3 
0.0005701250 2 0 3 3 0 1 
0.0003545000 2 0 3 3 0 2 
0.0003533750 2 0 3 3 1 1 
0.0016738750 2 0 3 3 1 2 
0.0011545000 2 0 3 3 2 1 
0.0000697500 2 1 0 0 0 3 
0.0011628750 2 1 0 0 1 2 
0.0000146250 2 1 0 0 1 3 
0.0006247500 2 1 0 1 2 0 
0.0006271250 2 1 0 1 2 1 
0.0015913750 2 1 0 1 2 3 
0.0000488750 2 1 0 1 3 3 
0.0011193750 2 1 0 2 0 0 
0.0003545000 2 1 0 2 0 1 
0.0000920000 2 1 0 2 0 3 
0.0012342500 2 1 0 2 1 0 
0.0011193750 2 1 0 2 1 1 
0.0000916250 2 1 0 2 1 3 
0.0005298750 2 1 0 3 2 1 
0.0000697500 2 1 0 3 3 3 
0.0000488750 2 1 1 0 2 2 
0.0006906250 2 1 1 0 2 3 
0.0006906250 2 1 1 0 3 2 
0.0006271250 2 1 1 1 0 2 
0.0006247500 2 1 1 1 1 2 
0.0006271250 2 1 1 1 2 0 
0.0006247500 2 1 1 1 2 1 
0.0003545000 2 1 1 2 0 0 
0.0011193750 2 1 1 2 0 1 
0.0011193750 2 1 1 2 1 0 
0.0012342500 2 1 1 2 1 1 
0.0000146250 2 1 1 2 2 3 
0.0000146250 2 1 1 2 3 2 
0.0005298750 2 1 1 3 0 2 
0.0005298750 2 1 1 3 2 0 
0.0011628750 2 1 2 0 1 0 
0.0000920000 2 1 2 1 1 3 
0.0006247500 2 1 2 1 2 2 
0.0011193750 2 1 2 2 0 2 
0.0012342500 2 1 2 2 1 2 
0.0006247500 2 1 2 2 2 1 
0.0000920000 2 1 2 3 1 1 
0.0000697500 2 1 3 0 0 0 
0.0000146250 2 1 3 0 1 0 
0.0000697500 2 1 3 0 2 2 
0.0009626250 2 1 3 0 3 1 
0.0011545000 2 1 3 0 3 2 
0.0000697500 2 1 3 1 0 1 
0.0005298750 2 1 3 1 0 2 
0.0000146250 2 1 3 1 1 1 
0.0015913750 2 1 3 1 2 0 
0.0006247500 2 1 3 1 2 3 
0.0000488750 2 1 3 1 3 0 
0.0000920000 2 1 3 2 0 0 
0.0011193750 2 1 3 2 0 3 
0.0000916250 2 1 3 2 1 0 
0.0012342500 2 1 3 2 1 3 
0.0000920000 2 1 3 2 2 2 
0.0011628750 2 1 3 2 3 1 
0.0005701250 2 1 3 2 3 2 
0.0003533750 2 1 3 3 0 1 
0.0016738750 2 1 3 3 0 2 
0.0005701250 2 1 3 3 1 1 
0.0003545000 2 1 3 3 1 2 
0.0000697500 2 1 3 3 3 0 
0.0011628750 2 2 0 0 0 0 
0.0009626250 2 2 0 0 0 2 
0.0006906250 2 2 0 0 0 3 
0.0011628750 2 2 0 0 2 2 
0.0000146250 2 2 0 0 2 3 
0.0000488750 2 2 0 1 1 2 
0.0000920000 2 2 0 1 3 0 
0.0000697500 2 2 0 1 3 2 
0.0006271250 2 2 0 1 3 3 
0.0011628750 2 2 0 2 0 2 
0.0000146250 2 2 0 2 0 3 
0.0012342500 2 2 0 2 2 0 
0.0011193750 2 2 0 2 2 1 
0.0000916250 2 2 0 2 2 3 
0.0000920000 2 2 0 3 1 0 
0.0000697500 2 2 0 3 1 2 
0.0006271250 2 2 0 3 1 3 
0.0003533750 2 2 0 3 3 2 
0.0005298750 2 2 0 3 3 3 
0.0011628750 2 2 1 0 0 1 
0.0006247500 2 2 1 1 2 2 
0.0000920000 2 2 1 1 3 1 
0.0006247500 2 2 1 2 1 2 
0.0011193750 2 2 1 2 2 0 
0.0012342500 2 2 1 2 2 1 
0.0000920000 2 2 1 3 1 1 
0.0009626250 2 2 2 0 0 0 
0.0011628750 2 2 2 0 0 2 
0.0000488750 2 2 2 0 1 1 
0.0000697500 2 2 2 0 1 3 
0.0011628750 2 2 2 0 2 0 
0.0000697500 2 2 2 0 3 1 
0.0003533750 2 2 2 0 3 3 
0.0000488750 2 2 2 1 0 1 
0.0000697500 2 2 2 1 0 3 
0.0000488750 2 2 2 1 1 0 
0.0000920000 2 2 2 1 2 3 
0.0000697500 2 2 2 1 3 0 
0.0000920000 2 2 2 1 3 2 
0.0011628750 2 2 2 2 0 0 
0.0000920000 2 2 2 2 1 3 
0.0012342500 2 2 2 2 2 2 
0.0000920000 2 2 2 2 3 1 
0.0000697500 2 2 2 3 0 1 
0.0003533750 2 2 2 3 0 3 
0.0000697500 2 2 2 3 1 0 
0.0000920000 2 2 2 3 1 2 
0.0000920000 2 2 2 3 2 1 
0.0003533750 2 2 2 3 3 0 
0.0006906250 2 2 3 0 0 0 
0.0011628750 2 2 3 0 0 3 
0.0006906250 2 2 3 0 1 1 
0.0000146250 2 2 3 0 2 0 
0.0011545000 2 2 3 0 3 1 
0.0006906250 2 2 3 1 0 1 
0.0000146250 2 2 3 1 2 1 
0.0006271250 2 2 3 1 3 0 
0.0000920000 2 2 3 1 3 3 
0.0000146250 2 2 3 2 0 0 
0.0000146250 2 2 3 2 1 1 
0.0000916250 2 2 3 2 2 0 
0.0012342500 2 2 3 2 2 3 
0.0005701250 2 2 3 2 3 1 
0.0003545000 2 2 3 2 3 2 
0.0011545000 2 2 3 3 0 1 
0.0006271250 2 2 3 3 1 0 
0.0000920000 2 2 3 3 1 3 
0.0005701250 2 2 3 3 2 1 
0.0003545000 2 2 3 3 2 2 
0.0005298750 2 2 3 3 3 0 
0.0000146250 2 3 0 0 0 0 
0.0000697500 2 3 0 0 0 1 
0.0006906250 2 3 0 0 0 2 
0.0011628750 2 3 0 0 3 2 
0.0000146250 2 3 0 0 3 3 
0.0000146250 2 3 0 1 1 0 
0.0000697500 2 3 0 1 1 1 
0.0006906250 2 3 0 1 1 2 
0.0005298750 2 3 0 1 2 1 
0.0000916250 2 3 0 2 0 0 
0.0000920000 2 3 0 2 0 1 
0.0000146250 2 3 0 2 0 2 
0.0006247500 2 3 0 2 0 3 
0.0012342500 2 3 0 2 3 0 
0.0011193750 2 3 0 2 3 1 
0.0000916250 2 3 0 2 3 3 
0.0005701250 2 3 0 3 1 0 
0.0003533750 2 3 0 3 1 1 
0.0011545000 2 3 0 3 1 2 
0.0003545000 2 3 0 3 2 0 
0.0016738750 2 3 0 3 2 1 
0.0000697500 2 3 1 0 0 0 
0.0000146250 2 3 1 0 0 1 
0.0009626250 2 3 1 0 1 3 
0.0000697500 2 3 1 0 2 2 
0.0011545000 2 3 1 0 2 3 
0.0015913750 2 3 1 1 0 2 
0.0000488750 2 3 1 1 0 3 
0.0000697500 2 3 1 1 1 0 
0.0000146250 2 3 1 1 1 1 
0.0005298750 2 3 1 1 2 0 
0.0006247500 2 3 1 1 3 2 
0.0000920000 2 3 1 2 0 0 
0.0000916250 2 3 1 2 0 1 
0.0011628750 2 3 1 2 1 3 
0.0000920000 2 3 1 2 2 2 
0.0005701250 2 3 1 2 2 3 
0.0011193750 2 3 1 2 3 0 
0.0012342500 2 3 1 2 3 1 
0.0000697500 2 3 1 3 0 3 
0.0003533750 2 3 1 3 1 0 
0.0005701250 2 3 1 3 1 1 
0.0016738750 2 3 1 3 2 0 
0.0003545000 2 3 1 3 2 1 
0.0006906250 2 3 2 0 0 0 
0.0000146250 2 3 2 0 0 2 
0.0006906250 2 3 2 0 1 1 
0.0011545000 2 3 2 0 1 3 
0.0011628750 2 3 2 0 3 0 
0.0006271250 2 3 2 1 0 3 
0.0006906250 2 3 2 1 1 0 
0.0000146250 2 3 2 1 1 2 
0.0000920000 2 3 2 1 3 3 
0.0000146250 2 3 2 2 0 0 
0.0000916250 2 3 2 2 0 2 
0.0000146250 2 3 2 2 1 1 
0.0005701250 2 3 2 2 1 3 
0.0003545000 2 3 2 2 2 3 
0.0012342500 2 3 2 2 3 2 
0.0006271250 2 3 2 3 0 1 
0.0005298750 2 3 2 3 0 3 
0.0011545000 2 3 2 3 1 0 
0.0005701250 2 3 2 3 1 2 
0.0003545000 2 3 2 3 2 2 
0.0000920000 2 3 2 3 3 1 
0.0000146250 2 3 3 0 0 3 
0.0003533750 2 3 3 0 2 2 
0.0000146250 2 3 3 0 3 0 
0.0000146250 2 3 3 1 1 3 
0.0000146250 2 3 3 1 3 1 
0.0006247500 2 3 3 2 0 0 
0.0000916250 2 3 3 2 0 3 
0.0000916250 2 3 3 2 3 0 
0.0012342500 2 3 3 2 3 3 
0.0005701250 2 3 3 3 1 3 
0.0003545000 2 3 3 3 2 3 
0.0005701250 2 3 3 3 3 1 
0.0003545000 2 3 3 3 3 2 
0.0000916250 3 0 0 0 0 0 
0.0000920000 3 0 0 0 0 1 
0.0000146250 3 0 0 0 0 2 
0.0006247500 3 0 0 0 0 3 
0.0000920000 3 0 0 0 1 0 
0.0000697500 3 0 0 0 1 2 
0.0006271250 3 0 0 0 1 3 
0.0000146250 3 0 0 0 2 0 
0.0000697500 3 0 0 0 2 1 
0.0006906250 3 0 0 0 2 2 
0.0006247500 3 0 0 0 3 0 
0.0006271250 3 0 0 0 3 1 
0.0015913750 3 0 0 0 3 3 
0.0012342500 3 0 0 3 0 0 
0.0011193750 3 0 0 3 0 1 
0.0000916250 3 0 0 3 0 3 
0.0011193750 3 0 0 3 1 0 
0.0003545000 3 0 0 3 1 1 
0.0000920000 3 0 0 3 1 3 
0.0011628750 3 0 0 3 2 2 
0.0000146250 3 0 0 3 2 3 
0.0000916250 3 0 0 3 3 0 
0.0000920000 3 0 0 3 3 1 
0.0000146250 3 0 0 3 3 2 
0.0006247500 3 0 0 3 3 3 
0.0000920000 3 0 1 0 0 0 
0.0000916250 3 0 1 0 0 1 
0.0000920000 3 0 1 0 1 1 
0.0000697500 3 0 1 0 2 0 
0.0000146250 3 0 1 0 2 1 
0.0006271250 3 0 1 0 3 0 
0.0006247500 3 0 1 0 3 1 
0.0011628750 3 0 1 1 0 3 
0.0009626250 3 0 1 1 2 3 
0.0000488750 3 0 1 1 3 2 
0.0006906250 3 0 1 1 3 3 
0.0000920000 3 0 1 2 0 2 
0.0005701250 3 0 1 2 0 3 
0.0003533750 3 0 1 2 1 3 
0.0000697500 3 0 1 2 2 2 
0.0011545000 3 0 1 2 2 3 
0.0006271250 3 0 1 2 3 2 
0.0011193750 3 0 1 3 0 0 
0.0012342500 3 0 1 3 0 1 
0.0003545000 3 0 1 3 1 0 
0.0011193750 3 0 1 3 1 1 
0.0000920000 3 0 1 3 3 0 
0.0000916250 3 0 1 3 3 1 
0.0000146250 3 0 2 0 0 0 
0.0000916250 3 0 2 0 0 2 
0.0000697500 3 0 2 0 1 0 
0.0000920000 3 0 2 0 1 2 
0.0006906250 3 0 2 0 2 0 
0.0000146250 3 0 2 0 2 2 
0.0006247500 3 0 2 0 3 2 
0.0000146250 3 0 2 1 0 1 
0.0005701250 3 0 2 1 0 3 
0.0000697500 3 0 2 1 1 1 
0.0003533750 3 0 2 1 1 3 
0.0006906250 3 0 2 1 2 1 
0.0011545000 3 0 2 1 2 3 
0.0003545000 3 0 2 2 0 3 
0.0005298750 3 0 2 2 1 1 
0.0016738750 3 0 2 2 1 3 
0.0012342500 3 0 2 3 0 2 
0.0011193750 3 0 2 3 1 2 
0.0011628750 3 0 2 3 2 0 
0.0000146250 3 0 2 3 3 0 
0.0000916250 3 0 2 3 3 2 
0.0006247500 3 0 3 0 0 0 
0.0000916250 3 0 3 0 0 3 
0.0006271250 3 0 3 0 1 0 
0.0000920000 3 0 3 0 1 3 
0.0000146250 3 0 3 0 2 3 
0.0015913750 3 0 3 0 3 0 
0.0006247500 3 0 3 0 3 3 
0.0011545000 3 0 3 1 1 1 
0.0000697500 3 0 3 1 3 2 
0.0003533750 3 0 3 2 2 2 
0.0000697500 3 0 3 2 3 1 
0.0005298750 3 0 3 2 3 2 
0.0000916250 3 0 3 3 0 0 
0.0012342500 3 0 3 3 0 3 
0.0000920000 3 0 3 3 1 0 
0.0011193750 3 0 3 3 1 3 
0.0000146250 3 0 3 3 2 0 
0.0006247500 3 0 3 3 3 0 
0.0000916250 3 0 3 3 3 3 
0.0000920000 3 1 0 0 0 0 
0.0000697500 3 1 0 0 0 2 
0.0006271250 3 1 0 0 0 3 
0.0000916250 3 1 0 0 1 0 
0.0000920000 3 1 0 0 1 1 
0.0000146250 3 1 0 0 1 2 
0.0006247500 3 1 0 0 1 3 
0.0000488750 3 1 0 1 2 3 
0.0011628750 3 1 0 1 3 0 
0.0009626250 3 1 0 1 3 2 
0.0006906250 3 1 0 1 3 3 
0.0000920000 3 1 0 2 2 0 
0.0000697500 3 1 0 2 2 2 
0.0006271250 3 1 0 2 2 3 
0.0005701250 3 1 0 2 3 0 
0.0003533750 3 1 0 2 3 1 
0.0011545000 3 1 0 2 3 2 
0.0011193750 3 1 0 3 0 0 
0.0003545000 3 1 0 3 0 1 
0.0000920000 3 1 0 3 0 3 
0.0012342500 3 1 0 3 1 0 
0.0011193750 3 1 0 3 1 1 
0.0000916250 3 1 0 3 1 3 
0.0000920000 3 1 1 0 0 1 
0.0000920000 3 1 1 0 1 0 
0.0000916250 3 1 1 0 1 1 
0.0011628750 3 1 1 1 1 3 
0.0011628750 3 1 1 1 3 1 
0.0003533750 3 1 1 2 0 3 
0.0000920000 3 1 1 2 1 2 
0.0005701250 3 1 1 2 1 3 
0.0000920000 3 1 1 2 2 1 
0.0003533750 3 1 1 2 3 0 
0.0005701250 3 1 1 2 3 1 
0.0003545000 3 1 1 3 0 0 
0.0011193750 3 1 1 3 0 1 
0.0011193750 3 1 1 3 1 0 
0.0012342500 3 1 1 3 1 1 
0.0000146250 3 1 1 3 2 3 
0.0000146250 3 1 1 3 3 2 
0.0000697500 3 1 2 0 0 0 
0.0000920000 3 1 2 0 0 2 
0.0000146250 3 1 2 0 1 0 
0.0000916250 3 1 2 0 1 2 
0.0015913750 3 1 2 0 2 1 
0.0000488750 3 1 2 0 3 1 
0.0000697500 3 1 2 0 3 3 
0.0000697500 3 1 2 1 0 1 
0.0003533750 3 1 2 1 0 3 
0.0000146250 3 1 2 1 1 1 
0.0005701250 3 1 2 1 1 3 
0.0009626250 3 1 2 1 3 0 
0.0011628750 3 1 2 1 3 2 
0.0005298750 3 1 2 2 0 1 
0.0016738750 3 1 2 2 0 3 
0.0003545000 3 1 2 2 1 3 
0.0000697500 3 1 2 2 2 0 
0.0000920000 3 1 2 2 2 2 
0.0011545000 3 1 2 2 3 0 
0.0005701250 3 1 2 2 3 2 
0.0011193750 3 1 2 3 0 2 
0.0012342500 3 1 2 3 1 2 
0.0006247500 3 1 2 3 2 1 
0.0006271250 3 1 3 0 0 0 
0.0000920000 3 1 3 0 0 3 
0.0006247500 3 1 3 0 1 0 
0.0000916250 3 1 3 0 1 3 
0.0000488750 3 1 3 0 2 1 
0.0006271250 3 1 3 0 2 2 
0.0006906250 3 1 3 0 3 1 
0.0011545000 3 1 3 1 0 1 
0.0000488750 3 1 3 1 2 0 
0.0006906250 3 1 3 1 3 0 
0.0011628750 3 1 3 1 3 3 
0.0006271250 3 1 3 2 2 0 
0.0000920000 3 1 3 2 2 3 
0.0005701250 3 1 3 2 3 3 
0.0000920000 3 1 3 3 0 0 
0.0011193750 3 1 3 3 0 3 
0.0000916250 3 1 3 3 1 0 
0.0012342500 3 1 3 3 1 3 
0.0000920000 3 1 3 3 2 2 
0.0011628750 3 1 3 3 3 1 
0.0005701250 3 1 3 3 3 2 
0.0000146250 3 2 0 0 0 0 
0.0000697500 3 2 0 0 0 1 
0.0006906250 3 2 0 0 0 2 
0.0000916250 3 2 0 0 2 0 
0.0000920000 3 2 0 0 2 1 
0.0000146250 3 2 0 0 2 2 
0.0006247500 3 2 0 0 2 3 
0.0000146250 3 2 0 1 1 0 
0.0000697500 3 2 0 1 1 1 
0.0006906250 3 2 0 1 1 2 
0.0005701250 3 2 0 1 3 0 
0.0003533750 3 2 0 1 3 1 
0.0011545000 3 2 0 1 3 2 
0.0005298750 3 2 0 2 1 1 
0.0003545000 3 2 0 2 3 0 
0.0016738750 3 2 0 2 3 1 
0.0011628750 3 2 0 3 0 2 
0.0000146250 3 2 0 3 0 3 
0.0012342500 3 2 0 3 2 0 
0.0011193750 3 2 0 3 2 1 
0.0000916250 3 2 0 3 2 3 
0.0000697500 3 2 1 0 0 0 
0.0000146250 3 2 1 0 0 1 
0.0015913750 3 2 1 0 1 2 
0.0000488750 3 2 1 0 1 3 
0.0000920000 3 2 1 0 2 0 
0.0000916250 3 2 1 0 2 1 
0.0000697500 3 2 1 0 3 3 
0.0009626250 3 2 1 1 0 3 
0.0000697500 3 2 1 1 1 0 
0.0000146250 3 2 1 1 1 1 
0.0011628750 3 2 1 1 2 3 
0.0003533750 3 2 1 1 3 0 
0.0005701250 3 2 1 1 3 1 
0.0000697500 3 2 1 2 0 2 
0.0011545000 3 2 1 2 0 3 
0.0005298750 3 2 1 2 1 0 
0.0000920000 3 2 1 2 2 2 
0.0005701250 3 2 1 2 2 3 
0.0016738750 3 2 1 2 3 0 
0.0003545000 3 2 1 2 3 1 
0.0006247500 3 2 1 3 1 2 
0.0011193750 3 2 1 3 2 0 
0.0012342500 3 2 1 3 2 1 
0.0006906250 3 2 2 0 0 0 
0.0000146250 3 2 2 0 0 2 
0.0006271250 3 2 2 0 1 3 
0.0000146250 3 2 2 0 2 0 
0.0000916250 3 2 2 0 2 2 
0.0006271250 3 2 2 0 3 1 
0.0005298750 3 2 2 0 3 3 
0.0006906250 3 2 2 1 0 1 
0.0011545000 3 2 2 1 0 3 
0.0006906250 3 2 2 1 1 0 
0.0000146250 3 2 2 1 1 2 
0.0000146250 3 2 2 1 2 1 
0.0005701250 3 2 2 1 2 3 
0.0011545000 3 2 2 1 3 0 
0.0005701250 3 2 2 1 3 2 
0.0003545000 3 2 2 2 2 3 
0.0003545000 3 2 2 2 3 2 
0.0011628750 3 2 2 3 0 0 
0.0000920000 3 2 2 3 1 3 
0.0012342500 3 2 2 3 2 2 
0.0000920000 3 2 2 3 3 1 
0.0000146250 3 2 3 0 0 3 
0.0006247500 3 2 3 0 2 0 
0.0000916250 3 2 3 0 2 3 
0.0000146250 3 2 3 1 1 3 
0.0005701250 3 2 3 1 3 3 
0.0003533750 3 2 3 2 0 2 
0.0003545000 3 2 3 2 3 3 
0.0000146250 3 2 3 3 0 0 
0.0000146250 3 2 3 3 1 1 
0.0000916250 3 2 3 3 2 0 
0.0012342500 3 2 3 3 2 3 
0.0005701250 3 2 3 3 3 1 
0.0003545000 3 2 3 3 3 2 
0.0006247500 3 3 0 0 0 0 
0.0006271250 3 3 0 0 0 1 
0.0015913750 3 3 0 0 0 3 
0.0000916250 3 3 0 0 3 0 
0.0000920000 3 3 0 0 3 1 
0.0000146250 3 3 0 0 3 2 
0.0006247500 3 3 0 0 3 3 
0.0011545000 3 3 0 1 1 1 
0.0000697500 3 3 0 1 2 3 
0.0000697500 3 3 0 2 1 3 
0.0003533750 3 3 0 2 2 2 
0.0005298750 3 3 0 2 2 3 
0.0000916250 3 3 0 3 0 0 
0.0000920000 3 3 0 3 0 1 
0.0000146250 3 3 0 3 0 2 
0.0006247500 3 3 0 3 0 3 
0.0012342500 3 3 0 3 3 0 
0.0011193750 3 3 0 3 3 1 
0.0000916250 3 3 0 3 3 3 
0.0006271250 3 3 1 0 0 0 
0.0006247500 3 3 1 0 0 1 
0.0000488750 3 3 1 0 1 2 
0.0006906250 3 3 1 0 1 3 
0.0006271250 3 3 1 0 2 2 
0.0000920000 3 3 1 0 3 0 
0.0000916250 3 3 1 0 3 1 
0.0000488750 3 3 1 1 0 2 
0.0006906250 3 3 1 1 0 3 
0.0011545000 3 3 1 1 1 0 
0.0011628750 3 3 1 1 3 3 
0.0006271250 3 3 1 2 0 2 
0.0000920000 3 3 1 2 3 2 
0.0005701250 3 3 1 2 3 3 
0.0000920000 3 3 1 3 0 0 
0.0000916250 3 3 1 3 0 1 
0.0011628750 3 3 1 3 1 3 
0.0000920000 3 3 1 3 2 2 
0.0005701250 3 3 1 3 2 3 
0.0011193750 3 3 1 3 3 0 
0.0012342500 3 3 1 3 3 1 
0.0006247500 3 3 2 0 0 2 
0.0000146250 3 3 2 0 3 0 
0.0000916250 3 3 2 0 3 2 
0.0000146250 3 3 2 1 3 1 
0.0005701250 3 3 2 1 3 3 
0.0003533750 3 3 2 2 2 0 
0.0003545000 3 3 2 2 3 3 
0.0000146250 3 3 2 3 0 0 
0.0000916250 3 3 2 3 0 2 
0.0000146250 3 3 2 3 1 1 
0.0005701250 3 3 2 3 1 3 
0.0003545000 3 3 2 3 2 3 
0.0012342500 3 3 2 3 3 2 
0.0015913750 3 3 3 0 0 0 
0.0006247500 3 3 3 0 0 3 
0.0000697500 3 3 3 0 1 2 
0.0000697500 3 3 3 0 2 1 
0.0005298750 3 3 3 0 2 2 
0.0006247500 3 3 3 0 3 0 
0.0000916250 3 3 3 0 3 3 
0.0000697500 3 3 3 1 0 2 
0.0000697500 3 3 3 1 2 0 
0.0000697500 3 3 3 2 0 1 
0.0005298750 3 3 3 2 0 2 
0.0000697500 3 3 3 2 1 0 
0.0005298750 3 3 3 2 2 0 
0.0006247500 3 3 3 3 0 0 
0.0000916250 3 3 3 3 0 3 
0.0000916250 3 3 3 3 3 0 
0.0012342500 3 3 3 3 3 3 
