0.32824321642538384 0 0 0 0 0 0 0 0
0.21982060199893952 3 0 0 0 0 0 0 0
0.08925836004973059 0 3 0 0 0 0 0 0
-0.14467875207032466 0 0 3 0 0 0 0 0
-0.5468473638147187 0 0 0 3 0 0 0 0
0.2198206019989395 0 0 0 0 3 0 0 0
0.0892583600497306 0 0 0 0 0 3 0 0
-0.1446787520703246 0 0 0 0 0 0 3 0
-0.5468473638147187 0 0 0 0 0 0 0 3
0.08150476695249857 3 3 0 0 0 0 0 0
0.00345101395694173 1 3 1 0 0 0 0 0
0.00345101395694173 2 3 2 0 0 0 0 0
0.0977962118072586 3 0 3 0 0 0 0 0
0.12292720972418676 3 0 0 3 0 0 0 0
0.1376257112251631 3 0 0 0 3 0 0 0
0.12047409963935854 3 0 0 0 0 3 0 0
0.12456343936978248 3 0 0 0 0 0 3 0
0.14635777027718191 3 0 0 0 0 0 0 3
0.0887523813792896 0 3 3 0 0 0 0 0
0.02200479308101652 0 1 3 1 0 0 0 0
0.02200479308101652 0 2 3 2 0 0 0 0
0.10438902130332454 0 3 0 3 0 0 0 0
0.12047409963935854 0 3 0 0 3 0 0 0
0.1249680398779705 0 3 0 0 0 3 0 0
0.12332113313946295 0 3 0 0 0 0 3 0
0.12975469970589765 0 3 0 0 0 0 0 3
0.09632020506990008 0 0 3 3 0 0 0 0
0.12456343936978248 0 0 3 0 3 0 0 0
0.12332113313946295 0 0 3 0 0 3 0 0
0.1297348572879527 0 0 3 0 0 0 3 0
0.13590329226312642 0 0 3 0 0 0 0 3
0.14635777027718191 0 0 0 3 3 0 0 0
0.12975469970589765 0 0 0 3 0 3 0 0
0.13590329226312642 0 0 0 3 0 0 3 0
0.16657058074374034 0 0 0 3 0 0 0 3
0.08150476695249857 0 0 0 0 3 3 0 0
0.0034510139569417318 0 0 0 0 1 3 1 0
0.0034510139569417318 0 0 0 0 2 3 2 0
0.0977962118072586 0 0 0 0 3 0 3 0
0.12292720972418676 0 0 0 0 3 0 0 3
0.0887523813792896 0 0 0 0 0 3 3 0
0.02200479308101652 0 0 0 0 0 1 3 1
0.02200479308101652 0 0 0 0 0 2 3 2
0.10438902130332454 0 0 0 0 0 3 0 3
0.09632020506990008 0 0 0 0 0 0 3 3
-0.011736610428385237 3 1 3 1 0 0 0 0
-0.011736610428385237 3 2 3 2 0 0 0 0
0.02494352586894385 1 0 1 0 0 0 0 0
0.02494352586894385 2 0 2 0 0 0 0 0
-0.026051410004439907 1 1 1 1 0 0 0 0
-0.01290503321367266 1 1 2 2 0 0 0 0
-0.013146376790767255 1 2 2 1 0 0 0 0
-0.013146376790767255 2 1 1 2 0 0 0 0
-0.01290503321367266 2 2 1 1 0 0 0 0
-0.026051410004439907 2 2 2 2 0 0 0 0
0.013328973544373379 1 3 1 3 0 0 0 0
0.013328973544373379 2 3 2 3 0 0 0 0
0.02266251397711853 3 0 0 0 1 3 1 0
0.02266251397711853 3 0 0 0 2 3 2 0
0.03896933268685995 1 1 0 0 1 1 0 0
0.03896933268685995 1 1 0 0 2 2 0 0
0.03896933268685995 2 2 0 0 1 1 0 0
0.03896933268685995 2 2 0 0 2 2 0 0
0.011788499045714544 1 1 0 0 1 3 3 1
0.011788499045714544 1 1 0 0 2 3 3 2
0.011788499045714544 2 2 0 0 1 3 3 1
0.011788499045714544 2 2 0 0 2 3 3 2
0.022662513977118534 1 3 1 0 3 0 0 0
0.022662513977118534 2 3 2 0 3 0 0 0
0.026767227562523872 1 3 1 0 1 3 1 0
0.026767227562523872 1 3 1 0 2 3 2 0
0.026767227562523872 2 3 2 0 1 3 1 0
0.026767227562523872 2 3 2 0 2 3 2 0
0.011788499045714542 1 3 3 1 1 1 0 0
0.011788499045714542 1 3 3 1 2 2 0 0
0.011788499045714542 2 3 3 2 1 1 0 0
0.011788499045714542 2 3 3 2 2 2 0 0
0.023430560552995125 1 3 3 1 1 3 3 1
0.023430560552995125 1 3 3 1 2 3 3 2
0.023430560552995125 2 3 3 2 1 3 3 1
0.023430560552995125 2 3 3 2 2 3 3 2
-0.023525109474099783 3 0 0 0 0 1 3 1
-0.023525109474099783 3 0 0 0 0 2 3 2
0.026021115982086993 1 1 0 0 0 1 1 0
0.026021115982086993 1 1 0 0 0 2 2 0
0.026021115982086993 2 2 0 0 0 1 1 0
0.026021115982086993 2 2 0 0 0 2 2 0
-0.0010775901131431427 1 3 1 0 0 3 0 0
-0.0010775901131431427 2 3 2 0 0 3 0 0
-0.023478898354840558 1 3 1 0 0 1 3 1
-0.023478898354840558 1 3 1 0 0 2 3 2
-0.023478898354840558 2 3 2 0 0 1 3 1
-0.023478898354840558 2 3 2 0 0 2 3 2
-0.010332521564073294 1 3 3 1 0 1 1 0
-0.010332521564073294 1 3 3 1 0 2 2 0
-0.010332521564073294 2 3 3 2 0 1 1 0
-0.010332521564073294 2 3 3 2 0 2 2 0
-0.03638393156851321 1 1 0 0 0 0 1 1
-0.03638393156851321 1 1 0 0 0 0 2 2
-0.03638393156851321 2 2 0 0 0 0 1 1
-0.03638393156851321 2 2 0 0 0 0 2 2
0.005185586228037457 1 3 1 0 0 0 3 0
0.005185586228037457 2 3 2 0 0 0 3 0
-0.011233921772621632 1 3 3 1 0 0 1 1
-0.011233921772621632 1 3 3 1 0 0 2 2
-0.011233921772621632 2 3 3 2 0 0 1 1
-0.011233921772621632 2 3 3 2 0 0 2 2
0.024562895316995022 1 3 1 0 0 0 0 3
0.024562895316995022 2 3 2 0 0 0 0 3
-0.029701121726215814 0 1 0 1 0 0 0 0
-0.029701121726215814 0 2 0 2 0 0 0 0
-0.0010775901131431427 0 3 0 0 1 3 1 0
-0.0010775901131431427 0 3 0 0 2 3 2 0
0.026021115982086993 0 1 1 0 1 1 0 0
0.026021115982086993 0 1 1 0 2 2 0 0
0.026021115982086993 0 2 2 0 1 1 0 0
0.026021115982086993 0 2 2 0 2 2 0 0
-0.010332521564073294 0 1 1 0 1 3 3 1
-0.010332521564073294 0 1 1 0 2 3 3 2
-0.010332521564073294 0 2 2 0 1 3 3 1
-0.010332521564073294 0 2 2 0 2 3 3 2
-0.02352510947409978 0 1 3 1 3 0 0 0
-0.02352510947409978 0 2 3 2 3 0 0 0
-0.023478898354840558 0 1 3 1 1 3 1 0
-0.023478898354840558 0 1 3 1 2 3 2 0
-0.023478898354840558 0 2 3 2 1 3 1 0
-0.023478898354840558 0 2 3 2 2 3 2 0
-0.0035401772116990075 0 3 0 0 0 1 3 1
-0.0035401772116990075 0 3 0 0 0 2 3 2
0.034568751760173336 0 1 1 0 0 1 1 0
0.034568751760173336 0 1 1 0 0 2 2 0
0.034568751760173336 0 2 2 0 0 1 1 0
0.034568751760173336 0 2 2 0 0 2 2 0
-0.0035401772116990075 0 1 3 1 0 3 0 0
-0.0035401772116990075 0 2 3 2 0 3 0 0
0.025365678402573068 0 1 3 1 0 1 3 1
0.025365678402573068 0 1 3 1 0 2 3 2
0.025365678402573068 0 2 3 2 0 1 3 1
0.025365678402573068 0 2 3 2 0 2 3 2
-0.025703551607672317 0 1 1 0 0 0 1 1
-0.025703551607672317 0 1 1 0 0 0 2 2
-0.025703551607672317 0 2 2 0 0 0 1 1
-0.025703551607672317 0 2 2 0 0 0 2 2
-0.003997570118543523 0 1 3 1 0 0 3 0
-0.003997570118543523 0 2 3 2 0 0 3 0
-0.02710797746887965 0 1 3 1 0 0 0 3
-0.02710797746887965 0 2 3 2 0 0 0 3
0.005185586228037457 0 0 3 0 1 3 1 0
0.005185586228037457 0 0 3 0 2 3 2 0
-0.03638393156851321 0 0 1 1 1 1 0 0
-0.03638393156851321 0 0 1 1 2 2 0 0
-0.03638393156851321 0 0 2 2 1 1 0 0
-0.03638393156851321 0 0 2 2 2 2 0 0
-0.011233921772621632 0 0 1 1 1 3 3 1
-0.011233921772621632 0 0 1 1 2 3 3 2
-0.011233921772621632 0 0 2 2 1 3 3 1
-0.011233921772621632 0 0 2 2 2 3 3 2
-0.003997570118543523 0 0 3 0 0 1 3 1
-0.003997570118543523 0 0 3 0 0 2 3 2
-0.025703551607672317 0 0 1 1 0 1 1 0
-0.025703551607672317 0 0 1 1 0 2 2 0
-0.025703551607672317 0 0 2 2 0 1 1 0
-0.025703551607672317 0 0 2 2 0 2 2 0
0.039583087193226285 0 0 1 1 0 0 1 1
0.039583087193226285 0 0 1 1 0 0 2 2
0.039583087193226285 0 0 2 2 0 0 1 1
0.039583087193226285 0 0 2 2 0 0 2 2
0.024562895316995022 0 0 0 3 1 3 1 0
0.024562895316995022 0 0 0 3 2 3 2 0
-0.02710797746887965 0 0 0 3 0 1 3 1
-0.02710797746887965 0 0 0 3 0 2 3 2
-0.011736610428385237 0 0 0 0 3 1 3 1
-0.011736610428385237 0 0 0 0 3 2 3 2
0.02494352586894385 0 0 0 0 1 0 1 0
0.02494352586894385 0 0 0 0 2 0 2 0
-0.026051410004439907 0 0 0 0 1 1 1 1
-0.01290503321367266 0 0 0 0 1 1 2 2
-0.013146376790767255 0 0 0 0 1 2 2 1
-0.013146376790767255 0 0 0 0 2 1 1 2
-0.01290503321367266 0 0 0 0 2 2 1 1
-0.026051410004439907 0 0 0 0 2 2 2 2
0.013328973544373379 0 0 0 0 1 3 1 3
0.013328973544373379 0 0 0 0 2 3 2 3
-0.029701121726215814 0 0 0 0 0 1 0 1
-0.029701121726215814 0 0 0 0 0 2 0 2
