-0.6735309137788221 0 0 0 0 0 0 0 0
0.15246598125108085 3 0 0 0 0 0 0 0
0.0820250625387817 0 3 0 0 0 0 0 0
-0.040705180563065796 0 0 3 0 0 0 0 0
-0.20938963406202754 0 0 0 3 0 0 0 0
0.152465981251081 0 0 0 0 3 0 0 0
0.0820250625387817 0 0 0 0 0 3 0 0
-0.040705180563065685 0 0 0 0 0 0 3 0
-0.2093896340620275 0 0 0 0 0 0 0 3
0.060504652147545857 3 3 0 0 0 0 0 0
0.006371117889631343 1 3 1 0 0 0 0 0
0.006371117889631343 2 3 2 0 0 0 0 0
0.07423248159295878 3 0 3 0 0 0 0 0
0.09334359198979936 3 0 0 3 0 0 0 0
0.11360854187360651 3 0 0 0 3 0 0 0
0.09995167625899387 3 0 0 0 0 3 0 0
0.10168278186375071 3 0 0 0 0 0 3 0
0.118763513442882 3 0 0 0 0 0 0 3
0.06892900363044918 0 3 3 0 0 0 0 0
0.014067883612952609 0 1 3 1 0 0 0 0
0.014067883612952609 0 2 3 2 0 0 0 0
0.07822593027856076 0 3 0 3 0 0 0 0
0.09995167625899387 0 3 0 0 3 0 0 0
0.10428937697564164 0 3 0 0 0 3 0 0
0.10345382277996723 0 3 0 0 0 0 3 0
0.10557412793691609 0 3 0 0 0 0 0 3
0.0671079366099237 0 0 3 3 0 0 0 0
0.10168278186375071 0 0 3 0 3 0 0 0
0.10345382277996723 0 0 3 0 0 3 0 0
0.10733509734180537 0 0 3 0 0 0 3 0
0.10854396030025683 0 0 3 0 0 0 0 3
0.118763513442882 0 0 0 3 3 0 0 0
0.10557412793691609 0 0 0 3 0 3 0 0
0.10854396030025683 0 0 0 3 0 0 3 0
0.12979618769422135 0 0 0 3 0 0 0 3
0.060504652147545857 0 0 0 0 3 3 0 0
0.00637111788963135 0 0 0 0 1 3 1 0
0.00637111788963135 0 0 0 0 2 3 2 0
0.07423248159295878 0 0 0 0 3 0 3 0
0.09334359198979936 0 0 0 0 3 0 0 3
0.06892900363044918 0 0 0 0 0 3 3 0
0.014067883612952605 0 0 0 0 0 1 3 1
0.014067883612952605 0 0 0 0 0 2 3 2
0.07822593027856076 0 0 0 0 0 3 0 3
0.0671079366099237 0 0 0 0 0 0 3 3
-0.009354978130668132 3 1 3 1 0 0 0 0
-0.009354978130668132 3 2 3 2 0 0 0 0
0.0196812067341318 1 0 1 0 0 0 0 0
0.0196812067341318 2 0 2 0 0 0 0 0
-0.022653583135961167 1 1 1 1 0 0 0 0
-0.012632364271790195 1 1 2 2 0 0 0 0
-0.010021218864170973 1 2 2 1 0 0 0 0
-0.010021218864170973 2 1 1 2 0 0 0 0
-0.012632364271790195 2 2 1 1 0 0 0 0
-0.022653583135961167 2 2 2 2 0 0 0 0
0.00989950408355984 1 3 1 3 0 0 0 0
0.00989950408355984 2 3 2 3 0 0 0 0
0.018718273136416833 3 0 0 0 1 3 1 0
0.018718273136416833 3 0 0 0 2 3 2 0
0.039447024111448015 1 1 0 0 1 1 0 0
0.039447024111448015 1 1 0 0 2 2 0 0
0.039447024111448015 2 2 0 0 1 1 0 0
0.039447024111448015 2 2 0 0 2 2 0 0
0.009983276167482638 1 1 0 0 1 3 3 1
0.009983276167482638 1 1 0 0 2 3 3 2
0.009983276167482638 2 2 0 0 1 3 3 1
0.009983276167482638 2 2 0 0 2 3 3 2
0.018718273136416833 1 3 1 0 3 0 0 0
0.018718273136416833 2 3 2 0 3 0 0 0
0.027450300270791924 1 3 1 0 1 3 1 0
0.027450300270791924 1 3 1 0 2 3 2 0
0.027450300270791924 2 3 2 0 1 3 1 0
0.027450300270791924 2 3 2 0 2 3 2 0
0.009983276167482638 1 3 3 1 1 1 0 0
0.009983276167482638 1 3 3 1 2 2 0 0
0.009983276167482638 2 3 3 2 1 1 0 0
0.009983276167482638 2 3 3 2 2 2 0 0
0.02541992145308264 1 3 3 1 1 3 3 1
0.02541992145308264 1 3 3 1 2 3 3 2
0.02541992145308264 2 3 3 2 1 3 3 1
0.02541992145308264 2 3 3 2 2 3 3 2
-0.01933825429815077 3 0 0 0 0 1 3 1
-0.01933825429815077 3 0 0 0 0 2 3 2
0.02297800436394392 1 1 0 0 0 1 1 0
0.02297800436394392 1 1 0 0 0 2 2 0
0.02297800436394392 2 2 0 0 0 1 1 0
0.02297800436394392 2 2 0 0 0 2 2 0
-0.003296797629812116 1 3 1 0 0 3 0 0
-0.003296797629812116 2 3 2 0 0 3 0 0
-0.026050905678107996 1 3 1 0 0 1 3 1
-0.026050905678107996 1 3 1 0 0 2 3 2
-0.026050905678107996 2 3 2 0 0 1 3 1
-0.026050905678107996 2 3 2 0 0 2 3 2
-0.016029686813937023 1 3 3 1 0 1 1 0
-0.016029686813937023 1 3 3 1 0 2 2 0
-0.016029686813937023 2 3 3 2 0 1 1 0
-0.016029686813937023 2 3 3 2 0 2 2 0
-0.038683269949898194 1 1 0 0 0 0 1 1
-0.038683269949898194 1 1 0 0 0 0 2 2
-0.038683269949898194 2 2 0 0 0 0 1 1
-0.038683269949898194 2 2 0 0 0 0 2 2
-0.0006970091622999653 1 3 1 0 0 0 3 0
-0.0006970091622999653 2 3 2 0 0 0 3 0
-0.009630115708732444 1 3 3 1 0 0 1 1
-0.009630115708732444 1 3 3 1 0 0 2 2
-0.009630115708732444 2 3 3 2 0 0 1 1
-0.009630115708732444 2 3 3 2 0 0 2 2
0.019529619792292285 1 3 1 0 0 0 0 3
0.019529619792292285 2 3 2 0 0 0 0 3
-0.0222811191740691 0 1 0 1 0 0 0 0
-0.0222811191740691 0 2 0 2 0 0 0 0
-0.003296797629812116 0 3 0 0 1 3 1 0
-0.003296797629812116 0 3 0 0 2 3 2 0
0.022978004363943916 0 1 1 0 1 1 0 0
0.022978004363943916 0 1 1 0 2 2 0 0
0.022978004363943916 0 2 2 0 1 1 0 0
0.022978004363943916 0 2 2 0 2 2 0 0
-0.016029686813937027 0 1 1 0 1 3 3 1
-0.016029686813937027 0 1 1 0 2 3 3 2
-0.016029686813937027 0 2 2 0 1 3 3 1
-0.016029686813937027 0 2 2 0 2 3 3 2
-0.01933825429815077 0 1 3 1 3 0 0 0
-0.01933825429815077 0 2 3 2 3 0 0 0
-0.026050905678107996 0 1 3 1 1 3 1 0
-0.026050905678107996 0 1 3 1 2 3 2 0
-0.026050905678107996 0 2 3 2 1 3 1 0
-0.026050905678107996 0 2 3 2 2 3 2 0
0.0008333264803020385 0 3 0 0 0 1 3 1
0.0008333264803020385 0 3 0 0 0 2 3 2
0.03452481914951805 0 1 1 0 0 1 1 0
0.03452481914951805 0 1 1 0 0 2 2 0
0.03452481914951805 0 2 2 0 0 1 1 0
0.03452481914951805 0 2 2 0 0 2 2 0
0.0008333264803020385 0 1 3 1 0 3 0 0
0.0008333264803020385 0 2 3 2 0 3 0 0
0.027348197658355333 0 1 3 1 0 1 3 1
0.027348197658355333 0 1 3 1 0 2 3 2
0.027348197658355333 0 2 3 2 0 1 3 1
0.027348197658355333 0 2 3 2 0 2 3 2
-0.023694478478329575 0 1 1 0 0 0 1 1
-0.023694478478329575 0 1 1 0 0 0 2 2
-0.023694478478329575 0 2 2 0 0 0 1 1
-0.023694478478329575 0 2 2 0 0 0 2 2
0.001413359304260479 0 1 3 1 0 0 3 0
0.001413359304260479 0 2 3 2 0 0 3 0
-0.021059696924746556 0 1 3 1 0 0 0 3
-0.021059696924746556 0 2 3 2 0 0 0 3
-0.0006970091622999653 0 0 3 0 1 3 1 0
-0.0006970091622999653 0 0 3 0 2 3 2 0
-0.038683269949898194 0 0 1 1 1 1 0 0
-0.038683269949898194 0 0 1 1 2 2 0 0
-0.038683269949898194 0 0 2 2 1 1 0 0
-0.038683269949898194 0 0 2 2 2 2 0 0
-0.009630115708732444 0 0 1 1 1 3 3 1
-0.009630115708732444 0 0 1 1 2 3 3 2
-0.009630115708732444 0 0 2 2 1 3 3 1
-0.009630115708732444 0 0 2 2 2 3 3 2
0.001413359304260479 0 0 3 0 0 1 3 1
0.001413359304260479 0 0 3 0 0 2 3 2
-0.023694478478329575 0 0 1 1 0 1 1 0
-0.023694478478329575 0 0 1 1 0 2 2 0
-0.023694478478329575 0 0 2 2 0 1 1 0
-0.023694478478329575 0 0 2 2 0 2 2 0
0.041436023690333126 0 0 1 1 0 0 1 1
0.041436023690333126 0 0 1 1 0 0 2 2
0.041436023690333126 0 0 2 2 0 0 1 1
0.041436023690333126 0 0 2 2 0 0 2 2
0.019529619792292285 0 0 0 3 1 3 1 0
0.019529619792292285 0 0 0 3 2 3 2 0
-0.021059696924746553 0 0 0 3 0 1 3 1
-0.021059696924746553 0 0 0 3 0 2 3 2
-0.009354978130668132 0 0 0 0 3 1 3 1
-0.009354978130668132 0 0 0 0 3 2 3 2
0.0196812067341318 0 0 0 0 1 0 1 0
0.0196812067341318 0 0 0 0 2 0 2 0
-0.022653583135961167 0 0 0 0 1 1 1 1
-0.012632364271790195 0 0 0 0 1 1 2 2
-0.010021218864170973 0 0 0 0 1 2 2 1
-0.010021218864170973 0 0 0 0 2 1 1 2
-0.012632364271790195 0 0 0 0 2 2 1 1
-0.022653583135961167 0 0 0 0 2 2 2 2
0.00989950408355984 0 0 0 0 1 3 1 3
0.00989950408355984 0 0 0 0 2 3 2 3
-0.0222811191740691 0 0 0 0 0 1 0 1
-0.0222811191740691 0 0 0 0 0 2 0 2
