5.413339734021255 0 0 0 0 0 0 0 0
0.35070537793257306 3 0 0 0 0 0 0 0
0.029843664446239593 0 3 0 0 0 0 0 0
-0.541989095723646 0 0 3 0 0 0 0 0
-2.009175188349747 0 0 0 3 0 0 0 0
0.35070537793257306 0 0 0 0 3 0 0 0
0.029843664446239593 0 0 0 0 0 3 0 0
-0.541989095723646 0 0 0 0 0 0 3 0
-2.0091751883497473 0 0 0 0 0 0 0 3
0.11916337000987312 3 3 0 0 0 0 0 0
-0.022648549615901428 1 3 1 0 0 0 0 0
-0.022648549615901428 2 3 2 0 0 0 0 0
0.1387495051842009 3 0 3 0 0 0 0 0
0.1807482478798543 3 0 0 3 0 0 0 0
0.17715485463435804 3 0 0 0 3 0 0 0
0.15443747129052657 3 0 0 0 0 3 0 0
0.1669395040640912 3 0 0 0 0 0 3 0
0.20437329971595938 3 0 0 0 0 0 0 3
0.12399327572194735 0 3 3 0 0 0 0 0
0.04660820347634895 0 1 3 1 0 0 0 0
0.04660820347634895 0 2 3 2 0 0 0 0
0.15223989398044802 0 3 0 3 0 0 0 0
0.15443747129052657 0 3 0 0 3 0 0 0
0.15912168002452934 0 3 0 0 0 3 0 0
0.16036517879894613 0 3 0 0 0 0 3 0
0.17707139451136855 0 3 0 0 0 0 0 3
0.16192275766797762 0 0 3 3 0 0 0 0
0.1669395040640912 0 0 3 0 3 0 0 0
0.16036517879894613 0 0 3 0 0 3 0 0
0.17571269495533726 0 0 3 0 0 0 3 0
0.19922119305410016 0 0 3 0 0 0 0 3
0.20437329971595938 0 0 0 3 3 0 0 0
0.17707139451136855 0 0 0 3 0 3 0 0
0.19922119305410016 0 0 0 3 0 0 3 0
0.2702044542950935 0 0 0 3 0 0 0 3
0.11916337000987312 0 0 0 0 3 3 0 0
-0.022648549615901438 0 0 0 0 1 3 1 0
-0.022648549615901438 0 0 0 0 2 3 2 0
0.1387495051842009 0 0 0 0 3 0 3 0
0.1807482478798543 0 0 0 0 3 0 0 3
0.12399327572194735 0 0 0 0 0 3 3 0
0.04660820347634893 0 0 0 0 0 1 3 1
0.04660820347634893 0 0 0 0 0 2 3 2
0.15223989398044802 0 0 0 0 0 3 0 3
0.16192275766797762 0 0 0 0 0 0 3 3
-0.01771358873399489 3 1 3 1 0 0 0 0
-0.01771358873399489 3 2 3 2 0 0 0 0
0.03363860949910628 1 0 1 0 0 0 0 0
0.03363860949910628 2 0 2 0 0 0 0 0
-0.027883744840520117 1 1 1 1 0 0 0 0
-0.009203876470031715 1 1 2 2 0 0 0 0
-0.01867986837048839 1 2 2 1 0 0 0 0
-0.01867986837048839 2 1 1 2 0 0 0 0
-0.009203876470031715 2 2 1 1 0 0 0 0
-0.027883744840520117 2 2 2 2 0 0 0 0
0.028835001725563858 1 3 1 3 0 0 0 0
0.028835001725563858 2 3 2 3 0 0 0 0
0.031897140300043134 3 0 0 0 1 3 1 0
0.031897140300043134 3 0 0 0 2 3 2 0
0.035274101280653454 1 1 0 0 1 1 0 0
0.035274101280653454 1 1 0 0 2 2 0 0
0.035274101280653454 2 2 0 0 1 1 0 0
0.035274101280653454 2 2 0 0 2 2 0 0
0.013863260898551704 1 1 0 0 1 3 3 1
0.013863260898551704 1 1 0 0 2 3 3 2
0.013863260898551704 2 2 0 0 1 3 3 1
0.013863260898551704 2 2 0 0 2 3 3 2
0.031897140300043134 1 3 1 0 3 0 0 0
0.031897140300043134 2 3 2 0 3 0 0 0
0.028189998879890245 1 3 1 0 1 3 1 0
0.028189998879890245 1 3 1 0 2 3 2 0
0.028189998879890245 2 3 2 0 1 3 1 0
0.028189998879890245 2 3 2 0 2 3 2 0
0.013863260898551704 1 3 3 1 1 1 0 0
0.013863260898551704 1 3 3 1 2 2 0 0
0.013863260898551704 2 3 3 2 1 1 0 0
0.013863260898551704 2 3 3 2 2 2 0 0
0.023625051836105047 1 3 3 1 1 3 3 1
0.023625051836105047 1 3 3 1 2 3 3 2
0.023625051836105047 2 3 3 2 1 3 3 1
0.023625051836105047 2 3 3 2 2 3 3 2
-0.031576849632546575 3 0 0 0 0 1 3 1
-0.031576849632546575 3 0 0 0 0 2 3 2
0.027980996270842568 1 1 0 0 0 1 1 0
0.027980996270842568 1 1 0 0 0 2 2 0
0.027980996270842568 2 2 0 0 0 1 1 0
0.027980996270842568 2 2 0 0 0 2 2 0
0.005657613228263718 1 3 1 0 0 3 0 0
0.005657613228263718 2 3 2 0 0 3 0 0
-0.02278286210286624 1 3 1 0 0 1 3 1
-0.02278286210286624 1 3 1 0 0 2 3 2
-0.02278286210286624 2 3 2 0 0 1 3 1
-0.02278286210286624 2 3 2 0 0 2 3 2
-0.004102993732377879 1 3 3 1 0 1 1 0
-0.004102993732377879 1 3 3 1 0 2 2 0
-0.004102993732377879 2 3 3 2 0 1 1 0
-0.004102993732377879 2 3 3 2 0 2 2 0
-0.03198673857289801 1 1 0 0 0 0 1 1
-0.03198673857289801 1 1 0 0 0 0 2 2
-0.03198673857289801 2 2 0 0 0 0 1 1
-0.03198673857289801 2 2 0 0 0 0 2 2
0.01938405129731408 1 3 1 0 0 0 3 0
0.01938405129731408 2 3 2 0 0 0 3 0
-0.016787855501609716 1 3 3 1 0 0 1 1
-0.016787855501609716 1 3 3 1 0 0 2 2
-0.016787855501609716 2 3 3 2 0 0 1 1
-0.016787855501609716 2 3 3 2 0 0 2 2
0.04562285722717389 1 3 1 0 0 0 0 3
0.04562285722717389 2 3 2 0 0 0 0 3
-0.041853891927792604 0 1 0 1 0 0 0 0
-0.041853891927792604 0 2 0 2 0 0 0 0
0.005657613228263719 0 3 0 0 1 3 1 0
0.005657613228263719 0 3 0 0 2 3 2 0
0.027980996270842568 0 1 1 0 1 1 0 0
0.027980996270842568 0 1 1 0 2 2 0 0
0.027980996270842568 0 2 2 0 1 1 0 0
0.027980996270842568 0 2 2 0 2 2 0 0
-0.004102993732377879 0 1 1 0 1 3 3 1
-0.004102993732377879 0 1 1 0 2 3 3 2
-0.004102993732377879 0 2 2 0 1 3 3 1
-0.004102993732377879 0 2 2 0 2 3 3 2
-0.031576849632546575 0 1 3 1 3 0 0 0
-0.031576849632546575 0 2 3 2 3 0 0 0
-0.02278286210286624 0 1 3 1 1 3 1 0
-0.02278286210286624 0 1 3 1 2 3 2 0
-0.02278286210286624 0 2 3 2 1 3 1 0
-0.02278286210286624 0 2 3 2 2 3 2 0
-0.011376347161765806 0 3 0 0 0 1 3 1
-0.011376347161765806 0 3 0 0 0 2 3 2
0.03637190307699874 0 1 1 0 0 1 1 0
0.03637190307699874 0 1 1 0 0 2 2 0
0.03637190307699874 0 2 2 0 0 1 1 0
0.03637190307699874 0 2 2 0 0 2 2 0
-0.011376347161765808 0 1 3 1 0 3 0 0
-0.011376347161765808 0 2 3 2 0 3 0 0
0.024831500530920158 0 1 3 1 0 1 3 1
0.024831500530920158 0 1 3 1 0 2 3 2
0.024831500530920158 0 2 3 2 0 1 3 1
0.024831500530920158 0 2 3 2 0 2 3 2
-0.02495956281368599 0 1 1 0 0 0 1 1
-0.02495956281368599 0 1 1 0 0 0 2 2
-0.02495956281368599 0 2 2 0 0 0 1 1
-0.02495956281368599 0 2 2 0 0 0 2 2
-0.01689432911410696 0 1 3 1 0 0 3 0
-0.01689432911410696 0 2 3 2 0 0 3 0
-0.048526775439505704 0 1 3 1 0 0 0 3
-0.048526775439505704 0 2 3 2 0 0 0 3
0.019384051297314082 0 0 3 0 1 3 1 0
0.019384051297314082 0 0 3 0 2 3 2 0
-0.03198673857289801 0 0 1 1 1 1 0 0
-0.03198673857289801 0 0 1 1 2 2 0 0
-0.03198673857289801 0 0 2 2 1 1 0 0
-0.03198673857289801 0 0 2 2 2 2 0 0
-0.016787855501609716 0 0 1 1 1 3 3 1
-0.016787855501609716 0 0 1 1 2 3 3 2
-0.016787855501609716 0 0 2 2 1 3 3 1
-0.016787855501609716 0 0 2 2 2 3 3 2
-0.01689432911410696 0 0 3 0 0 1 3 1
-0.01689432911410696 0 0 3 0 0 2 3 2
-0.02495956281368599 0 0 1 1 0 1 1 0
-0.02495956281368599 0 0 1 1 0 2 2 0
-0.02495956281368599 0 0 2 2 0 1 1 0
-0.02495956281368599 0 0 2 2 0 2 2 0
0.03729843538611771 0 0 1 1 0 0 1 1
0.03729843538611771 0 0 1 1 0 0 2 2
0.03729843538611771 0 0 2 2 0 0 1 1
0.03729843538611771 0 0 2 2 0 0 2 2
0.04562285722717388 0 0 0 3 1 3 1 0
0.04562285722717388 0 0 0 3 2 3 2 0
-0.048526775439505704 0 0 0 3 0 1 3 1
-0.048526775439505704 0 0 0 3 0 2 3 2
-0.01771358873399489 0 0 0 0 3 1 3 1
-0.01771358873399489 0 0 0 0 3 2 3 2
0.03363860949910628 0 0 0 0 1 0 1 0
0.03363860949910628 0 0 0 0 2 0 2 0
-0.027883744840520117 0 0 0 0 1 1 1 1
-0.009203876470031715 0 0 0 0 1 1 2 2
-0.01867986837048839 0 0 0 0 1 2 2 1
-0.01867986837048839 0 0 0 0 2 1 1 2
-0.009203876470031715 0 0 0 0 2 2 1 1
-0.027883744840520117 0 0 0 0 2 2 2 2
0.028835001725563858 0 0 0 0 1 3 1 3
0.028835001725563858 0 0 0 0 2 3 2 3
-0.041853891927792604 0 0 0 0 0 1 0 1
-0.041853891927792604 0 0 0 0 0 2 0 2
