-0.33147781341680904 0 0 0 0 0 0 0 0
0.18136485128990826 3 0 0 0 0 0 0 0
0.08792644653108517 0 3 0 0 0 0 0 0
-0.07904409226124207 0 0 3 0 0 0 0 0
-0.3346121300328122 0 0 0 3 0 0 0 0
0.18136485128990837 0 0 0 0 3 0 0 0
0.08792644653108528 0 0 0 0 0 3 0 0
-0.07904409226124208 0 0 0 0 0 0 3 0
-0.3346121300328122 0 0 0 0 0 0 0 3
0.06963750845631884 3 3 0 0 0 0 0 0
0.005562131997511082 1 3 1 0 0 0 0 0
0.005562131997511082 2 3 2 0 0 0 0 0
0.08454049215503279 3 0 3 0 0 0 0 0
0.10647068453545323 3 0 0 3 0 0 0 0
0.12432120849362696 3 0 0 0 3 0 0 0
0.10898302201672638 3 0 0 0 0 3 0 0
0.11149852242605174 3 0 0 0 0 0 3 0
0.13073805878528416 3 0 0 0 0 0 0 3
0.07762037309982335 0 3 3 0 0 0 0 0
-0.017266560724924676 0 1 3 1 0 0 0 0
-0.017266560724924676 0 2 3 2 0 0 0 0
0.08982499235931951 0 3 0 3 0 0 0 0
0.10898302201672638 0 3 0 0 3 0 0 0
0.11340654161438071 0 3 0 0 0 3 0 0
0.11194105078035886 0 3 0 0 0 0 3 0
0.11598632411711252 0 3 0 0 0 0 0 3
0.07943848632286923 0 0 3 3 0 0 0 0
0.11149852242605174 0 0 3 0 3 0 0 0
0.11194105078035886 0 0 3 0 0 3 0 0
0.11685143854472055 0 0 3 0 0 0 3 0
0.1200546058067119 0 0 3 0 0 0 0 3
0.13073805878528416 0 0 0 3 3 0 0 0
0.11598632411711252 0 0 0 3 0 3 0 0
0.1200546058067119 0 0 0 3 0 0 3 0
0.14526147930807803 0 0 0 3 0 0 0 3
0.06963750845631884 0 0 0 0 3 3 0 0
0.005562131997511084 0 0 0 0 1 3 1 0
0.005562131997511084 0 0 0 0 2 3 2 0
0.08454049215503279 0 0 0 0 3 0 3 0
0.10647068453545323 0 0 0 0 3 0 0 3
0.07762037309982335 0 0 0 0 0 3 3 0
-0.01726656072492467 0 0 0 0 0 1 3 1
-0.01726656072492467 0 0 0 0 0 2 3 2
0.08982499235931951 0 0 0 0 0 3 0 3
0.07943848632286923 0 0 0 0 0 0 3 3
0.010290902970907621 3 1 3 1 0 0 0 0
0.010290902970907621 3 2 3 2 0 0 0 0
0.022048950231499085 1 0 1 0 0 0 0 0
0.022048950231499085 2 0 2 0 0 0 0 0
0.024418228025864692 1 1 1 1 0 0 0 0
0.013030122213395744 1 1 2 2 0 0 0 0
0.011388105812468949 1 2 2 1 0 0 0 0
0.011388105812468949 2 1 1 2 0 0 0 0
0.013030122213395744 2 2 1 1 0 0 0 0
0.024418228025864692 2 2 2 2 0 0 0 0
0.011234473400252845 1 3 1 3 0 0 0 0
0.011234473400252845 2 3 2 3 0 0 0 0
0.020391298291898403 3 0 0 0 1 3 1 0
0.020391298291898403 3 0 0 0 2 3 2 0
0.039345513560407525 1 1 0 0 1 1 0 0
0.039345513560407525 1 1 0 0 2 2 0 0
0.039345513560407525 2 2 0 0 1 1 0 0
0.039345513560407525 2 2 0 0 2 2 0 0
-0.01077099438968179 1 1 0 0 1 3 3 1
-0.01077099438968179 1 1 0 0 2 3 3 2
-0.01077099438968179 2 2 0 0 1 3 3 1
-0.01077099438968179 2 2 0 0 2 3 3 2
0.020391298291898403 1 3 1 0 3 0 0 0
0.020391298291898403 2 3 2 0 3 0 0 0
0.026958030271018937 1 3 1 0 1 3 1 0
0.026958030271018937 1 3 1 0 2 3 2 0
0.026958030271018937 2 3 2 0 1 3 1 0
0.026958030271018937 2 3 2 0 2 3 2 0
-0.01077099438968179 1 3 3 1 1 1 0 0
-0.01077099438968179 1 3 3 1 2 2 0 0
-0.01077099438968179 2 3 3 2 1 1 0 0
-0.01077099438968179 2 3 3 2 2 2 0 0
0.024267374249830928 1 3 3 1 1 3 3 1
0.024267374249830928 1 3 3 1 2 3 3 2
0.024267374249830928 2 3 3 2 1 3 3 1
0.024267374249830928 2 3 3 2 2 3 3 2
0.02106189736058941 3 0 0 0 0 1 3 1
0.02106189736058941 3 0 0 0 0 2 3 2
0.024500238532872635 1 1 0 0 0 1 1 0
0.024500238532872635 1 1 0 0 0 2 2 0
0.024500238532872635 2 2 0 0 0 1 1 0
0.024500238532872635 2 2 0 0 0 2 2 0
-0.0024512883013735475 1 3 1 0 0 3 0 0
-0.0024512883013735475 2 3 2 0 0 3 0 0
0.024628245729684008 1 3 1 0 0 1 3 1
0.024628245729684008 1 3 1 0 0 2 3 2
0.024628245729684008 2 3 2 0 0 1 3 1
0.024628245729684008 2 3 2 0 0 2 3 2
0.013240139917215057 1 3 3 1 0 1 1 0
0.013240139917215057 1 3 3 1 0 2 2 0
0.013240139917215057 2 3 3 2 0 1 1 0
0.013240139917215057 2 3 3 2 0 2 2 0
0.03765836794307975 1 1 0 0 0 0 1 1
0.03765836794307975 1 1 0 0 0 0 2 2
0.03765836794307975 2 2 0 0 0 0 1 1
0.03765836794307975 2 2 0 0 0 0 2 2
0.0017156570386366024 1 3 1 0 0 0 3 0
0.0017156570386366024 2 3 2 0 0 0 3 0
-0.010242352362581513 1 3 3 1 0 0 1 1
-0.010242352362581513 1 3 3 1 0 0 2 2
-0.010242352362581513 2 3 3 2 0 0 1 1
-0.010242352362581513 2 3 3 2 0 0 2 2
0.02147682576283436 1 3 1 0 0 0 0 3
0.02147682576283436 2 3 2 0 0 0 0 3
0.02554524151443464 0 1 0 1 0 0 0 0
0.02554524151443464 0 2 0 2 0 0 0 0
-0.002451288301373547 0 3 0 0 1 3 1 0
-0.002451288301373547 0 3 0 0 2 3 2 0
0.024500238532872632 0 1 1 0 1 1 0 0
0.024500238532872632 0 1 1 0 2 2 0 0
0.024500238532872632 0 2 2 0 1 1 0 0
0.024500238532872632 0 2 2 0 2 2 0 0
0.013240139917215059 0 1 1 0 1 3 3 1
0.013240139917215059 0 1 1 0 2 3 3 2
0.013240139917215059 0 2 2 0 1 3 3 1
0.013240139917215059 0 2 2 0 2 3 3 2
0.02106189736058941 0 1 3 1 3 0 0 0
0.02106189736058941 0 2 3 2 3 0 0 0
0.024628245729684008 0 1 3 1 1 3 1 0
0.024628245729684008 0 1 3 1 2 3 2 0
0.024628245729684008 0 2 3 2 1 3 1 0
0.024628245729684008 0 2 3 2 2 3 2 0
0.001014123925351588 0 3 0 0 0 1 3 1
0.001014123925351588 0 3 0 0 0 2 3 2
0.03432067768053551 0 1 1 0 0 1 1 0
0.03432067768053551 0 1 1 0 0 2 2 0
0.03432067768053551 0 2 2 0 0 1 1 0
0.03432067768053551 0 2 2 0 0 2 2 0
0.001014123925351588 0 1 3 1 0 3 0 0
0.001014123925351588 0 2 3 2 0 3 0 0
0.026161331757793022 0 1 3 1 0 1 3 1
0.026161331757793022 0 1 3 1 0 2 3 2
0.026161331757793022 0 2 3 2 0 1 3 1
0.026161331757793022 0 2 3 2 0 2 3 2
0.024841613754402178 0 1 1 0 0 0 1 1
0.024841613754402178 0 1 1 0 0 0 2 2
0.024841613754402178 0 2 2 0 0 0 1 1
0.024841613754402178 0 2 2 0 0 0 2 2
0.0007036277600324607 0 1 3 1 0 0 3 0
0.0007036277600324607 0 2 3 2 0 0 3 0
0.023384504139548255 0 1 3 1 0 0 0 3
0.023384504139548255 0 2 3 2 0 0 0 3
0.0017156570386366024 0 0 3 0 1 3 1 0
0.0017156570386366024 0 0 3 0 2 3 2 0
0.03765836794307975 0 0 1 1 1 1 0 0
0.03765836794307975 0 0 1 1 2 2 0 0
0.03765836794307975 0 0 2 2 1 1 0 0
0.03765836794307975 0 0 2 2 2 2 0 0
-0.010242352362581513 0 0 1 1 1 3 3 1
-0.010242352362581513 0 0 1 1 2 3 3 2
-0.010242352362581513 0 0 2 2 1 3 3 1
-0.010242352362581513 0 0 2 2 2 3 3 2
0.0007036277600324607 0 0 3 0 0 1 3 1
0.0007036277600324607 0 0 3 0 0 2 3 2
0.024841613754402178 0 0 1 1 0 1 1 0
0.024841613754402178 0 0 1 1 0 2 2 0
0.024841613754402178 0 0 2 2 0 1 1 0
0.024841613754402178 0 0 2 2 0 2 2 0
0.04061611948384267 0 0 1 1 0 0 1 1
0.04061611948384267 0 0 1 1 0 0 2 2
0.04061611948384267 0 0 2 2 0 0 1 1
0.04061611948384267 0 0 2 2 0 0 2 2
0.021476825762834356 0 0 0 3 1 3 1 0
0.021476825762834356 0 0 0 3 2 3 2 0
0.023384504139548255 0 0 0 3 0 1 3 1
0.023384504139548255 0 0 0 3 0 2 3 2
0.010290902970907621 0 0 0 0 3 1 3 1
0.010290902970907621 0 0 0 0 3 2 3 2
0.022048950231499085 0 0 0 0 1 0 1 0
0.022048950231499085 0 0 0 0 2 0 2 0
0.024418228025864692 0 0 0 0 1 1 1 1
0.013030122213395744 0 0 0 0 1 1 2 2
0.011388105812468949 0 0 0 0 1 2 2 1
0.011388105812468949 0 0 0 0 2 1 1 2
0.013030122213395744 0 0 0 0 2 2 1 1
0.024418228025864692 0 0 0 0 2 2 2 2
0.011234473400252845 0 0 0 0 1 3 1 3
0.011234473400252845 0 0 0 0 2 3 2 3
0.02554524151443464 0 0 0 0 0 1 0 1
0.02554524151443464 0 0 0 0 0 2 0 2
