-0.8611702206892637 0 0 0 0 0 0 0 0
0.12933530290220652 3 0 0 0 0 0 0 0
0.0748431284714882 0 3 0 0 0 0 0 0
-0.016004672897852124 0 0 3 0 0 0 0 0
-0.1295835345543516 0 0 0 3 0 0 0 0
0.12933530290220657 0 0 0 0 3 0 0 0
0.07484312847148829 0 0 0 0 0 3 0 0
-0.016004672897852096 0 0 0 0 0 0 3 0
-0.12958353455435156 0 0 0 0 0 0 0 3
0.0532882763981469 3 3 0 0 0 0 0 0
0.006563203730234984 1 3 1 0 0 0 0 0
0.006563203730234984 2 3 2 0 0 0 0 0
0.06593981640897972 3 0 3 0 0 0 0 0
0.08253842628330904 3 0 0 3 0 0 0 0
0.104941565251346 3 0 0 0 3 0 0 0
0.09289230561790292 3 0 0 0 0 3 0 0
0.0942078807270012 3 0 0 0 0 0 3 0
0.1093174256015904 3 0 0 0 0 0 0 3
0.06194186514186514 0 3 3 0 0 0 0 0
-0.011609318231110059 0 1 3 1 0 0 0 0
-0.011609318231110059 0 2 3 2 0 0 0 0
0.06884950976223002 0 3 0 3 0 0 0 0
0.09289230561790292 0 3 0 0 3 0 0 0
0.09708539978938593 0 3 0 0 0 3 0 0
0.09687528090618458 0 3 0 0 0 0 3 0
0.09758130550901546 0 3 0 0 0 0 0 3
0.057771973218562866 0 0 3 3 0 0 0 0
0.0942078807270012 0 0 3 0 3 0 0 0
0.09687528090618458 0 0 3 0 0 3 0 0
0.09999054311582917 0 0 3 0 0 0 3 0
0.09983961751613468 0 0 3 0 0 0 0 3
0.1093174256015904 0 0 0 3 3 0 0 0
0.09758130550901546 0 0 0 3 0 3 0 0
0.09983961751613468 0 0 0 3 0 0 3 0
0.11781436087930282 0 0 0 3 0 0 0 3
0.0532882763981469 0 0 0 0 3 3 0 0
0.006563203730234987 0 0 0 0 1 3 1 0
0.006563203730234987 0 0 0 0 2 3 2 0
0.06593981640897972 0 0 0 0 3 0 3 0
0.08253842628330904 0 0 0 0 3 0 0 3
0.06194186514186514 0 0 0 0 0 3 3 0
-0.011609318231110057 0 0 0 0 0 1 3 1
-0.011609318231110057 0 0 0 0 0 2 3 2
0.06884950976223002 0 0 0 0 0 3 0 3
0.057771973218562866 0 0 0 0 0 0 3 3
0.008677320968167581 3 1 3 1 0 0 0 0
0.008677320968167581 3 2 3 2 0 0 0 0
0.01768427902223064 1 0 1 0 0 0 0 0
0.01768427902223064 2 0 2 0 0 0 0 0
0.020861889960805815 1 1 1 1 0 0 0 0
0.011977745265793552 1 1 2 2 0 0 0 0
0.008884144695012263 1 2 2 1 0 0 0 0
0.008884144695012263 2 1 1 2 0 0 0 0
0.011977745265793552 2 2 1 1 0 0 0 0
0.020861889960805815 2 2 2 2 0 0 0 0
0.008965265838990714 1 3 1 3 0 0 0 0
0.008965265838990714 2 3 2 3 0 0 0 0
0.017407624360162553 3 0 0 0 1 3 1 0
0.017407624360162553 3 0 0 0 2 3 2 0
0.03960402921975603 1 1 0 0 1 1 0 0
0.03960402921975603 1 1 0 0 2 2 0 0
0.03960402921975603 2 2 0 0 1 1 0 0
0.03960402921975603 2 2 0 0 2 2 0 0
-0.009350168308526762 1 1 0 0 1 3 3 1
-0.009350168308526762 1 1 0 0 2 3 3 2
-0.009350168308526762 2 2 0 0 1 3 3 1
-0.009350168308526762 2 2 0 0 2 3 3 2
0.017407624360162553 1 3 1 0 3 0 0 0
0.017407624360162553 2 3 2 0 3 0 0 0
0.028268064318021466 1 3 1 0 1 3 1 0
0.028268064318021466 1 3 1 0 2 3 2 0
0.028268064318021466 2 3 2 0 1 3 1 0
0.028268064318021466 2 3 2 0 2 3 2 0
-0.00935016830852676 1 3 3 1 1 1 0 0
-0.00935016830852676 1 3 3 1 2 2 0 0
-0.00935016830852676 2 3 3 2 1 1 0 0
-0.00935016830852676 2 3 3 2 2 2 0 0
0.026778999318281354 1 3 3 1 1 3 3 1
0.026778999318281354 1 3 3 1 2 3 3 2
0.026778999318281354 2 3 3 2 1 3 3 1
0.026778999318281354 2 3 3 2 2 3 3 2
0.018027489276694342 3 0 0 0 0 1 3 1
0.018027489276694342 3 0 0 0 0 2 3 2
0.021514845637151704 1 1 0 0 0 1 1 0
0.021514845637151704 1 1 0 0 0 2 2 0
0.021514845637151704 2 2 0 0 0 1 1 0
0.021514845637151704 2 2 0 0 0 2 2 0
-0.00383056661492106 1 3 1 0 0 3 0 0
-0.00383056661492106 2 3 2 0 0 3 0 0
0.02760254158231246 1 3 1 0 0 1 3 1
0.02760254158231246 1 3 1 0 0 2 3 2
0.02760254158231246 2 3 2 0 0 1 3 1
0.02760254158231246 2 3 2 0 0 2 3 2
0.018718396887300197 1 3 3 1 0 1 1 0
0.018718396887300197 1 3 3 1 0 2 2 0
0.018718396887300197 2 3 3 2 0 1 1 0
0.018718396887300197 2 3 3 2 0 2 2 0
0.03958028684810601 1 1 0 0 0 0 1 1
0.03958028684810601 1 1 0 0 0 0 2 2
0.03958028684810601 2 2 0 0 0 0 1 1
0.03958028684810601 2 2 0 0 0 0 2 2
-0.002355294432561726 1 3 1 0 0 0 3 0
-0.002355294432561726 2 3 2 0 0 0 3 0
-0.009124040943806862 1 3 3 1 0 0 1 1
-0.009124040943806862 1 3 3 1 0 0 2 2
-0.009124040943806862 2 3 3 2 0 0 1 1
-0.009124040943806862 2 3 3 2 0 0 2 2
0.01808930678279758 1 3 1 0 0 0 0 3
0.01808930678279758 2 3 2 0 0 0 0 3
0.019616979531755955 0 1 0 1 0 0 0 0
0.019616979531755955 0 2 0 2 0 0 0 0
-0.0038305666149210595 0 3 0 0 1 3 1 0
-0.0038305666149210595 0 3 0 0 2 3 2 0
0.021514845637151704 0 1 1 0 1 1 0 0
0.021514845637151704 0 1 1 0 2 2 0 0
0.021514845637151704 0 2 2 0 1 1 0 0
0.021514845637151704 0 2 2 0 2 2 0 0
0.018718396887300197 0 1 1 0 1 3 3 1
0.018718396887300197 0 1 1 0 2 3 3 2
0.018718396887300197 0 2 2 0 1 3 3 1
0.018718396887300197 0 2 2 0 2 3 3 2
0.018027489276694342 0 1 3 1 3 0 0 0
0.018027489276694342 0 2 3 2 3 0 0 0
0.027602541582312456 0 1 3 1 1 3 1 0
0.027602541582312456 0 1 3 1 2 3 2 0
0.027602541582312456 0 2 3 2 1 3 1 0
0.027602541582312456 0 2 3 2 2 3 2 0
-0.002131557908723367 0 3 0 0 0 1 3 1
-0.002131557908723367 0 3 0 0 0 2 3 2
0.034933415764319437 0 1 1 0 0 1 1 0
0.034933415764319437 0 1 1 0 0 2 2 0
0.034933415764319437 0 2 2 0 0 1 1 0
0.034933415764319437 0 2 2 0 0 2 2 0
-0.002131557908723367 0 1 3 1 0 3 0 0
-0.002131557908723367 0 2 3 2 0 3 0 0
0.028731795746785443 0 1 3 1 0 1 3 1
0.028731795746785443 0 1 3 1 0 2 3 2
0.028731795746785443 0 2 3 2 0 1 3 1
0.028731795746785443 0 2 3 2 0 2 3 2
0.02241557137514768 0 1 1 0 0 0 1 1
0.02241557137514768 0 1 1 0 0 0 2 2
0.02241557137514768 0 2 2 0 0 0 1 1
0.02241557137514768 0 2 2 0 0 0 2 2
-0.002798591843391728 0 1 3 1 0 0 3 0
-0.002798591843391728 0 2 3 2 0 0 3 0
0.019363554268084768 0 1 3 1 0 0 0 3
0.019363554268084768 0 2 3 2 0 0 0 3
-0.002355294432561726 0 0 3 0 1 3 1 0
-0.002355294432561726 0 0 3 0 2 3 2 0
0.03958028684810601 0 0 1 1 1 1 0 0
0.03958028684810601 0 0 1 1 2 2 0 0
0.03958028684810601 0 0 2 2 1 1 0 0
0.03958028684810601 0 0 2 2 2 2 0 0
-0.009124040943806862 0 0 1 1 1 3 3 1
-0.009124040943806862 0 0 1 1 2 3 3 2
-0.009124040943806862 0 0 2 2 1 3 3 1
-0.009124040943806862 0 0 2 2 2 3 3 2
-0.002798591843391728 0 0 3 0 0 1 3 1
-0.002798591843391728 0 0 3 0 0 2 3 2
0.02241557137514768 0 0 1 1 0 1 1 0
0.02241557137514768 0 0 1 1 0 2 2 0
0.02241557137514768 0 0 2 2 0 1 1 0
0.02241557137514768 0 0 2 2 0 2 2 0
0.042067644297571816 0 0 1 1 0 0 1 1
0.042067644297571816 0 0 1 1 0 0 2 2
0.042067644297571816 0 0 2 2 0 0 1 1
0.042067644297571816 0 0 2 2 0 0 2 2
0.01808930678279758 0 0 0 3 1 3 1 0
0.01808930678279758 0 0 0 3 2 3 2 0
0.019363554268084768 0 0 0 3 0 1 3 1
0.019363554268084768 0 0 0 3 0 2 3 2
0.008677320968167581 0 0 0 0 3 1 3 1
0.008677320968167581 0 0 0 0 3 2 3 2
0.01768427902223064 0 0 0 0 1 0 1 0
0.01768427902223064 0 0 0 0 2 0 2 0
0.020861889960805815 0 0 0 0 1 1 1 1
0.011977745265793552 0 0 0 0 1 1 2 2
0.008884144695012263 0 0 0 0 1 2 2 1
0.008884144695012263 0 0 0 0 2 1 1 2
0.011977745265793552 0 0 0 0 2 2 1 1
0.020861889960805815 0 0 0 0 2 2 2 2
0.008965265838990714 0 0 0 0 1 3 1 3
0.008965265838990714 0 0 0 0 2 3 2 3
0.019616979531755955 0 0 0 0 0 1 0 1
0.019616979531755955 0 0 0 0 0 2 0 2
