(-1.8665304381295549+0j)
-1.148215834799186430e+00 -1.150948771220074773e+00 -1.019430843179103041e+00 -1.651871305665048251e+00 -1.740029672733327759e+00 -1.821684591834018763e+00 -1.840985830215704500e+00
-1.080493917584463448e+00 -1.200866317113325588e+00 -1.598407102962238868e+00 -1.868972224027790174e+00 -2.092012113865760359e+00 -1.951486081223811730e+00 -1.920723444711288863e+00
-1.209953134269984076e+00 -1.337483792187183829e+00 -1.626063345928637549e+00 -1.805586206287293827e+00 -1.774582769637465640e+00 -1.928463117656743275e+00 -1.872790285107226005e+00
-1.220497664663578563e+00 -1.291277596699251351e+00 -1.663151952142342127e+00 -1.701191886624714655e+00 -1.774059863848701291e+00 -1.853003730586351594e+00 -1.898913047653872477e+00
-1.229245812610096467e+00 -1.376891912499075055e+00 -1.335661786738540080e+00 -1.542114998175289742e+00 -1.747428685448674468e+00 -1.870204752221735323e+00 -1.836483820586461313e+00
-1.098460534871659178e+00 -9.957563162417999436e-01 -1.128718776378244693e+00 -1.695845505634766548e+00 -1.955588967598996142e+00 -1.910344720687568332e+00 -1.889920878408734461e+00
-1.214840349196678826e+00 -1.464510825170439512e+00 -1.428230022548024225e+00 -1.638850029955666088e+00 -1.769292490204671608e+00 -1.817684974491570848e+00 -1.851387995341218451e+00
-1.131001454428867126e+00 -1.167981467345709179e+00 -9.847468241894091756e-01 -1.591846826015477223e+00 -1.846842809183563805e+00 -1.936241549001352702e+00 -1.854289754378385613e+00
-1.296929568142354938e+00 -1.267138244047305129e+00 -1.457307764096509750e+00 -1.833371964304979063e+00 -1.895177026614295324e+00 -1.910634838652167655e+00 -1.842009941804111151e+00
-1.330566444721594799e+00 -1.444107886746706981e+00 -1.412343690476359326e+00 -1.660515862876782212e+00 -1.821324210297898594e+00 -1.862242980672534687e+00 -1.865835544130393764e+00
-1.239908828212282321e+00 -1.271561725461680226e+00 -1.504714140371594011e+00 -1.789705684891533810e+00 -2.015147778067126083e+00 -1.946206982555180653e+00 -1.890812158050117819e+00
-1.148492364221347595e+00 -1.282012861232094014e+00 -1.034449535332379266e+00 -1.438914743454793976e+00 -1.887447355448301112e+00 -1.922091728149202039e+00 -1.884016763779214010e+00
-1.352673241838970197e+00 -1.455395523485346621e+00 -1.288721871251697904e+00 -1.526365208345704216e+00 -1.726267465874290918e+00 -1.825516419111298250e+00 -1.852326064695184460e+00
-1.360135287760314782e+00 -1.266171947546547383e+00 -1.635621559583555484e+00 -1.820042529540919496e+00 -1.937318887051902250e+00 -1.812900982521352233e+00 -1.846796551010707610e+00
-1.201315262225163716e+00 -1.334319475403409339e+00 -1.185580359966058817e+00 -1.534650938217618110e+00 -2.021123638594950922e+00 -1.876894153499136131e+00 -1.872080583327744518e+00
-1.081513773568762327e+00 -1.193006292082421593e+00 -1.250110954945804709e+00 -1.636312622875202072e+00 -1.771405429619324678e+00 -1.854501825555504357e+00 -1.882399771652604858e+00
-1.255536264534598434e+00 -1.247356291550008045e+00 -1.317162968946787416e+00 -1.504163106345543177e+00 -1.814866757265430453e+00 -1.766309175817636357e+00 -1.778368992660575243e+00
-1.108870571129361604e+00 -1.161939515884902629e+00 -1.141477868135001961e+00 -1.685997382568138470e+00 -1.777473345887259359e+00 -1.802129885496604800e+00 -1.854704391136377417e+00
-1.197077609441052015e+00 -1.429751579860927491e+00 -1.527567523894307389e+00 -1.634731723957886462e+00 -2.006824713400678917e+00 -1.936026152938176814e+00 -1.904358364076519816e+00
-1.296230154308761318e+00 -1.351086208856543625e+00 -1.382071011728757792e+00 -1.362016665952505035e+00 -1.840850012058721674e+00 -1.834059806639206647e+00 -1.909704679751402789e+00
-1.126346959996545438e+00 -1.277447606161560500e+00 -1.387368881958357392e+00 -1.732679230987454799e+00 -1.739761798136236770e+00 -1.881456081701687433e+00 -1.886912596306453249e+00
-1.249181817428776764e+00 -1.432016966443375505e+00 -1.459919372137585825e+00 -1.895786251953756718e+00 -1.980928096265870852e+00 -1.904204358656218510e+00 -1.869824502076919970e+00
-1.261522236140824926e+00 -1.237980798041982133e+00 -1.315803824967217261e+00 -1.519698798987875188e+00 -1.838234950236922405e+00 -1.832350884225659282e+00 -1.843121065086647636e+00
-1.088758535387070792e+00 -1.229794415179561007e+00 -1.581356328370442155e+00 -1.603983023691818888e+00 -1.875726320724875329e+00 -1.838946703360011314e+00 -1.833577756926778601e+00
-1.102063834075036386e+00 -1.125992446886321829e+00 -1.465096075690992983e+00 -1.674399957590293919e+00 -1.753690630702155362e+00 -1.863690267585781157e+00 -1.898789816557015619e+00
-1.229947729164644787e+00 -1.316022766864924920e+00 -1.494578373740393040e+00 -1.739945711746206047e+00 -1.813349693299971310e+00 -1.807637470611811015e+00 -1.817615864493335565e+00
-1.242432586806014649e+00 -1.191929949536605138e+00 -1.303836501125148484e+00 -1.480857493539633474e+00 -2.009961030962789330e+00 -1.899609019011561317e+00 -1.883096415898039444e+00
-1.103329205699361104e+00 -1.110384329112586332e+00 -1.388989665544213326e+00 -1.700739765702246054e+00 -1.881802144430098522e+00 -1.904390748572460490e+00 -1.891516857132027774e+00
-1.254565129926245692e+00 -1.108797633322566423e+00 -1.368593528277627147e+00 -1.618164891457849919e+00 -1.762248367470923949e+00 -1.815769968128033929e+00 -1.854795515831998420e+00
-1.396498314278511454e+00 -1.423337026356930268e+00 -1.574769380864088797e+00 -1.392217038131639217e+00 -1.801221640154097248e+00 -1.872480837828586875e+00 -1.846372306266663266e+00
-1.249864987858667620e+00 -1.338845052247105594e+00 -1.261320538702802807e+00 -1.488763065461830015e+00 -1.675873008946679787e+00 -1.892840385591334051e+00 -1.883877625753953122e+00
-1.159015992403795270e+00 -1.106677865468677968e+00 -1.301715293201184176e+00 -1.845621799053649426e+00 -2.014490500341875823e+00 -1.925995922479141642e+00 -1.889430315138624250e+00
-1.264235384897084646e+00 -1.224796179472392499e+00 -1.248705688457403262e+00 -1.625077307088827361e+00 -1.862137663322646519e+00 -1.823278779866036592e+00 -1.826208162052327832e+00
-1.369861731333096744e+00 -1.231815634671552750e+00 -1.215070746813998737e+00 -1.679681753755605023e+00 -1.858619098169560058e+00 -1.907451034896790132e+00 -1.866109005063157023e+00
-1.274981399102148805e+00 -1.308963100734175988e+00 -1.639509245169414875e+00 -1.669639846374681991e+00 -1.791179361135316839e+00 -1.820717632249945872e+00 -1.894458689052899159e+00
-1.198647318203725387e+00 -1.241809703407543042e+00 -1.184703307570888819e+00 -1.617677843563518625e+00 -1.882342485736022919e+00 -1.877491804137598086e+00 -1.835646153752230836e+00
-1.276744555692512328e+00 -1.385331523953122534e+00 -1.391645927562058072e+00 -1.527807647317482642e+00 -1.768769443183554335e+00 -1.861199190131816783e+00 -1.907935587405574118e+00
-1.106929730960561020e+00 -1.589478069623296186e+00 -1.790933020450884872e+00 -1.890677894585236718e+00 -1.811663431269079805e+00 -1.903301714607140704e+00 -1.858161030036303618e+00
-1.221540080219437385e+00 -1.351042309735333902e+00 -1.823543239983469455e+00 -1.766468868666624559e+00 -1.830341265568292908e+00 -1.857275983969542965e+00 -1.835980512482162874e+00
-1.172473682369942871e+00 -1.122472841273583599e+00 -1.234184568492922462e+00 -1.394077272890230645e+00 -1.588144598494645843e+00 -1.793764937409956683e+00 -1.875785158586622536e+00
-1.100232760669667798e+00 -1.269267520903279989e+00 -1.259984344744939921e+00 -1.427453249854368611e+00 -1.908286244593187408e+00 -1.849781816557099834e+00 -1.863549484173659287e+00
-1.267038178605659926e+00 -1.295981511446642864e+00 -1.616600118581063672e+00 -1.531496566635922596e+00 -1.738954685161138158e+00 -1.877642526415007396e+00 -1.823314279474639088e+00
-1.227989882307587433e+00 -1.470518422429897498e+00 -1.432391758485021649e+00 -1.483349496346321850e+00 -1.708868815224668047e+00 -1.886045541726709684e+00 -1.871533692983268438e+00
-1.274006303874525958e+00 -1.302642704804562790e+00 -1.770452337697733469e+00 -1.900762199307391542e+00 -2.086767074909490205e+00 -1.896784449246516679e+00 -1.887945221418158459e+00
-1.019817815570888575e+00 -1.361040695231766628e+00 -1.309312264627471523e+00 -1.812330086991332800e+00 -1.834995788827509910e+00 -1.808698767853653244e+00 -1.857629146927161745e+00
-1.275968498459504996e+00 -1.371514175717181150e+00 -1.590380312928967310e+00 -1.656200342732246922e+00 -1.758920470145763693e+00 -1.826530545693725749e+00 -1.869193664279473088e+00
-1.175352515445744483e+00 -1.371374092550166068e+00 -1.178957800329853756e+00 -1.333249241567991072e+00 -1.854090201106249225e+00 -1.923804677068832625e+00 -1.920995389311932477e+00
-1.465590873228490132e+00 -1.572682590597811014e+00 -1.473898686975643635e+00 -1.818679624421748020e+00 -1.770961700856248822e+00 -1.799144874208805867e+00 -1.922564745002581343e+00
-1.263422292179141149e+00 -1.143144496445003488e+00 -1.305156382492138389e+00 -1.483673571405424774e+00 -1.891938849090545549e+00 -1.909548400424972536e+00 -1.866924589146300217e+00
-1.193338597625314579e+00 -1.232488449022118626e+00 -1.198946593969215213e+00 -1.497369194858921837e+00 -1.769428300876393134e+00 -1.872469207987955908e+00 -1.858006535882182453e+00
