(-1.8665304381295549+0j)
-1.079135112437745292e+00 -1.192612846954993033e+00 -1.492258415022369000e+00 -1.673176841002441240e+00 -1.694538778160692427e+00 -1.838313810031056317e+00 -1.937600119164393009e+00
-1.306514471153080059e+00 -1.324733851155415199e+00 -1.773441928559764680e+00 -1.253631166897401172e+00 -1.657900535912076645e+00 -1.749403621827287481e+00 -1.865556757444141400e+00
-1.217536489116108012e+00 -1.226868383309224209e+00 -1.135221765817011397e+00 -1.522619277039046537e+00 -1.728377379589893126e+00 -1.765362588798094379e+00 -1.832404441878157098e+00
-1.027488546218303433e+00 -1.106683388128258727e+00 -1.169382991171736830e+00 -1.665695815629803622e+00 -1.785052346849571592e+00 -1.861656193437600582e+00 -1.955884965095683103e+00
-9.383646000169383328e-01 -1.257838937044532202e+00 -1.752350613839007254e+00 -1.366347992320863014e+00 -1.810836425668199912e+00 -1.856834993707303205e+00 -1.866231173889734141e+00
-9.958502221644038865e-01 -1.569798925693071112e+00 -1.365604749571279308e+00 -1.770899197539204106e+00 -1.888376086524300668e+00 -1.817301666535617199e+00 -1.932207149254941303e+00
-1.174798266107700551e+00 -1.297994267878521901e+00 -1.390379844670593723e+00 -1.761458273591895329e+00 -1.568116505561525820e+00 -1.741365756494104744e+00 -1.841271677543404817e+00
-1.145389159270377544e+00 -1.236724392883756352e+00 -1.535665818890372236e+00 -1.461571794912619016e+00 -1.552594976210283750e+00 -1.851356227437998658e+00 -1.807086076416681397e+00
-1.074173774431093964e+00 -1.276052895480956240e+00 -1.735120307075097124e+00 -1.720218819917244346e+00 -1.870720417963628979e+00 -1.859202076659748126e+00 -1.860602392746578904e+00
-1.125755573739354309e+00 -1.445356527009070025e+00 -1.734397478300287787e+00 -1.418221681627751751e+00 -1.538202377170509783e+00 -1.862707144027765160e+00 -1.764554078325498043e+00
-1.098793555454806281e+00 -1.644219351196025691e+00 -1.467264203040866022e+00 -1.557700792939541667e+00 -1.554037743421848639e+00 -1.867268218062857033e+00 -1.878606789346270567e+00
-1.185521195676489059e+00 -1.209045173140866458e+00 -1.224202341758823920e+00 -1.456352325690699390e+00 -1.869223280148709643e+00 -1.771008223559449313e+00 -1.904959681950573192e+00
-1.266309640348828314e+00 -1.198477570505828149e+00 -1.440711045169090543e+00 -1.608148692829834747e+00 -1.735855367925356108e+00 -1.862718826602152156e+00 -1.869923673179664902e+00
-1.277214122393799389e+00 -1.272458695415299879e+00 -1.467405790284091793e+00 -1.656879300997677662e+00 -1.676625099288112652e+00 -1.848421790246265406e+00 -1.807952650001916961e+00
-1.124445254703334562e+00 -1.449186285122218365e+00 -1.512796171054196837e+00 -1.599593182181735518e+00 -1.637612999053911000e+00 -1.815538806861963117e+00 -1.831300623509424241e+00
-1.357120796120490080e+00 -1.188750454683415336e+00 -1.241904734872293803e+00 -1.540119649843566751e+00 -1.728845697850203589e+00 -1.809373113679020539e+00 -1.905376554636132980e+00
-1.002863641920537230e+00 -1.569032847208699399e+00 -1.525976569085918610e+00 -1.525565203915264068e+00 -1.806413484919247914e+00 -1.760044277828915593e+00 -1.821611171167516030e+00
-1.175890051765563715e+00 -1.090355807271971456e+00 -1.295614850575936172e+00 -1.730955196386697592e+00 -1.897933158539978571e+00 -1.813068080744456578e+00 -1.868667668547292715e+00
-1.030679965668372278e+00 -1.356720392469764169e+00 -1.536072881403388823e+00 -1.565898766450671609e+00 -1.665174697149638394e+00 -1.844205792617573447e+00 -1.874993379657633463e+00
-1.147739754667243428e+00 -1.265226823721433469e+00 -1.409841304081776547e+00 -1.826938488201290900e+00 -1.879315242687796594e+00 -1.662671169216533684e+00 -1.827138705469341984e+00
-1.185169041072620555e+00 -1.369489915468806274e+00 -1.297826067373841985e+00 -1.212780089412179407e+00 -1.816377148387975815e+00 -1.810362985264777569e+00 -1.757321137454053828e+00
-1.046795983661806373e+00 -1.214318919617618509e+00 -1.817952352965353624e+00 -1.598093278024250719e+00 -1.909015899791189685e+00 -1.737429813214841579e+00 -1.926103143127926742e+00
-1.499765995775026006e+00 -1.246462012375103345e+00 -1.650537043652941627e+00 -1.671330784067435626e+00 -1.357176499453947027e+00 -1.776842489493519528e+00 -1.857738798216430620e+00
-1.079650356337854777e+00 -1.253039781768990890e+00 -1.704272004418958542e+00 -1.795676392552742140e+00 -1.962815019373799652e+00 -1.812331045443920541e+00 -1.872277694670112291e+00
-1.219229185735558829e+00 -1.345752116030317636e+00 -1.459052252533567628e+00 -1.527342053292200186e+00 -1.749521740006404258e+00 -1.760169621619112501e+00 -1.877978039486122297e+00
-1.021106226086007762e+00 -1.367909656266648621e+00 -1.268568614665703587e+00 -1.458680414655920021e+00 -1.788833666767042363e+00 -1.876372289075629585e+00 -1.866211664551155502e+00
-1.243640295049043720e+00 -1.403858900187430425e+00 -1.406088563708609129e+00 -1.400353070834480684e+00 -1.697357736972108455e+00 -1.645769431991594756e+00 -1.862154901862370426e+00
-1.153109214259436799e+00 -1.108653884927432109e+00 -1.663848049953576824e+00 -1.536456534516394301e+00 -1.488770822416206840e+00 -1.800340134771891032e+00 -1.819378890206206245e+00
-1.101421911163315670e+00 -1.517259514628340744e+00 -1.579551208739412349e+00 -1.672198459027571360e+00 -1.849978153594719066e+00 -1.846861425331239426e+00 -1.837258002322540440e+00
-1.172419961515746012e+00 -1.313864595566906601e+00 -1.613862704313897112e+00 -1.800281594161172727e+00 -1.766647077172235569e+00 -1.926929707759910793e+00 -1.821177521875193106e+00
-1.029411138483083521e+00 -1.266300454630922223e+00 -1.318781737930254438e+00 -1.654508613125049710e+00 -1.851732278158745304e+00 -1.965434673577232338e+00 -1.868773294804588536e+00
-1.104665163533167904e+00 -1.514240963354886560e+00 -1.482780178283515493e+00 -1.686318871361504712e+00 -1.750274101805982196e+00 -1.850015761537958880e+00 -1.865935042814853340e+00
-1.021525668802567788e+00 -1.281509070874587541e+00 -1.683495077481559132e+00 -1.525128521408928961e+00 -1.796595799618601275e+00 -1.739247540602521402e+00 -1.858928076097510429e+00
-1.121719211370543867e+00 -1.273486924600316428e+00 -1.348496291009737336e+00 -1.710420331159863139e+00 -1.848879733030210692e+00 -1.784873881798414219e+00 -1.876825277320542273e+00
-1.229614334871827808e+00 -1.543203131261356997e+00 -1.285446539002763622e+00 -1.550353743955276142e+00 -1.721486694452018629e+00 -2.022627381902123656e+00 -1.848849057890737724e+00
-1.024539847051893160e+00 -1.307486390449227986e+00 -1.445955148012301850e+00 -1.662955573566235135e+00 -1.800604539540671567e+00 -1.774193931249190559e+00 -1.909060027576135798e+00
-1.096016603396037681e+00 -1.492280974794042869e+00 -1.324055080962148523e+00 -1.766544960393128250e+00 -1.828190841953480250e+00 -1.771650169186534729e+00 -1.907823196132016230e+00
-1.070787754256641300e+00 -1.469612971865984052e+00 -1.129964981533421398e+00 -1.467386858673460193e+00 -1.769091702526445431e+00 -1.827037058223385912e+00 -1.877535457241057859e+00
-1.100495580912043136e+00 -1.493893007255264971e+00 -1.419834564277359767e+00 -1.534576919199757139e+00 -1.606439295342042328e+00 -1.898684880860821433e+00 -1.873879500138859289e+00
-1.208529669428368924e+00 -1.250465614590788643e+00 -1.477615772030059560e+00 -1.487108679440789061e+00 -1.715991488763878525e+00 -1.766316947212882127e+00 -1.794096864471663277e+00
-1.384020932043526830e+00 -1.441957029952446234e+00 -1.300019899992904238e+00 -1.431675522341549600e+00 -1.797741145300072452e+00 -1.873531675878695291e+00 -1.926742196474680702e+00
-1.060026626065220690e+00 -1.303999353157330177e+00 -9.351149184961025096e-01 -1.688016997682499909e+00 -1.899454960281044880e+00 -1.873453012323114120e+00 -1.836767655089152740e+00
-1.058752969491849827e+00 -1.507510911084906535e+00 -1.518790006397539694e+00 -1.597215496796577039e+00 -1.630281025483856672e+00 -1.881015271959081803e+00 -1.859560829647693314e+00
-1.292831514842219143e+00 -1.360697230656459089e+00 -1.325734181572543191e+00 -1.563874208087359996e+00 -2.004519447537451704e+00 -1.844903146174489361e+00 -1.858765607796854180e+00
-1.201745567190522612e+00 -1.405965994370551142e+00 -1.575818934343904854e+00 -1.585131129267167926e+00 -1.857617799674683212e+00 -1.848004287215410990e+00 -1.924457577883483816e+00
-1.187710413362293993e+00 -1.337850023720971837e+00 -1.352338985592901555e+00 -1.662727042338764338e+00 -1.559333198205927307e+00 -1.858110384053344166e+00 -1.808230058153614150e+00
-1.193127482755441005e+00 -1.251314280450208427e+00 -1.551234424611358298e+00 -1.627815689937242016e+00 -1.755562387307639360e+00 -1.793485478492055751e+00 -1.871786809433056753e+00
-1.273666886670411058e+00 -1.077555243741335378e+00 -1.437662126466145551e+00 -1.316570512662357029e+00 -1.686401316458845390e+00 -1.810957553844261492e+00 -1.852538966420441691e+00
-9.072930832487953179e-01 -1.339378499445083914e+00 -1.376953666577364732e+00 -1.631015577681021789e+00 -1.808458505021353524e+00 -1.810530839342156639e+00 -1.832441490359127734e+00
-1.069912835351341851e+00 -1.362047939823233467e+00 -1.164826307698256791e+00 -1.796038559542191715e+00 -1.638332054032948903e+00 -1.810866397903931890e+00 -1.808042856589111569e+00
