(-1.8665304381295549+0j)
-1.013904251401777534e+00 -1.882586101988626748e+00 -2.063368822489910936e+00 -1.902547650455198580e+00 -1.810021412273856045e+00 -1.874714072773692397e+00 -1.873117222661377257e+00
-1.586435843688792424e+00 -1.600189790214952890e+00 -1.941564957688017623e+00 -1.912888788389587313e+00 -1.852030335930849869e+00 -1.895573242459289043e+00 -1.866049845411045460e+00
-1.298487615867459866e+00 -1.677118246386555933e+00 -1.872533676591521479e+00 -1.850808964580304306e+00 -1.865974797557789167e+00 -1.894501515378494316e+00 -1.878178064059803365e+00
-1.245248041855206322e+00 -1.356509865147133898e+00 -1.639474491205966222e+00 -1.944204903744423341e+00 -1.881047449838430197e+00 -1.893104419866884047e+00 -1.849771830275798390e+00
-1.389481318834810741e+00 -1.842257097210338479e+00 -1.673793851513913467e+00 -1.873486198568165895e+00 -1.891929991330898675e+00 -1.888205965859242941e+00 -1.855492340881415680e+00
-1.713990845280069175e+00 -1.650463719105149885e+00 -1.775019804697068659e+00 -1.849444533479399411e+00 -1.889660022939504858e+00 -1.859511364283160217e+00 -1.863710368081256341e+00
-1.287238268788896800e+00 -1.616050417282302476e+00 -2.018537937283436889e+00 -1.888368843663641883e+00 -1.955734663930176698e+00 -1.859413046268596936e+00 -1.855617737278191903e+00
-8.461047881999085307e-01 -1.547752730787756326e+00 -1.676143009695304720e+00 -1.835040364156014459e+00 -1.836535297743209449e+00 -1.826094868318651310e+00 -1.873565040791919545e+00
-1.237597629740497140e+00 -1.597178536994316556e+00 -1.835794680545535851e+00 -1.677499044637088765e+00 -1.850135779459790797e+00 -1.889433723511161345e+00 -1.849130680952695727e+00
-1.710718904848729682e+00 -1.891898325154617311e+00 -1.920659295946435252e+00 -1.826809242238949693e+00 -1.849328148293281293e+00 -1.891301475944581867e+00 -1.868989375725110591e+00
-1.243290113465761904e+00 -1.242192093638136319e+00 -1.979184588385044297e+00 -2.006902193873368212e+00 -1.931271450218238428e+00 -1.891796764568600242e+00 -1.872112813899037942e+00
-1.217358127264926093e+00 -1.580563600144709646e+00 -2.053917510521507062e+00 -1.894147303956739137e+00 -1.896541937149099244e+00 -1.867467178183479293e+00 -1.855746268543365884e+00
-1.536129074845052900e+00 -1.490203469427875183e+00 -1.820860963323842174e+00 -1.953074453082886741e+00 -1.887748464346066024e+00 -1.868312074586875093e+00 -1.876540787451638215e+00
-1.292107014085330352e+00 -1.256773465440445214e+00 -1.854526751111375216e+00 -1.897619509417840300e+00 -1.901287323327782941e+00 -1.855607589888834674e+00 -1.859400893344349770e+00
-1.104602417040604356e+00 -1.416187740255345773e+00 -2.029669310588770426e+00 -1.856119031116943097e+00 -1.902992352500611384e+00 -1.864661611147024889e+00 -1.854039330991971157e+00
-1.287477391262384918e+00 -1.312203440895373552e+00 -1.357522848488011968e+00 -1.837725227421925123e+00 -1.827806129608374519e+00 -1.908630383931384511e+00 -1.857765550296018864e+00
-1.070962650205991906e+00 -1.288417385093757472e+00 -1.918776777023300184e+00 -1.805168681912299178e+00 -1.822279989235893183e+00 -1.864600166955056482e+00 -1.860927049270084455e+00
-1.293630711450056481e+00 -1.757113227071257944e+00 -1.845670280577778266e+00 -1.795354643991303734e+00 -1.868264805733856226e+00 -1.834267165938550548e+00 -1.856958324912225233e+00
-1.611295767333705387e+00 -1.335546535968109572e+00 -1.944867424404219447e+00 -1.766973777707159909e+00 -1.832219805498663812e+00 -1.854217725999744992e+00 -1.858188803475560036e+00
-8.693696351369614161e-01 -1.356788258975014649e+00 -1.983072397635360362e+00 -1.787360467367657524e+00 -1.886211687400157322e+00 -1.873281472147721338e+00 -1.890806440421298085e+00
-1.411039692725907013e+00 -1.703378263208626509e+00 -1.902607258540500945e+00 -1.906406129877891154e+00 -1.872581877344148049e+00 -1.854416661716755232e+00 -1.858523819324514159e+00
-1.477247783546144388e+00 -1.771779308690366150e+00 -1.807229223444845490e+00 -1.882171339649597153e+00 -1.874365219979149622e+00 -1.888969713341919210e+00 -1.875260709119483948e+00
-6.485671281475042793e-01 -1.423701118608369676e+00 -1.911161359503088963e+00 -1.963608316137351650e+00 -1.829111316404808285e+00 -1.842696746911491656e+00 -1.863260189067682759e+00
-1.232781252990564846e+00 -1.423266558451866004e+00 -1.704290101917890654e+00 -1.886349444503151451e+00 -1.839558885885216988e+00 -1.892149634507356737e+00 -1.853509330739275374e+00
-1.508315087842753810e+00 -1.998985450358293559e+00 -1.868305699850039137e+00 -1.825013008078889776e+00 -1.878638227459076493e+00 -1.848897440563472383e+00 -1.870084573121460814e+00
-1.694865879611217263e+00 -1.626456466157798264e+00 -1.828457099376040507e+00 -1.866730346551478403e+00 -1.924082091132965910e+00 -1.858024587989057563e+00 -1.869885762424869036e+00
-1.500154581995727376e+00 -2.010918319847123215e+00 -2.038800887957236352e+00 -1.925903665400751086e+00 -1.847991535578398459e+00 -1.860384491317421896e+00 -1.872659162860321747e+00
-1.352908460372429511e+00 -1.799267909004235833e+00 -1.945650309552227286e+00 -1.854715229596709980e+00 -1.890984408371754188e+00 -1.840177735642962942e+00 -1.869768925669546888e+00
-1.238569211424726202e+00 -1.666202822875737066e+00 -1.854844577911953341e+00 -1.921272376601059317e+00 -1.888162498033291614e+00 -1.876134932801865718e+00 -1.856893048517630262e+00
-1.230589048178735156e+00 -1.520885310790618394e+00 -1.596208455964853057e+00 -1.865107008764897989e+00 -1.898398606651832132e+00 -1.856459892487583252e+00 -1.875913734363260588e+00
-1.553074961642736840e+00 -1.612367612587816801e+00 -1.838437908619906969e+00 -1.930329796660100516e+00 -1.881713904300261087e+00 -1.850638441934447709e+00 -1.882615811166495901e+00
-1.493395231054794881e+00 -1.832078204985693404e+00 -1.885401681280423514e+00 -1.863402251373361462e+00 -1.874487088064864970e+00 -1.865242707210057915e+00 -1.864596756571533120e+00
-1.476019155750144085e+00 -1.895297721372248834e+00 -2.109025656279959193e+00 -1.936227356240198372e+00 -1.852721845395934874e+00 -1.877673120773397430e+00 -1.858403184437709132e+00
-1.401004755011928227e+00 -1.605384667709426116e+00 -1.674945994621612533e+00 -1.840746873625406455e+00 -1.856868549558668535e+00 -1.846209817440393142e+00 -1.853935094714301623e+00
-1.010786788072138398e+00 -1.437990738216746722e+00 -1.877890773252143042e+00 -1.863036688610095082e+00 -1.864018737785559487e+00 -1.864194013101867053e+00 -1.871401454735028391e+00
-1.767004569318221252e+00 -1.419758218191866650e+00 -1.724137558706336559e+00 -1.832501374633419999e+00 -1.912107058288942563e+00 -1.840655065553482572e+00 -1.871038258158124856e+00
-1.721260408936169162e+00 -1.749216331248502510e+00 -2.001229769312132589e+00 -1.874769946559232459e+00 -1.866717375489447051e+00 -1.856424816707381797e+00 -1.869364208987990494e+00
-1.279710364371786202e+00 -1.732387203785633822e+00 -1.863140605120719329e+00 -1.889911018678953170e+00 -1.919201832708581579e+00 -1.876296474813218262e+00 -1.889238692359254568e+00
-1.156652723504825842e+00 -1.681983569329678962e+00 -1.831079595385138870e+00 -1.762913888218185621e+00 -1.815245234896141202e+00 -1.859408054299251045e+00 -1.856350798381742440e+00
-1.411407496692897778e+00 -1.608300501016347361e+00 -1.828403750920378990e+00 -1.845223864115675960e+00 -1.890474954107983496e+00 -1.894082641057433847e+00 -1.862267672479919423e+00
-1.154995793353322364e+00 -2.035497366257818630e+00 -2.117418873206140084e+00 -1.974849796489646758e+00 -1.902238404001921790e+00 -1.914820612491148877e+00 -1.841281990592091633e+00
-1.728926888350821756e+00 -1.866042127644976123e+00 -1.934849359980518990e+00 -1.757139553909027985e+00 -1.866274078836889228e+00 -1.837633896750098472e+00 -1.867641830725975449e+00
-1.471216005731459830e+00 -1.664290109849801080e+00 -1.683517265770881455e+00 -2.000521760531028814e+00 -1.860531495722648199e+00 -1.856938684322602784e+00 -1.868692076751023778e+00
-1.655728062013950064e+00 -1.652786360812887434e+00 -1.759008341931395325e+00 -1.972364460427818766e+00 -1.933193903768813948e+00 -1.866804849164656943e+00 -1.873495322213701630e+00
-1.420173195763307916e+00 -1.383857547413218647e+00 -1.728669545706592148e+00 -1.874285837105954755e+00 -1.867101913216867359e+00 -1.865821472656026270e+00 -1.865778030002315013e+00
-1.546138452283638109e+00 -1.581358169483273013e+00 -2.079676194520240884e+00 -1.871993127818605496e+00 -1.830457126040368809e+00 -1.872675690346036870e+00 -1.870615120686285326e+00
-1.115378289720646343e+00 -1.666688682722126558e+00 -1.958160870968419509e+00 -1.937436938393248376e+00 -1.869837776021143316e+00 -1.848420808112987146e+00 -1.877557374953902070e+00
-1.462512335943218167e+00 -1.818007013832966701e+00 -1.748961827247450973e+00 -1.725003111871564743e+00 -1.838287887091584638e+00 -1.836267928175033148e+00 -1.884611033306148986e+00
-1.548084000475712818e+00 -1.680098907368191341e+00 -1.904616015889744940e+00 -1.893010348559316380e+00 -1.857775608600503947e+00 -1.841903998793904318e+00 -1.863932121789596774e+00
-9.042472625845355827e-01 -1.790372324242371027e+00 -1.689601350076646469e+00 -1.907039919232458081e+00 -1.823011639340116341e+00 -1.880216091755528618e+00 -1.856107922480809913e+00
