(-1.8665304381295549+0j)
-1.708174251730028015e+00 -1.903548961298087150e+00 -1.949866680355287318e+00 -1.913511153754360761e+00 -1.893448434704173788e+00 -1.901425356332650862e+00 -1.873150030360593910e+00
-1.419601672094018552e+00 -2.060742966532413067e+00 -2.077138726975788607e+00 -1.791502107460757109e+00 -1.826490799818726751e+00 -1.861578695833850050e+00 -1.866941243903031067e+00
-1.203264413784683073e+00 -1.731645742413709721e+00 -1.841901532712461709e+00 -1.806014002929436923e+00 -1.845872834010600538e+00 -1.846257391110145862e+00 -1.845653816353274301e+00
-1.297140964274869246e+00 -1.776496035587593392e+00 -1.776284061283915250e+00 -1.874542493577403324e+00 -1.895040372471578083e+00 -1.875248092687229695e+00 -1.871695245812602826e+00
-1.251181614369365702e+00 -1.358565106240868570e+00 -1.703191160805095139e+00 -1.876826330346017091e+00 -1.911290267845811686e+00 -1.874068183194072645e+00 -1.880236274411192010e+00
-1.513010364076385894e+00 -1.561326809880266175e+00 -1.887078087997893672e+00 -1.893034840684535425e+00 -1.887955481695928528e+00 -1.863846531375635163e+00 -1.865236296976625407e+00
-1.679062106195234438e+00 -1.960008187643089261e+00 -1.743471145896780650e+00 -1.807044987528760416e+00 -1.899550233068455274e+00 -1.867458174887337563e+00 -1.869226924394324918e+00
-1.536815800782792785e+00 -2.277557130158967880e+00 -1.645143283836367987e+00 -1.789595453868444208e+00 -1.852652853267793720e+00 -1.847717879090743587e+00 -1.857459031785439141e+00
-1.605778158427612290e+00 -2.031636777753302425e+00 -1.694357661824707595e+00 -1.988337343700353310e+00 -1.898741225806395150e+00 -1.878448459984171537e+00 -1.863810842064309137e+00
-1.292059485195574453e+00 -1.754509545468596166e+00 -1.930589019530796868e+00 -1.875215401363978573e+00 -1.860362145459572902e+00 -1.841384530964983668e+00 -1.850748845092014427e+00
-1.507130055171827410e+00 -1.478268162160882859e+00 -1.669600373053780062e+00 -1.814083924431188155e+00 -1.867753961324623901e+00 -1.871619535238303378e+00 -1.877919718615344680e+00
-1.410673730152028016e+00 -1.775851375403603383e+00 -2.024178184146406156e+00 -1.916257171837901119e+00 -1.913104112004714530e+00 -1.902975537265038097e+00 -1.885280448902080019e+00
-1.267034281956872510e+00 -1.803231038626041283e+00 -1.976752840335429084e+00 -1.870028125704944921e+00 -1.889458193246553730e+00 -1.863466389092955700e+00 -1.852512896513152985e+00
-1.398577948534503790e+00 -1.889737438835064509e+00 -1.920844739157582470e+00 -1.755529503695755000e+00 -1.805208877607294315e+00 -1.839461454095991932e+00 -1.855093564909300552e+00
-1.684146197517463861e+00 -1.574440189870633500e+00 -1.910807767611009789e+00 -1.945351935113330821e+00 -1.881102684426756211e+00 -1.859694157904236533e+00 -1.872749684052885222e+00
-1.467130919898466557e+00 -1.753487137398246354e+00 -1.959101783471139058e+00 -1.978831541090394941e+00 -1.896468175480304552e+00 -1.890557730071763753e+00 -1.876631539407862981e+00
-1.661664260915503455e+00 -1.607395143650788949e+00 -1.885370380543347935e+00 -1.894152222058999246e+00 -1.924274895118748052e+00 -1.904390098882405624e+00 -1.878684247416900988e+00
-1.456724602322487128e+00 -1.747805822588143876e+00 -1.674177078432247612e+00 -1.818594666527622694e+00 -1.840690851786944249e+00 -1.859039431404072129e+00 -1.881525264430056632e+00
-1.486776611180784968e+00 -2.000816303198271306e+00 -1.932279846904065623e+00 -1.871732709837846009e+00 -1.853322263011849547e+00 -1.860990864027182168e+00 -1.865821476461866357e+00
-1.628194645855240985e+00 -1.555166525164945579e+00 -1.800670457525245904e+00 -1.901657789340680083e+00 -1.885394708441459732e+00 -1.862250204660832242e+00 -1.852614332788000251e+00
-1.734273097192825741e+00 -2.122646121322699031e+00 -1.805765715238352609e+00 -1.836648543296508285e+00 -1.856067889076131738e+00 -1.886316880703594157e+00 -1.879332032045017087e+00
-1.248763792680491536e+00 -1.253963247122534597e+00 -1.882901638882675366e+00 -1.854381155968073625e+00 -1.888515697195867205e+00 -1.870196948355540512e+00 -1.872574940415810296e+00
-1.063865041689345148e+00 -1.377113275375333457e+00 -1.815959289544988087e+00 -1.853755014122375089e+00 -1.921126371378706565e+00 -1.893362379557339992e+00 -1.877826278352928924e+00
-1.126176801009226347e+00 -1.559626627052974390e+00 -1.520576865792903964e+00 -1.854248877380712424e+00 -1.856631896080265021e+00 -1.850613777732450727e+00 -1.851614841544364287e+00
-1.407244604546910471e+00 -1.564407298704547866e+00 -1.899181680708343034e+00 -1.828366928996739471e+00 -1.864320466814382904e+00 -1.869334415260022197e+00 -1.864211352867519933e+00
-1.488513236430007547e+00 -1.966500712371996418e+00 -1.843612766110798606e+00 -1.844392916266554661e+00 -1.865691472024086250e+00 -1.893219648719751458e+00 -1.875309133711545506e+00
-1.167923542545876714e+00 -1.704169789693750658e+00 -1.989925050254740091e+00 -1.872682725804141413e+00 -1.837966285757263396e+00 -1.834708139169521912e+00 -1.853902189138636247e+00
-1.494909184604112484e+00 -1.504290547105244791e+00 -1.654876714624138989e+00 -1.837933279768151129e+00 -1.849968663510452416e+00 -1.855686788952973565e+00 -1.872152710189648461e+00
-1.430306392636790491e+00 -1.436732253769616774e+00 -1.687987347430275786e+00 -1.848091204703620871e+00 -1.771855629584008440e+00 -1.845666597098472916e+00 -1.851710718296138758e+00
-1.427941810266922129e+00 -1.556466553931847852e+00 -1.551489648579493341e+00 -1.824613541742857503e+00 -1.875733130860959275e+00 -1.869170843149422279e+00 -1.869571325401660378e+00
-1.189202798836916264e+00 -1.454965122151575807e+00 -1.788905755548508836e+00 -1.884779172858812801e+00 -1.900023255893244611e+00 -1.899896144135581277e+00 -1.882129471724252934e+00
-1.010162071563677433e+00 -1.599239924036907734e+00 -1.981378697073733486e+00 -1.839156707783851985e+00 -1.889641449396829209e+00 -1.865559941526207410e+00 -1.865935810056319921e+00
-1.178326713519432190e+00 -1.475193041262442328e+00 -1.788586525148928352e+00 -1.827080826194832586e+00 -1.849874002506270543e+00 -1.855751590639307169e+00 -1.867499064400611086e+00
-1.436975527197772440e+00 -1.632634050694588668e+00 -2.172527006276639305e+00 -1.820626223367573626e+00 -1.812216244540678645e+00 -1.829177797712394637e+00 -1.844621432822507678e+00
-1.817111841793086269e+00 -1.686815536940941662e+00 -1.864403295568324737e+00 -1.802676828042959034e+00 -1.773946539047283055e+00 -1.846938940294337250e+00 -1.868021339092101218e+00
-1.505525971105981853e+00 -1.633843942759224177e+00 -1.769976421629592123e+00 -1.849593636202036873e+00 -1.833960796029872720e+00 -1.851120076775516932e+00 -1.841993020886817822e+00
-1.595763903703780295e+00 -1.747190207739920620e+00 -1.927083606298714225e+00 -1.881065890973551813e+00 -1.888300320645447172e+00 -1.886511434422016187e+00 -1.888170005844230559e+00
-1.517244601830701978e+00 -1.781378050451778439e+00 -1.811263832589367961e+00 -1.880322352778208472e+00 -1.887298321858207562e+00 -1.852132292485034526e+00 -1.860788414693901327e+00
-1.521556175526490140e+00 -1.683419287206201709e+00 -1.929357552853078417e+00 -2.010301035477726650e+00 -1.899181870015875351e+00 -1.865389350029035498e+00 -1.856679275901529813e+00
-1.442195370804193466e+00 -1.520804735596689383e+00 -1.698274628114894380e+00 -1.820552365200785339e+00 -1.831231327824297317e+00 -1.853503043147870510e+00 -1.852301826848929078e+00
-1.362036204724543786e+00 -1.802368103235429064e+00 -1.933364267850709250e+00 -1.831590507002049950e+00 -1.919973656036491061e+00 -1.883357991038911772e+00 -1.878252458963993732e+00
-1.741875469487079719e+00 -1.875513859176390241e+00 -1.843609884237893404e+00 -1.827291460233004816e+00 -1.877137242617544999e+00 -1.873537538086051502e+00 -1.861427088798456531e+00
-1.255941492505415313e+00 -1.815318658678464647e+00 -1.892247681269500603e+00 -1.765478117219677623e+00 -1.868100132996718399e+00 -1.886591354788626385e+00 -1.860876878920332933e+00
-1.418867962013713457e+00 -1.974865006856639127e+00 -1.969367997774515100e+00 -1.873506999532823070e+00 -1.870683247840059238e+00 -1.874833102534899432e+00 -1.888322731915395902e+00
-1.561179401549543044e+00 -1.595870456029307993e+00 -1.978583616786772525e+00 -1.877691897786422981e+00 -1.827837784702253110e+00 -1.822157041899439278e+00 -1.860805882283559365e+00
-1.480027864668121085e+00 -1.250523106469750179e+00 -1.769372303517318112e+00 -1.935636582070484168e+00 -1.843990519047815635e+00 -1.860625684145672754e+00 -1.866751009267303418e+00
-1.280098737686774069e+00 -1.533035079519970534e+00 -1.799883459174818290e+00 -1.841441177829897136e+00 -1.869756176579846274e+00 -1.843365701549912972e+00 -1.853094702444183284e+00
-1.571380521775641803e+00 -1.564221976471030562e+00 -1.837972522032403688e+00 -1.944069407163169227e+00 -1.847367027880199686e+00 -1.868774382819454072e+00 -1.862899616685413706e+00
-1.295363796154722635e+00 -1.879524034911253416e+00 -1.933647181920166158e+00 -1.925345342383327996e+00 -1.882700247401266402e+00 -1.872942869313394265e+00 -1.877644856364418136e+00
-1.649286953277385281e+00 -1.654694270323580740e+00 -1.883651357433028695e+00 -1.892578007498517678e+00 -1.857554110803376402e+00 -1.829080930664394256e+00 -1.835948489198784506e+00
