(-1.8665304381295549+0j)
-1.473624702148609522e+00 -1.690082513172278089e+00 -1.860992082196451181e+00 -1.733084812693859167e+00 -1.857327732955028399e+00 -1.861969365303807411e+00 -1.863600681746794052e+00
-1.716565961237872084e+00 -1.983593413022277652e+00 -1.833840878507457139e+00 -1.816805451645570280e+00 -1.837938661009242303e+00 -1.851930382450542645e+00 -1.840326567839187799e+00
-1.447469552503039880e+00 -1.687993470194199208e+00 -2.134896103074354734e+00 -1.840728928017825616e+00 -1.890366362190285088e+00 -1.859549964383956144e+00 -1.874955345436990051e+00
-1.716421976191907284e+00 -2.178348757222244192e+00 -1.947524527674371120e+00 -1.915210542955028128e+00 -1.881197972025235421e+00 -1.844565316780765851e+00 -1.855438232680353350e+00
-1.225951124592596475e+00 -1.548841325515130096e+00 -1.819216489643310730e+00 -1.883940150613213849e+00 -1.886306438601161872e+00 -1.877175443751872397e+00 -1.880287541154807229e+00
-1.369489885547964247e+00 -1.595704463052296074e+00 -1.858843849712854990e+00 -1.874830802664537277e+00 -1.900951810711896339e+00 -1.855762536509280913e+00 -1.865894079776905912e+00
-1.413091825444605654e+00 -1.843914631900101408e+00 -1.690665305133352447e+00 -1.834391535333241618e+00 -1.874862264219450569e+00 -1.888449851310692207e+00 -1.865553994138616556e+00
-1.238024292266619364e+00 -1.976873597759789769e+00 -1.856842163961214931e+00 -1.916444092684863598e+00 -1.882130341842005450e+00 -1.845497490158253928e+00 -1.859546486761482598e+00
-1.377590193470462632e+00 -2.448592073430328142e+00 -1.843455683720222060e+00 -1.852850007575947977e+00 -1.939041197589974175e+00 -1.865209849783607599e+00 -1.862299871062244705e+00
-1.685949792829644078e+00 -2.153979603252646591e+00 -1.664143040763109926e+00 -1.920024333629266167e+00 -1.873872927517846065e+00 -1.842830080823163019e+00 -1.880484460128861723e+00
-1.782268515092393368e+00 -2.057459235456040592e+00 -1.744681716598505350e+00 -1.836237478931931788e+00 -1.861922588223631436e+00 -1.864360200054560046e+00 -1.869733880344941923e+00
-1.378103820740364860e+00 -1.900518229750766341e+00 -1.946715475557410091e+00 -1.938630909294261073e+00 -1.890746437633644694e+00 -1.861291392730968886e+00 -1.870913788432996494e+00
-1.388165783182929935e+00 -2.087252908861140455e+00 -1.926800591277058494e+00 -1.851033299872402615e+00 -1.856930973144077734e+00 -1.870886291905246246e+00 -1.867610894575312486e+00
-1.692779282028013421e+00 -1.725488086119368214e+00 -1.920548030016107965e+00 -1.891327227444874248e+00 -1.781687112663319361e+00 -1.841942756898163891e+00 -1.875580461891441564e+00
-1.611677997335168699e+00 -1.908235918682409382e+00 -1.977523411794031016e+00 -2.071382429512073298e+00 -1.918344285944602046e+00 -1.856801508570355530e+00 -1.881711913925061097e+00
-1.405065047702460435e+00 -2.250709527344815442e+00 -1.812406616422003847e+00 -1.774221827923658790e+00 -1.867215545886566463e+00 -1.834990978532742067e+00 -1.859981893362358196e+00
-1.217782925598298593e+00 -1.568600730592641046e+00 -1.840528572368888227e+00 -1.822471525925343894e+00 -1.845502006974093945e+00 -1.850170062814138205e+00 -1.853071860979858432e+00
-1.379316775031000031e+00 -2.017157762045759029e+00 -1.893459277614566005e+00 -1.927266279068056143e+00 -1.879190777145630209e+00 -1.884244025400983569e+00 -1.856843943297342259e+00
-1.794807325648218876e+00 -2.238791273347806587e+00 -2.051381368421658635e+00 -1.773935257287536649e+00 -1.837271719212674181e+00 -1.873521177403619786e+00 -1.862239098724182140e+00
-8.571581063136619605e-01 -1.858554256711396846e+00 -1.990932949454560230e+00 -1.906782013600293757e+00 -1.838796110336955003e+00 -1.857155618264677344e+00 -1.862753333509169273e+00
-1.188798361557877215e+00 -1.897135803562223444e+00 -1.815452672230576825e+00 -1.863699993145191414e+00 -1.794668968599980818e+00 -1.879026842796070129e+00 -1.865210795749815187e+00
-1.185552069775061002e+00 -1.946253067631417810e+00 -1.926029528884735775e+00 -1.866028074897592148e+00 -1.799481364798675820e+00 -1.862199244990862201e+00 -1.873775228296805206e+00
-1.561171103608336885e+00 -2.130927823405364130e+00 -1.705519530074454781e+00 -1.937496543779398728e+00 -1.889045654636652749e+00 -1.870184688684134899e+00 -1.858417231207915021e+00
-1.419038359080649903e+00 -1.814351759059329883e+00 -1.803296796845663685e+00 -1.914418877060236390e+00 -1.849454377814575556e+00 -1.875142415144000374e+00 -1.887161226779319634e+00
-1.222601312406701002e+00 -1.812048451064568910e+00 -1.992400430217110330e+00 -1.952681124383421452e+00 -1.820388309862438492e+00 -1.851668776215860346e+00 -1.869173311630958345e+00
-1.397630283571857479e+00 -2.009740387658341287e+00 -1.853345280257658878e+00 -1.959370618436233169e+00 -1.871640148887127264e+00 -1.863370757226053165e+00 -1.879484725865907535e+00
-1.648300601629849371e+00 -1.746936877857400372e+00 -2.087787086531028624e+00 -1.827242663892667984e+00 -1.880815580752109639e+00 -1.892586487886263935e+00 -1.848879069593691860e+00
-1.372783980087731948e+00 -1.899212319219580891e+00 -1.929583742940416125e+00 -1.826981250203939755e+00 -1.820164222486440497e+00 -1.861462695298049974e+00 -1.876305027009058879e+00
-1.670300045615028539e+00 -2.269971938006742462e+00 -1.934486286647597586e+00 -1.965278801089996419e+00 -1.873827374185024652e+00 -1.891196381362213685e+00 -1.874125819935793302e+00
-1.672769846196655585e+00 -2.107209754439339555e+00 -1.993363470915607838e+00 -1.890296395582154787e+00 -1.791338170827692089e+00 -1.877405478074753331e+00 -1.882053038643958676e+00
-1.788551703032748907e+00 -1.850464606452128180e+00 -2.068516596448686240e+00 -1.845505273046531114e+00 -1.832217268632203799e+00 -1.890564139656176756e+00 -1.869306759484134162e+00
-1.185645739027799905e+00 -1.882927535464109958e+00 -1.862337764776633264e+00 -1.867322641964645591e+00 -1.942931279572889025e+00 -1.892827792737898474e+00 -1.844456566602902692e+00
-1.417462526158129510e+00 -2.270315914540639746e+00 -1.715887706564261705e+00 -1.875304804232329481e+00 -1.809705833284483978e+00 -1.857515285576428532e+00 -1.876309437712818218e+00
-1.434128816172528742e+00 -1.964106042346444259e+00 -1.924320708371822342e+00 -1.878433246175767790e+00 -1.837656589265703522e+00 -1.870685501776762072e+00 -1.846974961055253273e+00
-1.666553124360674598e+00 -2.017145542299608962e+00 -1.908058127422904260e+00 -1.816555398181651126e+00 -1.874451091971452321e+00 -1.845195515007751030e+00 -1.873687212177587824e+00
-1.601062268611992856e+00 -1.898405533922187249e+00 -1.814575114396949296e+00 -1.817449890723309203e+00 -1.886993274182001912e+00 -1.851243322132084757e+00 -1.880241779199395058e+00
-1.283195054805835289e+00 -2.005921412498736345e+00 -1.717284835118299213e+00 -1.812590947248201800e+00 -1.809701316889933631e+00 -1.883682522802120118e+00 -1.860495664550266826e+00
-1.224309054937236851e+00 -1.628454993898437175e+00 -1.804957144704999461e+00 -1.732709248991879836e+00 -1.867050876365127898e+00 -1.866371229073839899e+00 -1.873600939408776700e+00
-1.367150628319432126e+00 -1.629296175345028352e+00 -1.914863563609970676e+00 -1.954860585534300199e+00 -1.860878405891627452e+00 -1.858726338817422663e+00 -1.862634699719019959e+00
-1.536524477281890455e+00 -2.075010117406897336e+00 -2.079391666253759929e+00 -1.830127506221409517e+00 -1.875147470379345815e+00 -1.814939897552732884e+00 -1.882462781496926141e+00
-1.575131746682453038e+00 -1.665865591872257578e+00 -1.857843017673058927e+00 -1.841777363235859610e+00 -1.857142207516199850e+00 -1.855923900534228288e+00 -1.869349755678451297e+00
-1.398456826439985923e+00 -1.594297704889196421e+00 -1.634117903746266753e+00 -1.808892870257950536e+00 -1.843841958084328381e+00 -1.856127905076071727e+00 -1.873927173165942150e+00
-1.621656293232050627e+00 -1.878652126525359733e+00 -1.857608465082615901e+00 -1.808336772509838486e+00 -1.848027276048138212e+00 -1.871674210938602201e+00 -1.868862506423469405e+00
-1.721324535298178970e+00 -1.866236475752403923e+00 -1.817510938653465802e+00 -1.957271778676688667e+00 -1.852733585345554435e+00 -1.857059050932740263e+00 -1.870438813921746268e+00
-1.553267856186248297e+00 -1.912361252676161971e+00 -1.805197732667460198e+00 -1.908911837361113584e+00 -1.871243221279394575e+00 -1.850863615247652749e+00 -1.858136119773180939e+00
-1.700232544995357031e+00 -1.812744447603380493e+00 -2.007051855192270029e+00 -1.970120438708928390e+00 -1.881234612421798680e+00 -1.871113434348972593e+00 -1.883484387276797012e+00
-1.757642691681502445e+00 -1.785871145353290279e+00 -2.050068894371524397e+00 -1.888225338258297192e+00 -1.853602259433416055e+00 -1.867347179954234493e+00 -1.881828120970862717e+00
-1.419960995678893889e+00 -2.173576152351061275e+00 -1.885788081492489665e+00 -1.912785011284818371e+00 -1.858206246419091601e+00 -1.886108072781999656e+00 -1.859827401554805748e+00
-1.464693389842578242e+00 -1.916905657403268126e+00 -1.702102900010822983e+00 -1.806742734864164479e+00 -1.832699527604431111e+00 -1.886762728801590239e+00 -1.869723017212141736e+00
-1.075451371937536260e+00 -1.931324509074693996e+00 -2.098058807953965488e+00 -1.908780529990162789e+00 -1.873108831074315139e+00 -1.886108583929978710e+00 -1.867243350234757626e+00
