(-1.8665304381295549+0j)
-1.587127066686139010e+00 -2.019763546152501643e+00 -2.113892185237534527e+00 -1.831251081261450864e+00 -1.972932761309571514e+00 -1.892862332387956537e+00 -1.889394434019716851e+00
-1.190116562094380548e+00 -1.922127149446156480e+00 -1.831873556278276860e+00 -1.811669816495145025e+00 -1.860989926260972371e+00 -1.899557419881903186e+00 -1.863967282748407506e+00
-1.407064964437017451e+00 -1.491798923607504213e+00 -1.920034127347023389e+00 -1.891508098010126426e+00 -1.829565659462401239e+00 -1.866038668813985613e+00 -1.880614938483315068e+00
-1.588718410713881646e+00 -1.937521458702419208e+00 -1.871346228913539189e+00 -1.827819497342919597e+00 -1.863147631211268473e+00 -1.853072453220276916e+00 -1.877235085507379386e+00
-1.965213898540523640e+00 -1.812385113981939133e+00 -1.847024356977168047e+00 -1.976768916532789522e+00 -1.890590473110358438e+00 -1.877221480694816202e+00 -1.866487318554439057e+00
-1.566686744678701615e+00 -2.131042065254851181e+00 -1.925387238968024217e+00 -1.968576162787551764e+00 -1.913034049060073238e+00 -1.888232956947195396e+00 -1.863423320571418795e+00
-1.741438799774321478e+00 -1.837815869227980237e+00 -1.770783177114230167e+00 -1.867122568721938158e+00 -1.899911979972223275e+00 -1.856221864760807305e+00 -1.840897049256357665e+00
-1.409624757318818089e+00 -1.660565829526414294e+00 -1.895454737418164504e+00 -1.783047472392080168e+00 -1.888328164864161884e+00 -1.858380335538434736e+00 -1.859511412992797652e+00
-1.091392585436878004e+00 -1.951370463639426234e+00 -2.019790617953391099e+00 -1.915032140953425444e+00 -1.872400098417768444e+00 -1.881317455087082813e+00 -1.871509758244054744e+00
-1.143293845455857882e+00 -2.252650504719821534e+00 -1.700833774204234983e+00 -1.799755813785726799e+00 -1.927171370131127048e+00 -1.871509227187897251e+00 -1.858376822930815742e+00
-1.271297049697779125e+00 -2.033005711139087346e+00 -1.842077738360304195e+00 -1.850826063949165601e+00 -1.871655539231494636e+00 -1.880900520571670231e+00 -1.850546398691789385e+00
-1.682578975269181765e+00 -1.866273729278307147e+00 -1.971474430769056374e+00 -1.905705738471142885e+00 -1.863005832702181230e+00 -1.854452307249811138e+00 -1.893423378592280049e+00
-1.567017483842945369e+00 -1.917146654564321651e+00 -1.909719110968501221e+00 -1.910453661663267688e+00 -1.820033067108763669e+00 -1.844140479597198734e+00 -1.885229736317240334e+00
-1.128683679452457511e+00 -1.889441433328793885e+00 -1.873243321783863102e+00 -1.802395803308184608e+00 -1.919772252549402314e+00 -1.844046303788708929e+00 -1.862734884866036555e+00
-1.128646464986543085e+00 -1.388691868081983083e+00 -1.797590015579502154e+00 -1.940677389027849253e+00 -1.837349818133534818e+00 -1.879732759804860098e+00 -1.864063921013058511e+00
-1.259951965602482460e+00 -2.337493444194698622e+00 -1.755957710280717343e+00 -1.790051699847592159e+00 -1.895848946099192078e+00 -1.826546518923016338e+00 -1.873266492700564445e+00
-1.396004569644723192e+00 -2.088278229068074587e+00 -2.119742881919441047e+00 -1.878439144879090694e+00 -1.803339218136643662e+00 -1.863118311591767107e+00 -1.857368782813977104e+00
-1.299102272551175385e+00 -2.027452825725456265e+00 -1.760327624467211249e+00 -1.830647236139370415e+00 -1.812347206705904101e+00 -1.898054170241561200e+00 -1.869496164500348279e+00
-1.351775057784786904e+00 -1.894528815528896626e+00 -1.914715142985756291e+00 -1.752269770539044647e+00 -1.837413014310901094e+00 -1.859922109243520971e+00 -1.882723759264181007e+00
-1.507720886194144683e+00 -1.973401747107505155e+00 -1.942040703509969157e+00 -1.943965340688986965e+00 -1.832486776541874196e+00 -1.886219822437058546e+00 -1.862055597318481803e+00
-1.301479647283495078e+00 -2.010476531931071342e+00 -2.097259206377940277e+00 -1.862427452401238970e+00 -1.868296023269365946e+00 -1.875909682798214684e+00 -1.869682339435076113e+00
-1.390370405180131108e+00 -1.671214126715052206e+00 -1.848862044730640086e+00 -1.856507160038126436e+00 -1.939556281828935802e+00 -1.851104705233621139e+00 -1.863345830114862434e+00
-1.629982467865806806e+00 -2.121916565880074046e+00 -1.867379481858109536e+00 -1.826564140149463888e+00 -1.894331537339368987e+00 -1.866551530520707658e+00 -1.887012857603346694e+00
-1.118569396763713808e+00 -2.141518257553189031e+00 -1.897691936124721090e+00 -1.802077164906155549e+00 -1.867757275560684160e+00 -1.868544096240951635e+00 -1.867128244255521263e+00
-1.827270692204317148e+00 -1.831023467015541639e+00 -1.592690832604052975e+00 -1.824238853528417525e+00 -1.917342271181705859e+00 -1.869416837990326652e+00 -1.887031898785389794e+00
-1.711500586977058314e+00 -1.706053135763405670e+00 -1.787338483829270963e+00 -1.883593130069705301e+00 -1.861456538547329842e+00 -1.857837449365352889e+00 -1.871317684574533846e+00
-1.026112478923929094e+00 -1.699363257058784660e+00 -1.799195814597097431e+00 -1.781009488104901894e+00 -1.867137973581480370e+00 -1.872337190939969087e+00 -1.873304920248773930e+00
-1.757157171618347391e+00 -1.652750957746047966e+00 -1.838157385830658797e+00 -1.932602453927624087e+00 -1.860507459680961428e+00 -1.862165454573756040e+00 -1.855047263748809794e+00
-1.746345817668893963e+00 -1.294092315096547541e+00 -1.794665646462223929e+00 -2.054953118809915047e+00 -1.885099709939990653e+00 -1.877822822122190427e+00 -1.861853667245084498e+00
-1.481452816187416976e+00 -1.999018558213178531e+00 -1.839251150804824153e+00 -1.891150545167719743e+00 -1.877745801540045001e+00 -1.852623152657209671e+00 -1.862995062660681711e+00
-1.554588968218685086e+00 -2.088280388331445803e+00 -1.942372996341666269e+00 -1.968219881430594898e+00 -1.815213606465458929e+00 -1.890817755021606983e+00 -1.867791494399924090e+00
-1.358503821078110851e+00 -1.739484919711000499e+00 -1.856453619080878914e+00 -1.730584132683669729e+00 -1.846817577353552453e+00 -1.865644180125826335e+00 -1.865924318496507528e+00
-1.635711745522836047e+00 -1.560325123508980338e+00 -1.999065494434453250e+00 -1.797677394702025477e+00 -1.891103134481680881e+00 -1.885131942409617789e+00 -1.870020263750501677e+00
-1.226020978172964071e+00 -2.058620198158235493e+00 -1.883933397534067966e+00 -1.842758923801190996e+00 -1.831030990297486838e+00 -1.852716658462406185e+00 -1.859828652486979816e+00
-1.494949348946061463e+00 -2.157233715797857165e+00 -1.889799726702597660e+00 -1.899193829659007626e+00 -1.879749492495092822e+00 -1.862611259725861723e+00 -1.867161216565779380e+00
-1.560097639322679974e+00 -1.528359376584331297e+00 -1.985627590756231298e+00 -1.774926887992354096e+00 -1.809532663303736966e+00 -1.884793779013665960e+00 -1.879804313283144124e+00
-1.127577605011951700e+00 -2.113895197905720558e+00 -2.020952497808248705e+00 -1.781411426105247831e+00 -1.874281677822495329e+00 -1.869224133646242070e+00 -1.884252971802198084e+00
-1.131559500883755565e+00 -1.305812513415123721e+00 -1.970130631681074274e+00 -1.838999382642313662e+00 -1.923966865457600761e+00 -1.877288197160852601e+00 -1.859096505224497875e+00
-9.851568795976977100e-01 -1.834880865579632037e+00 -1.661094246951337894e+00 -1.931505502086991566e+00 -1.844033205899660910e+00 -1.893180144227887496e+00 -1.870570377597609468e+00
-1.322718780893260782e+00 -1.463151861630408890e+00 -1.988862297038411109e+00 -1.934384772009895892e+00 -1.850339251689767650e+00 -1.862605755527278140e+00 -1.884480558464209254e+00
-7.858589367730981490e-01 -2.215114968210277091e+00 -1.974772592197667320e+00 -1.840368067835908228e+00 -1.754256245994861185e+00 -1.893722346066825768e+00 -1.867000520017202403e+00
-1.625744260505786798e+00 -1.861138313063313232e+00 -1.828891266370273438e+00 -1.893741816848905302e+00 -1.885349663169392898e+00 -1.852784774715618088e+00 -1.859980635098969604e+00
-1.436193571439809524e+00 -1.769495578722809714e+00 -1.635581178977519201e+00 -1.878727575461324406e+00 -1.857614739187118058e+00 -1.874984887157672642e+00 -1.868847547489050687e+00
-1.510110224360959208e+00 -1.874043179048790808e+00 -1.781854530883041798e+00 -1.853502963018929695e+00 -1.845567444132724333e+00 -1.887066077559938826e+00 -1.852547756637144438e+00
-1.113888653755463976e+00 -1.681198085122247221e+00 -1.800935659606261341e+00 -1.887225920868130569e+00 -1.871322077710198206e+00 -1.824523370375690901e+00 -1.884370899347379336e+00
-1.195616883396245278e+00 -2.050845298234542646e+00 -1.988817205749183303e+00 -1.863119271437768010e+00 -1.858858915720813965e+00 -1.874217866004227018e+00 -1.838605932146804456e+00
-1.280587926219303174e+00 -1.808642875209472090e+00 -1.945148741216426558e+00 -1.862588273064899269e+00 -1.854839385499545079e+00 -1.842598974047219063e+00 -1.869459180864795567e+00
-1.358905416726554405e+00 -1.912506434065774252e+00 -2.038822394772525470e+00 -1.828231427399173104e+00 -1.867518215378207946e+00 -1.830490526779115168e+00 -1.863969913413518809e+00
-1.579153809693441435e+00 -1.646936516509013959e+00 -1.779664850952332511e+00 -1.848184922719075418e+00 -1.944971032036827197e+00 -1.852439783333228895e+00 -1.864160350589861181e+00
-1.285937261697734701e+00 -1.978663889969659806e+00 -1.815305742368340525e+00 -1.800053615129032281e+00 -1.952836359797393229e+00 -1.878950478897861709e+00 -1.864219829001816819e+00
