(-1.924430638136716+0j)
-1.635314806415465672e+00 -1.603134311526083877e+00 -1.528400998149616052e+00 -1.437561259837414118e+00 -1.687287710649062467e+00 -1.883199551727316123e+00 -1.913832975314811335e+00
-1.684057404668914515e+00 -1.744841582960967585e+00 -1.939031724036403670e+00 -1.674086202132686552e+00 -1.849336827518779147e+00 -1.994433181033399727e+00 -1.956129292558980826e+00
-1.510699081646276642e+00 -1.437868129943133066e+00 -1.504761511947961594e+00 -1.649235877078284451e+00 -1.637071758046049430e+00 -1.840590270491876623e+00 -1.928246385377476058e+00
-1.407654269111296541e+00 -1.488530677554979142e+00 -1.591300993195358338e+00 -1.777064702878842217e+00 -1.851533541496142687e+00 -1.944802361165826943e+00 -1.971130023104774587e+00
-1.459864527104091980e+00 -1.394228357792677508e+00 -1.505352772425105456e+00 -1.525746611733976410e+00 -1.780499032247460978e+00 -1.914460770211223961e+00 -1.921270000439283976e+00
-1.601906152613309597e+00 -1.427659522385267721e+00 -1.401442871375851995e+00 -1.638085975056656762e+00 -2.018321889202957742e+00 -1.963559800441388337e+00 -1.906695961759879765e+00
-1.634876218474475618e+00 -1.519782408059787038e+00 -1.710445792868751536e+00 -1.755693908879284670e+00 -1.788328906201369639e+00 -1.885304707395046631e+00 -1.953853420852635914e+00
-1.602091109820040771e+00 -1.603851662630777941e+00 -1.813892753460171203e+00 -1.675657223873047830e+00 -1.826336504174977504e+00 -1.883922082998920722e+00 -1.838425061990788478e+00
-1.558028709338608930e+00 -1.568402562182636739e+00 -1.429085294874062440e+00 -1.707180380790928709e+00 -1.841965348625879351e+00 -1.797100560002165226e+00 -1.986116679657588202e+00
-1.492808312299342299e+00 -1.425630066859848055e+00 -1.520948358293411795e+00 -1.616638749011101606e+00 -1.780649389379903358e+00 -1.985543974850405124e+00 -1.917470226798945854e+00
-1.677411303017203981e+00 -1.495576770894395002e+00 -1.767972346244546689e+00 -1.647432521414493367e+00 -1.573696247914335711e+00 -1.750095870619374328e+00 -1.904318832984445597e+00
-1.591647734625049049e+00 -1.697181925508513212e+00 -1.692373638915625644e+00 -1.382541807320458283e+00 -1.693191017086895567e+00 -1.814112600201591707e+00 -1.856460232859314718e+00
-1.590305951211590241e+00 -1.538863234196885976e+00 -1.701047491299300551e+00 -2.073602333711106915e+00 -2.082174320271334089e+00 -1.970522830266427938e+00 -1.937371226059638074e+00
-1.551200067945803340e+00 -1.566746710647321184e+00 -1.665069740505000784e+00 -1.930681859063415828e+00 -1.753271559473514207e+00 -1.902504800349536174e+00 -1.928609547209089170e+00
-1.324979010190275641e+00 -1.551027501484826487e+00 -1.600403034060154717e+00 -1.707486192848926665e+00 -1.912312419428015664e+00 -1.938025816685592151e+00 -1.983154290901015138e+00
-1.379547653265707163e+00 -1.629250404010887054e+00 -1.761521658508078847e+00 -1.911569734642285301e+00 -1.859533647958426128e+00 -1.931751904094416439e+00 -1.893946875282610520e+00
-1.437758558146120080e+00 -1.506050934394196350e+00 -1.716444712181585786e+00 -1.935338545930064491e+00 -1.980683192011794658e+00 -2.028833477690324294e+00 -1.953487535236327677e+00
-1.292768742536643201e+00 -1.449959565122959981e+00 -1.512774250826433686e+00 -1.692259443390805584e+00 -1.787624912605472405e+00 -2.011734309114677099e+00 -1.963024663330565023e+00
-1.662672176948393421e+00 -1.591693001590629652e+00 -1.613808965491442926e+00 -1.548494465075149762e+00 -1.806089795952280364e+00 -1.842872235131172820e+00 -1.894452960014108234e+00
-1.434353555490541332e+00 -1.610304291706373903e+00 -1.445277697908385672e+00 -1.683182917177722837e+00 -1.930135701712273333e+00 -1.986489579436755859e+00 -2.010424935592458162e+00
-1.630618324496475369e+00 -1.709038249126336506e+00 -1.899368789705482952e+00 -1.680435179063780815e+00 -1.830196748691365727e+00 -1.904144903922290410e+00 -1.942332238779477027e+00
-1.507685632884391058e+00 -1.425917696703316473e+00 -1.468679406516584907e+00 -1.772922678390883577e+00 -2.006262892646469620e+00 -2.061589461088616737e+00 -1.948313605774625756e+00
-1.425303759449949359e+00 -1.551312461408961285e+00 -1.618200173580294665e+00 -1.618688465374817476e+00 -1.726103536019596874e+00 -1.847949884466212556e+00 -1.832292183333568358e+00
-1.424589547759204766e+00 -1.434723386335945650e+00 -1.522709514958015431e+00 -1.440356807993551147e+00 -1.875664332266973044e+00 -1.812378352758962752e+00 -1.866971620476120419e+00
-1.627768605747142994e+00 -1.779583649365270581e+00 -1.783962580169233592e+00 -1.808925448417757931e+00 -1.954788353446887728e+00 -1.849254088222540116e+00 -1.936371475945628973e+00
-1.416521696936780206e+00 -1.420172246489424195e+00 -1.583877962931999894e+00 -1.778945769625329243e+00 -1.807018877911541921e+00 -1.883670473131772161e+00 -1.929236753614369970e+00
-1.352288202423499008e+00 -1.400382170430724882e+00 -1.885908926316573586e+00 -1.760605274405497633e+00 -1.836630498148400958e+00 -1.925133070108120403e+00 -1.897157512636499010e+00
-1.587501987310100837e+00 -1.771828246514900451e+00 -1.656680467300543746e+00 -1.859539979558936684e+00 -1.909100150390441453e+00 -1.927296724564522057e+00 -1.953402110576192952e+00
-1.514605212167719595e+00 -1.601388664426634190e+00 -1.715295306724744506e+00 -1.868609841848800857e+00 -1.771432591599421347e+00 -1.712865237546392416e+00 -1.862500630408948199e+00
-1.609993287356851877e+00 -1.595624922309307081e+00 -1.649997492080219619e+00 -1.553254755540630194e+00 -1.718407936472656772e+00 -1.822275933003814741e+00 -1.876417737586488776e+00
-1.545630544343495671e+00 -1.709593499236457870e+00 -1.667199092971301866e+00 -1.719167206736035514e+00 -1.961314289548999890e+00 -1.962679783983056980e+00 -1.904596368291546771e+00
-1.671881713375742429e+00 -1.585862323163975018e+00 -1.651344472663196061e+00 -1.716304141599755972e+00 -1.772593304514844759e+00 -1.876837491960400506e+00 -1.933203373357879951e+00
-1.490350458437166958e+00 -1.589006945663891557e+00 -1.659625813790667870e+00 -1.798965429867707133e+00 -1.827046852518615427e+00 -1.959832580941841540e+00 -2.005314617471213978e+00
-1.437274616898979840e+00 -1.667882598305282071e+00 -2.010833699658297835e+00 -1.676791460714869064e+00 -1.623371096064008423e+00 -1.750252799146414517e+00 -1.871670008019308273e+00
-1.293743346896765845e+00 -1.560943118259655593e+00 -1.580043075781480955e+00 -1.604437770828289755e+00 -1.941239213043937983e+00 -1.901029398223009981e+00 -1.910821792500025262e+00
-1.551131017196087925e+00 -1.637742198215747624e+00 -1.733292739932722482e+00 -1.729678566485451485e+00 -1.794096121141171452e+00 -1.862273976236337392e+00 -1.894041256646145088e+00
-1.512144899954558142e+00 -1.415836232897147662e+00 -1.525099681918453243e+00 -1.881378407862378532e+00 -1.757260727551053447e+00 -1.888832480675587178e+00 -1.913428417241547219e+00
-1.184372915190338604e+00 -1.363705274657456501e+00 -1.500711625677501715e+00 -1.547754052686318493e+00 -1.656845302166486178e+00 -1.852551120542044405e+00 -1.943724870244947667e+00
-1.502803854440080578e+00 -1.387864025816978319e+00 -1.506470879613838632e+00 -1.684265722918663055e+00 -2.004824791937017459e+00 -1.951189021767318010e+00 -1.928157374780203881e+00
-1.444796944464695532e+00 -1.602770807312582146e+00 -1.513850921881693790e+00 -1.520928778073567189e+00 -1.949187532196221762e+00 -1.952478651138833454e+00 -1.977387503433733151e+00
-1.588278355361238070e+00 -1.621019703556201730e+00 -1.645887828185172763e+00 -1.501035851571004276e+00 -1.793822402349216194e+00 -1.920864610214516599e+00 -1.908521096506785364e+00
-1.407859688345386440e+00 -1.483854427851159619e+00 -1.471630270350084757e+00 -1.550314197609292677e+00 -1.814407146454647846e+00 -1.999014845865317636e+00 -1.899411148491870094e+00
-1.578489496990463703e+00 -1.529441480166655598e+00 -1.572071602186059014e+00 -1.690200341744522383e+00 -1.841085790409162870e+00 -1.868523708143128070e+00 -1.908896655215186033e+00
-1.583396210027654405e+00 -1.444610199561048969e+00 -1.618704427718800964e+00 -1.697023886007406723e+00 -1.917445913425661619e+00 -1.890526783550437351e+00 -1.944160796705184158e+00
-1.393388234988137242e+00 -1.415857356289751179e+00 -1.622558869155858563e+00 -1.996916950549477487e+00 -2.012928953091582152e+00 -1.926861401240168803e+00 -1.937094434179079450e+00
-1.607520922239638939e+00 -1.455412561529654925e+00 -1.562104645789359925e+00 -1.649474174532864712e+00 -1.818048246459129658e+00 -1.956162583851444037e+00 -1.955314467731672057e+00
-1.461990559185626370e+00 -1.587781089210150931e+00 -1.776392772088541072e+00 -1.889053927444468428e+00 -1.918273504883600378e+00 -1.951751088583331128e+00 -1.914328557440152290e+00
-1.601104654845219244e+00 -1.665680576498586918e+00 -1.624532248269057622e+00 -1.764013315809645377e+00 -1.859942819386129598e+00 -2.032221488626629213e+00 -1.902210564646791946e+00
-1.551513878564752202e+00 -1.630626886878998372e+00 -1.782389290444433394e+00 -1.801635635707031335e+00 -1.819683439395504809e+00 -1.974372132417262282e+00 -2.017889713921618089e+00
-1.466657358177640091e+00 -1.661359513463148696e+00 -1.698213481375148604e+00 -1.779953991697926341e+00 -2.042840215163160611e+00 -1.933519335463194988e+00 -1.956228038469600028e+00
