(-1.924430638136716+0j)
-2.069723295703052468e+00 -2.319856553202613192e+00 -2.103484262734683252e+00 -1.844309307135489018e+00 -1.965842759604464529e+00 -1.903297730409382105e+00 -1.932273472539857817e+00
-1.716129725215804092e+00 -1.539942066482099303e+00 -1.858843172242139241e+00 -1.900886493350089079e+00 -1.984339819369833835e+00 -1.914019175229044301e+00 -1.912252469633310303e+00
-1.882913056828611653e+00 -2.047508142033747980e+00 -1.858345865477162073e+00 -1.967921433005741516e+00 -1.948373037420103149e+00 -1.928813082664955658e+00 -1.915776931379293391e+00
-9.223461731685824727e-01 -1.986468130975122426e+00 -1.669779143109437758e+00 -1.968846781093850140e+00 -1.944106470152121569e+00 -1.921843267317455695e+00 -1.942532760574334549e+00
-1.331107202293795089e+00 -1.861425961012313834e+00 -1.845923669742652429e+00 -1.858751025486729214e+00 -1.830944904260554118e+00 -1.922503672678024689e+00 -1.945029439899215395e+00
-1.427174138808536830e+00 -1.690491667724985714e+00 -1.829986168306878547e+00 -1.812942512894327507e+00 -1.880817866385096737e+00 -1.934038497107170684e+00 -1.920647858115570816e+00
-1.385359642965195981e+00 -1.826104373917689205e+00 -1.836452887349603547e+00 -1.930868239274762921e+00 -1.925708345297402202e+00 -1.904521388487232958e+00 -1.936829345356552379e+00
-1.401753526602213196e+00 -1.930947985852708104e+00 -1.771642498995519066e+00 -1.819411534229922189e+00 -1.951987946064466461e+00 -1.932646248171304260e+00 -1.913146469816989770e+00
-1.755295792315122672e+00 -2.091563722327347552e+00 -1.810614821844662492e+00 -1.937885644232926197e+00 -1.876240816282321422e+00 -1.939639663857318341e+00 -1.915065908453768007e+00
-1.074902034131673956e+00 -2.086887012828643417e+00 -1.980301290474828280e+00 -1.941441464227403602e+00 -1.923203290155253375e+00 -1.953631177533245111e+00 -1.922810996086722568e+00
-1.848046796368569167e+00 -1.727215327132286760e+00 -2.033249509850307835e+00 -1.986979545974648431e+00 -1.907405156194757812e+00 -1.910287598279620580e+00 -1.940879968475294426e+00
-1.769429724157374206e+00 -1.767337642007265508e+00 -1.938531507593237002e+00 -1.931712973182831083e+00 -1.968430568408325421e+00 -1.952057057624152936e+00 -1.919778798630798144e+00
-1.014583469732828869e+00 -1.750815858958848059e+00 -2.033951672888869577e+00 -1.827853777350532782e+00 -1.914583612313104144e+00 -1.964909173959104471e+00 -1.915543519698818864e+00
-1.848248193227578051e+00 -2.179324608790879303e+00 -1.811215033113103168e+00 -1.792623945336188740e+00 -1.945501245930206791e+00 -1.937188950394162834e+00 -1.914728319350514241e+00
-1.593319795889453605e+00 -1.843845261384464251e+00 -1.890872617465530592e+00 -1.799865410442055724e+00 -1.895417135254089835e+00 -1.955469727221103238e+00 -1.944814571273275838e+00
-1.630162041836639597e+00 -1.893058553374503461e+00 -1.960846035919957320e+00 -2.052656003239250460e+00 -1.902248846775787650e+00 -1.909623975345746016e+00 -1.904104696480768411e+00
-1.621963068942465114e+00 -1.503647432327462452e+00 -1.954520996324512705e+00 -1.910589835475410503e+00 -1.982863672509332487e+00 -1.917877634554191246e+00 -1.923592773313849369e+00
-1.917404620137611149e+00 -2.049415347890743089e+00 -1.932800045441370740e+00 -1.909680091357171650e+00 -1.897653004410920108e+00 -1.958500927694138527e+00 -1.910518223176460362e+00
-1.519554192215002653e+00 -2.019031723472194617e+00 -2.148646898330008437e+00 -1.917708055131443379e+00 -1.920003251691359880e+00 -1.964860221766286275e+00 -1.896172882988087505e+00
-1.754375886553902530e+00 -1.746394498230940950e+00 -1.994975142543426117e+00 -1.982292487081613874e+00 -1.941514032502660303e+00 -1.958931242639398995e+00 -1.915903216945439524e+00
-2.201457649447881693e+00 -1.871634943549129737e+00 -2.054036288660791243e+00 -1.886132149460851393e+00 -1.933626047881878973e+00 -1.887620210313464497e+00 -1.932273129925184518e+00
-1.134278413432487920e+00 -2.524028331453322060e+00 -1.959537625905291902e+00 -1.955132437760036757e+00 -1.884646869868631391e+00 -1.969697708199067421e+00 -1.916332597538793037e+00
-1.666309699396203658e+00 -2.208854668021390744e+00 -2.086418423973581238e+00 -1.909074509951031562e+00 -1.884628790454235370e+00 -1.986612846469514082e+00 -1.920550667804721723e+00
-1.924071647064111490e+00 -1.976251788870678094e+00 -2.009403783672655486e+00 -1.928057708985341012e+00 -1.934142903856519657e+00 -1.905464878501164971e+00 -1.915932817876412120e+00
-1.600893502956233228e+00 -2.034810586809320920e+00 -1.900891094227953548e+00 -2.053751275650108177e+00 -1.935488277824096048e+00 -1.902418469703765158e+00 -1.915101076947489434e+00
-1.123092966591721309e+00 -1.964563687847698858e+00 -1.863458027593716926e+00 -1.906203181168147243e+00 -1.899735436698500424e+00 -1.909484761023439781e+00 -1.915760233936342649e+00
-1.505621613105777357e+00 -2.004043726768734768e+00 -1.986107630958895864e+00 -2.007669019739792837e+00 -1.952126792370268316e+00 -1.939601573328986417e+00 -1.935836066595926219e+00
-1.634665954562963597e+00 -1.785977451977360353e+00 -2.062411881061191998e+00 -1.886124195503156464e+00 -1.995120473853841947e+00 -1.927555965189251763e+00 -1.915037881585740065e+00
-2.071417666401892177e+00 -2.643548640901003388e+00 -1.945205232999340339e+00 -1.947702179615795171e+00 -1.902611034256665334e+00 -1.919544928899511671e+00 -1.923457476400533661e+00
-2.021083502890068218e+00 -1.978172910904494319e+00 -1.913154679811040815e+00 -1.989473193143890484e+00 -1.930133089253095235e+00 -1.902787791129445072e+00 -1.926524955654156823e+00
-1.839747084063972693e+00 -1.913930094564697759e+00 -1.996319385600009433e+00 -2.055476300400748357e+00 -1.951480823208080029e+00 -1.890821658572292563e+00 -1.931538156938246154e+00
-1.264016078230566720e+00 -2.098409816844938103e+00 -1.850334442057192330e+00 -1.956881649416375435e+00 -1.906420773183098660e+00 -1.948556118991479735e+00 -1.926278242060210477e+00
-1.413537628324182727e+00 -2.161562723743186254e+00 -1.967016201043378931e+00 -2.030868819832283290e+00 -1.924482634149585536e+00 -1.894153568633536011e+00 -1.915194669558460072e+00
-1.478655049218714268e+00 -2.077154215084794586e+00 -1.573661722987925726e+00 -1.840305014369222114e+00 -1.907458056590410456e+00 -1.940713852967095754e+00 -1.930585617712787361e+00
-1.321648941658469578e+00 -1.578075035360488876e+00 -2.088255725910263649e+00 -1.838399171266086318e+00 -1.917682857632762694e+00 -1.903044039930516185e+00 -1.928894083021858386e+00
-1.971593567012113635e+00 -1.335977467940579366e+00 -1.904692236823211759e+00 -1.885381428415073390e+00 -1.863296794816890145e+00 -1.893740058151235139e+00 -1.904901684339532331e+00
-1.922771893826979106e+00 -1.758092815554197497e+00 -1.944978244225241681e+00 -1.828341075286866513e+00 -1.933576858781393959e+00 -1.951168906025928074e+00 -1.922230355009261871e+00
-1.674598045547383229e+00 -1.723683690890374542e+00 -1.953057562418955451e+00 -1.930466119011557069e+00 -1.900393537942870470e+00 -1.912557118772511444e+00 -1.910675824813050871e+00
-1.242250561674052900e+00 -2.044266135106272309e+00 -1.514819705453375409e+00 -1.932276013670709780e+00 -1.988834006182171432e+00 -1.906266493515299754e+00 -1.933159847674546850e+00
-1.491299850669002725e+00 -2.077828839331514299e+00 -1.906781014219208537e+00 -1.936531456762162762e+00 -1.869355000083348539e+00 -1.920953745367711463e+00 -1.916463851188825451e+00
-1.320330449732606715e+00 -1.944091029689210881e+00 -1.724190430988618905e+00 -1.959799151825548202e+00 -2.011221771473251430e+00 -1.931627367002275886e+00 -1.928442868024191625e+00
-1.822622237261588118e+00 -2.225097204355851677e+00 -1.931313993684153463e+00 -2.021242273236291354e+00 -1.966769728400044936e+00 -1.936977648944041785e+00 -1.921362352744471647e+00
-1.882027749438803355e+00 -2.213218816733196981e+00 -1.854382025358443098e+00 -1.863026548950037498e+00 -1.904430384006174704e+00 -1.914094524784483387e+00 -1.931014868352294300e+00
-2.183565494873004997e+00 -2.248478460751941022e+00 -1.831157264478766145e+00 -1.915801591101915502e+00 -1.961040381397653132e+00 -1.916838127512678902e+00 -1.919695220327163554e+00
-1.715664374128672343e+00 -1.826126540028898404e+00 -2.009569315058770123e+00 -2.027315284467803735e+00 -1.907225068329451823e+00 -1.901389158197822393e+00 -1.904292744315292163e+00
-1.619078854290155522e+00 -1.881837647893627841e+00 -1.980378214601362430e+00 -1.918147683807919002e+00 -1.914044374652086766e+00 -1.913778282040702994e+00 -1.927583814894496372e+00
-1.260495142167731064e+00 -2.031084303063503960e+00 -2.056752927316699342e+00 -1.809537823440088289e+00 -1.920345157961211413e+00 -1.940642929419447604e+00 -1.927471865775105764e+00
-1.833237682828540827e+00 -1.921037543288221183e+00 -1.975104555639748849e+00 -1.859209231547890973e+00 -1.911508033502173465e+00 -1.925466712731749297e+00 -1.925487127133689302e+00
-1.688763391921731749e+00 -1.638046651834521583e+00 -1.818685307524793959e+00 -1.965882857463049360e+00 -1.936649829230413289e+00 -1.962649109807884873e+00 -1.911135240990283979e+00
-1.819196784181772442e+00 -1.900166540739336885e+00 -1.843546354088811068e+00 -1.870671071541498254e+00 -2.007383641630008153e+00 -1.927740080767717190e+00 -1.927275921272977754e+00
