(-1.924430638136716+0j)
-1.457132678136431103e+00 -1.810468404677316512e+00 -1.970061052623400810e+00 -1.938439017383465357e+00 -1.896117792384091505e+00 -1.913062485311344041e+00 -1.924195428131242558e+00
-1.556746188334401371e+00 -1.876643662256956224e+00 -1.994475010569307649e+00 -1.829964883021831357e+00 -1.917854136221562644e+00 -1.908231105284116325e+00 -1.917668447210195248e+00
-1.757473305585285139e+00 -1.982706033209259644e+00 -1.860178161093654525e+00 -1.914983765093032364e+00 -1.884508002917856029e+00 -1.954627847774577987e+00 -1.942338264984429186e+00
-1.851923499685016905e+00 -1.624032239869342087e+00 -1.944558608414544754e+00 -2.043335443788818040e+00 -1.963642071980668646e+00 -1.941401610410046219e+00 -1.927523851133341015e+00
-1.690874342508695172e+00 -1.445902874595962562e+00 -1.614240089810848211e+00 -1.933876509134437871e+00 -1.949044627483654590e+00 -1.916659640526234831e+00 -1.936900917534996047e+00
-1.545242573536754982e+00 -1.705063841539073310e+00 -1.805279891575716000e+00 -1.879776193994559197e+00 -1.901119208048830167e+00 -1.941847317899345837e+00 -1.926013529115362166e+00
-1.502379272912931496e+00 -1.607398378901664149e+00 -1.945096084144515514e+00 -1.901560152443288132e+00 -1.914314292383545224e+00 -1.941127028180922753e+00 -1.933573258347357271e+00
-1.531667135704361193e+00 -1.878592953717303171e+00 -2.016942996638566132e+00 -2.015853165120508717e+00 -1.956205794021993682e+00 -1.922104356005916559e+00 -1.919634806372837010e+00
-1.413424157623587085e+00 -1.796678792121252588e+00 -1.916121096779685784e+00 -2.037262546967334220e+00 -1.986857643595692835e+00 -1.932190348875878483e+00 -1.931382184221103193e+00
-1.687454862559807367e+00 -1.959154640365945443e+00 -1.886000167544970463e+00 -1.957384225155152535e+00 -1.935552098066703808e+00 -1.923927723160754555e+00 -1.933289601159488003e+00
-1.815398099255069786e+00 -1.662614380631272759e+00 -1.701479960542607195e+00 -1.766210998218968431e+00 -1.825779886861936596e+00 -1.899783504737084572e+00 -1.923853550698186643e+00
-1.780939152113108381e+00 -1.840553646782627784e+00 -1.918403888829415482e+00 -2.020675341571251060e+00 -2.003312390000450804e+00 -1.934003635938872145e+00 -1.930420833129269820e+00
-1.705754599843089414e+00 -1.832563257803443424e+00 -1.858960568536134339e+00 -1.900451469356727596e+00 -1.919784591271642693e+00 -1.933097877195371517e+00 -1.934288614021198782e+00
-1.482667444223043862e+00 -1.844692395268902496e+00 -1.933827116304230209e+00 -1.905784482931716761e+00 -1.898338564756195002e+00 -1.892049414117690453e+00 -1.912046845319338217e+00
-1.547161729823868459e+00 -2.028759565284885102e+00 -1.877895584102746263e+00 -2.005198900481406366e+00 -1.920881899831783812e+00 -1.937074729348772673e+00 -1.921731806180068336e+00
-1.677537119999399584e+00 -1.697651741635367362e+00 -1.751432083848717625e+00 -1.765751683019546547e+00 -1.843445889145800543e+00 -1.905273321553111465e+00 -1.912483866441986979e+00
-1.881543000354824136e+00 -1.848947458466314142e+00 -1.922966738104433748e+00 -1.857595062518566653e+00 -1.948181632636990068e+00 -1.936695379670751560e+00 -1.941443238739282151e+00
-1.619265627015085141e+00 -2.054400714517752302e+00 -1.948242415605126787e+00 -2.003309462896701643e+00 -1.962008981258376972e+00 -1.924421538401422715e+00 -1.930794697693552164e+00
-1.894571448749147402e+00 -1.895460497986473092e+00 -2.015502308953679211e+00 -1.969920981576567032e+00 -1.909385202943397752e+00 -1.920031640883273827e+00 -1.919917117859853750e+00
-1.382963309897004223e+00 -1.622966799705356955e+00 -1.947457474741491223e+00 -1.890713634965986323e+00 -1.922645714785530480e+00 -1.926349334432031046e+00 -1.919989536171002875e+00
-1.475395473030921778e+00 -1.555875548364771266e+00 -1.998053708736534873e+00 -1.997845992217834210e+00 -1.883770344755649084e+00 -1.889438043650890409e+00 -1.927121284655617606e+00
-1.487223722289618522e+00 -1.961807561033620306e+00 -1.968529655470443229e+00 -1.885060175821372308e+00 -1.923922804755580085e+00 -1.919267699400666771e+00 -1.925793209404797368e+00
-1.776076928918031816e+00 -1.816434459142428848e+00 -1.779039211084191940e+00 -1.879085594748856058e+00 -1.899769587972100604e+00 -1.907975298591789493e+00 -1.904729274871084455e+00
-1.561731170528766199e+00 -2.085349109947868484e+00 -2.029445045799091130e+00 -1.880579130411859090e+00 -1.920009108196436554e+00 -1.916502642523390865e+00 -1.928831054265436551e+00
-1.658950944790688720e+00 -1.674173323270319091e+00 -1.769029558284359815e+00 -1.871088198909865330e+00 -1.879035997842482431e+00 -1.918122516355973195e+00 -1.919003160822797982e+00
-1.738702398899395041e+00 -1.761849371764007133e+00 -1.830192863524253921e+00 -1.876081052953676220e+00 -1.949529330807634242e+00 -1.935660462192151821e+00 -1.947989319092759297e+00
-1.715608071954778602e+00 -1.955913834029978648e+00 -1.974322426293361632e+00 -2.036535778428655963e+00 -1.974658407142138694e+00 -1.943019462255519691e+00 -1.939576939021082191e+00
-1.462444375925834761e+00 -1.516680667167992214e+00 -2.004016808020358198e+00 -1.990266627291758628e+00 -1.938461639204461795e+00 -1.913095897688990465e+00 -1.918074997728452136e+00
-2.051379908629834770e+00 -1.705642375946544442e+00 -2.022210703535563869e+00 -1.935999101193892180e+00 -1.961911611458927229e+00 -1.938497044845662431e+00 -1.923692558056876667e+00
-1.407544743481713656e+00 -1.731522100730811031e+00 -1.974074234406177020e+00 -1.942714879942709860e+00 -1.945820078360794625e+00 -1.931237802800296555e+00 -1.909985121523092078e+00
-1.535741551176461606e+00 -1.821442179029190811e+00 -1.736682631668588606e+00 -1.965769412118512971e+00 -1.903239180926578289e+00 -1.929472880262145251e+00 -1.927440848404742724e+00
-1.405977210840012370e+00 -1.548972567366371011e+00 -1.844713922858837396e+00 -1.850653577284934181e+00 -1.891641928729888011e+00 -1.915734309717012085e+00 -1.915474106353926453e+00
-1.809904236369058061e+00 -2.145937121326520813e+00 -2.071874079828998738e+00 -1.993254184299548815e+00 -1.954049749985262485e+00 -1.939894817775005720e+00 -1.930186276829392478e+00
-1.908374736808577943e+00 -1.848956125547766671e+00 -1.932792716347587980e+00 -2.001985495548487926e+00 -2.004426049194574677e+00 -1.950757818301377622e+00 -1.926698985887785209e+00
-1.464338360375394554e+00 -1.759308742118142366e+00 -2.005715936248379183e+00 -1.912624118643106108e+00 -1.881566301547457076e+00 -1.916564369204704743e+00 -1.919047495589726537e+00
-1.648010452234238699e+00 -1.700749541592143421e+00 -1.921106961662625512e+00 -2.050482409426066965e+00 -1.952628331077656654e+00 -1.963012839517777719e+00 -1.939228002302243903e+00
-1.602477179307856936e+00 -1.778546305713146758e+00 -1.930100103484429397e+00 -1.995327165726609842e+00 -1.959696887522335285e+00 -1.917754852441626356e+00 -1.918408710014595009e+00
-1.498121796025773111e+00 -1.610287667418827784e+00 -1.945737568601969336e+00 -2.002094337520153644e+00 -2.005177068295369569e+00 -1.925359040632812491e+00 -1.922963670649092460e+00
-1.398605597578699289e+00 -1.868389349376670339e+00 -2.093279155886337506e+00 -1.964094741251013909e+00 -1.936241576622673488e+00 -1.911152436345455286e+00 -1.914132418435880556e+00
-1.412872351206405197e+00 -1.769254978358363317e+00 -1.822833584340670221e+00 -1.803978427355482639e+00 -1.864758117500862955e+00 -1.920579213863858659e+00 -1.918361017545109792e+00
-1.705695702389862900e+00 -1.855052019303408128e+00 -1.957722934316274754e+00 -1.927104374253983066e+00 -1.886189809009552576e+00 -1.919197352222277608e+00 -1.928809537092183835e+00
-1.877660640315954144e+00 -2.149233608206658985e+00 -2.130336178728740038e+00 -2.026266512482120419e+00 -1.985518438288137899e+00 -1.956030673739316050e+00 -1.928593446933160482e+00
-1.759590655689027061e+00 -1.847302715339994794e+00 -1.939435447619657582e+00 -1.985638725578879438e+00 -1.939394693342581411e+00 -1.940377941890274016e+00 -1.934627950214671266e+00
-1.651989323210577565e+00 -1.934282015323361525e+00 -1.966222704894077022e+00 -1.864369040078291517e+00 -1.899982507596772674e+00 -1.909590676233362316e+00 -1.914425143837666266e+00
-1.855917112139045866e+00 -1.675781017085852920e+00 -1.950063711360981555e+00 -1.860021398015617944e+00 -1.887661112210939240e+00 -1.913058225291438319e+00 -1.931001042451410576e+00
-1.516742702787716723e+00 -1.637626078870837665e+00 -2.117184681983424355e+00 -1.925560419569525950e+00 -1.889447643056499260e+00 -1.897524953253692415e+00 -1.905012097918860725e+00
-1.621309096867583621e+00 -2.083228366544239041e+00 -2.075185616006318234e+00 -1.919083242584252336e+00 -1.877411711691159946e+00 -1.923866083674139693e+00 -1.929880565858264507e+00
-1.142325812524970452e+00 -1.651407191192722834e+00 -1.936070693042240887e+00 -1.878606734925165389e+00 -1.860007195024579341e+00 -1.905101321240791457e+00 -1.924154842256057041e+00
-1.389980209648998599e+00 -1.702313564944434976e+00 -1.792579640269769792e+00 -1.818718502300497253e+00 -1.949086160125847123e+00 -1.942481354288526196e+00 -1.926267969191214124e+00
-9.982080807270143907e-01 -1.704534835497690803e+00 -1.904692112090803802e+00 -1.904989939520644660e+00 -1.926579103965246897e+00 -1.901254103993659239e+00 -1.919570027766256182e+00
