(-1.924430638136716+0j)
-1.723270252716770701e+00 -1.715185346910267805e+00 -2.034352621597155242e+00 -1.841237960417399178e+00 -1.857988758835390719e+00 -1.941150993814178882e+00 -1.944693275069072191e+00
-1.670898205249418789e+00 -1.580805015909249711e+00 -1.853625071981261252e+00 -1.927398025631007705e+00 -1.970491502057722055e+00 -1.938093007623302499e+00 -1.925611314640880867e+00
-1.655494148743660965e+00 -1.872548599824112703e+00 -2.077882348564545900e+00 -1.889941904018180185e+00 -1.911499978101161457e+00 -1.937349019129638306e+00 -1.935460373231644660e+00
-1.673328679305206901e+00 -1.631528533741173792e+00 -1.840823395930137441e+00 -1.931372860367324806e+00 -1.938895281831185757e+00 -1.972588738785542528e+00 -1.916003259002021064e+00
-1.962523656427003438e+00 -2.042220935411481531e+00 -2.078593166321118790e+00 -1.966383998552665435e+00 -1.936299457863968287e+00 -1.924888973918438495e+00 -1.939113128668769725e+00
-1.738522828642128371e+00 -1.841980112632974453e+00 -1.803418671280931251e+00 -1.810474048010433989e+00 -1.944269116529896646e+00 -1.937480345768272105e+00 -1.907864098180761303e+00
-1.877873198897943796e+00 -1.863542787339103945e+00 -1.956555446754841832e+00 -1.967551841376292465e+00 -1.955296556321983292e+00 -1.936500085223187284e+00 -1.921374436210060876e+00
-1.792822672183858490e+00 -1.815554552654658149e+00 -1.879327580159292799e+00 -1.973359309169472997e+00 -1.965299093557660193e+00 -1.952926216639452983e+00 -1.917671052192629233e+00
-1.623025769874974600e+00 -2.217038548901684614e+00 -2.029349120374245974e+00 -1.943974068127154453e+00 -1.934142303143819186e+00 -1.955920832829857847e+00 -1.905578382470858312e+00
-1.569270816901310761e+00 -1.823250902931701667e+00 -1.968595780834306641e+00 -1.947845853475183242e+00 -1.959901600916168718e+00 -1.941327930625247555e+00 -1.920170102463404582e+00
-1.733210762059186116e+00 -1.728233505833261852e+00 -2.028581499477953631e+00 -1.855630954177960312e+00 -1.866900228626342306e+00 -1.912698269682466590e+00 -1.912443542000002106e+00
-1.249504043822297961e+00 -1.414304859749101251e+00 -2.058057325689895301e+00 -2.020061892245048174e+00 -2.023584924648272221e+00 -1.914704991231836129e+00 -1.930470633473075903e+00
-1.408006449724596321e+00 -1.535827755790404758e+00 -1.795628893232743550e+00 -2.054326511561423985e+00 -1.974502738082449582e+00 -1.920029371408519925e+00 -1.905294966966032622e+00
-1.706005666650539876e+00 -2.097456439906944858e+00 -1.983825199432820874e+00 -1.879688782380480871e+00 -1.882185914699203710e+00 -1.902954725689775195e+00 -1.933266719786879584e+00
-1.761573758544114243e+00 -1.603636072448083150e+00 -1.798667880320691026e+00 -2.063608557854081482e+00 -1.882766405738542259e+00 -1.959059247524075786e+00 -1.928634421211662842e+00
-1.261181991671241232e+00 -1.650522205190667835e+00 -1.953348976379681634e+00 -1.887945732489440864e+00 -1.935756595961165782e+00 -1.911643162764503634e+00 -1.922678261228086827e+00
-1.471923946357521107e+00 -1.605287596664423777e+00 -2.138903378867570204e+00 -1.937068944075958754e+00 -1.893017789445877730e+00 -1.912982318922207714e+00 -1.930318313273738706e+00
-1.906341743548416900e+00 -1.719097799589323294e+00 -2.039791628185085415e+00 -1.933559971141500577e+00 -1.905571168446266173e+00 -1.922910657359372610e+00 -1.926913966843193382e+00
-1.576505947895881832e+00 -1.954853139769808124e+00 -1.898997491819291339e+00 -1.811905761079084520e+00 -1.948425315898312249e+00 -1.910331946738852871e+00 -1.928267700639789028e+00
-1.617809039142311445e+00 -1.638092714476266476e+00 -1.778168057979219396e+00 -1.963396325576661550e+00 -1.927067575532759536e+00 -1.917228895707579372e+00 -1.917409496528258206e+00
-1.229803737743408787e+00 -1.809372826614279672e+00 -1.790296723412667657e+00 -1.917925893510312285e+00 -1.889813295454184860e+00 -1.908548980818137508e+00 -1.929642836402057249e+00
-1.562448247945501967e+00 -2.078702015029539218e+00 -1.934963349952542488e+00 -1.958589654898443833e+00 -1.964264660050068390e+00 -1.912200303479496544e+00 -1.935186519155010387e+00
-1.602087074034694858e+00 -1.516463328695480284e+00 -1.876335418121831689e+00 -1.922616135894940959e+00 -1.902765205474047594e+00 -1.884582181038177540e+00 -1.921420428636174016e+00
-1.645764879008746240e+00 -2.110744913497319519e+00 -2.002887206302633505e+00 -1.820010422415337281e+00 -1.917149334649276060e+00 -1.969515809957396613e+00 -1.939399685810327068e+00
-1.200114641575189545e+00 -1.690317018319982267e+00 -1.742179071951848623e+00 -1.855214577715341484e+00 -1.997072049823152229e+00 -1.891341252624708202e+00 -1.954470685997219848e+00
-1.653621250794322650e+00 -1.915097157536864492e+00 -2.163571576435650901e+00 -1.915465951270617362e+00 -1.899985695021064069e+00 -1.923845796207565240e+00 -1.938986303147958168e+00
-1.391407617957551190e+00 -2.073926873433010520e+00 -1.719140278193743043e+00 -1.780612546690623965e+00 -1.920254857612752719e+00 -1.953675199867412893e+00 -1.922591820854246736e+00
-1.508471896072278495e+00 -1.548009110433139046e+00 -1.898462094801269151e+00 -1.883571701519533015e+00 -1.919402477326140444e+00 -1.893390448280109162e+00 -1.910578625204427228e+00
-1.399167719455787884e+00 -1.967420741501079151e+00 -1.876838445525216725e+00 -1.909339049849443803e+00 -1.903107812380072428e+00 -1.896551692379679688e+00 -1.926833182665814714e+00
-1.504332010492941851e+00 -1.837346153516690617e+00 -2.015026867136314515e+00 -2.010956442275275702e+00 -1.855271377112210240e+00 -1.944844288364666607e+00 -1.921569248415913922e+00
-1.632407763736177353e+00 -1.505434304615285601e+00 -1.801479335784125002e+00 -1.861240826056432152e+00 -1.890005888013624125e+00 -1.931203303365013335e+00 -1.926901409957280320e+00
-1.360827908746546244e+00 -2.105542310921234339e+00 -1.988820107295519835e+00 -1.958762339093302440e+00 -1.900098046971100629e+00 -1.927794603259519679e+00 -1.913518730076535501e+00
-2.004486385763527778e+00 -1.945638548170649962e+00 -1.838793882025480997e+00 -1.890073719016522436e+00 -1.976257961267832375e+00 -1.919146073175044709e+00 -1.921221355957026589e+00
-1.168520450437261715e+00 -1.321373544579347303e+00 -1.922080413430495627e+00 -1.990541465068559335e+00 -1.914547906604168404e+00 -1.940237899636721330e+00 -1.931221251661740634e+00
-1.812829591440850319e+00 -1.527405754081551770e+00 -1.854522228186593180e+00 -1.908194338166023130e+00 -1.972443654822877646e+00 -1.943313656625344832e+00 -1.939275554198437446e+00
-1.186984756395036644e+00 -1.529374789146398683e+00 -1.760814777431615630e+00 -2.018926775025767117e+00 -1.948855303126936223e+00 -1.925068852259976149e+00 -1.911095841143466201e+00
-1.090435656603602199e+00 -1.898368886155226587e+00 -1.897137946470038417e+00 -1.797466570346555548e+00 -1.899572856227313311e+00 -1.908748857737246896e+00 -1.937135755899561662e+00
-1.549443944620040092e+00 -2.194680579737346982e+00 -1.806316996624086180e+00 -1.892380891535368370e+00 -1.910512663120340404e+00 -1.923668318558971801e+00 -1.934297186360673049e+00
-1.398295233744531352e+00 -1.513332967219831904e+00 -1.984219296263893817e+00 -2.003120144769901412e+00 -1.962341345676177129e+00 -1.895105465350152230e+00 -1.918075321170929159e+00
-1.694811533508846058e+00 -1.543866710793913466e+00 -1.781053859794681005e+00 -2.015844736651628555e+00 -1.886799503574480230e+00 -1.910965218024249346e+00 -1.923183352847553707e+00
-1.732291009477497035e+00 -1.900034753059705706e+00 -1.970760821266622553e+00 -1.882597988458344362e+00 -1.938008493315744873e+00 -1.928071578509859663e+00 -1.926146709097458221e+00
-1.869360200407346406e+00 -1.571829219832059366e+00 -1.763498652976966952e+00 -1.966964639551742167e+00 -1.985384886971759855e+00 -1.956650607318215274e+00 -1.942472473382105047e+00
-1.921913708600805570e+00 -1.880488487924427243e+00 -2.007873951500793286e+00 -1.886800895088845076e+00 -1.905106057405457687e+00 -1.946077817040638092e+00 -1.926251637428569641e+00
-1.798105953862145778e+00 -1.936629424328510929e+00 -1.930158280895275968e+00 -1.769188024456952446e+00 -1.967191697129257566e+00 -1.920656026251759130e+00 -1.925121617291369880e+00
-1.232544771369154857e+00 -2.033530545078662932e+00 -2.047018789429585262e+00 -1.887016182020519572e+00 -1.897656986500234177e+00 -1.898516035433072124e+00 -1.911522599843406667e+00
-1.338998463388877624e+00 -2.052490438285080820e+00 -1.912296119621113899e+00 -1.907663152624449410e+00 -1.909758220752150848e+00 -1.897915722651390080e+00 -1.922706641022018603e+00
-1.486804643072806797e+00 -1.585794945975778081e+00 -1.948067092329029970e+00 -1.874078209051077248e+00 -1.945772944370327107e+00 -1.942584849549172210e+00 -1.919193929759495543e+00
-1.604320915344366050e+00 -1.791034855708474760e+00 -1.977311789344589954e+00 -1.987787586494031977e+00 -1.935949491850887494e+00 -1.910945626599064973e+00 -1.921599694134888736e+00
-1.145704796832977657e+00 -1.840847735574567601e+00 -1.817830163786980258e+00 -1.847274832675010359e+00 -1.896280358111968267e+00 -1.930111320669772867e+00 -1.900616074630339991e+00
-1.676662241801979425e+00 -2.070412280918923820e+00 -1.794419958633594270e+00 -1.763726621924164073e+00 -1.846159695848199389e+00 -1.946399164492234934e+00 -1.930862586338619291e+00
