(-1.924430638136716+0j)
-1.730755395465396251e+00 -1.756887565235192072e+00 -1.497275335528086337e+00 -1.843283388450825511e+00 -1.937809160399566855e+00 -1.948413914617810994e+00 -1.951984202625046017e+00
-1.513774926464865889e+00 -1.747232765774013430e+00 -1.627199347599455947e+00 -1.948373335677509921e+00 -1.859076470534295922e+00 -1.884731359783164084e+00 -1.903711268052444394e+00
-1.513116506165934627e+00 -1.787254686967542305e+00 -1.502238551867333571e+00 -1.654162327794711951e+00 -1.874405388322278432e+00 -1.956326665532697628e+00 -1.959010507051858418e+00
-1.572733535706161589e+00 -1.865789927093139511e+00 -1.485916411232612866e+00 -1.836113575777243323e+00 -1.785074639918704298e+00 -1.906385444739080892e+00 -1.951736136492370877e+00
-1.640457614856928092e+00 -1.841649574576226467e+00 -1.844954000999463606e+00 -1.818693196901276066e+00 -1.885915609249285252e+00 -1.899167212875056077e+00 -1.889881939087670881e+00
-1.526099130191969522e+00 -1.544033774509708357e+00 -1.807723751587487993e+00 -1.766242601503106080e+00 -1.938685466975448746e+00 -1.903363004569194050e+00 -1.965552941066366133e+00
-1.677028763660978417e+00 -1.558220606046531120e+00 -1.835466756455964354e+00 -1.725924888058511852e+00 -2.153615717710607225e+00 -1.912581673095891777e+00 -1.951422867387740290e+00
-1.594689186608235110e+00 -1.165040151719331174e+00 -1.329110954560619007e+00 -1.754244033156154625e+00 -1.689591115192679904e+00 -1.947430431634299630e+00 -1.864157218315049658e+00
-1.134078293368415480e+00 -1.726534902820699990e+00 -1.858021681826594440e+00 -1.795336593981061712e+00 -2.124210451526717502e+00 -1.910798355281969618e+00 -1.869274643383003642e+00
-1.310988973420807779e+00 -1.984768955453107608e+00 -1.762320407212095930e+00 -1.738485626227375791e+00 -1.925540320227671964e+00 -1.866779566966352277e+00 -1.922835144019031883e+00
-1.274427958898206370e+00 -1.836552618566984263e+00 -1.834420088266902393e+00 -1.915820074250444538e+00 -1.940566839955754963e+00 -1.885773135212859941e+00 -1.936485951497025626e+00
-1.574488373903746741e+00 -1.530315996704910919e+00 -1.623016612753265697e+00 -1.774000352382877566e+00 -1.898093154513051495e+00 -1.863237543474846269e+00 -1.948019947211752090e+00
-1.082814913699216008e+00 -1.682076210987979437e+00 -1.738734218027814693e+00 -1.469182567779273141e+00 -1.912607913684235106e+00 -1.914607240423616519e+00 -1.849974400737284919e+00
-1.311462715534722046e+00 -1.436760847721170631e+00 -1.709363830716092547e+00 -1.734212939602577830e+00 -1.971298004640564594e+00 -1.934751196224522296e+00 -2.008980907215650813e+00
-1.273604511244063042e+00 -1.904300217044648580e+00 -1.660372930288906090e+00 -1.961098935478918337e+00 -1.938243394265537489e+00 -1.974854249734220302e+00 -1.960324462209446672e+00
-1.475261519800746157e+00 -1.474500915490542408e+00 -1.919978407173911439e+00 -1.990345401420740012e+00 -1.972832421494083777e+00 -1.883053956884146896e+00 -1.926305404999018922e+00
-1.323748659831134766e+00 -1.813982994098763513e+00 -1.957552374167037312e+00 -1.724205124806103440e+00 -1.906818862521195257e+00 -1.930604866858208091e+00 -1.939971929465513556e+00
-1.143165654014330235e+00 -1.216721492821832840e+00 -1.376149698167421054e+00 -1.805671066380264644e+00 -1.956996307744077068e+00 -1.866843511088995156e+00 -1.925454773263286290e+00
-1.546391876047361835e+00 -1.586257004858191877e+00 -1.575620820530639454e+00 -1.690766417616915263e+00 -1.862919538358228433e+00 -2.017913116919306304e+00 -2.008621151350502121e+00
-1.531525932945268842e+00 -1.680292407500757701e+00 -1.825811960730301164e+00 -1.835495652394813160e+00 -1.886444369506547591e+00 -1.898576051654916830e+00 -1.963906178905106659e+00
-1.301873561821300651e+00 -1.522848483995653535e+00 -1.917361574527848278e+00 -1.786306195238797301e+00 -2.047712282106188386e+00 -1.882901870478974171e+00 -1.973950768538669465e+00
-1.419658925877915534e+00 -1.479553191985420790e+00 -1.801393397436855892e+00 -1.787099636755563603e+00 -1.939752583058976798e+00 -1.813657642475739129e+00 -1.952712384071212171e+00
-1.542363961211710377e+00 -1.724134500588206276e+00 -1.774565875650114144e+00 -1.496524269843933386e+00 -1.900824760599176821e+00 -1.849551807175128459e+00 -1.935860442318397379e+00
-1.460367191449650992e+00 -1.849830605070487355e+00 -1.672671984201514528e+00 -1.552361397090820105e+00 -2.000657878447074545e+00 -1.871645748971463963e+00 -1.905850044068707172e+00
-1.721000410445382656e+00 -1.992768840875954517e+00 -1.724585602681563135e+00 -1.807575422622724304e+00 -1.750442667602972957e+00 -1.929481677500484160e+00 -1.917883410941491062e+00
-1.464157394303399862e+00 -1.607558373597991919e+00 -1.633089667607581452e+00 -1.908165224081044720e+00 -1.980871091921975191e+00 -1.850317025124987635e+00 -1.935496058635684413e+00
-1.342424877116294102e+00 -1.694664859886285901e+00 -1.712446907262064943e+00 -1.911807360032758751e+00 -1.924018668340339744e+00 -1.911335706027053272e+00 -1.911457892449087481e+00
-1.384604322490628814e+00 -1.576609422828268325e+00 -1.567569481600820547e+00 -1.898439390784088188e+00 -1.922735939113025427e+00 -1.883133781147098507e+00 -1.937677032249245368e+00
-1.424284179720497923e+00 -1.088013413110807015e+00 -1.872861060174167758e+00 -1.679610061949483812e+00 -1.840828019450265085e+00 -1.837058234880493135e+00 -1.931058385992956872e+00
-1.275130637917007759e+00 -1.554126162792562438e+00 -1.639927532213911299e+00 -1.817597702193704867e+00 -1.899489768843694915e+00 -1.881298466150821858e+00 -1.887463939061240659e+00
-1.465095641384146941e+00 -1.582782183076778537e+00 -1.570854598493870213e+00 -1.870707134859260545e+00 -2.021313834761598205e+00 -1.986610147201226750e+00 -1.959507940528015357e+00
-1.457762260432737378e+00 -1.493062015188114655e+00 -1.551579225790035821e+00 -1.639085854935766307e+00 -1.912839375853189194e+00 -1.842715663882449784e+00 -1.909480325012469670e+00
-1.677150172166708586e+00 -1.500091555392673026e+00 -1.708421754855576680e+00 -2.066813222542998929e+00 -1.859071731876336342e+00 -1.917501226639645173e+00 -1.954539350253089891e+00
-1.562141119046936977e+00 -1.646486219520790328e+00 -1.336249148650834995e+00 -1.631424007656789854e+00 -1.832874812971230005e+00 -1.920715801180110871e+00 -1.950450169867684824e+00
-1.503219312818313558e+00 -1.387509598055304050e+00 -1.553868033633174939e+00 -1.769612733321340725e+00 -1.984290632470460558e+00 -1.964706324717886865e+00 -1.897541146039372961e+00
-1.534090810329366228e+00 -1.526316830923378998e+00 -1.684661338080726933e+00 -1.992511246201977393e+00 -1.792537014194709011e+00 -1.929590628708005129e+00 -1.948181335568964778e+00
-1.599046744659935904e+00 -1.740832144161833739e+00 -1.459356780636057671e+00 -2.015024792778315366e+00 -2.091660303082810035e+00 -1.982160780064050165e+00 -1.921911115968491846e+00
-1.341973352857613433e+00 -1.764673050942974442e+00 -1.726040384803467553e+00 -1.879498979667640679e+00 -1.811913328240606802e+00 -1.948766157800311705e+00 -1.863700476693158414e+00
-1.484259191164201130e+00 -1.098655770952521538e+00 -1.774529842756206843e+00 -1.928484675888681554e+00 -1.981540515785494838e+00 -1.880369919402339773e+00 -1.965944499678107693e+00
-9.953738061241539370e-01 -1.130489340725128411e+00 -1.820373391897560866e+00 -1.775717558048286904e+00 -2.000814631750073680e+00 -1.858081627639511790e+00 -1.948810812308634066e+00
-1.220669494903352748e+00 -1.349372788809527712e+00 -1.956081646007323149e+00 -1.851887012102853447e+00 -1.933631218382248607e+00 -1.844587846386008145e+00 -1.933035486835494865e+00
-1.357972158890750514e+00 -1.939723946487255546e+00 -1.852081481204927327e+00 -1.767053432859032158e+00 -1.748826975124747607e+00 -1.980803387731639775e+00 -1.881344725804639184e+00
-1.641126510180683784e+00 -1.771644000465776525e+00 -1.896433177989345742e+00 -1.691096301095943888e+00 -1.827612754818061402e+00 -1.907107987852563191e+00 -1.936556931858677943e+00
-1.149719447601735167e+00 -1.687453069499917468e+00 -1.516611137033211154e+00 -1.601619571665453545e+00 -1.955871451293286434e+00 -1.919090121793085135e+00 -1.937411564733115377e+00
-1.745843344311334810e+00 -1.246944506787065698e+00 -1.623410891733380712e+00 -2.030193577681270511e+00 -1.910646919197227955e+00 -1.843933201833708235e+00 -1.902938825847989568e+00
-9.118293730777561334e-01 -1.752721972395927086e+00 -1.699294012601113568e+00 -1.649347870279209261e+00 -1.974956544249604873e+00 -1.927099036313463909e+00 -1.948974394442062330e+00
-1.374426984404150121e+00 -1.902992233221902918e+00 -1.446166192275400331e+00 -1.694105773051220343e+00 -1.860729116755544865e+00 -2.029344846977291006e+00 -1.928655189417998184e+00
-1.497915228116259101e+00 -1.413131611269485610e+00 -1.948926173760415104e+00 -1.751458851517121662e+00 -1.758165508972137303e+00 -1.870470361769302370e+00 -1.894499962571218665e+00
-1.603671442393583835e+00 -1.659519876700546792e+00 -1.912330528883680270e+00 -1.583948646579838027e+00 -2.228365203177087750e+00 -1.900206659211837401e+00 -1.928969411788973964e+00
-1.361943363080563962e+00 -1.290924566544820573e+00 -1.453205426608199513e+00 -1.734360007945810578e+00 -1.824365098277322073e+00 -1.873461981453344860e+00 -1.964083455781608922e+00
