(-1.924430638136716+0j)
-1.760272602883059312e+00 -1.499366554428823051e+00 -2.247358341736217291e+00 -1.954467850228155390e+00 -1.889498043438630370e+00 -1.917539631051767612e+00 -1.927136252811444628e+00
-1.880001705710431681e+00 -1.599909845491077620e+00 -2.039096316986000801e+00 -1.957978488203578449e+00 -1.962761565288373866e+00 -1.964090813962129811e+00 -1.910682102721577458e+00
-1.308420687441972152e+00 -2.351779697181926032e+00 -2.206016476367429036e+00 -1.828215431184872397e+00 -1.795769524846895893e+00 -1.929909019190492847e+00 -1.919951998413280014e+00
-1.105609397455654674e+00 -1.341117046383121014e+00 -1.852118972701775057e+00 -1.947863081404630936e+00 -1.942850395619098558e+00 -1.945480646571547734e+00 -1.934063574044175837e+00
-1.513614015699094040e+00 -2.109226529974875142e+00 -1.866611309797650664e+00 -1.857664589588789328e+00 -2.008345756716722441e+00 -1.930156861191433926e+00 -1.927669306541281546e+00
-1.900714234691123439e+00 -1.951506878515650856e+00 -1.944452870634084229e+00 -1.945906521324029637e+00 -1.935293803359348530e+00 -1.931324192914583904e+00 -1.920067331117471188e+00
-1.609116160363082582e+00 -1.570722817506463587e+00 -1.884665153632961498e+00 -1.872317999569840019e+00 -1.862948650648276194e+00 -1.932342491425789177e+00 -1.937046516628828208e+00
-1.474607002120065902e+00 -1.570864685533269745e+00 -1.916778629963101110e+00 -1.893455739319692466e+00 -1.957670143695681375e+00 -1.908779781064344538e+00 -1.921587673004560237e+00
-1.264226433667939631e+00 -1.570949047751335481e+00 -1.968416149955499961e+00 -1.967866570807207394e+00 -1.936164433321012845e+00 -1.915314786330058805e+00 -1.948968312258427149e+00
-1.637185581633268994e+00 -1.627977379522215662e+00 -2.084361272433663537e+00 -1.908755155256017355e+00 -1.936670422219140208e+00 -1.960608298288307072e+00 -1.906020225233917120e+00
-1.733083411552708064e+00 -2.117782485882765187e+00 -2.059646714928624167e+00 -1.998870570242307965e+00 -1.987005632093621799e+00 -1.901525373451155909e+00 -1.928305161255945421e+00
-1.688540126729552782e+00 -1.718653889814683700e+00 -1.674115942310168581e+00 -1.962236031355165444e+00 -1.957071084668507766e+00 -1.911231792100644977e+00 -1.923874580714823646e+00
-1.629722454935111031e+00 -2.045560740983860093e+00 -1.842637519693379300e+00 -1.954173559405163019e+00 -1.963304050981909077e+00 -1.900243017279637847e+00 -1.914180332476053792e+00
-1.741214005775309825e+00 -2.203717823068114257e+00 -1.980893794949833753e+00 -1.953115692462648934e+00 -1.853921849328296512e+00 -1.929841521500191392e+00 -1.926975822431608476e+00
-1.379030121028197442e+00 -1.837384326271493062e+00 -1.897183593702384208e+00 -1.940055490910282288e+00 -2.036443395173522575e+00 -1.951066557956384173e+00 -1.927085675970798384e+00
-1.789404267037722818e+00 -2.047992179504915633e+00 -1.842120378995667052e+00 -2.099582873357281443e+00 -1.913294732215364835e+00 -1.928713096427923324e+00 -1.934139530257134920e+00
-1.968145512105780037e+00 -1.742305940349413440e+00 -2.050547839569045294e+00 -1.736431664913528516e+00 -1.935122806902808357e+00 -1.892888277038748290e+00 -1.914235713438924291e+00
-1.844579864399568780e+00 -1.620808339014724098e+00 -2.076208969706229812e+00 -1.964981743716918583e+00 -1.927093820819099523e+00 -1.922583132119483507e+00 -1.933168451863352955e+00
-1.930451984157341982e+00 -2.340053213752836925e+00 -1.805595407949420084e+00 -1.854578144240413451e+00 -1.907074627190767924e+00 -1.916734250118441008e+00 -1.929717286742843374e+00
-1.617278854342042660e+00 -1.681557686272474594e+00 -2.056455873263774770e+00 -2.002774165778087756e+00 -1.875312812146626484e+00 -1.887420807950923596e+00 -1.953390047532627571e+00
-1.580804863660118187e+00 -2.170070698695846900e+00 -1.985184660566010173e+00 -1.896131770699906571e+00 -1.931466345793021011e+00 -1.932484329381220167e+00 -1.909155063952985287e+00
-1.732346596564343866e+00 -1.953490685529354565e+00 -1.987347193741606510e+00 -1.888784073665312535e+00 -1.903646365715349953e+00 -1.945361816362721541e+00 -1.933930630267276740e+00
-1.481620168548716698e+00 -2.180066635654577922e+00 -2.146166158919105449e+00 -1.950057389501849148e+00 -1.945364834036398261e+00 -1.938898580896657453e+00 -1.928534989406491817e+00
-1.565333818524510257e+00 -1.691982994795687478e+00 -2.029758407258328567e+00 -1.797054707836635901e+00 -1.921320690234060269e+00 -1.943901507888242230e+00 -1.924710464596396609e+00
-1.869039959571400678e+00 -2.009476033048380295e+00 -1.934442630110393857e+00 -1.944691541828406756e+00 -1.904519841527042789e+00 -1.923966782758487426e+00 -1.914013598200198452e+00
-1.101790466198188101e+00 -1.987912592056691352e+00 -2.010285822335367012e+00 -1.896508926609318246e+00 -1.909847401402253286e+00 -1.936393877519557716e+00 -1.903383738163538563e+00
-1.842411267283929899e+00 -1.565856073490351719e+00 -1.921228189790970875e+00 -1.909831137207047114e+00 -1.997506057070492336e+00 -1.904708642305678712e+00 -1.913903130111016315e+00
-1.692765012349639164e+00 -1.820715166735152657e+00 -2.235731187098392692e+00 -1.862057870089209644e+00 -1.910120068594282960e+00 -1.912248070263575350e+00 -1.892349329697480709e+00
-1.128620460272215409e+00 -2.278365814718034343e+00 -1.839145718512369632e+00 -1.908508251044511939e+00 -1.937462721913753017e+00 -1.942839275339667493e+00 -1.928196682022705666e+00
-1.891457654346008876e+00 -1.778556719811380527e+00 -1.939965690334169990e+00 -1.864834478838376608e+00 -1.897088561455543054e+00 -1.926975956971874959e+00 -1.914425591448299713e+00
-1.533433321706202612e+00 -1.917796506856593197e+00 -1.891105934253926257e+00 -1.943104984074560448e+00 -1.909803853728681666e+00 -1.920839995180178006e+00 -1.926819468248226030e+00
-1.312065895324305398e+00 -1.779607992257044247e+00 -2.041589405128181767e+00 -1.980962011272782597e+00 -1.925577990895313008e+00 -1.922275625701735047e+00 -1.919457548603574537e+00
-1.974274662011339831e+00 -1.618301286557176200e+00 -1.791184118572418438e+00 -1.875428026494483591e+00 -1.953644546063662002e+00 -1.911650363378067485e+00 -1.924609551879957303e+00
-1.824486727619026416e+00 -1.780257636248383957e+00 -1.845285474768041833e+00 -1.805907608593464664e+00 -1.950713273763273747e+00 -1.912832805785156687e+00 -1.928715090275684219e+00
-1.230869183483450202e+00 -2.356687978894496549e+00 -1.949946549121500672e+00 -1.932290340919136096e+00 -1.969562621418177173e+00 -1.923442933521934073e+00 -1.923964246139254319e+00
-1.757496805236643755e+00 -2.090012823003099651e+00 -2.076330515767359053e+00 -1.913199579129258199e+00 -1.870051983174390919e+00 -1.934475257511757196e+00 -1.920944187079340004e+00
-1.845650609551939159e+00 -1.724792209536253562e+00 -1.818530612126506352e+00 -1.789847395755651327e+00 -1.971175210459058746e+00 -1.911670344309325253e+00 -1.923763167641618255e+00
-1.217822460764969250e+00 -1.991197230514989203e+00 -1.726606330231631237e+00 -1.996310313506587164e+00 -1.928377637010637802e+00 -1.910406692558898278e+00 -1.932164316232042989e+00
-1.921791749697353113e+00 -2.290439450903270391e+00 -1.920386911855183065e+00 -1.971956182763115351e+00 -1.906617597931795416e+00 -1.913308207405680417e+00 -1.929704135143501365e+00
-1.873485110303414913e+00 -1.725673346170248257e+00 -1.948036226996217035e+00 -1.981941148642428097e+00 -1.914953082216892088e+00 -1.959236136694617603e+00 -1.937988943804390685e+00
-1.459875788216669079e+00 -1.825031942126199791e+00 -1.811327731031926902e+00 -1.902643304237883193e+00 -1.972367870145654845e+00 -1.907878822893350090e+00 -1.928052301297078941e+00
-1.999130010046895833e+00 -1.573765278148067326e+00 -1.951502660535385569e+00 -1.956178205872963982e+00 -1.915095948856222474e+00 -1.929296666115883241e+00 -1.919193199981764408e+00
-1.829117853399693017e+00 -1.812864927541926630e+00 -1.868273907323286354e+00 -2.020048372480653942e+00 -1.905199103914018366e+00 -1.898297334341136677e+00 -1.947424720019142130e+00
-2.215848758403746288e+00 -1.956706022700436698e+00 -1.839449132502266160e+00 -2.006940414534738260e+00 -1.956374198324732472e+00 -1.869144284131861955e+00 -1.915542312259044255e+00
-1.715312172482361674e+00 -1.717741419585136153e+00 -1.691819720819459194e+00 -1.968919793658804096e+00 -1.907001335264533193e+00 -1.934820046745521216e+00 -1.927943417472342880e+00
-2.041445483147136475e+00 -1.388779717993870788e+00 -1.791425710480893940e+00 -1.874402121226459661e+00 -1.927106664781176537e+00 -1.916914648837042989e+00 -1.937266431699338654e+00
-1.344447081261803012e+00 -2.394352210690767091e+00 -2.032542023256494357e+00 -1.790333030794956759e+00 -1.944743272299561232e+00 -1.913508248131253975e+00 -1.917182328212885256e+00
-1.169019357713131368e+00 -1.318204242067209098e+00 -1.821114197972637738e+00 -1.887985167659013364e+00 -1.887333844946089689e+00 -1.925065769029665086e+00 -1.927363040801166605e+00
-1.832994035472476968e+00 -1.565333298373879689e+00 -1.740473314550113670e+00 -2.027254931342238997e+00 -1.967249339788806450e+00 -1.927745945917857640e+00 -1.943292824947212782e+00
-1.659444328144236591e+00 -2.033920885766469677e+00 -2.009536037872575065e+00 -2.053392639932425823e+00 -1.925646660923327369e+00 -1.924535226919603215e+00 -1.923998868262244422e+00
