(-0.4762374333984584+6.938893903907228e-17j)
-5.952646868521662693e-01 -3.184742067730989001e-01 -3.833201158054133639e-02 -5.128648924728610448e-01 -3.938718076589366457e-01 -4.126005914254471385e-01
1.765621273207041986e-01 -4.424952647336687084e-02 -7.312103168891280758e-01 -3.995541461734327116e-01 -5.926479399424278149e-01 -2.793557821236991590e-01
-6.521341414654607815e-01 1.309774406979324901e-02 -2.756003717088337801e-01 -7.119825130641930233e-01 -4.044771923144637737e-01 -5.818093365875784961e-01
-3.053416835125331019e-01 3.512472790532575329e-02 -2.691349490981753689e-01 -6.814521629847684059e-01 -4.126623314747329685e-01 -6.647888020963430566e-01
-2.094574302380267095e-01 -2.293874178419756105e-01 -2.082079916090568139e-01 -4.515844072288419664e-01 -4.414990966717357024e-01 -5.080827331527781876e-01
6.408083567412004022e-01 -4.246655907263698349e-01 -1.221217522215529705e-01 -9.098712634914067898e-01 -4.252693810001750840e-01 -2.231379891464178589e-01
-4.078519060075985747e-01 -6.698455302489049190e-01 -3.740522113025379625e-01 -5.784613028620624320e-01 -7.036440868552736871e-01 -4.483822148281071951e-01
9.127046891385869332e-01 -1.027475381583049380e-01 -6.347985718503029728e-01 -7.291449842139905435e-01 -5.061041427033483586e-01 -4.270530644790076491e-01
-1.552892487484783146e+00 -8.884150630474533239e-01 -4.328328334394073718e-01 -7.556340878660098292e-01 -5.764602556257695243e-01 -3.252954129594178845e-01
-1.137857390047189998e+00 -7.881168601646313387e-01 -1.503444099647613941e-01 -7.929622871287818064e-01 -5.734371043042879590e-01 -7.669626309922246143e-01
-6.329484292180799221e-01 -5.281596861247578323e-01 -3.081323575822593197e-01 -4.536334963747044591e-01 -2.757963951715549089e-01 -3.942940500796688896e-01
-9.701361230552603132e-01 -4.508694500601139188e-01 -5.875005638353172355e-01 -5.713177314920168115e-01 -6.657306291710693991e-01 -4.452318433813592935e-01
-3.880462121788624819e-01 -8.415291309816559373e-01 -2.523439002513600538e-01 -5.713843133952644093e-01 -6.960252936495058274e-01 -4.423714326172297207e-01
3.134622825761960163e-01 -1.089509395045180185e+00 -9.208417818495209239e-01 -6.623598117081289649e-01 -3.115997900297536871e-01 -2.098521661674869199e-01
-8.073978597809950974e-01 -7.436222722971468357e-01 -4.367593711422793623e-01 -7.966294481044572384e-01 -8.101085975251547389e-01 -2.135512053805918298e-01
3.680558499349162460e-01 -9.127119033025411499e-01 -5.048422659296573078e-01 -5.637266806086452808e-01 -3.124237383189311101e-01 -3.531544074922282062e-01
-1.303015151805940963e+00 -9.491250645187446211e-02 -4.499663213424142660e-01 -5.241581211629409154e-01 -3.705861004088512600e-01 -4.829120446221821239e-01
-1.075444517963043856e+00 -5.175604517644369906e-01 -6.980536330400369804e-01 -4.486794756877930945e-01 -3.768352940739537749e-01 -3.070653139121444219e-01
-2.378807151094245453e-01 -8.848840030790233735e-01 -3.424166606199627871e-01 -6.104436920867574168e-01 -3.641518804475898374e-01 -4.111008763801640153e-01
9.244730009189564557e-01 -2.668375768296378236e-01 -4.443645275179751164e-01 -2.701081387186409222e-01 -3.048014469880282462e-01 -1.750762346068655828e-01
