(-0.4762374333984584+6.938893903907228e-17j)
-3.323893055703420751e-01 -5.967803790247382389e-01 -6.037299309615654641e-01 -6.693449564753165548e-01 -4.602623883491629431e-01 -5.254371504234580659e-01
-3.220358549473804066e-01 1.490046911981025013e-01 -2.282749267536251514e-01 -2.403160405637841390e-01 -4.315567885299402828e-01 -3.588204577263680584e-01
3.499672390455936255e-01 -1.098001881103054800e-01 -3.603310055446717342e-01 -3.534890237333566110e-01 -5.027348407167187005e-01 -5.888112395677790323e-01
1.489639272469513442e-01 -5.707050497085071061e-01 -5.527080641853581167e-01 -4.890340383537588043e-01 -5.769425311360719677e-01 -5.400579672442159529e-01
-4.072426084666516122e-01 -2.172726341064160072e-01 -4.574204365641560410e-01 -3.596265764132024478e-01 -5.050028302136928549e-01 -3.339085619316952691e-01
-3.160720343372880325e-01 -7.209486264342306328e-01 -5.018581314242401836e-01 -4.214663300618906039e-01 -5.197352656182901987e-01 -5.008208070240627308e-01
-1.137627870384045226e+00 -5.892152267903740803e-01 -3.805169114075788728e-01 -6.327702019833729707e-01 -4.370675650340974938e-01 -5.745572074352602865e-01
-1.480288066332323460e+00 -1.366815608127059933e+00 -7.225581137911851748e-01 -6.810651544473655949e-01 -5.642289258020835030e-01 -4.894461562030910651e-01
-1.390746918515622932e-01 -4.121615163778040436e-02 -2.233682420030763949e-01 -3.056602163111413195e-01 -4.540012791181186613e-01 -3.737129596634125028e-01
2.109798283891022030e-01 1.520238243029065350e-01 -6.133906481259732146e-02 -1.857702942618993935e-02 -1.767074516637806569e-01 -3.704519452522906375e-01
8.217440861436368926e-02 -2.231360719403059356e-01 -4.084196470493551279e-01 -3.881238786841180177e-01 -6.127373335653154562e-01 -6.099928437476894727e-01
2.400584413202599132e-01 -1.989806685149288212e-01 -3.740415478616784251e-01 -2.958871222160970316e-01 -6.336415219519193620e-01 -6.499589919392601001e-01
-6.396774184824070009e-01 1.246738926691432631e-02 -3.054242274331200324e-01 -3.006495041278180458e-01 -1.284433409930790804e-01 -2.375031742228665421e-01
-1.416985548341954892e+00 -1.054992924485587791e+00 -6.548501549768910301e-01 -5.418979981618120556e-01 -5.012391948612314740e-01 -4.141910134575130797e-01
-2.747034218997346788e-01 -7.375528139654508042e-01 -7.737561916894191150e-01 -6.575721246569926626e-01 -4.712769912818730589e-01 -6.065797600922351318e-01
1.052117063007689035e+00 -5.662332007307481208e-01 -7.292305148948532434e-01 -9.206084503704925481e-01 -4.834489564324317978e-01 -4.525210998940396023e-01
-2.545403834770922358e-01 -3.159234548339602822e-01 -4.205214096611285535e-01 -2.141666152548841184e-01 -4.047985022931264720e-01 -4.311803097956704578e-01
-1.891323723674873003e+00 -8.870116068626282546e-01 -2.714043553825405963e-01 -9.639022453670267887e-02 -2.969056942850412661e-01 -3.420750108562404801e-01
-1.707875402104110929e-01 -1.581455866182419900e-01 -3.016120380220025932e-01 -4.827195549948742337e-01 -3.490954914541671839e-01 -4.268116945337663837e-01
1.371920207903135625e-01 -4.366139424835915328e-01 -2.536414963225042118e-01 -4.819081643098862000e-01 -5.231225902325276067e-01 -4.441280257098120243e-01
