(-0.4762374333984584+6.938893903907228e-17j)
5.037220894444649488e-01 -2.848042931124159516e-01 -1.363135047157043311e-01 -3.544454924123559558e-01 -5.116743249394918314e-01 -6.519532800261760297e-01
-1.307283142181016322e-01 -8.307400897173551346e-01 -2.491477669510086534e-02 -6.306184322000337739e-01 -7.177262892116464954e-01 -4.139239215936921790e-01
-3.422729637004052750e-01 1.353716982530793755e-01 -6.185418402388418446e-01 -5.866813587208886682e-01 -3.613754062908106635e-01 -5.434204454831808029e-01
-6.439718309349985459e-01 -2.440446185329831486e-01 -6.511088594599135915e-01 -4.543667005319481089e-01 -3.868271890106753652e-01 -3.683161228697631184e-01
-2.825077573067337866e+00 -1.865925387802889190e-01 -5.082513287950506387e-01 -1.658595353838997477e-01 -3.471480347382480125e-01 -5.788032884230971398e-01
-1.382716789992864737e+00 -4.631314532801002470e-01 -4.030608128626193554e-01 7.542715123673686406e-02 -4.718982805521623192e-01 -4.520114665266868892e-01
-5.722056684330981691e-01 -4.490061140377115678e-01 -8.805766093877981371e-02 -1.817968134907576028e-01 -4.117834309353421429e-01 -6.479278010691729150e-01
-1.391541253985223436e+00 -8.412409556841751179e-01 -1.403813446635356899e-01 -3.344374223659580814e-01 -6.972570540411680007e-01 -5.196816096127153672e-01
-5.415596341479059772e-01 -2.094250710535871807e-01 -1.249040558187045902e-01 -9.845924255758305987e-01 -8.945709628014258952e-01 -6.079241247843349960e-01
-8.081136003713856875e-01 -7.981437050631494667e-01 -6.114203448952100495e-02 -6.632665249237933436e-01 -6.887448318446117712e-01 -2.722238721253382732e-01
-8.653387170495209224e-01 2.935203813636134973e-02 -6.616558059730341945e-01 -4.228151532890814246e-01 -2.569146803336318508e-01 -3.581051301014567811e-01
-7.208969920870595960e-01 -7.368284095222434882e-01 -1.351002047958418384e-01 -7.769575137724957781e-01 -6.358879200367195672e-01 -5.159830839000210112e-01
7.485586878275698464e-01 -1.187079301494142758e+00 -7.368473092459002505e-01 -1.949298698498113380e-01 -3.738318133061679926e-01 -5.147124935794751277e-01
-3.683615179164450026e-01 4.618547928236075295e-01 -5.478780847462925152e-01 -4.651063959179406182e-01 -5.180592090874103217e-01 -8.182906267763058183e-01
-1.960876231878811771e+00 -7.748922586484273678e-01 -5.461562625500288037e-01 -4.081492081896547219e-01 -3.357941728676584470e-01 -5.151582165603172392e-01
-1.640926934282256888e-01 -2.142316811415737043e-01 1.702960063280611613e-01 -6.560789639713272559e-01 -7.625627751364573159e-01 -5.691447954275774546e-01
-9.132314035976485389e-02 -9.768620911247900551e-01 -6.529964224582235355e-01 -4.441246593889975891e-01 -4.867492819359813261e-01 -5.655869903860156755e-01
-1.763206742790825121e+00 -8.970983140028937486e-01 -4.253397949355905427e-02 -3.000472396459713531e-01 -7.447471420886153659e-01 -4.759740616964082682e-01
6.053662620250617465e-02 4.996679532550141745e-01 -7.058268680810800833e-01 -2.719705006462120322e-01 -4.368828736993189965e-01 -5.488841402800705982e-01
-3.967834829928022500e-01 6.965430380879078509e-02 -1.124988113244012267e+00 -6.245826831558908276e-01 -5.173194026266161316e-01 -5.273948609507957963e-01
