(-0.4762374333984584+6.938893903907228e-17j)
-5.216101207878309776e-01 2.308029688275161639e-01 -7.765772653752092136e-01 -3.079855735871342981e-01 -6.034155071776505785e-01 -5.047556352136264302e-01
-1.466071953943709705e+00 -6.375462322648713931e-01 -2.258381737387473165e-01 -4.714090283974309292e-01 -7.098525541791416149e-01 -5.068567319600432164e-01
-3.398667880088815374e-01 -5.232529684881626064e-01 -5.257724867781768952e-01 -3.975950228480942261e-01 -1.465534148028554695e-01 -3.757929923435500141e-01
-6.963073559110896094e-01 -7.686092703453066832e-01 -2.237593298738496106e-01 -5.014065570792686222e-01 -2.937273313852687973e-01 -4.340883034987809141e-01
-4.050941166849597042e-01 -3.199586981974877342e-01 -4.963376142966232502e-02 -3.063467062665281571e-01 -3.383158814380477497e-01 -5.407316616177612056e-01
-7.722046398457083072e-01 -7.375212351951063172e-02 -8.393405778303882070e-02 -1.381963120069196471e-01 -5.490410622935872897e-01 -4.782417145373933920e-01
-3.697452855303240415e-01 -1.884117204636414911e-01 -5.519360551129729453e-01 -5.718763563727763399e-01 -3.120112054377944810e-01 -7.641003128369162622e-01
-1.213750128207554901e+00 -5.593660325755898111e-01 -5.037237926417629241e-01 -9.655754764659865153e-01 -5.257069137495342659e-01 -6.468625816745765533e-01
-9.745884223268325153e-01 4.424750236053339170e-01 -3.185165504700084305e-01 -3.435678357901363333e-01 -3.179737385397589655e-01 -4.631399779339481215e-01
-1.657777642652677352e+00 -2.370026060693927739e-01 -3.199899985051025686e-01 -2.882102086336397750e-01 -6.661287849503156888e-01 -4.855280548427084453e-01
-5.782349439875505981e-02 -5.672078056975954352e-01 -5.204694936304457009e-01 -5.051728536198548669e-01 -6.329480517658356842e-01 -5.234770759223457137e-01
-7.146593415700664975e-01 5.936840743054005998e-02 -3.273246380947270051e-01 -4.329996521616665817e-01 -3.230731993701065896e-01 -7.193719578216462018e-01
-1.816861142756732994e-01 -5.904396570242622655e-01 -4.174249952350107540e-01 -2.968224000950640540e-01 -6.351538120497457474e-01 -4.598047759195417195e-01
2.264409454400138633e-01 -3.843351553559454237e-01 -6.626418583221700409e-01 -2.823691183280692130e-01 -4.013069427486701812e-01 -3.432633804721922366e-01
-4.497737236093678481e-01 3.872457743693654697e-01 -1.153229664249129094e+00 -6.344638075481557893e-01 -4.258424632648750707e-01 -6.235068923385581607e-01
-3.772337229121326407e-01 -1.046909356059674945e+00 -3.938710489074753740e-01 -6.585720986710053015e-01 -6.181963378792842967e-01 -5.959009610206786878e-01
-1.276676302099973181e+00 -1.774843025973102117e-01 -2.624627594578351486e-01 -4.802778089427149899e-01 -4.832945639039013530e-01 -5.006893283037845421e-01
7.670725412536637533e-01 -8.533816149251055583e-01 -3.009821818900503265e-01 -5.190648461547646697e-01 -7.083647488227009514e-01 -6.512180821037034661e-01
-8.531082525260352822e-01 -1.284902177065041728e+00 -5.658154460971422939e-01 -1.273443312564183083e-01 -2.598441097199202243e-01 -2.328584319713683237e-01
-7.656486695599433734e-01 2.364948801496385283e-02 -2.578160694340664305e-01 -5.064700428278943178e-01 -4.064462560365621480e-01 -5.363591419827309359e-01
