(-1.8663340930745866+0j)
-1.162281005970349224e+00 -1.283489964824690244e+00 -1.539118925643631286e+00 -1.889564149436216312e+00 -1.811937682455191378e+00 -1.861370814296850584e+00 -1.809109744920003093e+00
-1.182193195944708730e+00 -1.410298918046924976e+00 -1.601466499471028815e+00 -1.721746589813637707e+00 -1.742320663917205970e+00 -1.819374496735448377e+00 -1.921327916057985474e+00
-1.077927921792510624e+00 -1.277657765133488832e+00 -1.522313055509976643e+00 -1.995882041200077506e+00 -1.922369677538989796e+00 -1.864308704014834950e+00 -1.834142609136768520e+00
-1.231618132011569333e+00 -1.289632484934291945e+00 -1.383176796456751623e+00 -1.617374399560252751e+00 -1.747306688796521179e+00 -1.878294035314368227e+00 -1.876559221488883322e+00
-1.217905393747545695e+00 -1.061379810965465298e+00 -1.109412847834965410e+00 -1.657735270454841148e+00 -1.974006871704271360e+00 -1.947401995037719269e+00 -1.885213712257668206e+00
-1.011580393611519746e+00 -1.107425813394667502e+00 -1.372797175026082339e+00 -1.551612312908250413e+00 -1.839052015950151109e+00 -1.917014621795110063e+00 -1.860332609823073691e+00
-1.288511913967418154e+00 -1.491292010679332369e+00 -1.630836817734761190e+00 -1.680527405161554855e+00 -1.706005866256565806e+00 -1.762830065739906527e+00 -1.836536190619373343e+00
-1.208228727950781289e+00 -1.149039950980779823e+00 -1.588997050064714145e+00 -1.803192195571079015e+00 -1.938143742112477419e+00 -1.881124444492732417e+00 -1.813537145841267240e+00
-1.270988757448570761e+00 -1.341762591622718270e+00 -1.322167112224266416e+00 -1.340441096712249980e+00 -1.648268710409575011e+00 -1.765715701959416517e+00 -1.870120813728973763e+00
-1.443916086221969319e+00 -1.390982847193772409e+00 -1.471293219327966861e+00 -1.770299272299174387e+00 -1.860066867068324026e+00 -1.882302181180380174e+00 -1.875261044522337661e+00
-1.225776434181463426e+00 -1.471096121820938851e+00 -1.712893066002533216e+00 -1.740799174316343567e+00 -1.916081475904194864e+00 -1.832511184955110561e+00 -1.889808897002104082e+00
-1.205768080922763552e+00 -1.192872389863097737e+00 -1.285565802693444670e+00 -1.407699556084756276e+00 -1.641307338616412093e+00 -1.840261366531147136e+00 -1.802582369417783159e+00
-1.169611216761898387e+00 -1.161627534123408356e+00 -1.365574538724129816e+00 -1.600914016558342867e+00 -1.837953561705236716e+00 -1.792836776407056076e+00 -1.853139095846495721e+00
-1.186581630025507872e+00 -1.282046618910919644e+00 -1.557163534007253380e+00 -1.495797939615878924e+00 -1.705576245925560563e+00 -1.865560137538064378e+00 -1.817768850193512087e+00
-1.151419734412317153e+00 -1.262944929018676721e+00 -1.592742507632425530e+00 -2.199115064345760651e+00 -2.053493482902006839e+00 -2.019059633873355963e+00 -1.931675876602907405e+00
-1.214652340410984355e+00 -1.198200732629397747e+00 -1.470562075584189277e+00 -1.549114011450747785e+00 -1.710452875401949679e+00 -1.806129760306012466e+00 -1.820526481487042769e+00
-1.154760533462323213e+00 -9.327964497799483556e-01 -1.019961835720553323e+00 -1.311210338537747155e+00 -1.704678115458639232e+00 -1.777654894977715339e+00 -1.895260056128557302e+00
-1.281616524592407602e+00 -1.407407137114366380e+00 -1.337921974956039151e+00 -1.636072716702975605e+00 -1.790126051293109866e+00 -1.894682877283266453e+00 -1.835837361574322868e+00
-1.246873022107515272e+00 -1.344081447812313312e+00 -1.385776637775148590e+00 -1.808997345655759759e+00 -1.967300917020152085e+00 -1.964816100258674814e+00 -1.906702885144552662e+00
-1.368786144394109616e+00 -1.268272232632766450e+00 -1.577695742507243981e+00 -2.023364811486655590e+00 -1.942262280041615163e+00 -1.826323744811332972e+00 -1.887853416368672210e+00
-1.313285980098873873e+00 -1.291772571537975534e+00 -1.653531285936906237e+00 -1.958663716831797075e+00 -2.064012070716455760e+00 -1.916874435931771314e+00 -1.905986667423995140e+00
-1.319953123095710890e+00 -1.214824639623864888e+00 -1.418526014803795476e+00 -1.560246550216417560e+00 -1.739875327484320611e+00 -1.882181908248347524e+00 -1.851704041854911775e+00
-1.004807930062474819e+00 -1.084444589531867287e+00 -1.291792685032452592e+00 -1.613566356221263653e+00 -1.840456550937541014e+00 -1.776861729042891413e+00 -1.819374408476015281e+00
-1.438811483543189773e+00 -1.534735115751276302e+00 -1.649629874300154508e+00 -1.898720861758237177e+00 -1.911463217137636672e+00 -1.858546050101883118e+00 -1.864429284976044432e+00
-1.203279730036846518e+00 -1.181046148132629758e+00 -1.482569300652547772e+00 -1.796576919783413384e+00 -1.934637099459192600e+00 -1.922371118096574349e+00 -1.883455819663568453e+00
-1.226707966719259524e+00 -1.279247477518459242e+00 -1.648942578936655412e+00 -1.781199550826822353e+00 -2.004370320909238945e+00 -1.857668153544092648e+00 -1.853991553795477421e+00
-1.258233864199429064e+00 -1.419678546451922596e+00 -1.560591450166302296e+00 -1.575970188056913690e+00 -1.910609845975826726e+00 -1.829697919162664332e+00 -1.828736851001106167e+00
-1.190108177674672918e+00 -1.257267310245546943e+00 -1.410849592009429276e+00 -1.522479013769481249e+00 -1.855257014796904524e+00 -1.869067776926759628e+00 -1.873352661933314511e+00
-1.065784586217697338e+00 -1.131783057301381623e+00 -1.279156219445241494e+00 -1.599399220590306037e+00 -1.631076383818088615e+00 -1.848129871245905553e+00 -1.864620536470376733e+00
-1.314244652514076073e+00 -1.186993298187483559e+00 -1.375983383814109118e+00 -1.627260455326436928e+00 -1.670286282935390609e+00 -1.858060574721428049e+00 -1.852893550832650504e+00
-1.151670194569681893e+00 -1.272915183754454782e+00 -1.295063871289105828e+00 -1.728635336536291867e+00 -1.677288644576946819e+00 -1.800263566698068196e+00 -1.874705276717446356e+00
-1.132901781711265210e+00 -1.340302451292499697e+00 -1.401660693415155867e+00 -1.742051106417087825e+00 -1.931949850472796104e+00 -1.815544626137958417e+00 -1.822375686513829418e+00
-1.202136532721130857e+00 -1.493457780485721642e+00 -1.453202148847613895e+00 -1.645359147040488468e+00 -1.793506843235242343e+00 -1.836184495440935871e+00 -1.896008401072481586e+00
-1.181591949185459622e+00 -1.214980904944297002e+00 -1.662035333603249398e+00 -2.059169869549777321e+00 -2.054554668845992804e+00 -1.864217821575847589e+00 -1.831421050612912271e+00
-1.274703411658557162e+00 -1.362122939974763636e+00 -1.287740820961712052e+00 -1.516529110999951913e+00 -1.872649790497146416e+00 -1.904901239887875075e+00 -1.854092147482184760e+00
-1.372909603220143104e+00 -1.551989646703428871e+00 -1.873236585736838711e+00 -1.825292215079264757e+00 -1.936726096289280052e+00 -1.927979734194131156e+00 -1.932562517852930428e+00
-1.120164584608683400e+00 -1.412345296585518772e+00 -1.603190767974255859e+00 -1.848723328660611287e+00 -1.903135966615506547e+00 -1.893341381005023250e+00 -1.951835476948547088e+00
-1.065519246314325263e+00 -1.242833026995011858e+00 -1.322260294188197127e+00 -1.815055784804385119e+00 -1.852436195602924052e+00 -1.853662705734495875e+00 -1.839384807336523320e+00
-1.205282927106048785e+00 -1.415764190087243746e+00 -1.598189464248656266e+00 -1.429568578085570918e+00 -1.741870148206819291e+00 -1.805651394620857886e+00 -1.852395177706712914e+00
-1.215047922119501633e+00 -1.341330173751835941e+00 -1.589520315635507330e+00 -1.946807842122005416e+00 -1.913385751035046045e+00 -1.865182016410490196e+00 -1.900258397292482471e+00
-1.258609747586228345e+00 -1.210193510256281524e+00 -1.660616280440910142e+00 -1.752860184019492173e+00 -1.705165599953578415e+00 -1.737078382109342733e+00 -1.835020888989916665e+00
-1.442167751055454694e+00 -1.537778986820303784e+00 -1.612489830439764127e+00 -1.788003118551016790e+00 -1.712782771614600241e+00 -1.862560474841732372e+00 -1.845943780834110814e+00
-1.305750110223569127e+00 -1.168647211507493289e+00 -1.315878950348389420e+00 -1.531060924098053055e+00 -1.771571712821752964e+00 -1.862781638861295885e+00 -1.870353220436476560e+00
-1.213357519926000494e+00 -1.538541240041071845e+00 -1.150327864588965188e+00 -1.514170690395753693e+00 -1.862226445631796512e+00 -1.846442564378093731e+00 -1.917949414506270100e+00
-9.872676287337175394e-01 -1.125502412593809787e+00 -1.412294672692237407e+00 -1.897524820216988983e+00 -1.886641187670414554e+00 -1.957870761074022248e+00 -1.867268145996398898e+00
-1.067249518305634082e+00 -1.124063426069908056e+00 -1.064003051464285310e+00 -1.735338652568823692e+00 -1.844966404165162110e+00 -1.883676100076362436e+00 -1.849665249928670319e+00
-1.041312148592627995e+00 -1.186767104330750833e+00 -1.621267627599114025e+00 -1.769054395259295864e+00 -1.944514025158430526e+00 -2.012685028096512951e+00 -1.896346505982507979e+00
-1.193892779628979772e+00 -1.165713708075320376e+00 -1.573025932369382929e+00 -1.742575871624388428e+00 -1.900935884507134244e+00 -1.889417032399114404e+00 -1.885702054002228900e+00
-1.319855923449814172e+00 -1.404597496606527995e+00 -1.424264739828762449e+00 -1.748811466675781912e+00 -1.965347611577587195e+00 -1.967124720570499141e+00 -1.899888446357226979e+00
-1.193890629781495294e+00 -1.219964906828977957e+00 -1.080455337098124913e+00 -1.475873679868308086e+00 -1.710961778279423307e+00 -1.825671684188738375e+00 -1.864128855022336495e+00
