(-1.8663340930745866+0j)
-1.277307881171219517e+00 -1.352856676585701079e+00 -1.417126019712212193e+00 -1.608897933774771083e+00 -1.911968658876981086e+00 -1.854673056474302806e+00 -1.825336436825451658e+00
-1.344584239706601458e+00 -1.365645082208770011e+00 -1.486971531498651355e+00 -1.511691897333005352e+00 -1.987787638997859707e+00 -1.928893455283479552e+00 -1.858508610547115136e+00
-1.098572075437325823e+00 -1.488685769866807007e+00 -1.354991058790007141e+00 -1.393736960582895312e+00 -1.918533561318298331e+00 -1.775173795838840496e+00 -1.843454461584987492e+00
-1.201653977766910630e+00 -1.160195439157893915e+00 -1.499721285274396188e+00 -1.763590860048398712e+00 -1.759493444029899933e+00 -1.824450430111215216e+00 -1.894290273963875393e+00
-1.262748976632656506e+00 -1.141651884194326616e+00 -1.671451292509598785e+00 -1.895120544287319575e+00 -1.933067626160322128e+00 -1.839996227757920710e+00 -1.793360304888610202e+00
-1.147297406876409243e+00 -1.256877608414497915e+00 -1.298586191409977886e+00 -1.716227028379791353e+00 -1.748637919462375567e+00 -1.921499602856184374e+00 -1.797391631089179320e+00
-1.263138708805997323e+00 -1.128696433147881706e+00 -1.075448862355195656e+00 -1.457576402503012236e+00 -1.818376581404815617e+00 -1.736093213729872797e+00 -1.896252246270514030e+00
-1.026382132831478611e+00 -1.237024501251209774e+00 -1.525958238651493382e+00 -1.746637771845778175e+00 -1.819790402306003418e+00 -1.751546155670598459e+00 -1.881515649184639427e+00
-1.460832442493896099e+00 -1.102006903249606262e+00 -1.353258985873377007e+00 -1.414771554516871976e+00 -1.765811665322164270e+00 -1.835687069746535727e+00 -1.893101976051991153e+00
-1.098746154080007198e+00 -1.002050350687073044e+00 -1.503732182444567300e+00 -1.555651022182068521e+00 -1.751062323359713790e+00 -1.946961638179827592e+00 -1.879399080333377992e+00
-1.051420204189613017e+00 -1.098110955387982646e+00 -1.635022039589212550e+00 -1.370655722014326283e+00 -1.682105738941615858e+00 -1.737479701014958744e+00 -1.844033485629244407e+00
-1.238440787165423496e+00 -1.515660751904915671e+00 -1.441271443907900629e+00 -1.473367919077058996e+00 -1.944479067443043663e+00 -1.877158078936152608e+00 -1.815458279538037178e+00
-1.439051338811970782e+00 -1.277288259364107947e+00 -1.146730131712680567e+00 -1.361870750863120927e+00 -1.725565640037326265e+00 -1.835084557277992801e+00 -1.891365360234872339e+00
-1.165604175069600901e+00 -1.441226708786709665e+00 -1.472253477716838121e+00 -1.807372750119428328e+00 -2.008658872422216746e+00 -1.940140516988669628e+00 -1.881622517568333874e+00
-1.223063076301755148e+00 -1.091904038811590150e+00 -1.467689266286242411e+00 -1.748592620190217994e+00 -1.699042436903208442e+00 -1.774052875220915260e+00 -1.913534092743497173e+00
-1.309810517643324790e+00 -1.144835075452991235e+00 -1.183621159040570969e+00 -1.644161949968395486e+00 -1.885112665161275292e+00 -1.875435055221164493e+00 -1.766118090277936759e+00
-1.276179696067542446e+00 -1.281503958253368936e+00 -1.425234283466060514e+00 -1.692040373406463516e+00 -1.896536013762320394e+00 -1.865069185050220124e+00 -1.860111239397898908e+00
-1.285113098442091539e+00 -1.151717662354560856e+00 -1.388777885392558975e+00 -1.568195740152869444e+00 -1.865829552181207163e+00 -1.883938596560839063e+00 -1.773567234998975950e+00
-1.268649421290044543e+00 -1.236971315090598100e+00 -1.210401128462163189e+00 -1.547665330314440535e+00 -1.852541087667927133e+00 -1.722172886693336791e+00 -1.843982041820424023e+00
-1.121949652726352387e+00 -1.154029085652285902e+00 -1.436386527268344038e+00 -1.558866293393358804e+00 -1.842681437012488876e+00 -1.771136604511668100e+00 -1.830186735071331228e+00
-1.152859183317721969e+00 -1.242810453434465723e+00 -1.507325048892931951e+00 -1.458567939490918342e+00 -1.797877899286811187e+00 -1.796829237271617252e+00 -1.894036149881556330e+00
-1.273981333704904628e+00 -1.088905459927128838e+00 -1.194422526080363367e+00 -1.581290058338358007e+00 -1.917042383194233146e+00 -1.736970478304295851e+00 -1.806752478858683286e+00
-1.440913134445310106e+00 -1.107207190593845869e+00 -1.499392808975755109e+00 -1.414129876626493809e+00 -1.926076932471048497e+00 -1.861944605434844080e+00 -1.905705333392519352e+00
-1.234689625398381896e+00 -1.225624878150502139e+00 -1.348542760689050102e+00 -1.553375750511738929e+00 -1.481558446899949866e+00 -1.806038335009610529e+00 -1.795111402953418756e+00
-1.311395229765428549e+00 -1.313319795956228830e+00 -1.570472905710001310e+00 -1.584746810115441384e+00 -1.577750572355057335e+00 -1.826908128003480458e+00 -1.866488346115348751e+00
-1.349718658368544544e+00 -1.146815488811808725e+00 -1.485431056549298523e+00 -1.592073703855067635e+00 -1.884464696775741022e+00 -1.935305093411832322e+00 -1.874686147124730917e+00
-1.273919515304096528e+00 -1.290710571750874447e+00 -1.471277193740120115e+00 -1.544769716512557789e+00 -1.979332343478072520e+00 -1.880288496998766767e+00 -1.877153357935609002e+00
-1.088013047997363758e+00 -1.200785622117551465e+00 -1.720518814444070177e+00 -1.691499157004965337e+00 -1.784068220985631559e+00 -1.760881428189404962e+00 -1.823332235074899055e+00
-1.100992819691215319e+00 -1.297180781821922979e+00 -1.314633348227781218e+00 -1.617209471977045121e+00 -1.682560361470271992e+00 -1.939809850077610864e+00 -1.983397208236314047e+00
-1.253131857673777994e+00 -1.337871538846996389e+00 -1.427015898446269526e+00 -1.805269008185745205e+00 -2.146485520972928995e+00 -1.849734061268272889e+00 -1.863646721249081928e+00
-1.258632687641224379e+00 -9.571665778803739588e-01 -1.409653644214700074e+00 -1.472751910384905827e+00 -1.634999029957159067e+00 -1.722886397241136125e+00 -1.931447169520811080e+00
-1.146339712388168897e+00 -1.304838812340431975e+00 -1.039424218339865646e+00 -1.621427239087371408e+00 -1.839048995043786050e+00 -1.943936319262891121e+00 -1.827018449611216067e+00
-1.086940498591869142e+00 -1.192637224679194308e+00 -1.283908043524447651e+00 -1.388048557678067452e+00 -1.825287465410938115e+00 -1.972538966631996793e+00 -1.773094459634098952e+00
-1.135911684330064508e+00 -1.136575894254660213e+00 -1.173556206231068488e+00 -1.799779114522496837e+00 -1.556671834642980645e+00 -1.825795025061749843e+00 -1.822494778729366605e+00
-8.480432135888230638e-01 -1.152343774783553432e+00 -1.297775911100532031e+00 -1.581858345371787822e+00 -1.864066429201586272e+00 -1.817509589878959719e+00 -1.904542031469883101e+00
-1.264551706196184178e+00 -1.133065960756166168e+00 -1.257144979773881399e+00 -1.520480148163195100e+00 -1.693965786044798083e+00 -1.838182764148607262e+00 -1.883830596546746339e+00
-1.418477951212069543e+00 -1.147233609254693976e+00 -1.410033781865211777e+00 -1.769093030412364653e+00 -1.782068347165632449e+00 -1.846135693388138321e+00 -1.874563779342678593e+00
-1.362658386327448401e+00 -1.385457431638830617e+00 -1.199788830516596461e+00 -1.642090725427896025e+00 -1.740681025121102232e+00 -1.886924957422517313e+00 -1.827031222217134765e+00
-1.247011709328504914e+00 -1.081127872724701566e+00 -1.224151082389171030e+00 -1.570026213540506976e+00 -1.798281563311053599e+00 -1.896378834803481794e+00 -1.882285918378246548e+00
-1.307471181896591839e+00 -1.170734869242256115e+00 -1.374136144638372636e+00 -1.482413231626365624e+00 -1.942213093671981694e+00 -1.872466658096791914e+00 -1.865494056589679595e+00
-9.527787925731656671e-01 -1.391943976051288390e+00 -1.606177897699904156e+00 -1.589971688715376530e+00 -1.933180622461223130e+00 -1.843163274667552365e+00 -1.776874932205293689e+00
-1.371819633133537053e+00 -1.229159026818051226e+00 -1.313181625388170515e+00 -1.522582901100995922e+00 -1.874697549131480123e+00 -1.811676159816257625e+00 -1.865893580420788567e+00
-1.198852895772575922e+00 -1.131184633642637438e+00 -1.467245189600888233e+00 -1.394611334610375675e+00 -1.757844950953854291e+00 -1.867017168135377769e+00 -1.903895250559694219e+00
-1.363954127966142682e+00 -1.397672782850253537e+00 -1.260725333178537522e+00 -1.624615551262006852e+00 -1.840130130738464764e+00 -1.905187173211125629e+00 -1.813928079141036376e+00
-1.285636110058506532e+00 -1.303126393639838954e+00 -1.349109410175131751e+00 -1.657599057652091368e+00 -1.692057299800514114e+00 -1.850532866886385186e+00 -1.892614882968264522e+00
-1.243054038984725995e+00 -1.159990613107772628e+00 -1.553629121691599391e+00 -1.477312869836409082e+00 -1.690424297777786578e+00 -1.928351813179816965e+00 -1.857341095644594819e+00
-1.229018853390440480e+00 -1.184537742044844189e+00 -1.564198364077280523e+00 -1.685117943234057947e+00 -1.972633235481777714e+00 -1.794873021903095278e+00 -1.879342164061610365e+00
-1.268565675183487507e+00 -1.012211969072457141e+00 -1.499811577912078642e+00 -1.380779682716452905e+00 -1.730401165756897619e+00 -1.887595706802645878e+00 -1.945992175496380483e+00
-1.214955341675710176e+00 -1.095412533513681508e+00 -1.484731857274274036e+00 -1.452481820516180022e+00 -1.716955188460937087e+00 -1.717853757874588938e+00 -1.827009450579629268e+00
-1.316638981017834720e+00 -1.274429242270918250e+00 -1.126310251146730002e+00 -1.494787486104327989e+00 -1.768494737035349873e+00 -1.856408146423683903e+00 -1.820479255887511583e+00
