(-1.8663340930745866+0j)
-1.217983743368507454e+00 -1.483613486292151507e+00 -1.851327923708303569e+00 -1.926477491767820016e+00 -1.896345510486864505e+00 -1.887639728059628208e+00 -1.867538629546112272e+00
-1.275827423139074268e+00 -2.138779317614652342e+00 -1.814700323810409355e+00 -1.913002364427720314e+00 -1.856717480272960019e+00 -1.852451163880668439e+00 -1.879652426164249768e+00
-1.089462819126202797e+00 -1.647380096703913388e+00 -1.964489972939241547e+00 -1.887731933486082925e+00 -1.898104691972739566e+00 -1.904426093655366081e+00 -1.860195191102516299e+00
-1.148623808823933112e+00 -2.097713686285111123e+00 -1.750900103321060941e+00 -1.814630190651543629e+00 -1.821802339462413212e+00 -1.851108224253024570e+00 -1.868674760384709366e+00
-1.531839041760336695e+00 -2.299534033389284637e+00 -1.830228139914114927e+00 -1.836438720058703566e+00 -1.838634174704389723e+00 -1.883016653638388549e+00 -1.850996698302222132e+00
-1.406940681771786661e+00 -1.562147087355341579e+00 -1.812237194400412088e+00 -1.900641496138570474e+00 -1.859152598391840883e+00 -1.846929016423599190e+00 -1.860320944447541702e+00
-1.382407664426724692e+00 -2.009899418490881828e+00 -1.672573521620505321e+00 -1.917150627975694244e+00 -1.870267168748520170e+00 -1.862288205904377048e+00 -1.869365781918523428e+00
-1.287772153985294654e+00 -2.068716057020896670e+00 -1.909980211338715650e+00 -1.728626407231534712e+00 -1.901359776086235520e+00 -1.846304063219728953e+00 -1.857676761458928238e+00
-1.623483527243912761e+00 -1.580528593533399695e+00 -1.951896083223551681e+00 -1.804594985384552208e+00 -1.838595437099233454e+00 -1.909504995245880021e+00 -1.859485862089305108e+00
-1.257837271085507913e+00 -1.926699356972488175e+00 -1.918561873187752287e+00 -1.883896381018215216e+00 -1.837639195549876314e+00 -1.855476549759889959e+00 -1.881908488775493105e+00
-1.447119116299741437e+00 -1.786163739439349696e+00 -1.714787738007339080e+00 -1.883856701513752396e+00 -1.876346972744603825e+00 -1.866432027573470043e+00 -1.863060707262833127e+00
-1.155062634865372306e+00 -1.388260679137367504e+00 -1.824089601769646185e+00 -1.801926720441357155e+00 -1.850153630544892014e+00 -1.882205044543471928e+00 -1.861608801497457666e+00
-1.323158231486757153e+00 -2.071096628267434347e+00 -1.747977011191425456e+00 -1.929526417104254543e+00 -1.862464125040328655e+00 -1.836834639168071215e+00 -1.861888493727784422e+00
-1.195169672302086594e+00 -1.493252671292799816e+00 -1.934568736984707105e+00 -1.738012304257976925e+00 -1.832407192241347627e+00 -1.874515316488573280e+00 -1.846331721108383395e+00
-1.279240743218482468e+00 -1.587387303689935747e+00 -2.001707767260246129e+00 -1.932702253180875074e+00 -1.839064645310605872e+00 -1.864439522624677492e+00 -1.871345239587254516e+00
-1.092240413990597236e+00 -2.172839820362393315e+00 -1.894413477329933482e+00 -1.830842299667743367e+00 -1.860446832620731961e+00 -1.863696247037732956e+00 -1.856489220500003423e+00
-1.503478930163394844e+00 -2.021217237941604239e+00 -1.933284133414990613e+00 -1.850481708423026284e+00 -1.841213145455288913e+00 -1.868779026787882769e+00 -1.856606910534631671e+00
-1.413301291557026662e+00 -2.049887512903182163e+00 -1.934986570730222510e+00 -1.917011233954494465e+00 -1.857607428525173576e+00 -1.876812369759743637e+00 -1.882166045992718306e+00
-1.012890158786283079e+00 -1.970024605039879750e+00 -1.906155982940554550e+00 -1.872087604645969794e+00 -1.876630134099543934e+00 -1.868796865587538658e+00 -1.880526322456248733e+00
-1.201783449923288671e+00 -1.554591140091370116e+00 -1.719763241274927967e+00 -1.815674784038604272e+00 -1.860129126663833121e+00 -1.865848776371050510e+00 -1.866849528090076316e+00
-1.347868144429046344e+00 -2.022329591244861113e+00 -1.932559543082600806e+00 -1.899005971442905283e+00 -1.848631522765254109e+00 -1.888938232585371413e+00 -1.865228761263372892e+00
-1.325659940868398445e+00 -1.714509592629537282e+00 -1.873592929129478168e+00 -1.917176492215778794e+00 -1.870742107336581750e+00 -1.882165101825927334e+00 -1.881210776732729295e+00
-1.300714260817491974e+00 -2.191114241867093249e+00 -1.853705958027330514e+00 -1.787930916946920634e+00 -1.866183936320357617e+00 -1.894548404574023515e+00 -1.868044847127102726e+00
-1.433047198532398259e+00 -1.709446306957086215e+00 -1.817035776825068893e+00 -1.882838925786338269e+00 -1.807570670113885392e+00 -1.901719481563676206e+00 -1.886110627146873941e+00
-1.358298401706915737e+00 -2.114554084252527666e+00 -1.597851948536052724e+00 -1.760392751988062221e+00 -1.851878924165351936e+00 -1.864999875244936378e+00 -1.858864588114523153e+00
-1.402137612413427714e+00 -2.117588644224028371e+00 -1.901560199626737724e+00 -1.806592299711970995e+00 -1.832857372876880442e+00 -1.837215592605621062e+00 -1.875088757422204822e+00
-1.415922269539680034e+00 -1.525153944999732891e+00 -1.867356787665242601e+00 -1.883998635189937154e+00 -1.866213847906769363e+00 -1.857979216693326441e+00 -1.863779661602450455e+00
-1.425280245916564548e+00 -1.482416755960004995e+00 -1.833771016419022626e+00 -1.974637459534156037e+00 -1.849645237572368650e+00 -1.877056890189062299e+00 -1.857157122724125697e+00
-1.054025007863600649e+00 -1.575786477326387658e+00 -1.807191152901370668e+00 -1.905922294331314992e+00 -1.819386005167216158e+00 -1.883052808284396695e+00 -1.872672320748090424e+00
-8.770290370709984407e-01 -1.709894529273725983e+00 -1.966385446215464405e+00 -1.824518726256618706e+00 -1.900629822269109814e+00 -1.866381941855886017e+00 -1.864887899233521606e+00
-1.388655583227139889e+00 -1.972291197846333777e+00 -1.971064434478430938e+00 -1.756755998620646686e+00 -1.892039578836765434e+00 -1.860287010624080972e+00 -1.876252003847641348e+00
-1.026431639615916547e+00 -2.133999451526362279e+00 -1.761409463008376530e+00 -1.855243697536666847e+00 -1.898881276042133637e+00 -1.904449513436904606e+00 -1.843690630921642981e+00
-1.309472299920042992e+00 -1.984689273217261629e+00 -1.693060591378843238e+00 -1.790409240508567867e+00 -1.799602963382023635e+00 -1.858640484901973533e+00 -1.861563014061353272e+00
-1.383188214767188118e+00 -1.666735417400671659e+00 -1.780173072289869429e+00 -1.771117243963471033e+00 -1.874040575393997266e+00 -1.866885938080721008e+00 -1.860479671847359073e+00
-1.528353453661278616e+00 -1.870771918057821948e+00 -1.796923783046004086e+00 -1.982452560423346721e+00 -1.895609225614212745e+00 -1.865347182845229712e+00 -1.859010463433821592e+00
-1.111004621059729747e+00 -1.963405589742465818e+00 -1.949448295170547407e+00 -1.862061653744610856e+00 -1.866054102737008780e+00 -1.869280270826068513e+00 -1.877149624804889338e+00
-1.505103033705732285e+00 -1.631579870562046342e+00 -1.716004756802132380e+00 -1.795431242542279371e+00 -1.844611087198722243e+00 -1.868971753427951743e+00 -1.862614101262972666e+00
-1.248744672141439693e+00 -1.720655813130098633e+00 -1.902335133171836112e+00 -1.870684918914149009e+00 -1.819902289028589859e+00 -1.848636962984735455e+00 -1.877122511818742456e+00
-1.259324892091822301e+00 -1.477345773439432852e+00 -1.856232885697563839e+00 -1.927097316825801210e+00 -1.833879626591927714e+00 -1.858519578317587628e+00 -1.858136874755934809e+00
-1.620882056115567238e+00 -2.092050501048084321e+00 -2.161296819311440576e+00 -1.804077339488796783e+00 -1.857868242781155477e+00 -1.830044816594464496e+00 -1.858208775290240977e+00
-1.210350023300491351e+00 -2.163627667746970573e+00 -1.935335836850853308e+00 -1.826233945534120995e+00 -1.877457079269867268e+00 -1.845862385358347568e+00 -1.862272198210284557e+00
-1.338661719252682847e+00 -2.178091120426537408e+00 -1.958255322466299519e+00 -2.058188421707869420e+00 -1.844207160531726952e+00 -1.855754678341149599e+00 -1.870075318260436159e+00
-8.975059724282621332e-01 -1.647382083640984263e+00 -1.900979582199278761e+00 -1.830139857479396337e+00 -1.866917082020704610e+00 -1.875797993852568846e+00 -1.861979372952438982e+00
-1.455154870064439887e+00 -1.922533736348772671e+00 -1.865045056543188196e+00 -1.863068379708889832e+00 -1.877655236207368183e+00 -1.853005507458126200e+00 -1.894681015327027040e+00
-1.089118114054343556e+00 -2.210368304423550256e+00 -1.986262664343776629e+00 -1.899925123385983960e+00 -1.857610217260625030e+00 -1.881675000286928245e+00 -1.853375692014400888e+00
-9.952266404595124794e-01 -2.030071731128583412e+00 -1.945267995674333950e+00 -1.888493782800337861e+00 -1.884695012798008884e+00 -1.876252942636959631e+00 -1.859625355262244373e+00
-1.163485340887425501e+00 -1.514389198194918684e+00 -1.919016020971014314e+00 -1.842813512748403326e+00 -1.859182370261563744e+00 -1.890507140083519833e+00 -1.867307213171342850e+00
-1.083985723474356178e+00 -1.929010977924525250e+00 -1.918003125858826152e+00 -1.868335627612126792e+00 -1.908897767985294314e+00 -1.854648092343369026e+00 -1.859669252249314564e+00
-1.658416077820983103e+00 -1.627871141106608910e+00 -1.982583173117383524e+00 -1.843728103140817698e+00 -1.852495629202976168e+00 -1.896716455093505171e+00 -1.854646572008807670e+00
-1.317169014565317875e+00 -1.935742222162243120e+00 -1.644635783509966309e+00 -1.869287049890426378e+00 -1.922195975525873735e+00 -1.886258379844048427e+00 -1.873070474536653762e+00
