(-1.8663340930745866+0j)
-1.371968368499944191e+00 -1.959400957735750737e+00 -1.629553059713562124e+00 -1.886176620516277991e+00 -1.851806669516757431e+00 -1.844625761282195242e+00 -1.868711103393232653e+00
-1.371127620347608822e+00 -2.076048497001223403e+00 -1.924479980387091338e+00 -1.828728636414060693e+00 -1.903041292149439068e+00 -1.870388592587100662e+00 -1.856861095817521790e+00
-1.437501802627637826e+00 -2.179672152143088404e+00 -1.686596501852180019e+00 -1.940385430232498987e+00 -1.848527719882871345e+00 -1.849171330248943868e+00 -1.851795017803975263e+00
-1.204234224253301511e+00 -1.981813315464503233e+00 -1.848285741426607620e+00 -1.963227730533995130e+00 -1.852736258577020401e+00 -1.863003247623590930e+00 -1.851128529251395483e+00
-1.513823693549296134e+00 -2.035817461441009613e+00 -2.104611289852936551e+00 -1.770909064134954747e+00 -1.906013965775481545e+00 -1.880001036605311260e+00 -1.852108708993755570e+00
-1.297724824165546131e+00 -1.392112630383883332e+00 -1.851479723688037149e+00 -1.826246381547726116e+00 -1.918832724882171714e+00 -1.837793110394033924e+00 -1.858512132595888877e+00
-1.637362282855990170e+00 -1.939524826670097957e+00 -1.852105907998971901e+00 -1.949567304873191409e+00 -1.780474917252332201e+00 -1.862393978907999736e+00 -1.875180970839565919e+00
-1.421707540753966992e+00 -1.448136876964675857e+00 -1.988099298341759136e+00 -1.824128676633481216e+00 -1.820436154349573954e+00 -1.880648002375878702e+00 -1.879160122948193790e+00
-1.148089477255840096e+00 -1.809407691598667434e+00 -1.932647715800717592e+00 -1.811017389941597777e+00 -1.944830517579510865e+00 -1.843369560634291915e+00 -1.869362218032312395e+00
-1.561278310347505416e+00 -1.395853073053823445e+00 -1.768127865311602154e+00 -1.840968964362134752e+00 -1.932205138615826989e+00 -1.854779799478222246e+00 -1.857755671397734343e+00
-1.350825852841681218e+00 -1.665333391319720135e+00 -1.810620917971944133e+00 -1.942950312093683962e+00 -1.864451332577800269e+00 -1.861702852408346320e+00 -1.867463402520319171e+00
-1.233151222558883209e+00 -1.727857640226065694e+00 -2.004315006064570248e+00 -1.822451815958700871e+00 -1.891488990363803691e+00 -1.858747537090484903e+00 -1.869856246299849811e+00
-1.244346802672264163e+00 -1.761211728601420834e+00 -1.858460617351774147e+00 -2.006316124912057575e+00 -1.893172143466546276e+00 -1.834365463119457473e+00 -1.859962964231324012e+00
-1.265386756169500693e+00 -2.104725794627634095e+00 -1.682516994702627500e+00 -1.778765968208012360e+00 -1.984265334104242884e+00 -1.869591228295325980e+00 -1.864015466127020515e+00
-1.380095403522923370e+00 -1.461601144383324780e+00 -2.004835928885739804e+00 -1.902016003428421032e+00 -1.887860124924763738e+00 -1.842592357058810526e+00 -1.853964962137718331e+00
-1.237937609429013319e+00 -2.082472603659640598e+00 -1.812864073502154394e+00 -1.887174496507045607e+00 -1.889273780006537118e+00 -1.877065560166710778e+00 -1.874986431230626138e+00
-1.096909891738450993e+00 -1.830425315579835566e+00 -1.935004654519216993e+00 -1.825745263586119993e+00 -1.789627681307452978e+00 -1.895150957706620565e+00 -1.866357427906878197e+00
-1.223223012657878472e+00 -1.833700046749886958e+00 -2.109123358077206412e+00 -1.780134732655333840e+00 -1.831626224483606569e+00 -1.881884603426168479e+00 -1.858577686761393011e+00
-1.434926678111085430e+00 -1.224949192158176103e+00 -1.874702470592555015e+00 -1.915520599421445036e+00 -1.834602685209556938e+00 -1.857745600737151781e+00 -1.867429052121589717e+00
-1.509368685477777250e+00 -1.655601100192789943e+00 -1.632323922813360362e+00 -1.856053648260401090e+00 -1.863270359873005599e+00 -1.837374655330133777e+00 -1.859370056787054359e+00
-1.498683165294139918e+00 -2.075092297423435816e+00 -1.858344434382994903e+00 -1.850974446426429720e+00 -1.783979041953578815e+00 -1.864733969601404251e+00 -1.871869583038134444e+00
-1.235376347681698572e+00 -1.824289999070660473e+00 -1.926545637524525345e+00 -1.761316928198427334e+00 -1.840183741688521613e+00 -1.870453706630657464e+00 -1.844501086757198705e+00
-1.070264585941759217e+00 -1.733129576668475336e+00 -2.030741437485631629e+00 -1.848540018629396986e+00 -1.834305216386310722e+00 -1.856760695792696536e+00 -1.860826883027924872e+00
-1.451274299160842940e+00 -2.212626741402248243e+00 -1.866141093142281715e+00 -1.880206666661699444e+00 -1.908128171007890117e+00 -1.851047960092296440e+00 -1.871059957251270278e+00
-1.463449758517370691e+00 -2.121115744090058985e+00 -1.835275790607063362e+00 -1.952260107273213752e+00 -1.858306979737655462e+00 -1.853639269581905058e+00 -1.850078938409835505e+00
-1.079678469365797921e+00 -1.995491174541969892e+00 -1.886431333421436651e+00 -1.772743204520947469e+00 -1.835073742665294105e+00 -1.879732793844799632e+00 -1.856385704229856382e+00
-1.107771430349306918e+00 -1.606349180642424379e+00 -1.834145747922433012e+00 -1.872252744102738564e+00 -1.876959490949457132e+00 -1.862887075712406304e+00 -1.850936297843774447e+00
-1.169403362569129801e+00 -1.884581657211037875e+00 -1.940006342532325512e+00 -1.901755256872554201e+00 -1.889576224090409484e+00 -1.860199801565934008e+00 -1.869935094898602213e+00
-1.327555757291546401e+00 -1.742286873214121901e+00 -1.929924226064858361e+00 -1.937170929640989359e+00 -1.911760308716235812e+00 -1.864250116216029873e+00 -1.861026086160691539e+00
-1.347994683061551235e+00 -1.696317824567519228e+00 -1.851050772535511868e+00 -1.823733845823386046e+00 -1.886943843216192462e+00 -1.840688112299650125e+00 -1.883848372560926965e+00
-1.479376748789690055e+00 -1.911385791430053605e+00 -1.703687096392770606e+00 -1.782814440188274840e+00 -1.859943677219444425e+00 -1.856254753832570659e+00 -1.856640969560061860e+00
-1.150345593906928698e+00 -1.985277958948354016e+00 -2.084929385844131566e+00 -1.819383391634383118e+00 -1.864581740279180666e+00 -1.843384582268911887e+00 -1.857533059890102090e+00
-1.016295098629631743e+00 -1.780070887629052745e+00 -1.814002401393200792e+00 -1.985442350258231459e+00 -1.857878743279726130e+00 -1.848364411006712338e+00 -1.850772889684649591e+00
-1.321511743209070833e+00 -2.266949253690932586e+00 -1.869569495721277841e+00 -1.828630447676923287e+00 -1.907547549999361491e+00 -1.858144538054699701e+00 -1.868694717044142806e+00
-1.533563079918401462e+00 -1.976290412025278886e+00 -1.858691587911212029e+00 -1.857719087975890471e+00 -1.863896184087726837e+00 -1.826261322731355774e+00 -1.863931339789409947e+00
-1.496857009282992257e+00 -1.766227407638353064e+00 -1.925561367271253044e+00 -1.810759152146433903e+00 -1.875157035921702686e+00 -1.850871096464747900e+00 -1.857657641875204657e+00
-1.368088775881343588e+00 -2.158293216935703640e+00 -1.699343749797911363e+00 -1.797514615168338548e+00 -1.867817464553949813e+00 -1.870022916591846496e+00 -1.878695403328240143e+00
-1.685616082922487990e+00 -2.236208288427256718e+00 -1.591765906622272464e+00 -1.871378296178372036e+00 -1.920085115635554507e+00 -1.886233923735287643e+00 -1.884065973422184292e+00
-1.205450363076326026e+00 -2.097187275144323237e+00 -2.022337752374884445e+00 -1.778223026835673792e+00 -1.902571742446118153e+00 -1.860759297635434795e+00 -1.869049586136446450e+00
-1.400109697226873173e+00 -2.124286311041495345e+00 -1.912172468236303935e+00 -1.798330006318312080e+00 -1.870934856689472792e+00 -1.876581594576938627e+00 -1.888138991274797451e+00
-1.300762269493705325e+00 -2.073328348628097118e+00 -1.893001283064085882e+00 -1.942079074709108344e+00 -1.842025602640632975e+00 -1.891240267226825811e+00 -1.867828719909766511e+00
-1.399477225786256440e+00 -2.063865613030187340e+00 -2.043820878568046506e+00 -1.727763877340147358e+00 -1.798095193039139783e+00 -1.855685366442394457e+00 -1.870709797617689629e+00
-1.316758049894921845e+00 -1.820550000023755999e+00 -1.614360088584843034e+00 -2.004303847710402486e+00 -1.930571254557032157e+00 -1.875576213467008202e+00 -1.848421633002460318e+00
-1.378587330637422781e+00 -1.758723679731229561e+00 -1.820886818774317684e+00 -1.897293981024136489e+00 -1.870911480139637151e+00 -1.855081674199436259e+00 -1.880368813350598245e+00
-1.264266808677493525e+00 -2.123054799996024311e+00 -1.617065672658995146e+00 -1.785691254473570577e+00 -1.816941786634707290e+00 -1.858082054024444041e+00 -1.847472459713266790e+00
-1.220391717485409977e+00 -2.228479222470796106e+00 -1.763415131760690979e+00 -1.857948062365851083e+00 -1.816445423154957162e+00 -1.878206987407675665e+00 -1.853201959693400624e+00
-1.351968802552810711e+00 -1.991823565535809859e+00 -1.956745938836888410e+00 -1.792674313134405617e+00 -1.906641624122885403e+00 -1.865460269795348625e+00 -1.882387774017388438e+00
-1.372085025232829381e+00 -2.026476296194215987e+00 -1.850416402142985639e+00 -1.785412215171731765e+00 -1.810909798617278188e+00 -1.873737555844937397e+00 -1.880069671765124406e+00
-1.161651505184992494e+00 -1.482066779825000902e+00 -1.868070298367604298e+00 -1.958084055483902297e+00 -1.908358820234226316e+00 -1.862086571697020076e+00 -1.860988721458093575e+00
-1.410917057915693773e+00 -1.797499578661037045e+00 -1.927279381430840655e+00 -1.867446486124934690e+00 -1.903021884717618351e+00 -1.857744612016395624e+00 -1.889663854795211373e+00
