(-1.8663340930745866+0j)
-1.165876373807861244e+00 -1.632661437129726334e+00 -1.598706058841089961e+00 -1.797790866817459587e+00 -1.908526645565974844e+00 -1.859230687420270867e+00 -1.869426833977237301e+00
-1.376166071751862230e+00 -1.294588018397300866e+00 -1.810887750853423572e+00 -1.900235859056423671e+00 -1.906847499442763105e+00 -1.852193367561613346e+00 -1.852928899197007873e+00
-1.040497049722109102e+00 -1.467176376721918363e+00 -1.705712685420315067e+00 -1.865192495770173542e+00 -1.917824815040821251e+00 -1.909828880970697140e+00 -1.854057348507422986e+00
-1.352332973119053428e+00 -1.705827728460590498e+00 -1.814525549212696154e+00 -1.943922368228221620e+00 -1.895899460351533339e+00 -1.885825192722211829e+00 -1.860332300277298456e+00
-1.314595190974020777e+00 -1.407595823244091271e+00 -1.687820473581841174e+00 -1.931318098726865884e+00 -1.842401863303196219e+00 -1.845001934647521047e+00 -1.857327309363114409e+00
-1.412601586476897486e+00 -1.478377931555493241e+00 -1.689581792970332064e+00 -1.905288924342630308e+00 -1.909514271027601851e+00 -1.824603842579212154e+00 -1.877920915340005825e+00
-1.243976760812241622e+00 -1.594205752297171985e+00 -1.688910391966634839e+00 -1.877789295590040819e+00 -1.857371472850072980e+00 -1.869446779134970038e+00 -1.867115166781248004e+00
-1.119168653077593278e+00 -1.710204311957314038e+00 -1.841710842809918258e+00 -1.895916347623356479e+00 -1.944467299414297079e+00 -1.846446865850533303e+00 -1.848528884586171372e+00
-1.324662137587964361e+00 -1.633737621171208465e+00 -1.766900130611771758e+00 -1.821832265991498723e+00 -1.914155232742930313e+00 -1.858829348700203443e+00 -1.851545168754249904e+00
-1.233291642495712770e+00 -1.752135504601552096e+00 -1.801779055453721190e+00 -1.990032832668202412e+00 -1.931351190545576912e+00 -1.867609359688880755e+00 -1.851274930970312926e+00
-1.358215086339170208e+00 -1.515399728934087920e+00 -1.817478472044923521e+00 -1.909740713822756897e+00 -1.788580467955835918e+00 -1.890876747216926557e+00 -1.877993074996307188e+00
-1.326636224191407143e+00 -1.703116421636684308e+00 -1.750180445057926359e+00 -1.710363069991146512e+00 -1.881242542563836828e+00 -1.860066110019946706e+00 -1.876780615202103375e+00
-1.180017003884617610e+00 -1.776841468979443395e+00 -1.942105849696632358e+00 -1.839319107905267758e+00 -1.900228828402130254e+00 -1.832121619794351508e+00 -1.872694464756708310e+00
-1.616024292773894144e+00 -1.486312908517708475e+00 -1.788641372742569624e+00 -1.893976860067514645e+00 -1.884206749213653165e+00 -1.890223117250185769e+00 -1.858378677702685167e+00
-1.109534911723342621e+00 -1.280905161131284942e+00 -1.914643264447878357e+00 -1.828646950141730176e+00 -1.876583359150301833e+00 -1.835765560601525292e+00 -1.857603937008533990e+00
-1.148054682028719409e+00 -1.709965662342263881e+00 -1.928016627461342836e+00 -1.807033977380450462e+00 -1.871479373579731487e+00 -1.838430520262442247e+00 -1.887462592582512144e+00
-1.317075422899978809e+00 -1.480074038795653468e+00 -1.762934509598402144e+00 -1.832425193755498949e+00 -1.826892198372946030e+00 -1.840816692349719119e+00 -1.875227823737666721e+00
-1.325457313513548341e+00 -1.774123568447488308e+00 -1.744193539853733377e+00 -1.786261187226371838e+00 -1.843456096670648137e+00 -1.899280859444779423e+00 -1.869823097088047170e+00
-1.075348077398653679e+00 -1.607566522190146063e+00 -1.643049909793601548e+00 -1.954011345050606252e+00 -1.868449464673969107e+00 -1.882515750754955253e+00 -1.877284613493100274e+00
-1.265672883457659159e+00 -1.775283530911931917e+00 -1.924762682231447197e+00 -1.888636393249496503e+00 -1.821867880186496702e+00 -1.854438785494579189e+00 -1.895762974914504850e+00
-1.262371149345690835e+00 -1.487933838283206356e+00 -2.034425892606325448e+00 -1.730861484494739422e+00 -1.862597667241965960e+00 -1.854032247595891914e+00 -1.867873069018607834e+00
-1.428358921319465180e+00 -1.310736368826919573e+00 -1.939520811985114612e+00 -1.959548972622525476e+00 -1.851059084157190338e+00 -1.860042224408184008e+00 -1.856847110611697493e+00
-1.698572290575596000e+00 -1.313984034271912904e+00 -1.751624380988145546e+00 -1.856955786171900602e+00 -1.885198209034583794e+00 -1.890609514907246158e+00 -1.873208234851602594e+00
-1.156449955053108880e+00 -1.423524756938149505e+00 -1.810348194550030820e+00 -1.950048387117921722e+00 -1.893095950956586115e+00 -1.855420746029110779e+00 -1.870826873733788531e+00
-1.088529422342735309e+00 -1.493376680356905739e+00 -2.035059781542394752e+00 -1.880716217377401023e+00 -1.852011242294953286e+00 -1.855437325307392804e+00 -1.878917022432534001e+00
-1.133448447998891773e+00 -1.793250723069922170e+00 -1.933195573571123482e+00 -1.868176566445677089e+00 -1.830309441026001238e+00 -1.849695893040174344e+00 -1.853748099584335840e+00
-9.042299994239031413e-01 -1.461494639472856516e+00 -1.660457164505875216e+00 -1.763401258068838295e+00 -1.881051508603519773e+00 -1.875091864850651824e+00 -1.863406010819024461e+00
-1.021439915356721517e+00 -1.334793692836098833e+00 -1.877366376277602722e+00 -1.957240478664901806e+00 -1.852908766358952519e+00 -1.856535275745089475e+00 -1.870233066221421936e+00
-1.287521459068012186e+00 -1.340936502496201443e+00 -1.944247240803973265e+00 -1.884116702250821618e+00 -1.892309867755335162e+00 -1.890707474678259947e+00 -1.847557149231258133e+00
-1.316618031647660780e+00 -1.584149254435363918e+00 -1.759947737967379133e+00 -1.863131959786897385e+00 -1.868619389411248388e+00 -1.869670241567281010e+00 -1.863631984922315965e+00
-9.577642084313766624e-01 -1.719477748774637105e+00 -1.886993024662107388e+00 -1.954115779972472433e+00 -1.901623282455302988e+00 -1.868172046712641254e+00 -1.860885936245473715e+00
-1.033051451926183972e+00 -1.566488782670629520e+00 -1.756221276522030639e+00 -1.832907572753638803e+00 -1.855354313978296199e+00 -1.875180385395775362e+00 -1.871873577231045083e+00
-1.678696514064839329e+00 -1.249311161059847075e+00 -1.763858478251373096e+00 -1.790779407413003455e+00 -1.885782976857960147e+00 -1.892888795500062837e+00 -1.870421926285037006e+00
-1.155579360069742378e+00 -1.437600315983124988e+00 -1.707765827921769120e+00 -1.826426081333843765e+00 -1.774354694732797721e+00 -1.872319992536294997e+00 -1.878466225001942380e+00
-1.359758408041192856e+00 -1.409310690850465342e+00 -1.943210435372743516e+00 -1.755418976243399598e+00 -1.850857130888063029e+00 -1.879940622090931157e+00 -1.873021079815235135e+00
-1.035296529983816383e+00 -1.383008114411077294e+00 -1.772232592135076779e+00 -1.903169230254401656e+00 -1.840790053833727402e+00 -1.872814255908999526e+00 -1.859290491047401295e+00
-9.651593932744915172e-01 -1.456856475976524123e+00 -1.797666237846005544e+00 -1.940685011383342928e+00 -1.897212152387957040e+00 -1.900011636021324612e+00 -1.867017830419790414e+00
-9.828036618604935049e-01 -1.784255258870890870e+00 -2.040251335632277119e+00 -1.932285438327635330e+00 -1.839839750648171401e+00 -1.881496907397872231e+00 -1.870859966815574538e+00
-9.177768532969285964e-01 -1.905694046153877608e+00 -1.923323568785455073e+00 -1.932429240441723373e+00 -1.875055070684754854e+00 -1.893495091279940201e+00 -1.869688085664799271e+00
-1.364237458053798591e+00 -1.419218694622214505e+00 -1.815185864968466012e+00 -1.909110084942331476e+00 -1.883974118402584885e+00 -1.840268039435724701e+00 -1.847965070408312815e+00
-1.661635405584926506e+00 -1.302826266550255463e+00 -1.943223522247251367e+00 -1.908029552442477073e+00 -1.847738994932992540e+00 -1.831468841495687894e+00 -1.877723210480324312e+00
-1.517738234632895589e+00 -1.737310025213863796e+00 -1.589437783035222873e+00 -1.847011185441322034e+00 -1.884348320154110024e+00 -1.851532623796273036e+00 -1.865730963133999332e+00
-1.384798014544366573e+00 -1.100622122691792937e+00 -1.969170114983277431e+00 -1.893773951382640597e+00 -1.768998185934552936e+00 -1.850511607835457983e+00 -1.864304203174408592e+00
-1.322224261051355265e+00 -1.324272783762945549e+00 -1.913611194907081092e+00 -1.917874180643772242e+00 -1.879568069996297996e+00 -1.846982280205746951e+00 -1.851820001112849390e+00
-1.161016545745642059e+00 -1.616001914792661420e+00 -1.996801323629894487e+00 -1.821350342129887556e+00 -1.828268012103751783e+00 -1.870124771708049138e+00 -1.853033956810413940e+00
-1.421489465525086038e+00 -1.494796774382013860e+00 -1.726232290856527962e+00 -1.810013145360446662e+00 -1.893792482582154157e+00 -1.861527384389312312e+00 -1.876272731432576446e+00
-1.086235777370865963e+00 -1.611498616510719462e+00 -1.980800673761958342e+00 -1.792962370801916450e+00 -1.936754980139430593e+00 -1.860085756426210990e+00 -1.879776698751486563e+00
-1.220617690984925785e+00 -1.297604723350023859e+00 -1.783220677259094389e+00 -1.975678199383646527e+00 -1.836369098078135087e+00 -1.888263110939014444e+00 -1.877078721434998876e+00
-1.362193171553862214e+00 -1.282128549522573824e+00 -1.834964772007200651e+00 -1.991715461121517095e+00 -1.843663013871361667e+00 -1.840817026188235950e+00 -1.852890871802193251e+00
-1.770646746681401762e+00 -1.696911287762422837e+00 -1.828046264699504819e+00 -1.936339189305726460e+00 -1.835156129177912598e+00 -1.878613658178448942e+00 -1.902181830706871857e+00
