(-1.8663340930745866+0j)
-1.343089104703431236e+00 -1.754240618999164614e+00 -1.562642499465969115e+00 -1.731040901500894513e+00 -1.814633710917020082e+00 -1.863979122778578024e+00 -1.884195024677240315e+00
-1.264955839100799784e+00 -1.686414013781573962e+00 -1.672364411275203411e+00 -1.903047028153927123e+00 -1.846552050925191368e+00 -1.888581247543127617e+00 -1.857036602462026398e+00
-1.046010081401808289e+00 -1.343317888491263545e+00 -1.760122209371716151e+00 -1.846711311487211127e+00 -1.839925020377731535e+00 -1.871790987723241706e+00 -1.856824363743562412e+00
-1.559245457203015217e+00 -1.783975285368558428e+00 -2.117222991971289048e+00 -1.898251811455593518e+00 -1.873349361717391748e+00 -1.876090395322622673e+00 -1.869963367273092203e+00
-1.462172643410607931e+00 -1.750388413195371085e+00 -1.909684470859488226e+00 -1.954631208995027736e+00 -1.847441452488972624e+00 -1.871498092794020796e+00 -1.862127430552707352e+00
-1.476842895053766425e+00 -1.729894363970124749e+00 -1.928186199667850431e+00 -1.973950610605180955e+00 -1.912013069287406886e+00 -1.849597161590166294e+00 -1.872180081852151901e+00
-1.545356198833914618e+00 -1.767965219870875959e+00 -1.706147877256521062e+00 -1.842198137415701265e+00 -1.924374919395305472e+00 -1.869375084237550499e+00 -1.854988421708882562e+00
-1.662770307355120547e+00 -1.705456722683295956e+00 -2.006307792996562700e+00 -1.921918680013177338e+00 -1.896534524127035493e+00 -1.870688266925283560e+00 -1.863292171535789743e+00
-1.517925396948349714e+00 -1.740347800044071969e+00 -2.008391351717115469e+00 -1.861274230267228713e+00 -1.871796473429867769e+00 -1.875394147198814920e+00 -1.861451827764885714e+00
-1.759766784432500009e+00 -1.541292356560815424e+00 -1.722486836814223432e+00 -1.830533852046625221e+00 -1.866639648493573445e+00 -1.872575122955914440e+00 -1.888052715735713649e+00
-1.838435294230350570e+00 -1.874769743362092900e+00 -1.951641862288421070e+00 -1.935632334842552593e+00 -1.926534330683007834e+00 -1.885568872661358419e+00 -1.872084804858067386e+00
-1.603818896371661307e+00 -1.499490137797237610e+00 -1.579599135646159613e+00 -1.834753834494911473e+00 -1.895182067396601999e+00 -1.880478124752619662e+00 -1.877836380118772297e+00
-1.484982264205911395e+00 -1.712450420662366968e+00 -1.949294983497974698e+00 -1.949376799688375073e+00 -1.946863513443096494e+00 -1.884516555380493452e+00 -1.873134995119223989e+00
-1.375888861345061498e+00 -1.760972696756218037e+00 -1.871561345696911793e+00 -1.934406563205098850e+00 -1.919471404526371217e+00 -1.899961556513117156e+00 -1.874985590369647515e+00
-1.477466622935607266e+00 -1.735710667901386284e+00 -1.761066298915286543e+00 -1.883742206637821992e+00 -1.852552684064276978e+00 -1.851727070644288098e+00 -1.864369315097349045e+00
-1.612663981809914215e+00 -1.620114620865960475e+00 -1.999926209129650356e+00 -1.918614609523898729e+00 -1.912743696290865936e+00 -1.884738697178642619e+00 -1.865605724008232214e+00
-1.203195572788013923e+00 -1.636276099784039539e+00 -1.779448935683461963e+00 -1.780608654955870618e+00 -1.836196300217652677e+00 -1.863288090687144072e+00 -1.847452054050688464e+00
-1.256244330114136831e+00 -1.792809125570777873e+00 -1.855312271877051611e+00 -1.905409535514033470e+00 -1.906888460413080910e+00 -1.889160818174451473e+00 -1.868136749473146452e+00
-1.800153058791196026e+00 -1.781187114174699770e+00 -1.807606263728914087e+00 -1.750275514575702740e+00 -1.799295187353898706e+00 -1.852101089906151188e+00 -1.846384952830012915e+00
-1.713888650819704207e+00 -1.904766273419487677e+00 -1.913680144249528148e+00 -1.858186517121109604e+00 -1.850598823315996899e+00 -1.861241839574696577e+00 -1.867089159574026658e+00
-1.743513731336506556e+00 -1.842812662280790992e+00 -1.688882402007376271e+00 -1.872336770148201879e+00 -1.851032351779503093e+00 -1.849396780114107131e+00 -1.840157892392485506e+00
-1.542557719016224738e+00 -1.551663901934020817e+00 -1.995744722878606048e+00 -1.936567412631368557e+00 -1.896371949118323963e+00 -1.896885044407270238e+00 -1.867556952625453182e+00
-1.278279544752281227e+00 -1.604720996260678767e+00 -1.549668408846872403e+00 -1.777304529055897087e+00 -1.870988401888120656e+00 -1.863737625517347674e+00 -1.874289533854360812e+00
-1.520117087487631746e+00 -1.809285492967823039e+00 -1.920937053742795886e+00 -1.983913509229579653e+00 -1.861516649419695524e+00 -1.834718752035211287e+00 -1.839602056126369067e+00
-1.400883337223412850e+00 -1.397284713944241918e+00 -1.916765936720471242e+00 -1.809940744747914554e+00 -1.859619912565290578e+00 -1.853057532187171397e+00 -1.868004790017951500e+00
-1.149091117118020033e+00 -1.613654113253540023e+00 -1.853098381342311862e+00 -1.746077502656123936e+00 -1.811138287020410242e+00 -1.853223401189440178e+00 -1.871428684384175423e+00
-1.440282756624628568e+00 -1.719884297212148860e+00 -1.880000306788118802e+00 -1.861045785727804880e+00 -1.839688499907471630e+00 -1.872768374678543513e+00 -1.868276825346097958e+00
-1.406313518569923371e+00 -1.664116587306139206e+00 -1.915459577951319492e+00 -1.922413627429367278e+00 -1.902197249612969099e+00 -1.870793617343569748e+00 -1.863520639271768697e+00
-1.856780939965078758e+00 -1.469469506521374758e+00 -1.834680586136292701e+00 -1.846671837120034798e+00 -1.841101604166086148e+00 -1.850549197670849910e+00 -1.851913487912248524e+00
-1.714601641675626009e+00 -1.863596477913165961e+00 -1.845121280707655576e+00 -1.930218237733619446e+00 -1.927592638618797816e+00 -1.829066721759999403e+00 -1.855024354010967880e+00
-1.654884691132780361e+00 -1.779988910663622192e+00 -2.094564217217231405e+00 -1.898978715892421398e+00 -1.863932392851699760e+00 -1.845981896288911406e+00 -1.845658622386887160e+00
-1.604090398793664329e+00 -1.634829035742997094e+00 -1.944401418900094214e+00 -1.901661795541224942e+00 -1.869697813513234497e+00 -1.881028787603394647e+00 -1.884490165659568062e+00
-1.321845416866484157e+00 -1.242172102141306578e+00 -1.753647250513531430e+00 -1.821768254586907831e+00 -1.880209577491718242e+00 -1.846098437806864112e+00 -1.849975144684336659e+00
-1.938193436651268975e+00 -1.886940940183182480e+00 -1.802525871950224179e+00 -1.825839392049755094e+00 -1.877874867845520157e+00 -1.878340787554521718e+00 -1.873252968324261358e+00
-1.153673915390719618e+00 -9.890801137546183508e-01 -1.637418667560567753e+00 -1.776635678849441291e+00 -1.855316877768945938e+00 -1.850421524407456442e+00 -1.867022414163009625e+00
-1.356940407844632990e+00 -1.550954972819635902e+00 -1.947483777591078935e+00 -1.889718494561791307e+00 -1.860807955976294226e+00 -1.872440292270113993e+00 -1.855681962956416076e+00
-1.195659911158745148e+00 -1.876812707730441065e+00 -1.981092399277355698e+00 -1.911923627812287307e+00 -1.879324492376889921e+00 -1.862556991528647954e+00 -1.866888204967051212e+00
-1.415472880444744730e+00 -1.730526159251555285e+00 -2.026966967409031373e+00 -1.971086301293351495e+00 -1.925754862607685247e+00 -1.893097626873714301e+00 -1.883737280077111276e+00
-1.354235040759018460e+00 -1.696044658358820234e+00 -1.846757603279510995e+00 -1.946489956005148958e+00 -1.890927477747535779e+00 -1.878436124352828696e+00 -1.862201240400969127e+00
-1.652906615651435818e+00 -1.879009290408560462e+00 -1.864926891420950916e+00 -1.947240681521562600e+00 -1.895016495482676699e+00 -1.883291110889759201e+00 -1.875199417812570601e+00
-1.241703645449160343e+00 -1.551611064862719047e+00 -1.854578061953160217e+00 -1.845059000616128486e+00 -1.866653842692617360e+00 -1.870418893620928724e+00 -1.868119358518494533e+00
-1.080259275542864827e+00 -1.300803648970412008e+00 -1.648579527730633654e+00 -1.832290315357765209e+00 -1.823354528730521729e+00 -1.845380446138376485e+00 -1.872104755419109701e+00
-1.064438211715609262e+00 -1.785157170849919206e+00 -2.036530813113023086e+00 -1.940466221851149697e+00 -1.936557545699032712e+00 -1.866508968734450713e+00 -1.863956137474944486e+00
-1.173862851730077539e+00 -1.538038350459507875e+00 -1.735641701849664376e+00 -1.827540454224442890e+00 -1.804640486006686695e+00 -1.838430908334580227e+00 -1.872077411319541529e+00
-1.582602211180237362e+00 -1.650054099742566782e+00 -1.990892596972984041e+00 -1.881202835040683530e+00 -1.935682825709026167e+00 -1.891825257183818110e+00 -1.876996708771562883e+00
-1.422978903140183604e+00 -1.657524053417671173e+00 -1.755917237926774011e+00 -1.794578737945224489e+00 -1.831827689020663286e+00 -1.871259981729091360e+00 -1.866494323160529323e+00
-9.861352351189542897e-01 -1.210392207168450529e+00 -1.450440479455582965e+00 -1.726997197754452262e+00 -1.872224132201397051e+00 -1.894643546553524072e+00 -1.866609465655182820e+00
-1.251809267918821966e+00 -1.608191741292325450e+00 -1.766255109644381704e+00 -1.742536939785783723e+00 -1.802051410966702294e+00 -1.849344750219577449e+00 -1.863455432887333618e+00
-1.380157063623056235e+00 -1.346495141091620606e+00 -1.842421815863114043e+00 -1.749997541842231774e+00 -1.829816168271117593e+00 -1.858491072140095790e+00 -1.860619134560131060e+00
-1.647253452274993535e+00 -2.054465400174561474e+00 -1.986526623749638620e+00 -1.817317820296142195e+00 -1.819349034274723387e+00 -1.857179730570770237e+00 -1.861782369430524442e+00
