(1.431053913759341+3.3306690738754696e-16j)
3.368073525799614831e+00 1.714958120759443982e+00 1.010571700763837732e+00 5.214849361081304036e-01 1.438320692598988870e+00 1.435256375520541194e+00
4.125780832950733945e-01 1.304202207127459046e+00 2.422178001386210866e+00 2.318995366839731176e+00 2.318465042472800608e+00 1.200556107791154181e+00
1.872722623295268285e+00 1.454941509110968312e+00 6.798401200123220800e-01 1.635811948144616723e+00 1.795945260184536263e+00 1.714019219437760366e+00
-4.250824150352786823e+00 3.628019819215555053e+00 1.034373359118251123e+00 3.256182259273909807e+00 5.925926970394657101e-01 1.953016658521580462e+00
-2.269026532123610718e+00 3.634387389728596318e+00 2.793222122012704034e-01 7.864461566163361006e-01 1.367047340223577212e+00 9.945510237350807525e-01
-1.682774669434483616e+00 5.610547687638292036e-01 9.378929495447756448e-01 2.473035064997947785e+00 1.237671943689141685e+00 1.217417777623246211e+00
-3.242949138350759597e+00 2.895557472333401883e+00 2.109551279591254325e+00 4.236652439324556374e-01 1.902461703196855591e+00 8.012027107844753582e-01
-2.147031318478256789e+00 -1.962967975517616370e+00 1.502856481218057372e+00 5.554305559087875377e-01 3.460754895613957771e+00 2.072579410368847519e+00
1.375817926615978237e+00 -5.914059126856766602e-01 -6.658982499740844219e-01 1.365098747256578093e+00 1.288025208146891698e+00 1.289719601733799292e+00
6.865601342521236106e+00 2.801666627543292876e+00 2.341211155824614920e+00 2.596716765414557315e+00 1.552585134405016554e+00 7.948931249664790144e-01
1.254328364713657828e+00 -2.207651640163488804e-01 1.952829577772454250e+00 3.073171693693549145e+00 1.525386738810015963e+00 2.223603704412749238e+00
3.486559407595589910e+00 1.585860401654939356e-01 3.200573233816396135e-01 7.028639010166596313e-01 1.357039733441350648e+00 1.738245803200238360e+00
-7.061499553390511164e-01 1.121226184546502802e+00 2.279112358014687700e+00 2.328085615434840605e+00 1.768842368447926638e+00 1.910028554757756014e+00
5.384724867677071813e+00 1.799987878002649033e+00 1.124496184645592312e+00 9.872418850069228924e-01 8.044008557685387029e-01 2.319031085283998816e+00
-8.318420167009583643e-01 9.358822513188065351e-01 2.277759032244457416e+00 1.079407266235899776e+00 1.830537769632075262e+00 8.435150778674820327e-01
8.582233623751397422e-01 5.932871975398790187e-01 7.771403915938370766e-01 1.008544748009079006e+00 1.207285584887318297e+00 1.233431866569887569e+00
2.032793883746700558e+00 2.761494239584438404e+00 3.003325682172487632e+00 1.069944066756028045e+00 1.280528701596665098e+00 5.393504416531670342e-01
-3.329533190941738496e+00 1.045569251210549666e+00 1.127297341854885726e+00 3.470956590948278908e+00 7.883594128932047695e-01 8.284925199307312527e-01
6.992944318104145296e+00 9.656504596751372960e-01 7.557286408345221806e-01 1.005487060637100694e+00 1.814321617300022726e+00 1.797847887006732925e+00
-2.276285231662774855e+00 -4.677819540522609287e+00 9.725825329568662525e-01 1.070377454454484845e+00 -1.983881297100865415e-01 1.431437838110680483e+00
