(1.431053913759341+3.3306690738754696e-16j)
3.529821805699232762e+00 2.984245165510709619e+00 3.120452750685947851e+00 2.649495349021104396e+00 2.509454728759410447e+00 2.132973640600866361e+00
-2.959726136538878727e+00 8.048664757801422542e-01 2.239229727716765428e+00 2.840440953384922640e+00 2.189449125800612794e+00 2.010629382318347425e+00
-2.220961659717020975e+00 -5.685309621907317368e-01 1.645654720147434746e-01 1.078396951676745097e+00 1.043710393234564604e+00 1.437198820694724821e+00
-1.595383102473607595e+00 3.712585395602199245e-01 3.657088561087159517e-01 9.754883764810341473e-01 1.448963615159573282e+00 1.362665652731364307e+00
3.640225518172929497e+00 6.010388864134013076e-01 1.280891063009041542e+00 1.285747633577197124e+00 1.275097016071996325e+00 1.062023121671914261e+00
-2.181937848108728151e-02 1.737499297845279900e+00 1.893155909201991616e+00 1.121319155001239798e+00 1.690309274581390353e+00 1.344674008316227187e+00
6.168049675628846096e+00 3.255443891301947890e+00 6.277859336019981917e-01 1.470188426242182267e+00 1.634926090294032575e+00 1.671056560298868732e+00
5.331543448733476964e+00 4.432191383305603694e+00 3.220749292101187322e+00 1.678243735456347752e+00 1.061647845189615413e+00 1.418613146237192479e+00
8.809544112275114358e+00 3.209226811831814796e+00 1.640505419078210458e+00 1.181898337942410837e+00 7.026382911361184203e-01 1.199244654265492649e+00
3.567140547061256939e+00 -6.270494607539787157e-01 7.663535979417070987e-01 7.238833916895872633e-01 -2.808898592631048907e-01 3.150265414843217981e-01
7.650973650451822650e+00 3.272495585265280393e+00 1.437847547479151444e+00 4.643033925222808111e-01 4.979141032518094034e-01 7.139542267791940677e-01
-2.176220496653868963e-01 3.756670736606475991e+00 4.591583010974948920e+00 3.165062565789423132e+00 1.861270633751699766e+00 1.765028102650477049e+00
2.153955779323309283e+00 1.605165289048775090e+00 1.603286300133062836e+00 1.135640321681961051e+00 1.018794416358796528e+00 9.565808915987346062e-01
3.687005999886519891e+00 5.329150457447576095e+00 3.266540222047281450e+00 2.137381744040403930e+00 1.906862064129319245e+00 1.710798320294607322e+00
-3.389687280368218314e+00 1.622131387614701881e+00 1.702170416394241492e+00 2.662285640714544765e+00 2.520854771395807603e+00 2.235294916405711874e+00
-1.887447467323862815e-01 2.347052408372239718e+00 1.850616319593173298e+00 1.234584264801222186e+00 5.982153161962358023e-01 9.111814635522992312e-01
1.549528033808425409e+00 3.449845534581202244e+00 2.487538433242247216e+00 1.758599723644024504e+00 1.000778849466076981e+00 9.088924805285982789e-01
3.927070152050562424e+00 3.223103232931126882e+00 2.906763385942801925e+00 1.855984425750164313e+00 1.492559383252360261e+00 1.089038290669384956e+00
2.501592224036377043e+00 4.295250104053709883e+00 3.578711640090955548e+00 2.392872274106561115e+00 1.958865789672764368e+00 1.841264229005405983e+00
-1.475438974468746833e+00 -6.711164818142014710e-01 1.235685692877966702e+00 6.317315220284525079e-01 1.189055805013614187e+00 1.274336564439674024e+00
