(-0.6934468396748079+1.3877787807814457e-17j)
-3.141884979378398168e-01 -7.026957897740140346e-01
-6.746246043305963447e-01 -7.971995517088948935e-01
-7.701316783178469016e-01 -9.635723691533742974e-01
-2.059897057098442064e-01 -9.679014100125359343e-01
-2.555827128098482337e-01 -4.085937336841321543e-01
8.607994457575788294e-01 -4.402118826860626499e-01
-4.900025971493733312e-01 -6.697093411643726402e-01
-6.428039308463940893e-01 -5.773714129107465620e-01
-1.749086546976156287e-01 -9.551984879536946638e-01
-8.996935020448852960e-01 -9.891338384834978958e-01
-7.087714767379309500e-01 -7.003652678047550539e-01
-4.512972011418824869e-01 -4.031685447691765734e-01
-1.235046462973319992e+00 -9.112338503426251624e-01
-8.279235811501775011e-01 -3.469804026718127377e-01
-6.574079735987014006e-01 -7.458945676894982446e-01
-4.278845422545147215e-01 -5.703432553401883709e-01
-9.741253996708004737e-01 -1.028035071119864696e+00
-6.971696441285425427e-01 -3.098065160222220893e-01
-6.669624159705084265e-01 -9.144064797455234705e-01
-5.710999095130505632e-01 -5.050503480866839201e-01
