(-0.6934468396748079+1.3877787807814457e-17j)
-5.763001408929488978e-01 -6.796875031909032083e-01
-5.619725902049341748e-01 -8.653569971162186070e-01
-6.391122707284049298e-01 -3.797948706554225562e-01
-3.832677553622279576e-01 -7.062578689866125803e-01
-8.322799238310186754e-01 -7.379866878760412696e-01
-5.885126033564739290e-01 -7.697891239725320744e-01
-1.186204247383682686e+00 -6.394569981966420347e-01
-4.898986092422339955e-01 -5.975903918734642994e-01
-3.163436903100811382e-01 -6.046749813987027933e-01
-6.811548764545779511e-01 -9.234214507523913484e-01
-5.307286603706317107e-01 -5.957112339911871945e-01
-6.726570854978523029e-01 -5.318031038823584078e-01
-1.066415962405380835e+00 -9.545360888651481801e-01
-6.518462648733420739e-01 -4.842352282137767916e-01
-9.560277573094860815e-01 -9.074288853544474343e-01
-5.156410916832374625e-01 -8.041192255542054523e-01
-4.678823266844108208e-01 -4.917802544878738247e-01
-1.263703381108890689e+00 -8.738997754255214412e-01
-6.688318833977067168e-01 -6.252426820313814471e-01
-1.011554756527155430e+00 -8.865878977168073494e-01
