(-2.1026084809554213+0j)
-1.704160499626221403e+00 -2.334023309591287898e+00 -2.201144756066538477e+00 -2.120572286619746283e+00 -2.093426140359051502e+00 -2.105267143866380586e+00 -2.091948052338580055e+00
-2.553285592975012008e+00 -2.063737989879481205e+00 -2.325798614201075587e+00 -2.087228016947038522e+00 -2.092051201584454123e+00 -2.086937025025473957e+00 -2.082096971724772150e+00
-1.832341737890780031e+00 -1.847382846437642279e+00 -1.992090724865932527e+00 -2.220032591196068772e+00 -2.105644186909906068e+00 -2.079085376054278900e+00 -2.100519467547222519e+00
-1.678891760854472226e+00 -1.975622432113611771e+00 -2.154956536103027176e+00 -2.157869683400087446e+00 -2.135101675634685670e+00 -2.093222815650582547e+00 -2.105869021435306188e+00
-1.935792482082258958e+00 -1.955741172719146714e+00 -1.931660550780895713e+00 -2.019938415445846402e+00 -2.120651902915392739e+00 -2.085118866170642349e+00 -2.098945356024096043e+00
-1.925977608294575871e+00 -2.155212662039913685e+00 -2.069670643948328781e+00 -1.995774953649595673e+00 -2.071601647473753083e+00 -2.103536994471498112e+00 -2.094814902465464534e+00
-2.946625545927049394e+00 -2.334649712310590708e+00 -1.901101902009020739e+00 -2.137311326883292839e+00 -2.072585135296836967e+00 -2.097294328556810861e+00 -2.086769011392823003e+00
-1.923752445832605185e+00 -1.871982538498961679e+00 -1.907182773572531964e+00 -2.072678327860199676e+00 -2.100226387274433115e+00 -2.115515748317456701e+00 -2.102666807307442376e+00
-2.253958503471785058e+00 -2.004207057301070183e+00 -2.151649900536373394e+00 -2.130713851371531131e+00 -2.094258554353852553e+00 -2.120277853460288853e+00 -2.099148766827869217e+00
-1.707486051953688300e+00 -2.278862561765595984e+00 -2.170724386056235744e+00 -2.206296476051337052e+00 -2.080963035344414180e+00 -2.087272794691600097e+00 -2.111506057283586202e+00
-2.253372903326326782e+00 -2.025493662473877077e+00 -2.151649935288761917e+00 -2.127018819861158150e+00 -2.089962627883837243e+00 -2.106826053716392089e+00 -2.123316307939331793e+00
-2.209720195386532193e+00 -2.364252343221437958e+00 -2.259139497817661102e+00 -2.031965843675563210e+00 -2.175641640244933228e+00 -2.085466563610572699e+00 -2.120494053489309305e+00
-2.563046881525212761e+00 -2.327242277667536108e+00 -2.172967990315534337e+00 -2.036012477869880044e+00 -2.118578988556599985e+00 -2.074593404605854730e+00 -2.106093013739169351e+00
-8.252995382153658355e-01 -2.330916161483380655e+00 -1.961400146865936778e+00 -2.138832393640810015e+00 -2.050091962697889514e+00 -2.075025763300782256e+00 -2.100588270474738728e+00
-3.199336357850376622e+00 -1.968675855142176578e+00 -1.997479118361933148e+00 -2.154437582940617268e+00 -2.134515777482307364e+00 -2.111553817823540680e+00 -2.106525418575257547e+00
-1.897483590061253222e+00 -2.476116784650083780e+00 -2.043436738234677641e+00 -2.010662117759197454e+00 -2.132927080915445472e+00 -2.109190938823894079e+00 -2.089912207966176716e+00
-1.815449086397039835e+00 -2.120803334168329890e+00 -1.932090877570305842e+00 -2.078588819832110968e+00 -2.102086917292455226e+00 -2.069764963670306379e+00 -2.111514745611998478e+00
-2.478931624925666100e+00 -2.083956988974771996e+00 -1.941241151576410751e+00 -2.225790602066523682e+00 -2.134708398293676979e+00 -2.081377459269726948e+00 -2.124428685504589076e+00
-2.260971686371131995e+00 -1.996333616655389998e+00 -2.040367643179862966e+00 -2.089851261319134679e+00 -2.159733372904744986e+00 -2.145066092644849487e+00 -2.094247401230582728e+00
-1.659837459286380046e+00 -2.005993795379869660e+00 -2.024683492099717874e+00 -2.083081229745582075e+00 -2.103752885735460154e+00 -2.115523295559803785e+00 -2.115064002875436611e+00
-1.778586125039568921e+00 -2.042525712589252862e+00 -2.013059836530199043e+00 -2.060211719614031267e+00 -2.168005952990357699e+00 -2.095930871554170238e+00 -2.107291091392122340e+00
-1.419328069087082422e+00 -1.938312882578031804e+00 -2.088078396388006297e+00 -2.130974487032931464e+00 -2.129157201198868421e+00 -2.111095611784768789e+00 -2.088173590736527974e+00
-1.774354049252406806e+00 -2.221667171487410997e+00 -2.195846648194692108e+00 -2.074038417273629253e+00 -2.128193742025133783e+00 -2.119376991069064964e+00 -2.119902988913014763e+00
-1.880199398383871179e+00 -2.148221963700262194e+00 -2.256198109012363950e+00 -2.029190426062154273e+00 -2.159186799432252890e+00 -2.109590526895598117e+00 -2.101910173989228525e+00
-1.909305472022678751e+00 -2.086956956539116170e+00 -2.064647456694923555e+00 -2.116244546110234381e+00 -2.105046356221875303e+00 -2.091912818685892184e+00 -2.104487507315557782e+00
-2.304058942496530094e+00 -1.721529208553814749e+00 -1.927860035091832236e+00 -2.108989518032130306e+00 -2.018284411568081360e+00 -2.120471788852934747e+00 -2.110226671849916080e+00
-2.241127437734250272e+00 -1.996568601358573947e+00 -2.173534988370044108e+00 -2.105435181267916178e+00 -2.132779293055921954e+00 -2.101523179426072474e+00 -2.109217852598078036e+00
-2.207257808762880913e+00 -2.166856672066970191e+00 -2.225120268647169830e+00 -2.101282441564070069e+00 -2.074217603262893839e+00 -2.092903439656832010e+00 -2.091951294887718138e+00
-2.145115766661123580e+00 -1.786451756480848196e+00 -2.043885189080760334e+00 -2.033338618721264979e+00 -2.105820763751584224e+00 -2.098021621867312447e+00 -2.117490403572945823e+00
-2.878084483538048133e+00 -1.943110231179214109e+00 -2.205248380160621302e+00 -2.245625091543208107e+00 -2.100725473842380175e+00 -2.107981584124051899e+00 -2.122657938838331315e+00
-1.839939961417175418e+00 -1.942567069572523897e+00 -2.078216389816431864e+00 -2.127377128077495350e+00 -2.172526103641295059e+00 -2.107064854188633873e+00 -2.104395066996058716e+00
-1.992697404136598349e+00 -1.709699055420526026e+00 -2.044103722505898890e+00 -1.975862955966072310e+00 -2.110177881678743539e+00 -2.111355783569231370e+00 -2.100649114187178590e+00
-2.093817200768390396e+00 -1.733158059334263035e+00 -2.028390644334395532e+00 -2.137837688975508854e+00 -2.067890519133309013e+00 -2.131960991843150133e+00 -2.104989145785550075e+00
-1.890027445239624848e+00 -1.790536851692384746e+00 -1.889749798625249388e+00 -1.956335401529896378e+00 -2.113129002668036271e+00 -2.079115722465690652e+00 -2.121781728793793675e+00
-1.932044406045475116e+00 -1.993868362550931250e+00 -1.902942631988921773e+00 -2.096783497647694006e+00 -2.075624681837408225e+00 -2.080815713905386666e+00 -2.113438768496732401e+00
-2.762902888007256585e+00 -2.169326187640749470e+00 -2.299186574317999110e+00 -2.193820502789573190e+00 -2.094501286774202775e+00 -2.111268594527813569e+00 -2.102936362896200784e+00
-2.280385673643854361e+00 -2.600020366505585656e+00 -1.821241765785169386e+00 -2.194609722024261522e+00 -2.174421842231126778e+00 -2.091936947992146578e+00 -2.116547954979239421e+00
-1.712164482340361005e+00 -1.890696288525284707e+00 -2.070548619103401933e+00 -2.211775182854199606e+00 -2.061024853880716989e+00 -2.110901451345720936e+00 -2.104924034163242919e+00
-2.079933100492225684e+00 -1.926796130638803950e+00 -2.143484717096001191e+00 -2.099376954857341104e+00 -2.137555603909851776e+00 -2.133987984410337546e+00 -2.122706504538310668e+00
-1.898671156643720659e+00 -2.193902131230261787e+00 -2.345878297145880254e+00 -2.067675869459934646e+00 -2.074382498823480248e+00 -2.099623622575013115e+00 -2.120704950799141564e+00
-1.613439741268154037e+00 -2.167816146396889465e+00 -2.063663247956278646e+00 -2.081949925168635751e+00 -2.096828015661292177e+00 -2.104107411193343324e+00 -2.101378847951250517e+00
-1.895643851301697991e+00 -2.059902011334622252e+00 -2.095219222367990852e+00 -2.115237219357526843e+00 -2.088092899490633592e+00 -2.078010807530548121e+00 -2.112845688428674151e+00
-2.067680849207281568e+00 -1.784616723886166323e+00 -2.246330985869176899e+00 -2.098192572642195497e+00 -2.105712060585084977e+00 -2.065170517298832387e+00 -2.100804404008352222e+00
-1.898940949141821655e+00 -1.794013455104776167e+00 -1.909703131192826087e+00 -2.206197809083461969e+00 -2.062959718507933360e+00 -2.085925574696029017e+00 -2.111302567750395376e+00
-2.088628823653676303e+00 -2.064131942327399827e+00 -1.973337302614348143e+00 -2.077982490676419935e+00 -2.065595086101392752e+00 -2.108891179638783697e+00 -2.100305295870650291e+00
-1.438561025203352717e+00 -2.455231509236969423e+00 -2.118507354286425670e+00 -2.215147121708566758e+00 -2.149711908601996235e+00 -2.095321201410500045e+00 -2.121892087302267527e+00
-1.430384267225085271e+00 -2.689988825567198205e+00 -1.810891333799935499e+00 -2.073219500906028578e+00 -2.167096506249140742e+00 -2.061979277508115604e+00 -2.109715360990010780e+00
-1.796169328109692209e+00 -1.722469296896975921e+00 -2.283611378348004983e+00 -2.051556719616687730e+00 -2.099164347419209431e+00 -2.102609727750838431e+00 -2.099279204439638224e+00
-2.036031016941720839e+00 -2.200309966206745571e+00 -2.045196662270180710e+00 -2.140420302756854021e+00 -2.108515926278454522e+00 -2.110593595792833455e+00 -2.095523994144822488e+00
-1.702756103998432247e+00 -2.123667349708523666e+00 -2.023959917354203775e+00 -2.050333431682732410e+00 -2.115979195782738742e+00 -2.125964394961715076e+00 -2.097282669361790752e+00
