(-2.1026084809554213+0j)
-2.339615630380261102e+00 -2.002533993193587047e+00 -2.119595087998777938e+00 -1.876119640784112086e+00 -2.065510424209295870e+00 -2.013168840588391184e+00 -2.136532325262432863e+00
-2.179173829634470483e+00 -1.822083817642122128e+00 -1.989486998435105125e+00 -2.309681387900314853e+00 -2.096209904337763774e+00 -2.106216800733853312e+00 -2.099256469118390811e+00
-1.921173405978736204e+00 -1.578481656788410348e+00 -2.160068791955635170e+00 -1.934056677905779509e+00 -2.160789266160404676e+00 -2.150224616183706416e+00 -2.057784162943155692e+00
-2.295208473616423994e+00 -2.110759198866547948e+00 -1.993234981896485625e+00 -2.216471885386297469e+00 -2.170070090487832282e+00 -1.975049748998917831e+00 -2.119230450862779946e+00
-2.046553565705960143e+00 -1.694941528699855260e+00 -2.265230272166119718e+00 -2.043094411246018982e+00 -2.103054649976752177e+00 -2.054570073191793078e+00 -2.132436376066095818e+00
-2.146968594715602752e+00 -2.022717544723572125e+00 -2.132793720655310477e+00 -2.020707799461944454e+00 -2.009837308142091494e+00 -2.028120661456143115e+00 -2.068135932819654244e+00
-1.586242974390346561e+00 -1.862859117984333235e+00 -1.935708210773229299e+00 -2.064971334692075722e+00 -1.988903609469884870e+00 -2.095635339949644571e+00 -2.042607733887286336e+00
-2.124432607567270814e+00 -1.936999027159243880e+00 -2.119330166120588999e+00 -2.120484133500081469e+00 -2.057722834350118823e+00 -2.073000229030295127e+00 -2.122302268376502710e+00
-2.334936202170003305e+00 -2.004263885328994022e+00 -2.179625470872552206e+00 -1.893523647800907872e+00 -2.043102234310826049e+00 -2.107661226461554627e+00 -2.106277127939067739e+00
-1.992379119126706177e+00 -2.047479027421229336e+00 -1.986794758279902817e+00 -2.081196077078947049e+00 -2.034443977617256483e+00 -2.231374645828995362e+00 -2.050327206246940648e+00
-2.183249071408985387e+00 -2.118128452287955099e+00 -2.090547680997463242e+00 -2.130129453027856279e+00 -1.968211371669246423e+00 -2.142108906186690920e+00 -2.059656599330355053e+00
-2.078231731114536185e+00 -1.849588029955549606e+00 -2.270875393249759178e+00 -2.076153191398245390e+00 -1.953214903844659789e+00 -2.121151067060619066e+00 -2.134208319298761758e+00
-2.154304303683638899e+00 -1.983883725531387698e+00 -2.003816908742884983e+00 -2.036475943138917444e+00 -2.197287152387311870e+00 -2.258422870296287854e+00 -2.104021598392116665e+00
-2.112564767277592015e+00 -1.784028718998681429e+00 -1.988583067348742350e+00 -2.066841927257352829e+00 -1.891900813984508822e+00 -2.012801254070623713e+00 -2.096098052011124757e+00
-2.309635882809686347e+00 -1.865006568116119423e+00 -2.135182842615819254e+00 -2.160084162503697947e+00 -1.999998683109835085e+00 -2.037092624290342435e+00 -2.147090984076945652e+00
-1.966367485836042706e+00 -1.830672700639462080e+00 -2.178053722779301538e+00 -1.947269963185602526e+00 -2.125355947881712115e+00 -2.105442639657509218e+00 -2.105862442016485758e+00
-2.342042569109850092e+00 -1.957971478835264012e+00 -1.936827995751652987e+00 -2.289252191119625746e+00 -2.182922234655849003e+00 -2.117569680402402454e+00 -2.157087200502398439e+00
-2.210459536292410654e+00 -2.025935004076809154e+00 -2.323979177391502837e+00 -2.110196330473932846e+00 -2.179480133884178272e+00 -2.067643471209579253e+00 -2.085259254898952364e+00
-2.178275512063978070e+00 -1.885732898555579018e+00 -1.970877551037240716e+00 -2.062287295149680233e+00 -2.022807302852501543e+00 -2.062736983842992089e+00 -2.102042185841885846e+00
-2.247340592918404045e+00 -1.898761682728522304e+00 -2.068967100943875259e+00 -2.275550000927245797e+00 -2.190883998136775368e+00 -2.144187102942226808e+00 -2.124471300361689519e+00
-1.787990907871081614e+00 -2.004574884093659914e+00 -2.139184687862249135e+00 -1.970987740112924769e+00 -2.218752599127529646e+00 -2.010019469879662513e+00 -2.090610430633854655e+00
-2.252152816347435582e+00 -1.797572311949372281e+00 -1.804610883833949853e+00 -1.955321325654137521e+00 -2.107479256218961261e+00 -2.119725682750821516e+00 -2.119453611322447806e+00
-2.245517954411551109e+00 -1.947132893850302748e+00 -2.287858497059648055e+00 -1.921379455798692071e+00 -2.114352383427196891e+00 -2.165713979297769765e+00 -2.072457076115484575e+00
-1.352382067402975840e+00 -2.033432021224139241e+00 -1.910508332175275381e+00 -2.154674462800286072e+00 -2.008971636003801020e+00 -2.080644497432886375e+00 -2.137074570704452725e+00
-1.590740308409998027e+00 -1.872972404096113319e+00 -1.873438147017727262e+00 -2.111918370548998780e+00 -2.146086988942652596e+00 -2.113312123883057225e+00 -2.137154074522961800e+00
-2.309006315046714164e+00 -1.898398883519405445e+00 -2.045965725476208696e+00 -2.004638218524046778e+00 -2.005892781299342786e+00 -2.106992656753092774e+00 -2.073242711175334207e+00
-2.003026231800956403e+00 -1.950118183149449180e+00 -2.174693980375543845e+00 -2.141676000772221755e+00 -2.194112223773004189e+00 -2.142117067775942019e+00 -2.139788469321386444e+00
-2.179994982868955766e+00 -1.896960288327883548e+00 -1.946221995984662279e+00 -2.009940039203405249e+00 -2.118778019790165779e+00 -2.060899306907368000e+00 -2.126596568026739575e+00
-2.325014983843923133e+00 -2.093599006999249390e+00 -1.782358513552809276e+00 -1.948974128184590038e+00 -2.065212821559883949e+00 -2.185664785052531478e+00 -2.140342595477262133e+00
-2.114298042237550135e+00 -1.829658805309707814e+00 -2.081704689327770641e+00 -2.156077233850762553e+00 -2.005808507362782489e+00 -2.051124170309072348e+00 -2.145235192797527279e+00
-1.836993962436945127e+00 -2.062114086103417065e+00 -1.875334929697888287e+00 -2.205971835084145738e+00 -2.223609938714118606e+00 -2.108924574131616492e+00 -2.080967996090622663e+00
-1.928720568785163625e+00 -1.911929387639708766e+00 -2.237046055112345222e+00 -1.951701999137233079e+00 -2.025239565818437004e+00 -2.185174860383294337e+00 -2.053813033534703791e+00
-1.993940143562910494e+00 -2.130842559579244622e+00 -1.802771438270101889e+00 -2.087854179447161229e+00 -2.148018054542332855e+00 -2.241187730925947363e+00 -2.041073180733164349e+00
-2.111082356389063275e+00 -2.144019873470313087e+00 -1.875840271388334424e+00 -2.079059746825050237e+00 -2.246011778454109376e+00 -2.211975880940598493e+00 -2.098293931332129603e+00
-2.229928585830507792e+00 -1.838639656986449378e+00 -2.234408830920522782e+00 -2.158493580951973634e+00 -2.036690446952304612e+00 -2.172467232687431249e+00 -2.114838606000207122e+00
-1.535466505887602473e+00 -1.816389542539862401e+00 -2.267169060740663156e+00 -2.136229661630465682e+00 -2.065739882844770392e+00 -2.107354066059330400e+00 -2.093641176066311616e+00
-2.021863133670224855e+00 -1.994252314792870573e+00 -2.033807893503904118e+00 -1.772489724491531859e+00 -2.013182996453950935e+00 -2.117227451132030147e+00 -2.043698835544092596e+00
-2.067308250141452586e+00 -1.924663040867845565e+00 -1.940922440605292953e+00 -2.041777549467190589e+00 -2.127572629595820608e+00 -2.125530252023628108e+00 -2.159867535053946241e+00
-2.236488683891366236e+00 -2.053969213867679500e+00 -2.024979230407419450e+00 -1.895165325672461654e+00 -2.082811178939279806e+00 -2.096804040056149177e+00 -2.129072847344549935e+00
-1.924614032976307287e+00 -1.836187761034103527e+00 -2.023588292273998057e+00 -1.962408945110051040e+00 -2.060946239973135086e+00 -2.117518177415225189e+00 -2.112711809313364775e+00
-1.808495000513278494e+00 -1.961194452714214442e+00 -2.035445141799354207e+00 -1.974819662076129800e+00 -1.896490781678682680e+00 -2.055009967738132381e+00 -2.123972651358488228e+00
-2.185793159006321318e+00 -1.886667112022768045e+00 -2.096727046035379516e+00 -2.064330505343911160e+00 -2.184669637745439985e+00 -2.128055792450636918e+00 -2.106513740845931792e+00
-2.229201071619795638e+00 -1.997924065187228093e+00 -2.141317683912280501e+00 -1.881307839917718772e+00 -2.036138249615791374e+00 -2.180357501159354783e+00 -2.140247914606215218e+00
-2.124092198554584865e+00 -1.629261171907833372e+00 -2.258176541594385967e+00 -2.351017985544284095e+00 -2.184962842128767235e+00 -2.050761153365673550e+00 -2.119014713316800247e+00
-1.938925871751247421e+00 -2.063700000356173625e+00 -1.811451127348084444e+00 -2.106207809904011796e+00 -2.159634289326885614e+00 -2.107445307630494646e+00 -2.159476312570215661e+00
-1.987633704509479404e+00 -2.035026667512157772e+00 -2.041483267821011527e+00 -2.062941196968852253e+00 -2.098609953104285442e+00 -2.143383751771863466e+00 -2.041483751755040821e+00
-1.914908451084251784e+00 -1.970414953026459193e+00 -2.249424246152687878e+00 -2.046914963918225805e+00 -2.081590638129931392e+00 -1.977617678842293447e+00 -2.105695484129604278e+00
-2.177969771094827145e+00 -1.799996783788191390e+00 -2.263197842528580139e+00 -2.115665417278621341e+00 -2.091847251381276251e+00 -2.059344134000981263e+00 -2.075477608192082712e+00
-2.145777338218764818e+00 -1.911568893691665050e+00 -2.060673616880710490e+00 -2.139819278671948766e+00 -2.160667956541733048e+00 -2.066748249756784617e+00 -2.127623101111767667e+00
-2.273559749082751047e+00 -1.822778127974424400e+00 -1.965815796374086544e+00 -2.117652440993203378e+00 -2.133513177388515203e+00 -2.108031173404236736e+00 -2.033915135418620679e+00
