(-2.1026084809554213+0j)
-2.185172446446025596e+00 -2.028974549504662050e+00 -1.983350391098080090e+00 -2.040483336144490067e+00 -2.097651852898261282e+00 -2.118239813929815973e+00 -2.115673347155092365e+00
-1.841334704422552093e+00 -2.088422722905388440e+00 -2.024927688196872744e+00 -2.135347163100335344e+00 -2.123372366362418440e+00 -2.110610517392949248e+00 -2.107094588884825370e+00
-2.226496136781568325e+00 -2.153327179425379434e+00 -1.889812986852710486e+00 -1.975973597536506476e+00 -1.999158462246622969e+00 -2.064032713733646496e+00 -2.088530486716570600e+00
-2.079990274553243701e+00 -1.975739278446523528e+00 -1.974643266423027343e+00 -2.072066544145486855e+00 -2.066672320929055395e+00 -2.093831479335909851e+00 -2.097957380157399410e+00
-2.219494197257781742e+00 -2.332323426577157299e+00 -2.140253209295178038e+00 -2.124287180860600976e+00 -2.111610830165650210e+00 -2.116262890683351827e+00 -2.107820768192048000e+00
-1.960042247471347920e+00 -1.945045362557965340e+00 -2.012449536944543205e+00 -2.086686320545223960e+00 -2.054441822310663746e+00 -2.085657736324202816e+00 -2.093553197486516471e+00
-2.004667582502346335e+00 -1.992734093975099485e+00 -2.046214393138919618e+00 -2.063076352941993985e+00 -2.094364373266725199e+00 -2.126607235840020316e+00 -2.096338560329347622e+00
-2.168194506182625325e+00 -2.064261703922091407e+00 -2.072990312244183286e+00 -2.123524549789338245e+00 -2.068267577058845674e+00 -2.088199026317055562e+00 -2.096338782767962261e+00
-1.867232704540355837e+00 -1.779365341068024575e+00 -2.060538149332783675e+00 -2.096297738333139371e+00 -2.112780800864463515e+00 -2.113195298331056904e+00 -2.099966896400661476e+00
-2.180725096688835407e+00 -1.550767281399068498e+00 -2.090079277296362559e+00 -2.170867435340043006e+00 -2.120740586622269053e+00 -2.096433305559632920e+00 -2.099092556236582752e+00
-1.882166194955952276e+00 -2.266142834079805546e+00 -2.273737185242531211e+00 -2.103945618012184937e+00 -2.058316681518158830e+00 -2.067657554372878792e+00 -2.103910926200573073e+00
-2.128274576978396837e+00 -1.838799460247811490e+00 -2.097528633357918171e+00 -2.083254468226014566e+00 -2.119529172158457264e+00 -2.118635060798057079e+00 -2.094342961244591628e+00
-1.630606152246774521e+00 -1.871990052478418987e+00 -2.083672867096514114e+00 -2.141389706607014887e+00 -2.111418817450487317e+00 -2.101912565353244666e+00 -2.099087190009564452e+00
-1.962373598617170201e+00 -1.864295636434955661e+00 -2.095426831618172336e+00 -2.080853798116356401e+00 -2.105424545098336431e+00 -2.104135827034407491e+00 -2.107913582751679726e+00
-2.089118382370378502e+00 -1.990985138357157735e+00 -2.284522342194008626e+00 -2.089057931123385004e+00 -2.128825780143931645e+00 -2.138377345320257916e+00 -2.112933015688360339e+00
-2.110599575855630405e+00 -1.999010758613852579e+00 -2.065315988457892438e+00 -2.046504859976044255e+00 -2.113381905498767921e+00 -2.102445727966698819e+00 -2.104857180810508765e+00
-2.210214753062600401e+00 -2.286329597583084627e+00 -2.112110668439872274e+00 -2.179123048872972035e+00 -2.119323105672810570e+00 -2.095354898651657471e+00 -2.105706174927896690e+00
-2.065900834352382809e+00 -2.188573349300632742e+00 -2.198425694035023970e+00 -2.181222595588690361e+00 -2.130939722214908016e+00 -2.079746321517263574e+00 -2.106174620653045171e+00
-1.697588192236693772e+00 -2.093701701837626050e+00 -1.938545974090722268e+00 -2.041916420031316015e+00 -2.116112136506519192e+00 -2.107210544155051934e+00 -2.091995830810195578e+00
-1.945876548984011523e+00 -1.811320953590166649e+00 -2.033689764974745184e+00 -2.043689838979000584e+00 -2.099167577926330353e+00 -2.135665483955456523e+00 -2.108605537135397334e+00
-2.177428253308273831e+00 -2.393444977191143686e+00 -2.164552785143794900e+00 -2.072148326648587613e+00 -2.064058095573523932e+00 -2.111157532202240006e+00 -2.105345302712697819e+00
-2.017976607802189903e+00 -2.070723543297817493e+00 -2.133356798587402459e+00 -2.201594664186901973e+00 -2.123754943218712388e+00 -2.110106484415776862e+00 -2.088676086513667762e+00
-1.709864703316746892e+00 -1.836565791314664908e+00 -1.941489941004013398e+00 -2.100724287242287769e+00 -2.133545335991526404e+00 -2.118527320959219473e+00 -2.123268183563942202e+00
-1.874091178226024113e+00 -1.937961582130986571e+00 -1.851217070986386881e+00 -1.968738695986511411e+00 -2.066637619634000167e+00 -2.094609023824621996e+00 -2.108381576607614605e+00
-1.913339045323966259e+00 -1.910981075441700927e+00 -2.095673302301453766e+00 -2.122422414780262834e+00 -2.072502293430289910e+00 -2.059247583137965076e+00 -2.091017678170744354e+00
-2.114456470745379235e+00 -2.011010539541767006e+00 -2.190956892799220235e+00 -2.166560381488810361e+00 -2.068431867207612740e+00 -2.107373175870625559e+00 -2.094149847523848251e+00
-1.946346081121872240e+00 -1.900993351353831073e+00 -2.054330362322291492e+00 -2.032280662799539339e+00 -2.039008485717381802e+00 -2.076415124130025269e+00 -2.095852464140140370e+00
-1.926732617263645198e+00 -1.924968164542040894e+00 -2.202352947889380186e+00 -2.237734551581151532e+00 -2.137411419736432450e+00 -2.107540284600376346e+00 -2.102570278916009450e+00
-1.985314741968346341e+00 -2.154733592521102636e+00 -2.213081632720932834e+00 -2.163909175494671988e+00 -2.090589027487293805e+00 -2.116595061149717516e+00 -2.112563480410383221e+00
-1.907736807966600612e+00 -1.968781268243518179e+00 -1.979333215780636701e+00 -2.117327143567726111e+00 -2.169577573792586200e+00 -2.143752370606116120e+00 -2.116967608671049828e+00
-2.140272717642177192e+00 -2.307284159783526079e+00 -2.412044425553312887e+00 -2.193723845833606134e+00 -2.080507633834536740e+00 -2.104401572922830255e+00 -2.110508085589249738e+00
-2.129843272067068582e+00 -1.925262898816680002e+00 -1.878199614716481003e+00 -2.035432746652234393e+00 -2.134675614019921674e+00 -2.126388834392375138e+00 -2.114180197962553187e+00
-1.796069358826274165e+00 -1.723668679050617047e+00 -1.857794259202214304e+00 -2.003604306666501245e+00 -2.083434898991320949e+00 -2.074639684366438530e+00 -2.098167844509556623e+00
-1.550689942935241428e+00 -1.997698190582017697e+00 -2.032925762381884383e+00 -1.989904202241684184e+00 -2.046609157389615685e+00 -2.091397440525811113e+00 -2.112197115832498362e+00
-2.063439117001857781e+00 -2.054653428986883412e+00 -2.199993297857585794e+00 -2.161925453514139228e+00 -2.105271575625730307e+00 -2.095979704051862846e+00 -2.091285946254239914e+00
-2.088024688754567926e+00 -2.002616636174677556e+00 -2.272207395046006440e+00 -2.153945318480506632e+00 -2.187483025218930788e+00 -2.120083020559864195e+00 -2.116064510530165421e+00
-1.865926460282149701e+00 -1.867712181220210210e+00 -1.919049090974876082e+00 -2.152803743962045324e+00 -2.090149322467967252e+00 -2.075613961426582499e+00 -2.106624108762930270e+00
-2.049549291707362109e+00 -2.225208876925808710e+00 -2.101846707259711344e+00 -2.114418651248534342e+00 -2.103281172317777781e+00 -2.100564157493312933e+00 -2.089465437212626231e+00
-1.957331333897621262e+00 -2.236494495523168702e+00 -2.144690435949945240e+00 -2.088768201864731111e+00 -2.120309074056630827e+00 -2.137861334474827402e+00 -2.103003743475627907e+00
-1.584158755713581446e+00 -1.744804100471227803e+00 -1.877656742563205583e+00 -1.961541656630405139e+00 -2.057684559547866776e+00 -2.096858188673555112e+00 -2.112100565833207710e+00
-1.975129037872162874e+00 -2.130455173839135519e+00 -2.065157402792737074e+00 -1.993852907418128595e+00 -2.072827859050697441e+00 -2.079893709535026058e+00 -2.104403436030340302e+00
-2.063049456636147472e+00 -2.071020203648719971e+00 -2.122414500296118334e+00 -2.219129739452300853e+00 -2.145801121175768600e+00 -2.099278023179461883e+00 -2.099139235731901643e+00
-2.083791226558322052e+00 -2.093899400200158745e+00 -2.157401523395027887e+00 -2.197888468137985996e+00 -2.156239456186223702e+00 -2.110341393345477101e+00 -2.098153672765443289e+00
-1.882231907652983649e+00 -2.239988260382427043e+00 -2.350117104584854566e+00 -2.158514562981346252e+00 -2.125177701583007561e+00 -2.107626524935894530e+00 -2.096841996163274935e+00
-2.092342564595016441e+00 -2.085685188462379713e+00 -2.060454284123247604e+00 -2.029270229974727613e+00 -2.084395712836685011e+00 -2.122990382132418752e+00 -2.111348680042277159e+00
-2.094969274238159151e+00 -2.374736584397550310e+00 -2.247098860667568587e+00 -2.186573043419415718e+00 -2.090554735784486695e+00 -2.091149786530827281e+00 -2.099304630548940231e+00
-2.028769884458548223e+00 -2.566218430754683144e+00 -2.128860868108142679e+00 -2.101859467869880760e+00 -2.128406199004806432e+00 -2.094260599388304556e+00 -2.099847182863824102e+00
-1.820888085489832831e+00 -2.212272820756595593e+00 -2.054106929964369943e+00 -2.081861748076843099e+00 -2.086158447510880976e+00 -2.092945359898927826e+00 -2.108854244491747743e+00
-2.051582215659261799e+00 -1.942594464391671050e+00 -2.147791302476083075e+00 -2.110199179477865172e+00 -2.138920104223542396e+00 -2.111642866672787555e+00 -2.096677365926272074e+00
-1.990761095340975562e+00 -2.103814397523700919e+00 -2.291407928879649170e+00 -2.168910660137333579e+00 -2.138922039308592815e+00 -2.119588671523040535e+00 -2.105244553548991426e+00
