(-2.1026084809554213+0j)
-1.974461087072044041e+00 -2.043356239953853404e+00 -1.790658032195734828e+00 -1.915441673838444325e+00 -2.280713667928371713e+00 -2.055859615565603260e+00 -2.071195282766712609e+00
-1.952909142515450780e+00 -1.939330380245042118e+00 -1.900200156724288547e+00 -1.921072559807501801e+00 -2.074834430608586189e+00 -2.183579804175015848e+00 -2.060345589872456529e+00
-1.920038462403277801e+00 -1.895532445355282869e+00 -1.974577121859636630e+00 -2.117651064910027081e+00 -2.223125498822117407e+00 -2.142241788938608948e+00 -2.178825008768915161e+00
-1.889126323984786193e+00 -1.807620044132693948e+00 -1.807329507206027364e+00 -1.964523461617280864e+00 -1.912803901010460716e+00 -2.050168903000668230e+00 -1.996177109515806292e+00
-1.732530884583315167e+00 -1.838137020168172375e+00 -1.941100391240708989e+00 -1.882034405539037669e+00 -1.914352658231576410e+00 -2.076904883359430798e+00 -2.040307647641209421e+00
-2.003867815887501180e+00 -1.974151829353955279e+00 -1.923463367252292722e+00 -2.075312878584711029e+00 -2.239229794838797361e+00 -2.184798779554509185e+00 -2.112534776654923174e+00
-2.073495869460763696e+00 -2.019237661785703963e+00 -1.942895787530819485e+00 -1.963031892060236760e+00 -1.970860827249199421e+00 -2.094465318929936259e+00 -2.201841698421493465e+00
-2.043247429465870901e+00 -1.853629891854129408e+00 -2.018342981338408393e+00 -2.170143794381094171e+00 -2.147451483670738348e+00 -2.121130998974534165e+00 -2.076500336596001972e+00
-1.965203294741133755e+00 -1.897988939066034497e+00 -1.973786066214432644e+00 -1.834413601648680059e+00 -2.022440540427135502e+00 -2.000521054639605723e+00 -2.084756449108849274e+00
-1.992574399030818233e+00 -2.073247739074316254e+00 -2.043235338982295701e+00 -2.031751693023747585e+00 -2.071323353810894830e+00 -2.077919340637817136e+00 -1.923298533671237820e+00
-2.015028226324220295e+00 -1.982292143292818665e+00 -2.134119305549537771e+00 -2.024589686821284040e+00 -1.979782884063564952e+00 -2.058737845968461322e+00 -2.067833491595742146e+00
-1.623192263897574872e+00 -1.947593150393349903e+00 -1.901763159571462802e+00 -2.140623105451015640e+00 -2.127587635741004846e+00 -2.078495030854750070e+00 -2.129749124136462335e+00
-1.973135097081907707e+00 -1.907852705316258835e+00 -1.893048126765257466e+00 -1.922804823136952335e+00 -1.832176170910735369e+00 -2.171627972783497285e+00 -2.222354206680369870e+00
-1.819939480446694402e+00 -1.963722579595270634e+00 -1.907478206096713036e+00 -2.201173623517395761e+00 -2.225084387114138806e+00 -2.139967413884961811e+00 -2.151883748305734478e+00
-1.890208878254156843e+00 -1.949132951116969492e+00 -1.959139926928262998e+00 -2.237506822207019574e+00 -2.155643721389212786e+00 -2.091307995462938329e+00 -2.016708658398109311e+00
-1.891031703830407418e+00 -1.929454293586089220e+00 -1.928953179885020353e+00 -1.871605811154757992e+00 -1.913933531281289513e+00 -1.984471259216042505e+00 -2.015783564519438187e+00
-1.668985869290001034e+00 -1.831229969291550352e+00 -1.840793950155296343e+00 -2.078874890593972680e+00 -2.160762333243277489e+00 -2.239878305093542465e+00 -2.197351929388945635e+00
-1.928311344912014169e+00 -2.005029242561914060e+00 -1.842076554573709224e+00 -1.734860961761791831e+00 -2.031769456554266995e+00 -2.057701094563734401e+00 -2.091175500480342730e+00
-1.851143452580861215e+00 -1.847807867236844093e+00 -1.986067011322142140e+00 -1.976986965448824796e+00 -2.168291803748323865e+00 -2.012338477672859227e+00 -2.116095096686047228e+00
-1.838515318679903032e+00 -1.861042245620831981e+00 -1.937651916207209890e+00 -1.977221221399051654e+00 -1.973133963165636606e+00 -2.165674110183763545e+00 -2.184717373112562200e+00
-1.792810550883491949e+00 -1.898880658165670532e+00 -1.829784396990279394e+00 -1.892647762554583668e+00 -2.047127650751229488e+00 -2.062493794049383489e+00 -2.102771954992158854e+00
-1.912556999121646895e+00 -1.909278063724786589e+00 -1.946479724788943155e+00 -2.152167405338496931e+00 -2.001433690841594615e+00 -1.859334642766322432e+00 -2.032174509707037391e+00
-1.998996313471977038e+00 -2.024503788510048530e+00 -1.995869777708014547e+00 -2.189302846741256303e+00 -2.038854839207379754e+00 -2.116556854692296596e+00 -2.061859368169742357e+00
-1.985885658203511372e+00 -2.033029999478074501e+00 -1.851404026644361656e+00 -2.155641334479701854e+00 -1.933412651050731901e+00 -2.077531917368371062e+00 -2.074807316968304782e+00
-2.023470797034537583e+00 -1.886003408063463560e+00 -1.905508755438747759e+00 -1.886528020512604265e+00 -1.933864616282746862e+00 -2.094817171656353949e+00 -2.125471090869526236e+00
-1.811851897059980399e+00 -1.939872835736308199e+00 -1.834809902117771285e+00 -1.914085993857284285e+00 -2.084613269562004767e+00 -2.202247141410880182e+00 -2.206979999728409858e+00
-1.944655704813932573e+00 -1.961610306569333773e+00 -1.920479854687656251e+00 -1.975209907306176182e+00 -2.064349859143059795e+00 -2.061723897143963313e+00 -2.073476452664834824e+00
-2.003867483120586712e+00 -1.923683357333647814e+00 -1.647576343066086357e+00 -1.766030232307233661e+00 -2.042671834860535274e+00 -2.211362401374170616e+00 -2.119322707973321673e+00
-1.952794804147831798e+00 -1.904646675096808961e+00 -1.979348799616011290e+00 -2.154488515408735871e+00 -2.017287110363538805e+00 -1.947522815461490309e+00 -2.068955939537493904e+00
-1.951507654565582728e+00 -2.026460308646712782e+00 -1.919598715622169660e+00 -1.751405741081949685e+00 -1.931991944726868526e+00 -2.027241079832702297e+00 -2.086804829341455836e+00
-1.950676282843930354e+00 -1.889845302242309399e+00 -1.932850509741307787e+00 -1.954208324291452303e+00 -2.083782715657628515e+00 -1.968480842460014202e+00 -2.066803378030901861e+00
-1.648955334069807099e+00 -1.809446427156649051e+00 -1.936088134127592619e+00 -1.746522633152149506e+00 -2.056808807464282296e+00 -2.185481398903525552e+00 -2.206475432875426357e+00
-1.999927220707696796e+00 -1.965169588339113371e+00 -2.062842900588572448e+00 -2.117500529062651626e+00 -1.999840332709925450e+00 -1.939806211211415610e+00 -2.069334986586301106e+00
-1.914250682017238914e+00 -1.951344196812155429e+00 -1.914004356605089052e+00 -2.191799395433769782e+00 -2.064587325742623936e+00 -1.963532678130624154e+00 -2.166109260160506977e+00
-1.710607533974520589e+00 -1.849119669836050361e+00 -1.907868686952433723e+00 -1.971793926724064727e+00 -1.935691659426868716e+00 -1.996989736872671672e+00 -2.021249017359028510e+00
-2.014979085476602094e+00 -1.891188102801014681e+00 -1.827977937911346107e+00 -1.832952495028685291e+00 -1.952491873510579401e+00 -2.196873320878493185e+00 -2.268840539840119686e+00
-1.728733237880567097e+00 -1.983656446350054114e+00 -2.091849863908080920e+00 -2.120414633848115571e+00 -1.981316823160707674e+00 -2.104350910728714830e+00 -2.145007831702406165e+00
-2.039871910222106788e+00 -1.983844728308235883e+00 -1.966687061733135122e+00 -1.775746908401961033e+00 -1.937141887797909856e+00 -2.098516116510102947e+00 -2.169103412536331543e+00
-1.870198236217801790e+00 -1.884320555340983638e+00 -1.887382628977385401e+00 -1.869681578524305277e+00 -1.809638482479811294e+00 -2.098309978149948130e+00 -2.024510719950217918e+00
-2.003867483120586712e+00 -1.764239335564425470e+00 -1.777830559933594179e+00 -1.857857476325816437e+00 -2.110303362970056273e+00 -2.229222274707983509e+00 -2.072612152801835528e+00
-1.867314015138011207e+00 -1.820514214101482509e+00 -1.897363824973765656e+00 -1.931616162580778839e+00 -1.960778953951631154e+00 -2.075361432748849211e+00 -2.142566937446495512e+00
-2.000571786215668446e+00 -1.888119147542648202e+00 -1.941153614061861488e+00 -1.917366632550957295e+00 -2.057904520221862210e+00 -1.965085821104703090e+00 -2.019175962642763444e+00
-1.863241054340175618e+00 -1.977672928155678855e+00 -1.709221613548644658e+00 -1.711070122063996779e+00 -1.964470938219544438e+00 -2.081926816832045724e+00 -2.033355526403981095e+00
-1.794836785503485688e+00 -1.844711515482407860e+00 -1.815462598812262129e+00 -1.737810469978259276e+00 -2.115773010957433087e+00 -2.195173571607962337e+00 -2.096081807020548027e+00
-1.886140690670150555e+00 -2.094983872811439607e+00 -1.911883317843577901e+00 -1.925892379900308926e+00 -1.974541003312835441e+00 -2.016415171616254831e+00 -2.083857999370276382e+00
-2.031215680778942101e+00 -1.939055059173122597e+00 -1.960868660409734954e+00 -2.067837485364462324e+00 -2.022036590339704176e+00 -2.172771993568717974e+00 -2.083279918548445409e+00
-1.947218318010668359e+00 -2.066096925870171575e+00 -2.043199492016046115e+00 -2.116268454447546965e+00 -2.186637148345696779e+00 -2.160509082387489954e+00 -2.133019069375261090e+00
-1.812458583945284030e+00 -1.795885948766939189e+00 -1.724334216505801987e+00 -1.962031996234386400e+00 -1.868359609130358701e+00 -1.815383151248584293e+00 -2.065360689282801587e+00
-1.816287730889504681e+00 -1.934943795858808935e+00 -1.791331642643417821e+00 -1.886008232794620598e+00 -2.194556175764097006e+00 -2.108704083817379171e+00 -2.137945496010599911e+00
-1.721856671637011393e+00 -1.920197602327494257e+00 -1.994262475233896881e+00 -2.073719902431764517e+00 -2.128142360018648205e+00 -1.997022343370175479e+00 -2.105268356857727063e+00
