(-2.1026084809554213+0j)
-1.818169584024882379e+00 -2.135220924386024066e+00 -2.022612817949243080e+00 -2.143607166953148457e+00 -2.116054036531480165e+00 -2.116191245103039797e+00 -2.117519075879711110e+00
-1.383889439911256680e+00 -2.390068465709910939e+00 -2.167799411977637369e+00 -2.101391709094189153e+00 -2.077507127122967034e+00 -2.091874531488932210e+00 -2.102568497357586885e+00
-1.922392653325761369e+00 -2.171922309644975346e+00 -2.122416074107947637e+00 -2.094352163840063952e+00 -2.134497829882115560e+00 -2.088671249550616338e+00 -2.115799313439446827e+00
-2.340515375034750267e+00 -1.887230508710513011e+00 -1.936623175598520152e+00 -2.059559297161584368e+00 -2.136574632473372759e+00 -2.121915833435453536e+00 -2.099787746188396031e+00
-3.056859844916695046e+00 -2.135235907691598101e+00 -2.002910998335867720e+00 -2.041613717031225406e+00 -2.118028551502397328e+00 -2.069321957948246027e+00 -2.114417474245068540e+00
-2.256683201500834457e+00 -1.710016686049719903e+00 -2.338049719947095539e+00 -1.999248342560167702e+00 -2.072493660752142475e+00 -2.082897976395607031e+00 -2.111311366980071824e+00
-2.389575046862228547e+00 -2.549010735318525178e+00 -2.272971165663780546e+00 -2.133460974359913997e+00 -2.112800855073030171e+00 -2.134855880105894332e+00 -2.109359245625861412e+00
-2.220395900563449487e+00 -2.191738289406621298e+00 -2.062319974885903129e+00 -2.065442482105120270e+00 -2.121798323034663092e+00 -2.113254757557024632e+00 -2.114516057050551012e+00
-1.924677358328082510e+00 -1.718064762418097802e+00 -2.271937133934216035e+00 -2.102495893601131982e+00 -2.116472769988520852e+00 -2.109891841289665670e+00 -2.111981861081432044e+00
-1.794364314417671302e+00 -2.225898181792314467e+00 -2.002863989558752777e+00 -2.048296820013074004e+00 -2.131444389251027527e+00 -2.095907583288055598e+00 -2.095321237489142341e+00
-2.075181256166040988e+00 -2.422579334240038129e+00 -2.248206363162582822e+00 -2.064838448748932187e+00 -2.137817533574783102e+00 -2.095800096026152026e+00 -2.097064202339526062e+00
-1.849496763824075796e+00 -2.522974709763586176e+00 -1.965653290657414454e+00 -2.236490566409335301e+00 -2.123973387992458051e+00 -2.090066331517804077e+00 -2.099837931324157303e+00
-1.893112245567382113e+00 -2.051978092290095645e+00 -2.024958484322907815e+00 -2.175370029938946459e+00 -2.146591189981846171e+00 -2.109105817198495547e+00 -2.096578548588352575e+00
-2.096503053112843240e+00 -1.655632024617762932e+00 -1.909065761841981068e+00 -2.122639082234022645e+00 -2.156275113652414976e+00 -2.104214876578025084e+00 -2.092160756460165416e+00
-1.841754785396492400e+00 -2.061919511480891032e+00 -1.989902318930943492e+00 -2.141885704079054875e+00 -2.094456084343065072e+00 -2.131157839395264819e+00 -2.106308094785934948e+00
-2.219398508616726495e+00 -2.478853752396763532e+00 -2.083450948160336047e+00 -2.046304270518055191e+00 -2.069211777415405074e+00 -2.108670821024833497e+00 -2.108742575317979373e+00
-2.028638456807954960e+00 -2.204679481004654384e+00 -2.060885860253832913e+00 -2.173043895325839081e+00 -2.144558259694425928e+00 -2.087548428106973386e+00 -2.104427120965683962e+00
-1.654877895612887340e+00 -1.672966024231277382e+00 -1.986950771144243788e+00 -2.149865649684889135e+00 -2.072080120016019489e+00 -2.091441063741116935e+00 -2.117227247171496796e+00
-1.890361595242511683e+00 -2.172340223984429386e+00 -2.227953555709266453e+00 -2.120880600586199982e+00 -2.089717218511917274e+00 -2.114769993168768902e+00 -2.115978667109300382e+00
-2.353835580771946212e+00 -2.261574314036101985e+00 -2.097590323819159330e+00 -2.062179192606998335e+00 -2.026313714706410529e+00 -2.093999711472315006e+00 -2.117402633774829290e+00
-2.198412695010532047e+00 -1.754617162930051544e+00 -2.041553812698627901e+00 -1.915724804704610484e+00 -2.117908504107644418e+00 -2.106639519360644641e+00 -2.084409633247867433e+00
-1.853303934303890399e+00 -1.844342131467178181e+00 -1.891200223840855399e+00 -2.081271045718232848e+00 -2.103440408583681087e+00 -2.092443824245073358e+00 -2.117276663596257436e+00
-2.021553469017071336e+00 -1.945927276051077515e+00 -2.077624787418461239e+00 -2.078717615704175348e+00 -2.129426744672315408e+00 -2.108255044270273437e+00 -2.099519857790181021e+00
-2.136078124269113587e+00 -1.393503434338974056e+00 -2.266380895215960756e+00 -2.046106892480429096e+00 -2.097793832047827323e+00 -2.094539943484386768e+00 -2.093276453446569096e+00
-2.252947252321394700e+00 -2.221506183505581156e+00 -1.920699154583333401e+00 -2.157997625522584784e+00 -2.141686175912673740e+00 -2.087057532996736242e+00 -2.104347717733085155e+00
-2.415293111943702442e+00 -2.134574937838857878e+00 -2.225905877910709485e+00 -2.118648637777227783e+00 -2.131917605609623401e+00 -2.096908617564183341e+00 -2.112580429417905137e+00
-1.860137610759502680e+00 -2.183020202126167320e+00 -2.026786929760856282e+00 -1.923611434130774400e+00 -2.070330065850229939e+00 -2.141035327743896488e+00 -2.111881773662004136e+00
-2.053106938429195338e+00 -1.953251947741188932e+00 -2.129988684596141546e+00 -2.044754876904669061e+00 -2.085334602844605811e+00 -2.099545194513522617e+00 -2.106797696295898525e+00
-2.130714738046453505e+00 -1.837795788344192216e+00 -2.206371718772697665e+00 -2.179480175157691768e+00 -2.150645482056525282e+00 -2.104230782193259319e+00 -2.103660712141210976e+00
-1.760709476249100902e+00 -1.804593179299931682e+00 -1.880624476201931516e+00 -2.108334866322828738e+00 -2.157009783490265509e+00 -2.104463487746849104e+00 -2.110069828042075990e+00
-1.817103406647942565e+00 -2.038175121359360631e+00 -2.226454782001347610e+00 -2.112367410035592918e+00 -2.075011583692648820e+00 -2.079539688572990208e+00 -2.097105529164837279e+00
-2.130488445689001864e+00 -2.183450256671033429e+00 -2.275928263664698470e+00 -2.085470119919998311e+00 -2.051137448877747183e+00 -2.095657017982342385e+00 -2.085993823364697519e+00
-2.133517594457346789e+00 -2.304063964366783956e+00 -2.120627523289750904e+00 -2.147165774967914942e+00 -2.035602626786386260e+00 -2.112795220322240208e+00 -2.114749865529055306e+00
-2.277971633538698359e+00 -1.689007253271686659e+00 -2.286105801696899142e+00 -2.251320250509297516e+00 -2.105770601190499303e+00 -2.137466827468055719e+00 -2.088601380466683644e+00
-2.456490853849959688e+00 -2.079100872023248670e+00 -2.212592675407893061e+00 -2.103407040685848273e+00 -2.135563943229214168e+00 -2.105273236778012702e+00 -2.108075782126022091e+00
-2.061552685682671360e+00 -2.241942416678379679e+00 -2.225081051608321481e+00 -2.084029034540467507e+00 -2.083455944650416392e+00 -2.057563795373729576e+00 -2.091880602099030817e+00
-1.572229604293926775e+00 -2.102881092661353257e+00 -2.249546713176272750e+00 -2.100869902450331672e+00 -2.036523957393641115e+00 -2.122909206233817958e+00 -2.095863161157320853e+00
-1.640471510111195075e+00 -2.054852547395777496e+00 -2.101643039032983218e+00 -2.043438334141759682e+00 -2.068945039767594363e+00 -2.100424528380588463e+00 -2.102792671048116624e+00
-1.835886431938251961e+00 -2.001820392095665646e+00 -2.230444295725177106e+00 -2.135964317772503396e+00 -2.095582120519343228e+00 -2.097505036902504116e+00 -2.093492943242226900e+00
-1.337063036451960896e+00 -2.450444876570259112e+00 -2.104563948338303625e+00 -1.953416336805832154e+00 -2.077554532212245952e+00 -2.101219365887250667e+00 -2.106981776217858204e+00
-2.461609507111332196e+00 -2.122023401113378061e+00 -2.094707370661630819e+00 -2.031326060387075749e+00 -2.054331152536818195e+00 -2.120632327582558041e+00 -2.100165641630293401e+00
-2.159582465721287647e+00 -2.052735141676537811e+00 -2.249877249960301473e+00 -2.181757318850945815e+00 -2.128003641344039298e+00 -2.114643576869092101e+00 -2.097894056570046128e+00
-2.128287223209325951e+00 -2.498850130573172290e+00 -1.930629122316263713e+00 -2.140461139401621082e+00 -2.092814478765768982e+00 -2.126242896552994477e+00 -2.106584960508016025e+00
-1.878854889939151729e+00 -2.291695054962878952e+00 -1.958814438161875948e+00 -2.063548149097852225e+00 -2.108905900134105060e+00 -2.120245545984543512e+00 -2.082500558028345772e+00
-2.215428186734794025e+00 -1.856977902956178594e+00 -2.126349581144493683e+00 -2.122373486375360052e+00 -2.069936311081058022e+00 -2.106468176732827935e+00 -2.097283859980027643e+00
-2.073137912859727816e+00 -1.996241073246401321e+00 -2.258043381434809760e+00 -1.996669077337206666e+00 -2.061008093428852828e+00 -2.095670492941837271e+00 -2.103438086358830894e+00
-1.538027436012252336e+00 -2.014378880145955897e+00 -2.085430317318464510e+00 -2.179415829670015015e+00 -2.157595034961046210e+00 -2.089854531791740300e+00 -2.099377100799042495e+00
-2.197495262839531449e+00 -1.998271482560271206e+00 -1.991135678852322455e+00 -2.094509816175270878e+00 -2.145887364843793499e+00 -2.118513961783063948e+00 -2.103575427369425377e+00
-1.804942308069733103e+00 -1.988384617456828707e+00 -2.059337044278145790e+00 -2.124005676676429033e+00 -2.044988217609799541e+00 -2.129613993366260338e+00 -2.118449135898626157e+00
-2.250498908696481948e+00 -1.958680457111818818e+00 -1.804539750716835922e+00 -2.057449109799526887e+00 -2.060630432761837216e+00 -2.073355756348731482e+00 -2.095650282534731623e+00
