(-2.1026084809554213+0j)
-2.259517142925658195e+00 -2.043836309894422332e+00 -1.934307772742493770e+00 -2.096840541214615605e+00 -2.066743331560927821e+00 -2.088324917967504746e+00 -2.101671262036235444e+00
-2.014991727931600085e+00 -2.146973872465744115e+00 -2.259930779149464275e+00 -2.130364117219974762e+00 -2.127320661665993207e+00 -2.094386535828267615e+00 -2.099657689046526166e+00
-2.217152956156446919e+00 -2.250256863485587289e+00 -2.102867095711410617e+00 -2.057808273225546714e+00 -2.172483422819097232e+00 -2.135140156915322329e+00 -2.089916085055203432e+00
-1.067746462681471442e+00 -2.142180301424777333e+00 -1.799341657997662880e+00 -1.937575854064436554e+00 -2.091330985818932398e+00 -2.074279597379712126e+00 -2.089768735106613207e+00
-1.924152373276162287e+00 -1.732100037616533639e+00 -2.283466526808612063e+00 -2.061807692830600836e+00 -2.045426883831352960e+00 -2.104562570133406751e+00 -2.103942916058651136e+00
-1.913764152703489652e+00 -1.675492903216204255e+00 -2.286366412670528980e+00 -2.247396567284165592e+00 -2.066531632301613186e+00 -2.108371504039115329e+00 -2.104641140597585114e+00
-1.924242100208320982e+00 -2.159568412478488852e+00 -2.229316852904569046e+00 -2.219291536477216553e+00 -2.093381327488126331e+00 -2.101317285906735499e+00 -2.089223448301568808e+00
-2.100156443076597323e+00 -1.980826909599184615e+00 -2.017489942948991200e+00 -2.143530860588669817e+00 -2.115395038736873179e+00 -2.079569895987054995e+00 -2.101065502055245116e+00
-1.716915861912924779e+00 -2.218012128363614721e+00 -2.244095146962050702e+00 -2.144628346793422846e+00 -2.103881369764086351e+00 -2.090368933588713674e+00 -2.108224976664378580e+00
-1.758567501257038090e+00 -2.448218861696106252e+00 -1.993558745456318837e+00 -2.146420973522934261e+00 -2.060819312979107032e+00 -2.070123193695281749e+00 -2.120727251588613971e+00
-1.668239620027278658e+00 -2.372813263139681439e+00 -2.039090055689106507e+00 -2.147034684312239428e+00 -2.162384034862390170e+00 -2.085830030183506434e+00 -2.083994118108968507e+00
-1.842199100464741557e+00 -2.086906210820267837e+00 -2.070715043206284633e+00 -2.078019218503337484e+00 -2.153615779251023543e+00 -2.116448356352388593e+00 -2.090508296305497282e+00
-1.175465981478221567e+00 -1.929742525031841405e+00 -2.146918857524001023e+00 -2.126753469595390911e+00 -2.057901716058254227e+00 -2.112941730659589012e+00 -2.097300094455005315e+00
-1.941242635031119157e+00 -2.109401703666490491e+00 -1.981394184639521105e+00 -2.116219333955346116e+00 -2.165272197414728428e+00 -2.116089057967593945e+00 -2.094193850520567501e+00
-1.709547523709449512e+00 -1.885699150913464850e+00 -2.070552610694502249e+00 -2.169869068366543807e+00 -2.098076730801727852e+00 -2.072141155403897095e+00 -2.109595979194099691e+00
-1.837621660349737729e+00 -1.881725282768097696e+00 -1.800086796855071336e+00 -2.200246286746874169e+00 -2.103419640639488275e+00 -2.110871497204944269e+00 -2.116060336350227722e+00
-1.817123544398166368e+00 -2.190425218354060455e+00 -2.104570888333501699e+00 -2.037354506788323860e+00 -2.097619523792402685e+00 -2.091370831214603321e+00 -2.104889351142159803e+00
-1.755231215339505546e+00 -2.264528407850672664e+00 -2.078206061808039351e+00 -2.158021884874281149e+00 -2.065446920003408238e+00 -2.091220985378689612e+00 -2.079177388016209882e+00
-2.050243055188390784e+00 -2.333153478521825974e+00 -2.156137866666586245e+00 -2.052426741191461623e+00 -2.152210774596256648e+00 -2.082828671642035445e+00 -2.107472102404989389e+00
-1.977348373362963763e+00 -2.195769541933869640e+00 -2.046550140802680495e+00 -2.147944765135492595e+00 -2.120773075944224040e+00 -2.112069659895298379e+00 -2.104647649964637157e+00
-1.642108244903335290e+00 -1.391485983408622396e+00 -1.989331087047336410e+00 -2.106450120774497670e+00 -2.114186334132432066e+00 -2.118194766355706360e+00 -2.094386518571070610e+00
-2.429197134639783151e+00 -1.903650057983646615e+00 -2.093099156745578782e+00 -2.133939373525319816e+00 -2.112590689725473148e+00 -2.126850695693017990e+00 -2.101316124316070955e+00
-2.315234405717146338e+00 -2.089559558538506945e+00 -2.084834957500908637e+00 -2.061776537578134061e+00 -2.096663872654183525e+00 -2.131598944649761407e+00 -2.118463423097289855e+00
-1.756887146731268334e+00 -2.048096693491075371e+00 -2.147164521252503455e+00 -2.071587660472962611e+00 -2.056916153556460181e+00 -2.115456407724517263e+00 -2.095175255827867566e+00
-1.462255604294927069e+00 -2.007513644484758331e+00 -2.067679196701676769e+00 -2.154859764919083709e+00 -2.148461584600648955e+00 -2.083430811689709117e+00 -2.103971758466204545e+00
-1.342301000209052741e+00 -1.677476156660000273e+00 -1.886129196697593491e+00 -2.088671466074647043e+00 -2.123044875554046307e+00 -2.074102672325927266e+00 -2.121080373624856463e+00
-2.073028297341314996e+00 -2.087774639799179432e+00 -2.051568300158807645e+00 -2.140525975878770915e+00 -2.110925636534267014e+00 -2.070764930820790717e+00 -2.089331235084020300e+00
-2.142574953482878630e+00 -2.184268996416449671e+00 -2.203328563883547808e+00 -1.974381857859933920e+00 -2.137789519364401869e+00 -2.102103384551858412e+00 -2.080032152905481269e+00
-2.191084537767048701e+00 -2.206054116578203050e+00 -2.193145445048322983e+00 -2.034648155531489255e+00 -2.098340257736355685e+00 -2.100034456755235812e+00 -2.104401670440308791e+00
-1.840465121444812890e+00 -2.100463965116070586e+00 -2.263801081446660923e+00 -2.023750693318169702e+00 -2.077360945036521134e+00 -2.110961550379777840e+00 -2.125237642159123475e+00
-2.135843404547651758e+00 -2.391103622447118937e+00 -2.044525335394882681e+00 -2.147663091297981275e+00 -2.094856066508164361e+00 -2.115428517282188281e+00 -2.082843159693096524e+00
-1.908116279082820554e+00 -2.212550988044095668e+00 -2.105526241690903966e+00 -2.086007962147978567e+00 -2.099748058518601468e+00 -2.082254994423221817e+00 -2.078927338091838717e+00
-2.183144503774554934e+00 -2.079335981074245332e+00 -2.056450121026621503e+00 -2.066776061625393623e+00 -2.115759014806840810e+00 -2.126404520092064487e+00 -2.113111598730221807e+00
-1.837315750702354533e+00 -2.064014423094547190e+00 -2.206522988428506693e+00 -2.149991966338502536e+00 -2.083120768207493256e+00 -2.104129634920655967e+00 -2.128364832339438184e+00
-1.454127385583833032e+00 -1.903420109668655602e+00 -2.062841934110412723e+00 -2.012464773882649993e+00 -2.110848892097261231e+00 -2.086072815854227436e+00 -2.114145179697830557e+00
-1.236757565577909723e+00 -1.980045204198389586e+00 -2.098965225658798506e+00 -2.081065770590859287e+00 -2.113218550516243965e+00 -2.119697283339879945e+00 -2.124135171932329591e+00
-2.110594414589913370e+00 -2.067008147121986106e+00 -2.042263402969797248e+00 -2.073016199566170670e+00 -2.089290763580708088e+00 -2.071151299556038161e+00 -2.068134627267180115e+00
-2.084294680745889750e+00 -1.941385694204079249e+00 -2.339016518668887823e+00 -2.126203722762147308e+00 -2.069529047408313449e+00 -2.097158123323640488e+00 -2.104105404401372503e+00
-1.963843836600471571e+00 -2.518739380972749409e+00 -2.179722410014580447e+00 -2.203668616622125320e+00 -2.111043662016718780e+00 -2.111782854936305576e+00 -2.094321585115827666e+00
-1.777916252131560126e+00 -2.082657600745357662e+00 -2.322965850291676126e+00 -2.115254309341380257e+00 -2.109204950133404921e+00 -2.114296578190117515e+00 -2.112741822679959469e+00
-2.009026167658839235e+00 -2.200542159952623145e+00 -1.966850434913680390e+00 -2.276014894041835213e+00 -2.072863182556775818e+00 -2.126700720888914375e+00 -2.083061449218490679e+00
-2.121024199725362269e+00 -2.406513065020282838e+00 -2.202673429933965643e+00 -2.073393123816200223e+00 -2.045859274786493653e+00 -2.091719833027990472e+00 -2.083317504684227828e+00
-1.633225580132693810e+00 -2.071301706909012275e+00 -2.100144673472455814e+00 -2.191262172323575008e+00 -2.063303332032084825e+00 -2.118298833914396440e+00 -2.114385269083672192e+00
-2.084294460421546979e+00 -1.926648579991833810e+00 -2.019398600538096389e+00 -2.118583692295992194e+00 -2.107928962633934145e+00 -2.129784525642953508e+00 -2.117352554242901697e+00
-1.573699854180014679e+00 -2.210732098890185959e+00 -2.016895347137352523e+00 -2.015839897553520110e+00 -2.021456198444076868e+00 -2.083208359724076697e+00 -2.126021842956863139e+00
-2.062309509948140551e+00 -2.281962459646165620e+00 -2.155326974397986817e+00 -2.100272320795729009e+00 -2.121766357138857195e+00 -2.082697891771245757e+00 -2.121918494940735922e+00
-1.981277995731459907e+00 -1.685173502690898717e+00 -2.108878820559867417e+00 -2.056717861860536178e+00 -2.091741621949795960e+00 -2.099119233154838060e+00 -2.066591187089783954e+00
-1.956852508214901976e+00 -2.133885823928646897e+00 -2.267273743854909984e+00 -2.141862035504875195e+00 -2.095989379213117232e+00 -2.101546173340119950e+00 -2.094564422048105001e+00
-2.213570890669626756e+00 -1.846053816136411507e+00 -1.951364622406649652e+00 -2.123353173765414326e+00 -2.147208094524066802e+00 -2.059113338521161296e+00 -2.096440427418136743e+00
-2.338602554886205276e+00 -2.079223264220973810e+00 -1.895303318450450858e+00 -2.088941743017751040e+00 -2.108054718397488259e+00 -2.077450523821464223e+00 -2.111489423920890118e+00
