(-0.07252412651091489+1.3877787807814457e-17j)
-2.691889919514794394e-01 -2.021887888617522888e-01 -7.830834074452716620e-02 -1.223767802377180719e-01 -1.146622371637841531e-01 -9.998055772809093245e-02
-1.799291096418321467e-01 -1.093849356662441458e-01 6.087898065847273388e-02 -5.524736230998827935e-02 -5.436209581952154007e-02 -5.838829838766095015e-02
-1.912326362822278081e-02 1.049084293548300795e-01 1.141165254234702275e-02 -4.456123125896666731e-02 -4.866542569514328842e-02 -1.297730423161175262e-01
-1.197449068402348660e-01 -1.278529939978287344e-01 6.484359489923041675e-04 -3.195527412966128744e-02 -9.006316250989739036e-02 -5.791095723803961481e-02
1.174865490098184750e-01 -7.095720567673349799e-02 -1.069800922033199431e-01 5.965722298658624606e-02 -9.409378268266380130e-02 -6.783173547388106350e-02
1.906420473728689113e-01 -3.078018387083257257e-01 -8.625232713202060641e-02 -5.414372447035679936e-02 -5.549125008365588668e-02 -7.987605079247481199e-02
-1.688675172304993088e-01 -2.122509584258029935e-01 -3.303165471230342515e-02 -2.870160786146482013e-02 -7.858506631998651848e-02 -5.598656289025764898e-02
-1.415821558801053648e-01 -1.060409081866017234e-01 -1.536526392446734557e-01 -1.557859926001936846e-01 -3.960383867451844342e-02 -7.651490370797700558e-02
3.614919092761750136e-02 8.857282510129618758e-02 -7.873107877315092817e-02 -1.288149699072370369e-02 -1.101998807777519462e-01 -7.384941066765597639e-02
3.800957638011370765e-02 -8.764007020157764394e-02 -1.353033678345299529e-01 -2.420366981696478459e-02 -8.995742696624584034e-02 -1.230247383021866314e-01
2.305334641312530020e-02 7.024893801411084826e-02 -4.812866434615281630e-02 -6.158749621459828211e-02 -1.754113594246225205e-01 -6.323388338020820287e-02
-2.200748692149172986e-02 -1.114429403859934775e-01 -4.831876379891049400e-02 -1.042705534033474546e-01 -7.443267567278698260e-02 -4.432063902788307974e-02
-5.263810978163181442e-01 -1.273627145723092990e-01 -4.186800235921676883e-02 -7.419278710525223364e-03 -8.312780106601688757e-02 -5.506543406983364919e-02
-1.846600849097166097e-01 -1.155036627777283192e-01 -1.434971694410869802e-01 -1.432746824943567088e-01 -9.541741976309138507e-02 -1.020828916175585688e-01
-9.949437030621285233e-03 -2.496945785448691779e-01 -3.228379256913236489e-02 2.466931825974848225e-02 -3.052677859794589166e-02 -8.137706128411026363e-02
-4.367303593829470754e-01 3.422665044426889680e-02 -1.511565985329296480e-01 -4.215050001883509367e-02 -8.678553526792459616e-02 -9.883297001419681649e-02
-3.309860564885608314e-02 -1.247005959118624996e-01 -1.657980881024854192e-01 -1.738648302280286773e-01 -1.713250889191988979e-02 -5.743437965003367340e-02
-1.469095735123328028e-01 3.718021650714582738e-02 -1.024281970922601703e-01 -1.608319843790732007e-01 -6.171306616830500580e-02 -7.479732135543595839e-02
-2.025834703119173408e-01 -4.801863720242978417e-02 -1.622292887749254287e-01 -2.013345742968472574e-01 -6.612601990219239834e-02 -3.333004358489297103e-02
-7.278631692938919429e-02 1.110345394658661111e-01 -1.238450063463388678e-01 -5.607004339152055206e-02 -6.709417008526138981e-02 -8.712100816904176648e-02
