(-0.07252412651091489+1.3877787807814457e-17j)
-2.285542990488654280e-01 -7.412690341849864639e-02 -4.754497778654067502e-02 -7.880947317798935037e-02 -6.446242992266162930e-02 -8.386093627295079789e-02
3.248341481503400630e-01 4.280532739682388343e-03 -1.505827924291021080e-01 -9.574677614838685014e-02 -1.289406198964374028e-01 -9.237856195466556675e-02
3.916612042314539244e-02 -3.103339373565955350e-02 -7.442506576095322957e-02 -2.035139773610213781e-02 -1.852814886306534264e-02 -5.967569526618299314e-02
8.766718079859922574e-02 -1.508684715413639299e-01 -1.423124824709287306e-01 -1.184773703623554775e-01 -9.313474282814727945e-02 -9.519387619107488874e-02
-1.901700271844860568e-01 -1.938867150951598117e-01 -1.858716519399353506e-01 -1.144615503091590547e-01 -6.796554049391621832e-02 -5.517588316866516018e-02
4.292255416016239888e-02 2.593579472581348036e-02 3.823023259156659026e-02 2.114821815836440133e-02 -1.634593576097329026e-02 -7.165126927272826018e-02
2.576984669601781186e-01 -1.046111447547738715e-01 -4.848311568791058290e-02 -6.772279680409590275e-02 -6.656875262184216990e-02 -9.240577564664831378e-02
2.075169276331183255e-01 3.197748513989909225e-02 -8.891281518500311620e-02 -8.344001854352536829e-02 -9.062698536881703959e-02 -6.829217073962189077e-02
-2.056471233490434203e-01 -1.876650677293387193e-01 -2.076255055197821775e-01 -1.346521359173041832e-01 -1.600489253731164629e-01 -1.277673891669461603e-01
-6.894752381061455826e-02 -1.007165439982940502e-01 -4.810549551657933992e-02 -7.942956085943023159e-02 -6.732260710832162209e-02 -6.888852018702115720e-02
-1.608884205275844248e-01 -2.353756670724414524e-01 -1.273230791230356429e-01 -1.771045350531799678e-01 -1.048054914419970368e-01 -9.710656350210618293e-02
-3.576544457019997098e-02 -2.491041722016786725e-02 -7.726957908425086119e-02 -1.066775304642390287e-01 -8.777347452444624054e-02 -8.661717851962608128e-02
-1.879407574133906689e-03 9.676823107235417443e-02 1.751100493301030459e-03 1.511971679701636095e-02 -6.194005641537242424e-03 -1.657762465489955039e-02
1.066017044269588349e-01 2.408486822937150329e-02 -2.249474480714655500e-02 -5.584336560376701453e-02 -4.572912436588912055e-02 -4.547253279896876221e-02
-4.996048594079308125e-02 -9.238165383656100904e-02 -1.001634325450260765e-01 -1.110460818742261824e-01 -1.312793299982934758e-01 -9.633746832704562224e-02
9.765427514778646234e-02 4.697049396646832409e-02 1.727587372039551122e-02 4.864849644110855187e-02 2.310660836611771324e-02 -3.188958078332686241e-02
-1.146940646041991196e-02 1.692864950297212623e-02 -9.564355053164974585e-02 -1.291639867581362289e-02 -1.291790906427300878e-02 -6.248335446969674467e-02
2.192547996451621184e-01 7.120625991664859822e-02 5.906357170200943890e-02 1.252191588195339378e-03 -1.476438936694517146e-02 -5.283092508048471692e-02
-6.833649153545554022e-02 1.649978309641050300e-01 -8.036458737858849510e-02 -7.179411932590420986e-02 -5.277343286490200625e-02 -6.082524941246672534e-02
4.181120455001857694e-01 5.832411052591875145e-02 2.360207573855410690e-03 -5.921029389970136614e-02 -1.001659029644381971e-01 -3.569921906967322978e-02
