-46.4218104888124969 0 0 0 0 0 0 0 0 0 0 0 0 0 0
1.6565254006187384 0 0 0 0 0 0 0 0 0 0 0 0 3 0
12.4134918746984777 0 0 0 0 0 0 0 0 0 0 0 0 0 3
0.2365978997706732 0 0 0 0 0 0 0 0 0 0 0 0 3 3
0.1191822375926130 0 0 0 0 0 0 0 0 0 0 2 3 2 0
0.0264797492503522 0 0 0 0 0 0 0 0 0 0 2 3 2 3
0.1191822375926130 0 0 0 0 0 0 0 0 0 0 1 3 1 0
0.0264797492503522 0 0 0 0 0 0 0 0 0 0 1 3 1 3
-0.2841861982072301 0 0 0 0 0 0 0 0 2 3 3 3 2 0
-0.0681353483100279 0 0 0 0 0 0 0 0 2 3 3 3 2 3
-0.2841861982072301 0 0 0 0 0 0 0 0 1 3 3 3 1 0
-0.0681353483100279 0 0 0 0 0 0 0 0 1 3 3 3 1 3
-0.0427457278397908 0 0 0 0 0 0 0 0 0 0 2 3 3 2
-0.0017104963103869 0 0 0 0 0 0 0 0 0 0 2 3 0 2
-0.0427457278397908 0 0 0 0 0 0 0 0 0 0 1 3 3 1
-0.0017104963103869 0 0 0 0 0 0 0 0 0 0 1 3 0 1
0.0726603229873800 0 0 0 0 0 0 0 0 2 3 3 3 3 2
-0.0014660328571110 0 0 0 0 0 0 0 0 2 3 3 3 0 2
0.0726603229873800 0 0 0 0 0 0 0 0 1 3 3 3 3 1
-0.0014660328571110 0 0 0 0 0 0 0 0 1 3 3 3 0 1
-0.0023071619795584 0 0 0 0 0 0 0 2 3 3 3 1 1 2
-0.0076525464459606 0 0 0 0 0 0 0 2 3 3 3 2 2 2
-0.0053453844664022 0 0 0 0 0 0 0 1 3 3 3 1 2 2
-0.0053453844664022 0 0 0 0 0 0 0 2 3 3 3 2 1 1
-0.0076525464459606 0 0 0 0 0 0 0 1 3 3 3 1 1 1
-0.0023071619795584 0 0 0 0 0 0 0 1 3 3 3 2 2 1
-0.0004228972121288 0 0 0 0 0 0 0 0 2 3 1 0 1 2
-0.0056437147191585 0 0 0 0 0 0 0 0 2 3 2 0 2 2
-0.0052208175070297 0 0 0 0 0 0 0 0 1 3 1 0 2 2
-0.0052208175070297 0 0 0 0 0 0 0 0 2 3 2 0 1 1
-0.0056437147191585 0 0 0 0 0 0 0 0 1 3 1 0 1 1
-0.0004228972121288 0 0 0 0 0 0 0 0 1 3 2 0 2 1
1.2102573070650864 0 0 0 0 0 0 0 0 0 0 0 3 0 0
0.1972434914552630 0 0 0 0 0 0 0 0 0 0 0 3 0 3
-0.3690721703207427 0 0 0 0 0 0 0 2 3 3 3 2 0 0
-0.0867735965473275 0 0 0 0 0 0 0 2 3 3 3 2 0 3
-0.3690721703207427 0 0 0 0 0 0 0 1 3 3 3 1 0 0
-0.0867735965473275 0 0 0 0 0 0 0 1 3 3 3 1 0 3
0.1250584768898084 0 0 0 0 0 0 0 0 0 0 0 0 2 2
0.0055429995832058 0 0 0 0 0 0 0 0 0 0 0 3 2 2
0.1250584768898084 0 0 0 0 0 0 0 0 0 0 0 0 1 1
0.0055429995832058 0 0 0 0 0 0 0 0 0 0 0 3 1 1
-0.0024772309913683 0 0 0 0 0 0 0 0 0 0 2 0 3 2
-0.0024772309913683 0 0 0 0 0 0 0 0 0 0 1 0 3 1
0.0007376191900985 0 0 0 0 0 0 0 0 2 3 3 0 3 2
0.0007376191900985 0 0 0 0 0 0 0 0 1 3 3 0 3 1
0.0010338666232420 0 0 0 0 0 0 0 2 3 3 1 1 3 2
-0.0011687064362261 0 0 0 0 0 0 0 2 3 3 2 2 3 2
-0.0022025730594682 0 0 0 0 0 0 0 1 3 3 1 2 3 2
-0.0022025730594682 0 0 0 0 0 0 0 2 3 3 2 1 3 1
-0.0011687064362261 0 0 0 0 0 0 0 1 3 3 1 1 3 1
0.0010338666232420 0 0 0 0 0 0 0 1 3 3 2 2 3 1
-0.0027127333927571 0 0 0 0 0 0 0 2 1 0 0 1 3 2
0.0013369034568271 0 0 0 0 0 0 0 2 2 0 0 2 3 2
0.0040496368495842 0 0 0 0 0 0 0 1 1 0 0 2 3 2
0.0040496368495842 0 0 0 0 0 0 0 2 2 0 0 1 3 1
0.0013369034568271 0 0 0 0 0 0 0 1 1 0 0 1 3 1
-0.0027127333927571 0 0 0 0 0 0 0 1 2 0 0 2 3 1
1.3156971188289228 0 0 0 0 0 0 0 0 0 0 3 0 0 0
0.2430235493789349 0 0 0 0 0 0 0 0 0 0 3 0 0 3
-0.2235614125243529 0 0 0 0 0 0 0 0 2 3 2 0 0 0
-0.0549729776460038 0 0 0 0 0 0 0 0 2 3 2 0 0 3
-0.2235614125243529 0 0 0 0 0 0 0 0 1 3 1 0 0 0
-0.0549729776460038 0 0 0 0 0 0 0 0 1 3 1 0 0 3
0.0081230656396410 0 0 0 0 0 0 0 0 0 0 3 0 2 2
0.0081230656396410 0 0 0 0 0 0 0 0 0 0 3 0 1 1
0.0053955942121464 0 0 0 0 0 0 0 0 2 3 0 3 3 2
0.0053955942121464 0 0 0 0 0 0 0 0 1 3 0 3 3 1
1.3708958454284890 0 0 0 0 0 0 0 0 0 3 0 0 0 0
0.2723228931953483 0 0 0 0 0 0 0 0 0 3 0 0 0 3
0.0110388670901985 0 0 0 0 0 0 0 0 0 3 0 0 2 2
0.0110388670901985 0 0 0 0 0 0 0 0 0 3 0 0 1 1
-0.0046420160289950 0 0 0 0 0 0 0 0 0 3 2 3 3 2
-0.0046420160289950 0 0 0 0 0 0 0 0 0 3 1 3 3 1
0.0054901368066228 0 0 0 0 0 0 0 0 2 0 3 3 3 2
0.0054901368066228 0 0 0 0 0 0 0 0 1 0 3 3 3 1
0.7790295021863141 0 0 0 0 0 0 0 0 3 0 0 0 0 0
0.1928407033948220 0 0 0 0 0 0 0 0 3 0 0 0 0 3
0.0034455459588922 0 0 0 0 0 0 0 0 3 0 0 0 2 2
0.0034455459588922 0 0 0 0 0 0 0 0 3 0 0 0 1 1
-0.0053680794932541 0 0 0 0 0 0 0 0 3 0 2 3 3 2
-0.0053680794932541 0 0 0 0 0 0 0 0 3 0 1 3 3 1
0.8062299050248312 0 0 0 0 0 0 0 3 0 0 0 0 0 0
0.2119024052871598 0 0 0 0 0 0 0 3 0 0 0 0 0 3
0.0069273584868612 0 0 0 0 0 0 0 3 0 0 0 0 2 2
0.0069273584868612 0 0 0 0 0 0 0 3 0 0 0 0 1 1
-0.0043424006582213 0 0 0 0 0 0 0 3 0 0 2 3 3 2
-0.0043424006582213 0 0 0 0 0 0 0 3 0 0 1 3 3 1
0.0043313813592965 0 0 0 0 0 0 0 3 2 3 3 3 3 2
0.0043313813592965 0 0 0 0 0 0 0 3 1 3 3 3 3 1
12.4134918746984777 0 0 0 0 0 0 3 0 0 0 0 0 0 0
1.1861254686186713 0 0 0 0 0 0 3 0 0 0 0 0 0 3
0.1041617193402436 0 0 0 0 0 0 3 0 0 0 0 0 2 2
0.1041617193402436 0 0 0 0 0 0 3 0 0 0 0 0 1 1
-0.0458977591426707 0 0 0 0 0 0 3 0 0 0 2 3 3 2
-0.0458977591426707 0 0 0 0 0 0 3 0 0 0 1 3 3 1
0.0595069989769550 0 0 0 0 0 0 3 0 2 3 3 3 3 2
0.0595069989769550 0 0 0 0 0 0 3 0 1 3 3 3 3 1
0.1250584768898084 0 0 0 0 0 2 2 0 0 0 0 0 0 0
0.1041617193402436 0 0 0 0 0 2 2 0 0 0 0 0 0 3
0.1250584768898084 0 0 0 0 0 1 1 0 0 0 0 0 0 0
0.1041617193402436 0 0 0 0 0 1 1 0 0 0 0 0 0 3
0.0145436227303670 0 0 0 0 0 2 2 0 0 0 0 0 2 2
0.0145436227303670 0 0 0 0 0 1 1 0 0 0 0 0 2 2
0.0145436227303670 0 0 0 0 0 2 2 0 0 0 0 0 1 1
0.0145436227303670 0 0 0 0 0 1 1 0 0 0 0 0 1 1
-0.0056238042861119 0 0 0 0 0 2 2 0 0 0 2 3 3 2
-0.0056238042861119 0 0 0 0 0 1 1 0 0 0 2 3 3 2
-0.0056238042861119 0 0 0 0 0 2 2 0 0 0 1 3 3 1
-0.0056238042861119 0 0 0 0 0 1 1 0 0 0 1 3 3 1
0.0089509271030458 0 0 0 0 0 2 2 0 2 3 3 3 3 2
0.0089509271030458 0 0 0 0 0 1 1 0 2 3 3 3 3 2
0.0089509271030458 0 0 0 0 0 2 2 0 1 3 3 3 3 1
0.0089509271030458 0 0 0 0 0 1 1 0 1 3 3 3 3 1
0.0027486007277102 0 0 0 0 2 3 2 0 0 0 0 2 3 2
0.0027486007277102 0 0 0 0 1 3 1 0 0 0 0 2 3 2
0.0027486007277102 0 0 0 0 2 3 2 0 0 0 0 1 3 1
0.0027486007277102 0 0 0 0 1 3 1 0 0 0 0 1 3 1
0.0038291063615801 0 0 0 0 2 3 2 2 3 3 3 3 3 2
0.0038291063615801 0 0 0 0 1 3 1 2 3 3 3 3 3 2
0.0038291063615801 0 0 0 0 2 3 2 1 3 3 3 3 3 1
0.0038291063615801 0 0 0 0 1 3 1 1 3 3 3 3 3 1
-0.0427457278397909 0 0 0 2 3 3 2 0 0 0 0 0 0 0
-0.0458977591426707 0 0 0 2 3 3 2 0 0 0 0 0 0 3
-0.0427457278397909 0 0 0 1 3 3 1 0 0 0 0 0 0 0
-0.0458977591426707 0 0 0 1 3 3 1 0 0 0 0 0 0 3
-0.0056238042861119 0 0 0 2 3 3 2 0 0 0 0 0 2 2
-0.0056238042861119 0 0 0 1 3 3 1 0 0 0 0 0 2 2
-0.0056238042861119 0 0 0 2 3 3 2 0 0 0 0 0 1 1
-0.0056238042861119 0 0 0 1 3 3 1 0 0 0 0 0 1 1
0.0069440705015730 0 0 0 2 3 3 2 0 0 0 2 3 3 2
0.0069440705015730 0 0 0 1 3 3 1 0 0 0 2 3 3 2
0.0069440705015730 0 0 0 2 3 3 2 0 0 0 1 3 3 1
0.0069440705015730 0 0 0 1 3 3 1 0 0 0 1 3 3 1
-0.0001415632995171 0 0 0 2 3 3 2 0 2 3 3 3 3 2
-0.0001415632995171 0 0 0 1 3 3 1 0 2 3 3 3 3 2
-0.0001415632995171 0 0 0 2 3 3 2 0 1 3 3 3 3 1
-0.0001415632995171 0 0 0 1 3 3 1 0 1 3 3 3 3 1
0.0065111665465654 0 0 2 3 3 3 2 0 0 2 3 3 3 2
0.0065111665465654 0 0 1 3 3 3 1 0 0 2 3 3 3 2
0.0065111665465654 0 0 2 3 3 3 2 0 0 1 3 3 3 1
0.0065111665465654 0 0 1 3 3 3 1 0 0 1 3 3 3 1
0.0726603229873800 0 2 3 3 3 3 2 0 0 0 0 0 0 0
0.0595069989769550 0 2 3 3 3 3 2 0 0 0 0 0 0 3
0.0726603229873800 0 1 3 3 3 3 1 0 0 0 0 0 0 0
0.0595069989769550 0 1 3 3 3 3 1 0 0 0 0 0 0 3
0.0089509271030458 0 2 3 3 3 3 2 0 0 0 0 0 2 2
0.0089509271030458 0 1 3 3 3 3 1 0 0 0 0 0 2 2
0.0089509271030458 0 2 3 3 3 3 2 0 0 0 0 0 1 1
0.0089509271030458 0 1 3 3 3 3 1 0 0 0 0 0 1 1
-0.0001415632995171 0 2 3 3 3 3 2 0 0 0 2 3 3 2
-0.0001415632995171 0 1 3 3 3 3 1 0 0 0 2 3 3 2
-0.0001415632995171 0 2 3 3 3 3 2 0 0 0 1 3 3 1
-0.0001415632995171 0 1 3 3 3 3 1 0 0 0 1 3 3 1
0.0078288676201934 0 2 3 3 3 3 2 0 2 3 3 3 3 2
0.0078288676201934 0 1 3 3 3 3 1 0 2 3 3 3 3 2
0.0078288676201934 0 2 3 3 3 3 2 0 1 3 3 3 3 1
0.0078288676201934 0 1 3 3 3 3 1 0 1 3 3 3 3 1
0.0038291063615801 2 3 3 3 3 3 2 0 0 0 0 2 3 2
0.0038291063615801 1 3 3 3 3 3 1 0 0 0 0 2 3 2
0.0038291063615801 2 3 3 3 3 3 2 0 0 0 0 1 3 1
0.0038291063615801 1 3 3 3 3 3 1 0 0 0 0 1 3 1
0.0053487828076467 2 3 3 3 3 3 2 2 3 3 3 3 3 2
0.0053487828076467 1 3 3 3 3 3 1 2 3 3 3 3 3 2
0.0053487828076467 2 3 3 3 3 3 2 1 3 3 3 3 3 1
0.0053487828076467 1 3 3 3 3 3 1 1 3 3 3 3 3 1
1.6565254006187384 0 0 0 0 0 3 0 0 0 0 0 0 0 0
0.2511415225010402 0 0 0 0 0 3 0 0 0 0 0 0 0 3
0.0032427281546760 0 0 0 0 0 3 0 0 0 0 0 0 2 2
0.0032427281546760 0 0 0 0 0 3 0 0 0 0 0 0 1 1
-0.0040136680516021 0 0 0 0 0 3 0 0 0 0 2 3 3 2
-0.0040136680516021 0 0 0 0 0 3 0 0 0 0 1 3 3 1
0.0001959541738207 0 0 0 0 0 3 0 0 2 3 3 3 3 2
0.0001959541738207 0 0 0 0 0 3 0 0 1 3 3 3 3 1
0.0044414937862636 0 0 0 0 2 2 0 0 0 0 0 2 3 2
0.0044414937862636 0 0 0 0 1 1 0 0 0 0 0 2 3 2
0.0044414937862636 0 0 0 0 2 2 0 0 0 0 0 1 3 1
0.0044414937862636 0 0 0 0 1 1 0 0 0 0 0 1 3 1
0.0057765035881203 0 0 0 0 2 2 0 2 3 3 3 3 3 2
0.0057765035881203 0 0 0 0 1 1 0 2 3 3 3 3 3 2
0.0057765035881203 0 0 0 0 2 2 0 1 3 3 3 3 3 1
0.0057765035881203 0 0 0 0 1 1 0 1 3 3 3 3 3 1
0.1191822375926130 0 0 0 2 3 2 0 0 0 0 0 0 0 0
0.0321035535364641 0 0 0 2 3 2 0 0 0 0 0 0 0 3
0.1191822375926130 0 0 0 1 3 1 0 0 0 0 0 0 0 0
0.0321035535364641 0 0 0 1 3 1 0 0 0 0 0 0 0 3
0.0023031717412152 0 0 0 2 3 2 0 0 0 0 0 0 2 2
0.0023031717412152 0 0 0 1 3 1 0 0 0 0 0 0 2 2
0.0023031717412152 0 0 0 2 3 2 0 0 0 0 0 0 1 1
0.0023031717412152 0 0 0 1 3 1 0 0 0 0 0 0 1 1
0.0047312259004170 0 0 0 2 3 2 0 0 0 0 2 3 3 2
0.0047312259004170 0 0 0 1 3 1 0 0 0 0 2 3 3 2
0.0047312259004170 0 0 0 2 3 2 0 0 0 0 1 3 3 1
0.0047312259004170 0 0 0 1 3 1 0 0 0 0 1 3 3 1
0.0050856269752463 0 0 0 2 3 2 0 0 2 3 3 3 3 2
0.0050856269752463 0 0 0 1 3 1 0 0 2 3 3 3 3 2
0.0050856269752463 0 0 0 2 3 2 0 0 1 3 3 3 3 1
0.0050856269752463 0 0 0 1 3 1 0 0 1 3 3 3 3 1
0.0081153602393606 0 0 2 3 3 2 0 0 0 2 3 3 3 2
0.0081153602393606 0 0 1 3 3 1 0 0 0 2 3 3 3 2
0.0081153602393606 0 0 2 3 3 2 0 0 0 1 3 3 3 1
0.0081153602393606 0 0 1 3 3 1 0 0 0 1 3 3 3 1
-0.2841861982072300 0 2 3 3 3 2 0 0 0 0 0 0 0 0
-0.0770862754130738 0 2 3 3 3 2 0 0 0 0 0 0 0 3
-0.2841861982072300 0 1 3 3 3 1 0 0 0 0 0 0 0 0
-0.0770862754130738 0 1 3 3 3 1 0 0 0 0 0 0 0 3
-0.0016619870309317 0 2 3 3 3 2 0 0 0 0 0 0 2 2
-0.0016619870309317 0 1 3 3 3 1 0 0 0 0 0 0 2 2
-0.0016619870309317 0 2 3 3 3 2 0 0 0 0 0 0 1 1
-0.0016619870309317 0 1 3 3 3 1 0 0 0 0 0 0 1 1
0.0046627297631175 0 2 3 3 3 2 0 0 0 0 2 3 3 2
0.0046627297631175 0 1 3 3 3 1 0 0 0 0 2 3 3 2
0.0046627297631175 0 2 3 3 3 2 0 0 0 0 1 3 3 1
0.0046627297631175 0 1 3 3 3 1 0 0 0 0 1 3 3 1
0.0017009877037459 0 2 3 3 3 2 0 0 2 3 3 3 3 2
0.0017009877037459 0 1 3 3 3 1 0 0 2 3 3 3 3 2
0.0017009877037459 0 2 3 3 3 2 0 0 1 3 3 3 3 1
0.0017009877037459 0 1 3 3 3 1 0 0 1 3 3 3 3 1
0.0034693416085620 2 3 3 3 3 2 0 0 0 0 0 2 3 2
0.0034693416085620 1 3 3 3 3 1 0 0 0 0 0 2 3 2
0.0034693416085620 2 3 3 3 3 2 0 0 0 0 0 1 3 1
0.0034693416085620 1 3 3 3 3 1 0 0 0 0 0 1 3 1
0.0045770398922344 2 3 3 3 3 2 0 2 3 3 3 3 3 2
0.0045770398922344 1 3 3 3 3 1 0 2 3 3 3 3 3 2
0.0045770398922344 2 3 3 3 3 2 0 1 3 3 3 3 3 1
0.0045770398922344 1 3 3 3 3 1 0 1 3 3 3 3 3 1
1.2102573070650866 0 0 0 0 3 0 0 0 0 0 0 0 0 0
0.1999920921829732 0 0 0 0 3 0 0 0 0 0 0 0 0 3
0.0011015057969422 0 0 0 0 3 0 0 0 0 0 0 0 2 2
0.0011015057969422 0 0 0 0 3 0 0 0 0 0 0 0 1 1
-0.0016173418259756 0 0 0 0 3 0 0 0 0 0 2 3 3 2
-0.0016173418259756 0 0 0 0 3 0 0 0 0 0 1 3 3 1
-0.0000496870589484 0 0 0 0 3 0 0 0 2 3 3 3 3 2
-0.0000496870589484 0 0 0 0 3 0 0 0 1 3 3 3 3 1
-0.0008598891653926 0 0 0 2 2 0 0 0 0 0 0 2 3 2
-0.0008598891653926 0 0 0 1 1 0 0 0 0 0 0 2 3 2
-0.0008598891653926 0 0 0 2 2 0 0 0 0 0 0 1 3 1
-0.0008598891653926 0 0 0 1 1 0 0 0 0 0 0 1 3 1
-0.0012399871730631 0 0 0 2 2 0 0 2 3 3 3 3 3 2
-0.0012399871730631 0 0 0 1 1 0 0 2 3 3 3 3 3 2
-0.0012399871730631 0 0 0 2 2 0 0 1 3 3 3 3 3 1
-0.0012399871730631 0 0 0 1 1 0 0 1 3 3 3 3 3 1
0.0007873062490469 0 2 3 3 2 0 0 0 0 0 0 2 3 2
0.0007873062490469 0 1 3 3 1 0 0 0 0 0 0 2 3 2
0.0007873062490469 0 2 3 3 2 0 0 0 0 0 0 1 3 1
0.0007873062490469 0 1 3 3 1 0 0 0 0 0 0 1 3 1
0.0009658245434640 0 2 3 3 2 0 0 2 3 3 3 3 3 2
0.0009658245434640 0 1 3 3 1 0 0 2 3 3 3 3 3 2
0.0009658245434640 0 2 3 3 2 0 0 1 3 3 3 3 3 1
0.0009658245434640 0 1 3 3 1 0 0 1 3 3 3 3 3 1
-0.3690721703207427 2 3 3 3 2 0 0 0 0 0 0 0 0 0
-0.0906027029089076 2 3 3 3 2 0 0 0 0 0 0 0 0 3
-0.3690721703207427 1 3 3 3 1 0 0 0 0 0 0 0 0 0
-0.0906027029089076 1 3 3 3 1 0 0 0 0 0 0 0 0 3
-0.0018760428578403 2 3 3 3 2 0 0 0 0 0 0 0 2 2
-0.0018760428578403 1 3 3 3 1 0 0 0 0 0 0 0 2 2
-0.0018760428578403 2 3 3 3 2 0 0 0 0 0 0 0 1 1
-0.0018760428578403 1 3 3 3 1 0 0 0 0 0 0 0 1 1
-0.0002061205498211 2 3 3 3 2 0 0 0 0 0 2 3 3 2
-0.0002061205498211 1 3 3 3 1 0 0 0 0 0 2 3 3 2
-0.0002061205498211 2 3 3 3 2 0 0 0 0 0 1 3 3 1
-0.0002061205498211 1 3 3 3 1 0 0 0 0 0 1 3 3 1
-0.0017469088492931 2 3 3 3 2 0 0 0 2 3 3 3 3 2
-0.0017469088492931 1 3 3 3 1 0 0 0 2 3 3 3 3 2
-0.0017469088492931 2 3 3 3 2 0 0 0 1 3 3 3 3 1
-0.0017469088492931 1 3 3 3 1 0 0 0 1 3 3 3 3 1
1.3156971188289228 0 0 0 3 0 0 0 0 0 0 0 0 0 0
0.2499676198805079 0 0 0 3 0 0 0 0 0 0 0 0 0 3
0.0033918397392239 0 0 0 3 0 0 0 0 0 0 0 0 2 2
0.0033918397392239 0 0 0 3 0 0 0 0 0 0 0 0 1 1
0.0028415940638080 0 0 0 3 0 0 0 0 0 0 2 3 3 2
0.0028415940638080 0 0 0 3 0 0 0 0 0 0 1 3 3 1
0.0048096660625094 0 0 0 3 0 0 0 0 2 3 3 3 3 2
0.0048096660625094 0 0 0 3 0 0 0 0 1 3 3 3 3 1
-0.0033625148444115 0 0 2 2 0 0 0 0 0 2 3 3 3 2
-0.0033625148444115 0 0 1 1 0 0 0 0 0 2 3 3 3 2
-0.0033625148444115 0 0 2 2 0 0 0 0 0 1 3 3 3 1
-0.0033625148444115 0 0 1 1 0 0 0 0 0 1 3 3 3 1
-0.2235614125243529 0 2 3 2 0 0 0 0 0 0 0 0 0 0
-0.0548314143464866 0 2 3 2 0 0 0 0 0 0 0 0 0 3
-0.2235614125243529 0 1 3 1 0 0 0 0 0 0 0 0 0 0
-0.0548314143464866 0 1 3 1 0 0 0 0 0 0 0 0 0 3
-0.0005580877439122 0 2 3 2 0 0 0 0 0 0 0 0 2 2
-0.0005580877439122 0 1 3 1 0 0 0 0 0 0 0 0 2 2
-0.0005580877439122 0 2 3 2 0 0 0 0 0 0 0 0 1 1
-0.0005580877439122 0 1 3 1 0 0 0 0 0 0 0 0 1 1
0.0005859281496370 0 2 3 2 0 0 0 0 0 0 2 3 3 2
0.0005859281496370 0 1 3 1 0 0 0 0 0 0 2 3 3 2
0.0005859281496370 0 2 3 2 0 0 0 0 0 0 1 3 3 1
0.0005859281496370 0 1 3 1 0 0 0 0 0 0 1 3 3 1
-0.0000700522933431 0 2 3 2 0 0 0 0 2 3 3 3 3 2
-0.0000700522933431 0 1 3 1 0 0 0 0 2 3 3 3 3 2
-0.0000700522933431 0 2 3 2 0 0 0 0 1 3 3 3 3 1
-0.0000700522933431 0 1 3 1 0 0 0 0 1 3 3 3 3 1
-0.0024086936092893 2 3 3 2 0 0 0 0 0 0 0 2 3 2
-0.0024086936092893 1 3 3 1 0 0 0 0 0 0 0 2 3 2
-0.0024086936092893 2 3 3 2 0 0 0 0 0 0 0 1 3 1
-0.0024086936092893 1 3 3 1 0 0 0 0 0 0 0 1 3 1
-0.0033001980013010 2 3 3 2 0 0 0 2 3 3 3 3 3 2
-0.0033001980013010 1 3 3 1 0 0 0 2 3 3 3 3 3 2
-0.0033001980013010 2 3 3 2 0 0 0 1 3 3 3 3 3 1
-0.0033001980013010 1 3 3 1 0 0 0 1 3 3 3 3 3 1
1.3708958454284881 0 0 3 0 0 0 0 0 0 0 0 0 0 0
0.2788340597419137 0 0 3 0 0 0 0 0 0 0 0 0 0 3
0.0029235068508378 0 0 3 0 0 0 0 0 0 0 0 0 2 2
0.0029235068508378 0 0 3 0 0 0 0 0 0 0 0 0 1 1
-0.0012795011845835 0 0 3 0 0 0 0 0 0 0 2 3 3 2
-0.0012795011845835 0 0 3 0 0 0 0 0 0 0 1 3 3 1
0.0015523896732939 0 0 3 0 0 0 0 0 2 3 3 3 3 2
0.0015523896732939 0 0 3 0 0 0 0 0 1 3 3 3 3 1
0.0039377471333289 0 2 2 0 0 0 0 0 0 2 3 3 3 2
0.0039377471333289 0 1 1 0 0 0 0 0 0 2 3 3 3 2
0.0039377471333289 0 2 2 0 0 0 0 0 0 1 3 3 3 1
0.0039377471333289 0 1 1 0 0 0 0 0 0 1 3 3 3 1
0.7790295021863143 0 3 0 0 0 0 0 0 0 0 0 0 0 0
0.2006695710150154 0 3 0 0 0 0 0 0 0 0 0 0 0 3
0.0017445582551463 0 3 0 0 0 0 0 0 0 0 0 0 2 2
0.0017445582551463 0 3 0 0 0 0 0 0 0 0 0 0 1 1
-0.0052980271999111 0 3 0 0 0 0 0 0 0 0 2 3 3 2
-0.0052980271999111 0 3 0 0 0 0 0 0 0 0 1 3 3 1
-0.0021014206227249 0 3 0 0 0 0 0 0 2 3 3 3 3 2
-0.0021014206227249 0 3 0 0 0 0 0 0 1 3 3 3 3 1
0.0023027280002911 2 2 0 0 0 0 0 0 0 0 0 2 3 2
0.0023027280002911 1 1 0 0 0 0 0 0 0 0 0 2 3 2
0.0023027280002911 2 2 0 0 0 0 0 0 0 0 0 1 3 1
0.0023027280002911 1 1 0 0 0 0 0 0 0 0 0 1 3 1
0.0030490132077256 2 2 0 0 0 0 0 2 3 3 3 3 3 2
0.0030490132077256 1 1 0 0 0 0 0 2 3 3 3 3 3 2
0.0030490132077256 2 2 0 0 0 0 0 1 3 3 3 3 3 1
0.0030490132077256 1 1 0 0 0 0 0 1 3 3 3 3 3 1
0.8062299050248314 3 0 0 0 0 0 0 0 0 0 0 0 0 0
0.2172511880948065 3 0 0 0 0 0 0 0 0 0 0 0 0 3
0.0023503185946268 3 0 0 0 0 0 0 0 0 0 0 0 2 2
0.0023503185946268 3 0 0 0 0 0 0 0 0 0 0 0 1 1
-0.0010422026569203 3 0 0 0 0 0 0 0 0 0 2 3 3 2
-0.0010422026569203 3 0 0 0 0 0 0 0 0 0 1 3 3 1
0.0012823681515710 3 0 0 0 0 0 0 0 2 3 3 3 3 2
0.0012823681515710 3 0 0 0 0 0 0 0 1 3 3 3 3 1
0.1251841362217308 0 0 0 0 0 0 0 0 0 0 0 3 3 0
-0.0244894296133327 0 0 0 0 0 0 0 2 3 3 3 2 3 0
-0.0244894296133327 0 0 0 0 0 0 0 1 3 3 3 1 3 0
0.0032659238422665 0 0 0 0 0 0 0 0 0 0 2 0 2 0
0.0032659238422665 0 0 0 0 0 0 0 0 0 0 1 0 1 0
-0.0289991604669376 0 0 0 0 0 0 0 0 2 3 3 0 2 0
-0.0289991604669376 0 0 0 0 0 0 0 0 1 3 3 0 1 0
-0.0105387716116264 0 0 0 0 0 0 0 2 3 3 1 1 2 0
-0.0107553037506157 0 0 0 0 0 0 0 2 3 3 2 2 2 0
-0.0002165321389893 0 0 0 0 0 0 0 1 3 3 1 2 2 0
-0.0002165321389893 0 0 0 0 0 0 0 2 3 3 2 1 1 0
-0.0107553037506157 0 0 0 0 0 0 0 1 3 3 1 1 1 0
-0.0105387716116264 0 0 0 0 0 0 0 1 3 3 2 2 1 0
0.0103530389485399 0 0 0 0 0 0 0 2 1 0 0 1 2 0
0.0158206709007393 0 0 0 0 0 0 0 2 2 0 0 2 2 0
0.0054676319521995 0 0 0 0 0 0 0 1 1 0 0 2 2 0
0.0054676319521995 0 0 0 0 0 0 0 2 2 0 0 1 1 0
0.0158206709007393 0 0 0 0 0 0 0 1 1 0 0 1 1 0
0.0103530389485399 0 0 0 0 0 0 0 1 2 0 0 2 1 0
0.1379058065947106 0 0 0 0 0 0 0 0 0 0 3 0 3 0
-0.0186173029716929 0 0 0 0 0 0 0 0 2 3 2 0 3 0
-0.0186173029716929 0 0 0 0 0 0 0 0 1 3 1 0 3 0
-0.0299033055921142 0 0 0 0 0 0 0 0 2 3 0 3 2 0
-0.0299033055921142 0 0 0 0 0 0 0 0 1 3 0 3 1 0
0.1507354582416425 0 0 0 0 0 0 0 0 0 3 0 0 3 0
0.0054692642513372 0 0 0 0 0 0 0 0 0 3 2 3 2 0
0.0054692642513372 0 0 0 0 0 0 0 0 0 3 1 3 1 0
-0.0248693931605504 0 0 0 0 0 0 0 0 2 0 3 3 2 0
-0.0248693931605504 0 0 0 0 0 0 0 0 1 0 3 3 1 0
0.1280678913723250 0 0 0 0 0 0 0 0 3 0 0 0 3 0
0.0005948411946511 0 0 0 0 0 0 0 0 3 0 2 3 2 0
0.0005948411946511 0 0 0 0 0 0 0 0 3 0 1 3 1 0
0.1405874215309924 0 0 0 0 0 0 0 3 0 0 0 0 3 0
-0.0007108672953449 0 0 0 0 0 0 0 3 0 0 2 3 2 0
-0.0007108672953449 0 0 0 0 0 0 0 3 0 0 1 3 1 0
-0.0197513029267874 0 0 0 0 0 0 0 3 2 3 3 3 2 0
-0.0197513029267874 0 0 0 0 0 0 0 3 1 3 3 3 1 0
0.2511415225010402 0 0 0 0 0 0 3 0 0 0 0 0 3 0
0.0321035535364641 0 0 0 0 0 0 3 0 0 0 2 3 2 0
0.0321035535364641 0 0 0 0 0 0 3 0 0 0 1 3 1 0
-0.0770862754130738 0 0 0 0 0 0 3 0 2 3 3 3 2 0
-0.0770862754130738 0 0 0 0 0 0 3 0 1 3 3 3 1 0
0.0032427281546760 0 0 0 0 0 2 2 0 0 0 0 0 3 0
0.0032427281546760 0 0 0 0 0 1 1 0 0 0 0 0 3 0
0.0023031717412152 0 0 0 0 0 2 2 0 0 0 2 3 2 0
0.0023031717412152 0 0 0 0 0 1 1 0 0 0 2 3 2 0
0.0023031717412152 0 0 0 0 0 2 2 0 0 0 1 3 1 0
0.0023031717412152 0 0 0 0 0 1 1 0 0 0 1 3 1 0
-0.0016619870309317 0 0 0 0 0 2 2 0 2 3 3 3 2 0
-0.0016619870309317 0 0 0 0 0 1 1 0 2 3 3 3 2 0
-0.0016619870309317 0 0 0 0 0 2 2 0 1 3 3 3 1 0
-0.0016619870309317 0 0 0 0 0 1 1 0 1 3 3 3 1 0
0.0044414937862636 0 0 0 0 2 3 2 0 0 0 0 2 2 0
0.0044414937862636 0 0 0 0 1 3 1 0 0 0 0 2 2 0
0.0044414937862636 0 0 0 0 2 3 2 0 0 0 0 1 1 0
0.0044414937862636 0 0 0 0 1 3 1 0 0 0 0 1 1 0
0.0034693416085620 0 0 0 0 2 3 2 2 3 3 3 3 2 0
0.0034693416085620 0 0 0 0 1 3 1 2 3 3 3 3 2 0
0.0034693416085620 0 0 0 0 2 3 2 1 3 3 3 3 1 0
0.0034693416085620 0 0 0 0 1 3 1 1 3 3 3 3 1 0
-0.0040136680516021 0 0 0 2 3 3 2 0 0 0 0 0 3 0
-0.0040136680516021 0 0 0 1 3 3 1 0 0 0 0 0 3 0
0.0047312259004170 0 0 0 2 3 3 2 0 0 0 2 3 2 0
0.0047312259004170 0 0 0 1 3 3 1 0 0 0 2 3 2 0
0.0047312259004170 0 0 0 2 3 3 2 0 0 0 1 3 1 0
0.0047312259004170 0 0 0 1 3 3 1 0 0 0 1 3 1 0
0.0046627297631175 0 0 0 2 3 3 2 0 2 3 3 3 2 0
0.0046627297631175 0 0 0 1 3 3 1 0 2 3 3 3 2 0
0.0046627297631175 0 0 0 2 3 3 2 0 1 3 3 3 1 0
0.0046627297631175 0 0 0 1 3 3 1 0 1 3 3 3 1 0
0.0081153602393606 0 0 2 3 3 3 2 0 0 2 3 3 2 0
0.0081153602393606 0 0 1 3 3 3 1 0 0 2 3 3 2 0
0.0081153602393606 0 0 2 3 3 3 2 0 0 1 3 3 1 0
0.0081153602393606 0 0 1 3 3 3 1 0 0 1 3 3 1 0
0.0001959541738207 0 2 3 3 3 3 2 0 0 0 0 0 3 0
0.0001959541738207 0 1 3 3 3 3 1 0 0 0 0 0 3 0
0.0050856269752463 0 2 3 3 3 3 2 0 0 0 2 3 2 0
0.0050856269752463 0 1 3 3 3 3 1 0 0 0 2 3 2 0
0.0050856269752463 0 2 3 3 3 3 2 0 0 0 1 3 1 0
0.0050856269752463 0 1 3 3 3 3 1 0 0 0 1 3 1 0
0.0017009877037459 0 2 3 3 3 3 2 0 2 3 3 3 2 0
0.0017009877037459 0 1 3 3 3 3 1 0 2 3 3 3 2 0
0.0017009877037459 0 2 3 3 3 3 2 0 1 3 3 3 1 0
0.0017009877037459 0 1 3 3 3 3 1 0 1 3 3 3 1 0
0.0057765035881203 2 3 3 3 3 3 2 0 0 0 0 2 2 0
0.0057765035881203 1 3 3 3 3 3 1 0 0 0 0 2 2 0
0.0057765035881203 2 3 3 3 3 3 2 0 0 0 0 1 1 0
0.0057765035881203 1 3 3 3 3 3 1 0 0 0 0 1 1 0
0.0045770398922344 2 3 3 3 3 3 2 2 3 3 3 3 2 0
0.0045770398922344 1 3 3 3 3 3 1 2 3 3 3 3 2 0
0.0045770398922344 2 3 3 3 3 3 2 1 3 3 3 3 1 0
0.0045770398922344 1 3 3 3 3 3 1 1 3 3 3 3 1 0
0.1820446640558588 0 0 0 0 0 3 0 0 0 0 0 0 3 0
-0.0010260153028310 0 0 0 0 0 3 0 0 0 0 2 3 2 0
-0.0010260153028310 0 0 0 0 0 3 0 0 0 0 1 3 1 0
-0.0357275623064751 0 0 0 0 0 3 0 0 2 3 3 3 2 0
-0.0357275623064751 0 0 0 0 0 3 0 0 1 3 3 3 1 0
0.0361093356971693 0 0 0 0 2 2 0 0 0 0 0 2 2 0
0.0361093356971693 0 0 0 0 1 1 0 0 0 0 0 2 2 0
0.0361093356971693 0 0 0 0 2 2 0 0 0 0 0 1 1 0
0.0361093356971693 0 0 0 0 1 1 0 0 0 0 0 1 1 0
0.0100832047025992 0 0 0 0 2 2 0 2 3 3 3 3 2 0
0.0100832047025992 0 0 0 0 1 1 0 2 3 3 3 3 2 0
0.0100832047025992 0 0 0 0 2 2 0 1 3 3 3 3 1 0
0.0100832047025992 0 0 0 0 1 1 0 1 3 3 3 3 1 0
-0.0010260153028310 0 0 0 2 3 2 0 0 0 0 0 0 3 0
-0.0010260153028310 0 0 0 1 3 1 0 0 0 0 0 0 3 0
0.0310119846028927 0 0 0 2 3 2 0 0 0 0 2 3 2 0
0.0310119846028927 0 0 0 1 3 1 0 0 0 0 2 3 2 0
0.0310119846028927 0 0 0 2 3 2 0 0 0 0 1 3 1 0
0.0310119846028927 0 0 0 1 3 1 0 0 0 0 1 3 1 0
0.0052402068020256 0 0 0 2 3 2 0 0 2 3 3 3 2 0
0.0052402068020256 0 0 0 1 3 1 0 0 2 3 3 3 2 0
0.0052402068020256 0 0 0 2 3 2 0 0 1 3 3 3 1 0
0.0052402068020256 0 0 0 1 3 1 0 0 1 3 3 3 1 0
0.0361151826075862 0 0 2 3 3 2 0 0 0 2 3 3 2 0
0.0361151826075862 0 0 1 3 3 1 0 0 0 2 3 3 2 0
0.0361151826075862 0 0 2 3 3 2 0 0 0 1 3 3 1 0
0.0361151826075862 0 0 1 3 3 1 0 0 0 1 3 3 1 0
-0.0357275623064751 0 2 3 3 3 2 0 0 0 0 0 0 3 0
-0.0357275623064751 0 1 3 3 3 1 0 0 0 0 0 0 3 0
0.0052402068020256 0 2 3 3 3 2 0 0 0 0 2 3 2 0
0.0052402068020256 0 1 3 3 3 1 0 0 0 0 2 3 2 0
0.0052402068020256 0 2 3 3 3 2 0 0 0 0 1 3 1 0
0.0052402068020256 0 1 3 3 3 1 0 0 0 0 1 3 1 0
0.0254737158850484 0 2 3 3 3 2 0 0 2 3 3 3 2 0
0.0254737158850484 0 1 3 3 3 1 0 0 2 3 3 3 2 0
0.0254737158850484 0 2 3 3 3 2 0 0 1 3 3 3 1 0
0.0254737158850484 0 1 3 3 3 1 0 0 1 3 3 3 1 0
0.0100832047025992 2 3 3 3 3 2 0 0 0 0 0 2 2 0
0.0100832047025992 1 3 3 3 3 1 0 0 0 0 0 2 2 0
0.0100832047025992 2 3 3 3 3 2 0 0 0 0 0 1 1 0
0.0100832047025992 1 3 3 3 3 1 0 0 0 0 0 1 1 0
0.0154764279947356 2 3 3 3 3 2 0 2 3 3 3 3 2 0
0.0154764279947356 1 3 3 3 3 1 0 2 3 3 3 3 2 0
0.0154764279947356 2 3 3 3 3 2 0 1 3 3 3 3 1 0
0.0154764279947356 1 3 3 3 3 1 0 1 3 3 3 3 1 0
0.1612934719189001 0 0 0 0 3 0 0 0 0 0 0 0 3 0
-0.0017270617013476 0 0 0 0 3 0 0 0 0 0 2 3 2 0
-0.0017270617013476 0 0 0 0 3 0 0 0 0 0 1 3 1 0
-0.0189688213053199 0 0 0 0 3 0 0 0 2 3 3 3 2 0
-0.0189688213053199 0 0 0 0 3 0 0 0 1 3 3 3 1 0
0.0049929855436141 0 0 0 2 2 0 0 0 0 0 0 2 2 0
0.0049929855436141 0 0 0 1 1 0 0 0 0 0 0 2 2 0
0.0049929855436141 0 0 0 2 2 0 0 0 0 0 0 1 1 0
0.0049929855436141 0 0 0 1 1 0 0 0 0 0 0 1 1 0
-0.0085190249997450 0 0 0 2 2 0 0 2 3 3 3 3 2 0
-0.0085190249997450 0 0 0 1 1 0 0 2 3 3 3 3 2 0
-0.0085190249997450 0 0 0 2 2 0 0 1 3 3 3 3 1 0
-0.0085190249997450 0 0 0 1 1 0 0 1 3 3 3 3 1 0
-0.0100303391616177 0 2 3 3 2 0 0 0 0 0 0 2 2 0
-0.0100303391616177 0 1 3 3 1 0 0 0 0 0 0 2 2 0
-0.0100303391616177 0 2 3 3 2 0 0 0 0 0 0 1 1 0
-0.0100303391616177 0 1 3 3 1 0 0 0 0 0 0 1 1 0
0.0088336623074508 0 2 3 3 2 0 0 2 3 3 3 3 2 0
0.0088336623074508 0 1 3 3 1 0 0 2 3 3 3 3 2 0
0.0088336623074508 0 2 3 3 2 0 0 1 3 3 3 3 1 0
0.0088336623074508 0 1 3 3 1 0 0 1 3 3 3 3 1 0
-0.0345726343159318 2 3 3 3 2 0 0 0 0 0 0 0 3 0
-0.0345726343159318 1 3 3 3 1 0 0 0 0 0 0 0 3 0
-0.0190577966113715 2 3 3 3 2 0 0 0 0 0 2 3 2 0
-0.0190577966113715 1 3 3 3 1 0 0 0 0 0 2 3 2 0
-0.0190577966113715 2 3 3 3 2 0 0 0 0 0 1 3 1 0
-0.0190577966113715 1 3 3 3 1 0 0 0 0 0 1 3 1 0
0.0191867012559907 2 3 3 3 2 0 0 0 2 3 3 3 2 0
0.0191867012559907 1 3 3 3 1 0 0 0 2 3 3 3 2 0
0.0191867012559907 2 3 3 3 2 0 0 0 1 3 3 3 1 0
0.0191867012559907 1 3 3 3 1 0 0 0 1 3 3 3 1 0
0.1689177911976033 0 0 0 3 0 0 0 0 0 0 0 0 3 0
0.0261134603313796 0 0 0 3 0 0 0 0 0 0 2 3 2 0
0.0261134603313796 0 0 0 3 0 0 0 0 0 0 1 3 1 0
-0.0220575999911285 0 0 0 3 0 0 0 0 2 3 3 3 2 0
-0.0220575999911285 0 0 0 3 0 0 0 0 1 3 3 3 1 0
-0.0117263128879893 0 0 2 2 0 0 0 0 0 2 3 3 2 0
-0.0117263128879893 0 0 1 1 0 0 0 0 0 2 3 3 2 0
-0.0117263128879893 0 0 2 2 0 0 0 0 0 1 3 3 1 0
-0.0117263128879893 0 0 1 1 0 0 0 0 0 1 3 3 1 0
-0.0238575097737186 0 2 3 2 0 0 0 0 0 0 0 0 3 0
-0.0238575097737186 0 1 3 1 0 0 0 0 0 0 0 0 3 0
-0.0078457056009857 0 2 3 2 0 0 0 0 0 0 2 3 2 0
-0.0078457056009857 0 1 3 1 0 0 0 0 0 0 2 3 2 0
-0.0078457056009857 0 2 3 2 0 0 0 0 0 0 1 3 1 0
-0.0078457056009857 0 1 3 1 0 0 0 0 0 0 1 3 1 0
0.0152437484189958 0 2 3 2 0 0 0 0 2 3 3 3 2 0
0.0152437484189958 0 1 3 1 0 0 0 0 2 3 3 3 2 0
0.0152437484189958 0 2 3 2 0 0 0 0 1 3 3 3 1 0
0.0152437484189958 0 1 3 1 0 0 0 0 1 3 3 3 1 0
-0.0192743287503607 2 3 3 2 0 0 0 0 0 0 0 2 2 0
-0.0192743287503607 1 3 3 1 0 0 0 0 0 0 0 2 2 0
-0.0192743287503607 2 3 3 2 0 0 0 0 0 0 0 1 1 0
-0.0192743287503607 1 3 3 1 0 0 0 0 0 0 0 1 1 0
-0.0041681182383259 2 3 3 2 0 0 0 2 3 3 3 3 2 0
-0.0041681182383259 1 3 3 1 0 0 0 2 3 3 3 3 2 0
-0.0041681182383259 2 3 3 2 0 0 0 1 3 3 3 3 1 0
-0.0041681182383259 1 3 3 1 0 0 0 1 3 3 3 3 1 0
0.1868506408492288 0 0 3 0 0 0 0 0 0 0 0 0 3 0
0.0171955771393265 0 0 3 0 0 0 0 0 0 0 2 3 2 0
0.0171955771393265 0 0 3 0 0 0 0 0 0 0 1 3 1 0
-0.0396490696130447 0 0 3 0 0 0 0 0 2 3 3 3 2 0
-0.0396490696130447 0 0 3 0 0 0 0 0 1 3 3 3 1 0
0.0147796764524943 0 2 2 0 0 0 0 0 0 2 3 3 2 0
0.0147796764524943 0 1 1 0 0 0 0 0 0 2 3 3 2 0
0.0147796764524943 0 2 2 0 0 0 0 0 0 1 3 3 1 0
0.0147796764524943 0 1 1 0 0 0 0 0 0 1 3 3 1 0
0.1535416072573734 0 3 0 0 0 0 0 0 0 0 0 0 3 0
-0.0146489072243447 0 3 0 0 0 0 0 0 0 0 2 3 2 0
-0.0146489072243447 0 3 0 0 0 0 0 0 0 0 1 3 1 0
-0.0241945026380490 0 3 0 0 0 0 0 0 2 3 3 3 2 0
-0.0241945026380490 0 3 0 0 0 0 0 0 1 3 3 3 1 0
0.0246543332081902 2 2 0 0 0 0 0 0 0 0 0 2 2 0
0.0246543332081902 1 1 0 0 0 0 0 0 0 0 0 2 2 0
0.0246543332081902 2 2 0 0 0 0 0 0 0 0 0 1 1 0
0.0246543332081902 1 1 0 0 0 0 0 0 0 0 0 1 1 0
-0.0024867173563129 2 2 0 0 0 0 0 2 3 3 3 3 2 0
-0.0024867173563129 1 1 0 0 0 0 0 2 3 3 3 3 2 0
-0.0024867173563129 2 2 0 0 0 0 0 1 3 3 3 3 1 0
-0.0024867173563129 1 1 0 0 0 0 0 1 3 3 3 3 1 0
0.1560638495257280 3 0 0 0 0 0 0 0 0 0 0 0 3 0
0.0034572509429810 3 0 0 0 0 0 0 0 0 0 2 3 2 0
0.0034572509429810 3 0 0 0 0 0 0 0 0 0 1 3 1 0
-0.0172645855704745 3 0 0 0 0 0 0 0 2 3 3 3 2 0
-0.0172645855704745 3 0 0 0 0 0 0 0 1 3 3 3 1 0
0.1378216072770297 0 0 0 0 0 0 0 0 0 0 3 3 0 0
-0.0179608422916469 0 0 0 0 0 0 0 0 2 3 2 3 0 0
-0.0179608422916469 0 0 0 0 0 0 0 0 1 3 1 3 0 0
-0.0394405114076650 0 0 0 0 0 0 0 2 3 3 0 2 0 0
-0.0394405114076650 0 0 0 0 0 0 0 1 3 3 0 1 0 0
-0.0085019916516104 0 0 0 0 0 0 0 2 1 0 1 2 0 0
-0.0077011921230602 0 0 0 0 0 0 0 2 2 0 2 2 0 0
0.0008007995285502 0 0 0 0 0 0 0 1 1 0 2 2 0 0
0.0008007995285502 0 0 0 0 0 0 0 2 2 0 1 1 0 0
-0.0077011921230602 0 0 0 0 0 0 0 1 1 0 1 1 0 0
-0.0085019916516104 0 0 0 0 0 0 0 1 2 0 2 1 0 0
0.1500259114972959 0 0 0 0 0 0 0 0 0 3 0 3 0 0
-0.0415309598298197 0 0 0 0 0 0 0 2 3 0 3 2 0 0
-0.0415309598298197 0 0 0 0 0 0 0 1 3 0 3 1 0 0
0.1251325705032984 0 0 0 0 0 0 0 0 3 0 0 3 0 0
-0.0256172872396449 0 0 0 0 0 0 0 2 0 3 3 2 0 0
-0.0256172872396449 0 0 0 0 0 0 0 1 0 3 3 1 0 0
0.1145744296923640 0 0 0 0 0 0 0 3 0 0 0 3 0 0
0.1999920921829732 0 0 0 0 0 0 3 0 0 0 0 3 0 0
-0.0906027029089076 0 0 0 0 0 0 3 2 3 3 3 2 0 0
-0.0906027029089076 0 0 0 0 0 0 3 1 3 3 3 1 0 0
0.0011015057969422 0 0 0 0 0 2 2 0 0 0 0 3 0 0
0.0011015057969422 0 0 0 0 0 1 1 0 0 0 0 3 0 0
-0.0018760428578403 0 0 0 0 0 2 2 2 3 3 3 2 0 0
-0.0018760428578403 0 0 0 0 0 1 1 2 3 3 3 2 0 0
-0.0018760428578403 0 0 0 0 0 2 2 1 3 3 3 1 0 0
-0.0018760428578403 0 0 0 0 0 1 1 1 3 3 3 1 0 0
-0.0008598891653926 0 0 0 0 2 3 2 0 0 0 2 2 0 0
-0.0008598891653926 0 0 0 0 1 3 1 0 0 0 2 2 0 0
-0.0008598891653926 0 0 0 0 2 3 2 0 0 0 1 1 0 0
-0.0008598891653926 0 0 0 0 1 3 1 0 0 0 1 1 0 0
0.0007873062490469 0 0 0 0 2 3 2 0 2 3 3 2 0 0
0.0007873062490469 0 0 0 0 1 3 1 0 2 3 3 2 0 0
0.0007873062490469 0 0 0 0 2 3 2 0 1 3 3 1 0 0
0.0007873062490469 0 0 0 0 1 3 1 0 1 3 3 1 0 0
-0.0016173418259756 0 0 0 2 3 3 2 0 0 0 0 3 0 0
-0.0016173418259756 0 0 0 1 3 3 1 0 0 0 0 3 0 0
-0.0002061205498211 0 0 0 2 3 3 2 2 3 3 3 2 0 0
-0.0002061205498211 0 0 0 1 3 3 1 2 3 3 3 2 0 0
-0.0002061205498211 0 0 0 2 3 3 2 1 3 3 3 1 0 0
-0.0002061205498211 0 0 0 1 3 3 1 1 3 3 3 1 0 0
-0.0000496870589484 0 2 3 3 3 3 2 0 0 0 0 3 0 0
-0.0000496870589484 0 1 3 3 3 3 1 0 0 0 0 3 0 0
-0.0017469088492931 0 2 3 3 3 3 2 2 3 3 3 2 0 0
-0.0017469088492931 0 1 3 3 3 3 1 2 3 3 3 2 0 0
-0.0017469088492931 0 2 3 3 3 3 2 1 3 3 3 1 0 0
-0.0017469088492931 0 1 3 3 3 3 1 1 3 3 3 1 0 0
-0.0012399871730631 2 3 3 3 3 3 2 0 0 0 2 2 0 0
-0.0012399871730631 1 3 3 3 3 3 1 0 0 0 2 2 0 0
-0.0012399871730631 2 3 3 3 3 3 2 0 0 0 1 1 0 0
-0.0012399871730631 1 3 3 3 3 3 1 0 0 0 1 1 0 0
0.0009658245434640 2 3 3 3 3 3 2 0 2 3 3 2 0 0
0.0009658245434640 1 3 3 3 3 3 1 0 2 3 3 2 0 0
0.0009658245434640 2 3 3 3 3 3 2 0 1 3 3 1 0 0
0.0009658245434640 1 3 3 3 3 3 1 0 1 3 3 1 0 0
0.1612934719189001 0 0 0 0 0 3 0 0 0 0 0 3 0 0
-0.0345726343159318 0 0 0 0 0 3 0 2 3 3 3 2 0 0
-0.0345726343159318 0 0 0 0 0 3 0 1 3 3 3 1 0 0
0.0049929855436141 0 0 0 0 2 2 0 0 0 0 2 2 0 0
0.0049929855436141 0 0 0 0 1 1 0 0 0 0 2 2 0 0
0.0049929855436141 0 0 0 0 2 2 0 0 0 0 1 1 0 0
0.0049929855436141 0 0 0 0 1 1 0 0 0 0 1 1 0 0
-0.0100303391616177 0 0 0 0 2 2 0 0 2 3 3 2 0 0
-0.0100303391616177 0 0 0 0 1 1 0 0 2 3 3 2 0 0
-0.0100303391616177 0 0 0 0 2 2 0 0 1 3 3 1 0 0
-0.0100303391616177 0 0 0 0 1 1 0 0 1 3 3 1 0 0
-0.0017270617013476 0 0 0 2 3 2 0 0 0 0 0 3 0 0
-0.0017270617013476 0 0 0 1 3 1 0 0 0 0 0 3 0 0
-0.0190577966113715 0 0 0 2 3 2 0 2 3 3 3 2 0 0
-0.0190577966113715 0 0 0 1 3 1 0 2 3 3 3 2 0 0
-0.0190577966113715 0 0 0 2 3 2 0 1 3 3 3 1 0 0
-0.0190577966113715 0 0 0 1 3 1 0 1 3 3 3 1 0 0
-0.0189688213053199 0 2 3 3 3 2 0 0 0 0 0 3 0 0
-0.0189688213053199 0 1 3 3 3 1 0 0 0 0 0 3 0 0
0.0191867012559907 0 2 3 3 3 2 0 2 3 3 3 2 0 0
0.0191867012559907 0 1 3 3 3 1 0 2 3 3 3 2 0 0
0.0191867012559907 0 2 3 3 3 2 0 1 3 3 3 1 0 0
0.0191867012559907 0 1 3 3 3 1 0 1 3 3 3 1 0 0
-0.0085190249997450 2 3 3 3 3 2 0 0 0 0 2 2 0 0
-0.0085190249997450 1 3 3 3 3 1 0 0 0 0 2 2 0 0
-0.0085190249997450 2 3 3 3 3 2 0 0 0 0 1 1 0 0
-0.0085190249997450 1 3 3 3 3 1 0 0 0 0 1 1 0 0
0.0088336623074508 2 3 3 3 3 2 0 0 2 3 3 2 0 0
0.0088336623074508 1 3 3 3 3 1 0 0 2 3 3 2 0 0
0.0088336623074508 2 3 3 3 3 2 0 0 1 3 3 1 0 0
0.0088336623074508 1 3 3 3 3 1 0 0 1 3 3 1 0 0
0.1582575599871685 0 0 0 0 3 0 0 0 0 0 0 3 0 0
-0.0226040408880084 0 0 0 0 3 0 0 2 3 3 3 2 0 0
-0.0226040408880084 0 0 0 0 3 0 0 1 3 3 3 1 0 0
0.0118113579830181 0 0 0 2 2 0 0 0 0 0 2 2 0 0
0.0118113579830181 0 0 0 1 1 0 0 0 0 0 2 2 0 0
0.0118113579830181 0 0 0 2 2 0 0 0 0 0 1 1 0 0
0.0118113579830181 0 0 0 1 1 0 0 0 0 0 1 1 0 0
-0.0071510540611796 0 0 0 2 2 0 0 0 2 3 3 2 0 0
-0.0071510540611796 0 0 0 1 1 0 0 0 2 3 3 2 0 0
-0.0071510540611796 0 0 0 2 2 0 0 0 1 3 3 1 0 0
-0.0071510540611796 0 0 0 1 1 0 0 0 1 3 3 1 0 0
0.0072006882828089 0 0 2 3 2 0 0 0 0 2 3 2 0 0
0.0072006882828089 0 0 1 3 1 0 0 0 0 2 3 2 0 0
0.0072006882828089 0 0 2 3 2 0 0 0 0 1 3 1 0 0
0.0072006882828089 0 0 1 3 1 0 0 0 0 1 3 1 0 0
-0.0071510540611796 0 2 3 3 2 0 0 0 0 0 2 2 0 0
-0.0071510540611796 0 1 3 3 1 0 0 0 0 0 2 2 0 0
-0.0071510540611796 0 2 3 3 2 0 0 0 0 0 1 1 0 0
-0.0071510540611796 0 1 3 3 1 0 0 0 0 0 1 1 0 0
0.0177322104665336 0 2 3 3 2 0 0 0 2 3 3 2 0 0
0.0177322104665336 0 1 3 3 1 0 0 0 2 3 3 2 0 0
0.0177322104665336 0 2 3 3 2 0 0 0 1 3 3 1 0 0
0.0177322104665336 0 1 3 3 1 0 0 0 1 3 3 1 0 0
-0.0226040408880084 2 3 3 3 2 0 0 0 0 0 0 3 0 0
-0.0226040408880084 1 3 3 3 1 0 0 0 0 0 0 3 0 0
0.0381198236410810 2 3 3 3 2 0 0 2 3 3 3 2 0 0
0.0381198236410810 1 3 3 3 1 0 0 2 3 3 3 2 0 0
0.0381198236410810 2 3 3 3 2 0 0 1 3 3 3 1 0 0
0.0381198236410810 1 3 3 3 1 0 0 1 3 3 3 1 0 0
0.1496329652600479 0 0 0 3 0 0 0 0 0 0 0 3 0 0
-0.0400138317295336 0 0 0 3 0 0 0 2 3 3 3 2 0 0
-0.0400138317295336 0 0 0 3 0 0 0 1 3 3 3 1 0 0
-0.0108097882304673 0 2 3 2 0 0 0 0 0 0 0 3 0 0
-0.0108097882304673 0 1 3 1 0 0 0 0 0 0 0 3 0 0
0.0196128937722983 0 2 3 2 0 0 0 2 3 3 3 2 0 0
0.0196128937722983 0 1 3 1 0 0 0 2 3 3 3 2 0 0
0.0196128937722983 0 2 3 2 0 0 0 1 3 3 3 1 0 0
0.0196128937722983 0 1 3 1 0 0 0 1 3 3 3 1 0 0
0.0005733203218686 2 3 3 2 0 0 0 0 0 0 2 2 0 0
0.0005733203218686 1 3 3 1 0 0 0 0 0 0 2 2 0 0
0.0005733203218686 2 3 3 2 0 0 0 0 0 0 1 1 0 0
0.0005733203218686 1 3 3 1 0 0 0 0 0 0 1 1 0 0
0.0111109021206879 2 3 3 2 0 0 0 0 2 3 3 2 0 0
0.0111109021206879 1 3 3 1 0 0 0 0 2 3 3 2 0 0
0.0111109021206879 2 3 3 2 0 0 0 0 1 3 3 1 0 0
0.0111109021206879 1 3 3 1 0 0 0 0 1 3 3 1 0 0
0.1572265997801048 0 0 3 0 0 0 0 0 0 0 0 3 0 0
-0.0474529186485396 0 0 3 0 0 0 0 2 3 3 3 2 0 0
-0.0474529186485396 0 0 3 0 0 0 0 1 3 3 3 1 0 0
0.0059219588187199 2 3 2 0 0 0 0 0 0 2 3 2 0 0
0.0059219588187199 1 3 1 0 0 0 0 0 0 2 3 2 0 0
0.0059219588187199 2 3 2 0 0 0 0 0 0 1 3 1 0 0
0.0059219588187199 1 3 1 0 0 0 0 0 0 1 3 1 0 0
0.1428647809698320 0 3 0 0 0 0 0 0 0 0 0 3 0 0
-0.0094860090056503 0 3 0 0 0 0 0 2 3 3 3 2 0 0
-0.0094860090056503 0 3 0 0 0 0 0 1 3 3 3 1 0 0
0.0119117016492381 2 2 0 0 0 0 0 0 0 0 2 2 0 0
0.0119117016492381 1 1 0 0 0 0 0 0 0 0 2 2 0 0
0.0119117016492381 2 2 0 0 0 0 0 0 0 0 1 1 0 0
0.0119117016492381 1 1 0 0 0 0 0 0 0 0 1 1 0 0
-0.0161312782339946 2 2 0 0 0 0 0 0 2 3 3 2 0 0
-0.0161312782339946 1 1 0 0 0 0 0 0 2 3 3 2 0 0
-0.0161312782339946 2 2 0 0 0 0 0 0 1 3 3 1 0 0
-0.0161312782339946 1 1 0 0 0 0 0 0 1 3 3 1 0 0
0.1526942533334450 3 0 0 0 0 0 0 0 0 0 0 3 0 0
-0.0233053620034846 3 0 0 0 0 0 0 2 3 3 3 2 0 0
-0.0233053620034846 3 0 0 0 0 0 0 1 3 3 3 1 0 0
0.1682539303981437 0 0 0 0 0 0 0 0 0 3 3 0 0 0
-0.0295021027117917 0 0 0 0 0 0 0 0 2 0 2 0 0 0
-0.0295021027117917 0 0 0 0 0 0 0 0 1 0 1 0 0 0
0.1200923081829575 0 0 0 0 0 0 0 0 3 0 3 0 0 0
0.1348232717451466 0 0 0 0 0 0 0 3 0 0 3 0 0 0
-0.0248621158749918 0 0 0 0 0 0 0 3 2 3 2 0 0 0
-0.0248621158749918 0 0 0 0 0 0 0 3 1 3 1 0 0 0
0.2499676198805079 0 0 0 0 0 0 3 0 0 0 3 0 0 0
-0.0548314143464866 0 0 0 0 0 0 3 0 2 3 2 0 0 0
-0.0548314143464866 0 0 0 0 0 0 3 0 1 3 1 0 0 0
0.0033918397392239 0 0 0 0 0 2 2 0 0 0 3 0 0 0
0.0033918397392239 0 0 0 0 0 1 1 0 0 0 3 0 0 0
-0.0005580877439122 0 0 0 0 0 2 2 0 2 3 2 0 0 0
-0.0005580877439122 0 0 0 0 0 1 1 0 2 3 2 0 0 0
-0.0005580877439122 0 0 0 0 0 2 2 0 1 3 1 0 0 0
-0.0005580877439122 0 0 0 0 0 1 1 0 1 3 1 0 0 0
-0.0024086936092893 0 0 0 0 2 3 2 2 3 3 2 0 0 0
-0.0024086936092893 0 0 0 0 1 3 1 2 3 3 2 0 0 0
-0.0024086936092893 0 0 0 0 2 3 2 1 3 3 1 0 0 0
-0.0024086936092893 0 0 0 0 1 3 1 1 3 3 1 0 0 0
0.0028415940638080 0 0 0 2 3 3 2 0 0 0 3 0 0 0
0.0028415940638080 0 0 0 1 3 3 1 0 0 0 3 0 0 0
0.0005859281496370 0 0 0 2 3 3 2 0 2 3 2 0 0 0
0.0005859281496370 0 0 0 1 3 3 1 0 2 3 2 0 0 0
0.0005859281496370 0 0 0 2 3 3 2 0 1 3 1 0 0 0
0.0005859281496370 0 0 0 1 3 3 1 0 1 3 1 0 0 0
-0.0033625148444115 0 0 2 3 3 3 2 0 0 2 2 0 0 0
-0.0033625148444115 0 0 1 3 3 3 1 0 0 2 2 0 0 0
-0.0033625148444115 0 0 2 3 3 3 2 0 0 1 1 0 0 0
-0.0033625148444115 0 0 1 3 3 3 1 0 0 1 1 0 0 0
0.0048096660625094 0 2 3 3 3 3 2 0 0 0 3 0 0 0
0.0048096660625094 0 1 3 3 3 3 1 0 0 0 3 0 0 0
-0.0000700522933431 0 2 3 3 3 3 2 0 2 3 2 0 0 0
-0.0000700522933431 0 1 3 3 3 3 1 0 2 3 2 0 0 0
-0.0000700522933431 0 2 3 3 3 3 2 0 1 3 1 0 0 0
-0.0000700522933431 0 1 3 3 3 3 1 0 1 3 1 0 0 0
-0.0033001980013010 2 3 3 3 3 3 2 2 3 3 2 0 0 0
-0.0033001980013010 1 3 3 3 3 3 1 2 3 3 2 0 0 0
-0.0033001980013010 2 3 3 3 3 3 2 1 3 3 1 0 0 0
-0.0033001980013010 1 3 3 3 3 3 1 1 3 3 1 0 0 0
0.1689177911976033 0 0 0 0 0 3 0 0 0 0 3 0 0 0
-0.0238575097737186 0 0 0 0 0 3 0 0 2 3 2 0 0 0
-0.0238575097737186 0 0 0 0 0 3 0 0 1 3 1 0 0 0
-0.0192743287503607 0 0 0 0 2 2 0 2 3 3 2 0 0 0
-0.0192743287503607 0 0 0 0 1 1 0 2 3 3 2 0 0 0
-0.0192743287503607 0 0 0 0 2 2 0 1 3 3 1 0 0 0
-0.0192743287503607 0 0 0 0 1 1 0 1 3 3 1 0 0 0
0.0261134603313796 0 0 0 2 3 2 0 0 0 0 3 0 0 0
0.0261134603313796 0 0 0 1 3 1 0 0 0 0 3 0 0 0
-0.0078457056009857 0 0 0 2 3 2 0 0 2 3 2 0 0 0
-0.0078457056009857 0 0 0 1 3 1 0 0 2 3 2 0 0 0
-0.0078457056009857 0 0 0 2 3 2 0 0 1 3 1 0 0 0
-0.0078457056009857 0 0 0 1 3 1 0 0 1 3 1 0 0 0
-0.0117263128879893 0 0 2 3 3 2 0 0 0 2 2 0 0 0
-0.0117263128879893 0 0 1 3 3 1 0 0 0 2 2 0 0 0
-0.0117263128879893 0 0 2 3 3 2 0 0 0 1 1 0 0 0
-0.0117263128879893 0 0 1 3 3 1 0 0 0 1 1 0 0 0
-0.0220575999911285 0 2 3 3 3 2 0 0 0 0 3 0 0 0
-0.0220575999911285 0 1 3 3 3 1 0 0 0 0 3 0 0 0
0.0152437484189958 0 2 3 3 3 2 0 0 2 3 2 0 0 0
0.0152437484189958 0 1 3 3 3 1 0 0 2 3 2 0 0 0
0.0152437484189958 0 2 3 3 3 2 0 0 1 3 1 0 0 0
0.0152437484189958 0 1 3 3 3 1 0 0 1 3 1 0 0 0
-0.0041681182383259 2 3 3 3 3 2 0 2 3 3 2 0 0 0
-0.0041681182383259 1 3 3 3 3 1 0 2 3 3 2 0 0 0
-0.0041681182383259 2 3 3 3 3 2 0 1 3 3 1 0 0 0
-0.0041681182383259 1 3 3 3 3 1 0 1 3 3 1 0 0 0
0.1496329652600479 0 0 0 0 3 0 0 0 0 0 3 0 0 0
-0.0108097882304673 0 0 0 0 3 0 0 0 2 3 2 0 0 0
-0.0108097882304673 0 0 0 0 3 0 0 0 1 3 1 0 0 0
0.0005733203218686 0 0 0 2 2 0 0 2 3 3 2 0 0 0
0.0005733203218686 0 0 0 1 1 0 0 2 3 3 2 0 0 0
0.0005733203218686 0 0 0 2 2 0 0 1 3 3 1 0 0 0
0.0005733203218686 0 0 0 1 1 0 0 1 3 3 1 0 0 0
0.0111109021206879 0 2 3 3 2 0 0 2 3 3 2 0 0 0
0.0111109021206879 0 1 3 3 1 0 0 2 3 3 2 0 0 0
0.0111109021206879 0 2 3 3 2 0 0 1 3 3 1 0 0 0
0.0111109021206879 0 1 3 3 1 0 0 1 3 3 1 0 0 0
-0.0400138317295336 2 3 3 3 2 0 0 0 0 0 3 0 0 0
-0.0400138317295336 1 3 3 3 1 0 0 0 0 0 3 0 0 0
0.0196128937722983 2 3 3 3 2 0 0 0 2 3 2 0 0 0
0.0196128937722983 1 3 3 3 1 0 0 0 2 3 2 0 0 0
0.0196128937722983 2 3 3 3 2 0 0 0 1 3 1 0 0 0
0.0196128937722983 1 3 3 3 1 0 0 0 1 3 1 0 0 0
0.1956895651366647 0 0 0 3 0 0 0 0 0 0 3 0 0 0
-0.0303380764625688 0 0 0 3 0 0 0 0 2 3 2 0 0 0
-0.0303380764625688 0 0 0 3 0 0 0 0 1 3 1 0 0 0
0.0139791294888081 0 0 2 2 0 0 0 0 0 2 2 0 0 0
0.0139791294888081 0 0 1 1 0 0 0 0 0 2 2 0 0 0
0.0139791294888081 0 0 2 2 0 0 0 0 0 1 1 0 0 0
0.0139791294888081 0 0 1 1 0 0 0 0 0 1 1 0 0 0
-0.0303380764625688 0 2 3 2 0 0 0 0 0 0 3 0 0 0
-0.0303380764625688 0 1 3 1 0 0 0 0 0 0 3 0 0 0
0.0171738064180759 0 2 3 2 0 0 0 0 2 3 2 0 0 0
0.0171738064180759 0 1 3 1 0 0 0 0 2 3 2 0 0 0
0.0171738064180759 0 2 3 2 0 0 0 0 1 3 1 0 0 0
0.0171738064180759 0 1 3 1 0 0 0 0 1 3 1 0 0 0
0.0172416570069241 2 3 3 2 0 0 0 2 3 3 2 0 0 0
0.0172416570069241 1 3 3 1 0 0 0 2 3 3 2 0 0 0
0.0172416570069241 2 3 3 2 0 0 0 1 3 3 1 0 0 0
0.0172416570069241 1 3 3 1 0 0 0 1 3 3 1 0 0 0
0.1822330598869518 0 0 3 0 0 0 0 0 0 0 3 0 0 0
-0.0290645701382404 0 0 3 0 0 0 0 0 2 3 2 0 0 0
-0.0290645701382404 0 0 3 0 0 0 0 0 1 3 1 0 0 0
-0.0004375325735513 0 2 2 0 0 0 0 0 0 2 2 0 0 0
-0.0004375325735513 0 1 1 0 0 0 0 0 0 2 2 0 0 0
-0.0004375325735513 0 2 2 0 0 0 0 0 0 1 1 0 0 0
-0.0004375325735513 0 1 1 0 0 0 0 0 0 1 1 0 0 0
0.1372661146010334 0 3 0 0 0 0 0 0 0 0 3 0 0 0
-0.0111466920449814 0 3 0 0 0 0 0 0 2 3 2 0 0 0
-0.0111466920449814 0 3 0 0 0 0 0 0 1 3 1 0 0 0
-0.0144780505101932 2 2 0 0 0 0 0 2 3 3 2 0 0 0
-0.0144780505101932 1 1 0 0 0 0 0 2 3 3 2 0 0 0
-0.0144780505101932 2 2 0 0 0 0 0 1 3 3 1 0 0 0
-0.0144780505101932 1 1 0 0 0 0 0 1 3 3 1 0 0 0
0.1520649287520706 3 0 0 0 0 0 0 0 0 0 3 0 0 0
-0.0103840653647986 3 0 0 0 0 0 0 0 2 3 2 0 0 0
-0.0103840653647986 3 0 0 0 0 0 0 0 1 3 1 0 0 0
0.1375870149850018 0 0 0 0 0 0 0 0 3 3 0 0 0 0
0.1501662367371368 0 0 0 0 0 0 0 3 0 3 0 0 0 0
0.2788340597419137 0 0 0 0 0 0 3 0 0 3 0 0 0 0
0.0029235068508378 0 0 0 0 0 2 2 0 0 3 0 0 0 0
0.0029235068508378 0 0 0 0 0 1 1 0 0 3 0 0 0 0
-0.0012795011845835 0 0 0 2 3 3 2 0 0 3 0 0 0 0
-0.0012795011845835 0 0 0 1 3 3 1 0 0 3 0 0 0 0
0.0039377471333289 0 0 2 3 3 3 2 0 2 2 0 0 0 0
0.0039377471333289 0 0 1 3 3 3 1 0 2 2 0 0 0 0
0.0039377471333289 0 0 2 3 3 3 2 0 1 1 0 0 0 0
0.0039377471333289 0 0 1 3 3 3 1 0 1 1 0 0 0 0
0.0015523896732939 0 2 3 3 3 3 2 0 0 3 0 0 0 0
0.0015523896732939 0 1 3 3 3 3 1 0 0 3 0 0 0 0
0.1868506408492288 0 0 0 0 0 3 0 0 0 3 0 0 0 0
0.0171955771393265 0 0 0 2 3 2 0 0 0 3 0 0 0 0
0.0171955771393265 0 0 0 1 3 1 0 0 0 3 0 0 0 0
0.0147796764524943 0 0 2 3 3 2 0 0 2 2 0 0 0 0
0.0147796764524943 0 0 1 3 3 1 0 0 2 2 0 0 0 0
0.0147796764524943 0 0 2 3 3 2 0 0 1 1 0 0 0 0
0.0147796764524943 0 0 1 3 3 1 0 0 1 1 0 0 0 0
-0.0396490696130447 0 2 3 3 3 2 0 0 0 3 0 0 0 0
-0.0396490696130447 0 1 3 3 3 1 0 0 0 3 0 0 0 0
0.1572265997801048 0 0 0 0 3 0 0 0 0 3 0 0 0 0
0.0059219588187199 0 0 2 3 2 0 0 2 3 2 0 0 0 0
0.0059219588187199 0 0 1 3 1 0 0 2 3 2 0 0 0 0
0.0059219588187199 0 0 2 3 2 0 0 1 3 1 0 0 0 0
0.0059219588187199 0 0 1 3 1 0 0 1 3 1 0 0 0 0
-0.0474529186485396 2 3 3 3 2 0 0 0 0 3 0 0 0 0
-0.0474529186485396 1 3 3 3 1 0 0 0 0 3 0 0 0 0
0.1822330598869518 0 0 0 3 0 0 0 0 0 3 0 0 0 0
-0.0004375325735513 0 0 2 2 0 0 0 0 2 2 0 0 0 0
-0.0004375325735513 0 0 1 1 0 0 0 0 2 2 0 0 0 0
-0.0004375325735513 0 0 2 2 0 0 0 0 1 1 0 0 0 0
-0.0004375325735513 0 0 1 1 0 0 0 0 1 1 0 0 0 0
-0.0290645701382404 0 2 3 2 0 0 0 0 0 3 0 0 0 0
-0.0290645701382404 0 1 3 1 0 0 0 0 0 3 0 0 0 0
0.2200397733437610 0 0 3 0 0 0 0 0 0 3 0 0 0 0
0.0096489777799231 0 2 2 0 0 0 0 0 2 2 0 0 0 0
0.0096489777799231 0 1 1 0 0 0 0 0 2 2 0 0 0 0
0.0096489777799231 0 2 2 0 0 0 0 0 1 1 0 0 0 0
0.0096489777799231 0 1 1 0 0 0 0 0 1 1 0 0 0 0
0.0060877662191008 2 3 2 0 0 0 0 2 3 2 0 0 0 0
0.0060877662191008 1 3 1 0 0 0 0 2 3 2 0 0 0 0
0.0060877662191008 2 3 2 0 0 0 0 1 3 1 0 0 0 0
0.0060877662191008 1 3 1 0 0 0 0 1 3 1 0 0 0 0
0.1472359927649249 0 3 0 0 0 0 0 0 0 3 0 0 0 0
0.1562540029562376 3 0 0 0 0 0 0 0 0 3 0 0 0 0
0.1127503322133945 0 0 0 0 0 0 0 3 3 0 0 0 0 0
0.2006695710150154 0 0 0 0 0 0 3 0 3 0 0 0 0 0
0.0017445582551463 0 0 0 0 0 2 2 0 3 0 0 0 0 0
0.0017445582551463 0 0 0 0 0 1 1 0 3 0 0 0 0 0
0.0023027280002911 0 0 0 0 2 3 2 2 2 0 0 0 0 0
0.0023027280002911 0 0 0 0 1 3 1 2 2 0 0 0 0 0
0.0023027280002911 0 0 0 0 2 3 2 1 1 0 0 0 0 0
0.0023027280002911 0 0 0 0 1 3 1 1 1 0 0 0 0 0
-0.0052980271999111 0 0 0 2 3 3 2 0 3 0 0 0 0 0
-0.0052980271999111 0 0 0 1 3 3 1 0 3 0 0 0 0 0
-0.0021014206227249 0 2 3 3 3 3 2 0 3 0 0 0 0 0
-0.0021014206227249 0 1 3 3 3 3 1 0 3 0 0 0 0 0
0.0030490132077256 2 3 3 3 3 3 2 2 2 0 0 0 0 0
0.0030490132077256 1 3 3 3 3 3 1 2 2 0 0 0 0 0
0.0030490132077256 2 3 3 3 3 3 2 1 1 0 0 0 0 0
0.0030490132077256 1 3 3 3 3 3 1 1 1 0 0 0 0 0
0.1535416072573734 0 0 0 0 0 3 0 0 3 0 0 0 0 0
0.0246543332081901 0 0 0 0 2 2 0 2 2 0 0 0 0 0
0.0246543332081901 0 0 0 0 1 1 0 2 2 0 0 0 0 0
0.0246543332081901 0 0 0 0 2 2 0 1 1 0 0 0 0 0
0.0246543332081901 0 0 0 0 1 1 0 1 1 0 0 0 0 0
-0.0146489072243447 0 0 0 2 3 2 0 0 3 0 0 0 0 0
-0.0146489072243447 0 0 0 1 3 1 0 0 3 0 0 0 0 0
-0.0241945026380490 0 2 3 3 3 2 0 0 3 0 0 0 0 0
-0.0241945026380490 0 1 3 3 3 1 0 0 3 0 0 0 0 0
-0.0024867173563129 2 3 3 3 3 2 0 2 2 0 0 0 0 0
-0.0024867173563129 1 3 3 3 3 1 0 2 2 0 0 0 0 0
-0.0024867173563129 2 3 3 3 3 2 0 1 1 0 0 0 0 0
-0.0024867173563129 1 3 3 3 3 1 0 1 1 0 0 0 0 0
0.1428647809698320 0 0 0 0 3 0 0 0 3 0 0 0 0 0
0.0119117016492381 0 0 0 2 2 0 0 2 2 0 0 0 0 0
0.0119117016492381 0 0 0 1 1 0 0 2 2 0 0 0 0 0
0.0119117016492381 0 0 0 2 2 0 0 1 1 0 0 0 0 0
0.0119117016492381 0 0 0 1 1 0 0 1 1 0 0 0 0 0
-0.0161312782339946 0 2 3 3 2 0 0 2 2 0 0 0 0 0
-0.0161312782339946 0 1 3 3 1 0 0 2 2 0 0 0 0 0
-0.0161312782339946 0 2 3 3 2 0 0 1 1 0 0 0 0 0
-0.0161312782339946 0 1 3 3 1 0 0 1 1 0 0 0 0 0
-0.0094860090056503 2 3 3 3 2 0 0 0 3 0 0 0 0 0
-0.0094860090056503 1 3 3 3 1 0 0 0 3 0 0 0 0 0
0.1372661146010334 0 0 0 3 0 0 0 0 3 0 0 0 0 0
-0.0111466920449814 0 2 3 2 0 0 0 0 3 0 0 0 0 0
-0.0111466920449814 0 1 3 1 0 0 0 0 3 0 0 0 0 0
-0.0144780505101932 2 3 3 2 0 0 0 2 2 0 0 0 0 0
-0.0144780505101932 1 3 3 1 0 0 0 2 2 0 0 0 0 0
-0.0144780505101932 2 3 3 2 0 0 0 1 1 0 0 0 0 0
-0.0144780505101932 1 3 3 1 0 0 0 1 1 0 0 0 0 0
0.1472359927649249 0 0 3 0 0 0 0 0 3 0 0 0 0 0
0.1492816648983675 0 3 0 0 0 0 0 0 3 0 0 0 0 0
0.0288295955425659 2 2 0 0 0 0 0 2 2 0 0 0 0 0
0.0288295955425659 1 1 0 0 0 0 0 2 2 0 0 0 0 0
0.0288295955425659 2 2 0 0 0 0 0 1 1 0 0 0 0 0
0.0288295955425659 1 1 0 0 0 0 0 1 1 0 0 0 0 0
0.1415799277559604 3 0 0 0 0 0 0 0 3 0 0 0 0 0
0.2172511880948065 0 0 0 0 0 0 3 3 0 0 0 0 0 0
0.0023503185946268 0 0 0 0 0 2 2 3 0 0 0 0 0 0
0.0023503185946268 0 0 0 0 0 1 1 3 0 0 0 0 0 0
-0.0010422026569203 0 0 0 2 3 3 2 3 0 0 0 0 0 0
-0.0010422026569203 0 0 0 1 3 3 1 3 0 0 0 0 0 0
0.0012823681515710 0 2 3 3 3 3 2 3 0 0 0 0 0 0
0.0012823681515710 0 1 3 3 3 3 1 3 0 0 0 0 0 0
0.1560638495257280 0 0 0 0 0 3 0 3 0 0 0 0 0 0
0.0034572509429810 0 0 0 2 3 2 0 3 0 0 0 0 0 0
0.0034572509429810 0 0 0 1 3 1 0 3 0 0 0 0 0 0
-0.0172645855704745 0 2 3 3 3 2 0 3 0 0 0 0 0 0
-0.0172645855704745 0 1 3 3 3 1 0 3 0 0 0 0 0 0
0.1526942533334450 0 0 0 0 3 0 0 3 0 0 0 0 0 0
-0.0233053620034846 2 3 3 3 2 0 0 3 0 0 0 0 0 0
-0.0233053620034846 1 3 3 3 1 0 0 3 0 0 0 0 0 0
0.1520649287520706 0 0 0 3 0 0 0 3 0 0 0 0 0 0
-0.0103840653647986 0 2 3 2 0 0 0 3 0 0 0 0 0 0
-0.0103840653647986 0 1 3 1 0 0 0 3 0 0 0 0 0 0
0.1562540029562376 0 0 3 0 0 0 0 3 0 0 0 0 0 0
0.1415799277559604 0 3 0 0 0 0 0 3 0 0 0 0 0 0
0.1548880078861943 3 0 0 0 0 0 0 3 0 0 0 0 0 0
0.2365978997706732 0 0 0 0 0 3 3 0 0 0 0 0 0 0
0.0264797492503522 0 0 0 2 3 2 3 0 0 0 0 0 0 0
0.0264797492503522 0 0 0 1 3 1 3 0 0 0 0 0 0 0
-0.0681353483100279 0 2 3 3 3 2 3 0 0 0 0 0 0 0
-0.0681353483100279 0 1 3 3 3 1 3 0 0 0 0 0 0 0
-0.0017104963103869 0 0 0 2 3 0 2 0 0 0 0 0 0 0
-0.0017104963103869 0 0 0 1 3 0 1 0 0 0 0 0 0 0
-0.0014660328571110 0 2 3 3 3 0 2 0 0 0 0 0 0 0
-0.0014660328571110 0 1 3 3 3 0 1 0 0 0 0 0 0 0
-0.0023071619795584 2 3 3 3 1 1 2 0 0 0 0 0 0 0
-0.0076525464459606 2 3 3 3 2 2 2 0 0 0 0 0 0 0
-0.0053453844664022 1 3 3 3 1 2 2 0 0 0 0 0 0 0
-0.0053453844664022 2 3 3 3 2 1 1 0 0 0 0 0 0 0
-0.0076525464459606 1 3 3 3 1 1 1 0 0 0 0 0 0 0
-0.0023071619795584 1 3 3 3 2 2 1 0 0 0 0 0 0 0
-0.0004228972121288 0 2 3 1 0 1 2 0 0 0 0 0 0 0
-0.0056437147191585 0 2 3 2 0 2 2 0 0 0 0 0 0 0
-0.0052208175070297 0 1 3 1 0 2 2 0 0 0 0 0 0 0
-0.0052208175070297 0 2 3 2 0 1 1 0 0 0 0 0 0 0
-0.0056437147191585 0 1 3 1 0 1 1 0 0 0 0 0 0 0
-0.0004228972121288 0 1 3 2 0 2 1 0 0 0 0 0 0 0
0.1972434914552630 0 0 0 0 3 0 3 0 0 0 0 0 0 0
-0.0867735965473275 2 3 3 3 2 0 3 0 0 0 0 0 0 0
-0.0867735965473275 1 3 3 3 1 0 3 0 0 0 0 0 0 0
0.0055429995832058 0 0 0 0 3 2 2 0 0 0 0 0 0 0
0.0055429995832058 0 0 0 0 3 1 1 0 0 0 0 0 0 0
-0.0024772309913683 0 0 0 2 0 3 2 0 0 0 0 0 0 0
-0.0024772309913683 0 0 0 1 0 3 1 0 0 0 0 0 0 0
0.0007376191900985 0 2 3 3 0 3 2 0 0 0 0 0 0 0
0.0007376191900985 0 1 3 3 0 3 1 0 0 0 0 0 0 0
0.0010338666232420 2 3 3 1 1 3 2 0 0 0 0 0 0 0
-0.0011687064362261 2 3 3 2 2 3 2 0 0 0 0 0 0 0
-0.0022025730594682 1 3 3 1 2 3 2 0 0 0 0 0 0 0
-0.0022025730594682 2 3 3 2 1 3 1 0 0 0 0 0 0 0
-0.0011687064362261 1 3 3 1 1 3 1 0 0 0 0 0 0 0
0.0010338666232420 1 3 3 2 2 3 1 0 0 0 0 0 0 0
-0.0027127333927571 2 1 0 0 1 3 2 0 0 0 0 0 0 0
0.0013369034568271 2 2 0 0 2 3 2 0 0 0 0 0 0 0
0.0040496368495842 1 1 0 0 2 3 2 0 0 0 0 0 0 0
0.0040496368495842 2 2 0 0 1 3 1 0 0 0 0 0 0 0
0.0013369034568271 1 1 0 0 1 3 1 0 0 0 0 0 0 0
-0.0027127333927571 1 2 0 0 2 3 1 0 0 0 0 0 0 0
0.2430235493789349 0 0 0 3 0 0 3 0 0 0 0 0 0 0
-0.0549729776460038 0 2 3 2 0 0 3 0 0 0 0 0 0 0
-0.0549729776460038 0 1 3 1 0 0 3 0 0 0 0 0 0 0
0.0081230656396410 0 0 0 3 0 2 2 0 0 0 0 0 0 0
0.0081230656396410 0 0 0 3 0 1 1 0 0 0 0 0 0 0
0.0053955942121464 0 2 3 0 3 3 2 0 0 0 0 0 0 0
0.0053955942121464 0 1 3 0 3 3 1 0 0 0 0 0 0 0
0.2723228931953483 0 0 3 0 0 0 3 0 0 0 0 0 0 0
0.0110388670901985 0 0 3 0 0 2 2 0 0 0 0 0 0 0
0.0110388670901985 0 0 3 0 0 1 1 0 0 0 0 0 0 0
-0.0046420160289950 0 0 3 2 3 3 2 0 0 0 0 0 0 0
-0.0046420160289950 0 0 3 1 3 3 1 0 0 0 0 0 0 0
0.0054901368066228 0 2 0 3 3 3 2 0 0 0 0 0 0 0
0.0054901368066228 0 1 0 3 3 3 1 0 0 0 0 0 0 0
0.1928407033948220 0 3 0 0 0 0 3 0 0 0 0 0 0 0
0.0034455459588922 0 3 0 0 0 2 2 0 0 0 0 0 0 0
0.0034455459588922 0 3 0 0 0 1 1 0 0 0 0 0 0 0
-0.0053680794932541 0 3 0 2 3 3 2 0 0 0 0 0 0 0
-0.0053680794932541 0 3 0 1 3 3 1 0 0 0 0 0 0 0
0.2119024052871598 3 0 0 0 0 0 3 0 0 0 0 0 0 0
0.0069273584868612 3 0 0 0 0 2 2 0 0 0 0 0 0 0
0.0069273584868612 3 0 0 0 0 1 1 0 0 0 0 0 0 0
-0.0043424006582213 3 0 0 2 3 3 2 0 0 0 0 0 0 0
-0.0043424006582213 3 0 0 1 3 3 1 0 0 0 0 0 0 0
0.0043313813592965 3 2 3 3 3 3 2 0 0 0 0 0 0 0
0.0043313813592965 3 1 3 3 3 3 1 0 0 0 0 0 0 0
0.1251841362217308 0 0 0 0 3 3 0 0 0 0 0 0 0 0
-0.0244894296133327 2 3 3 3 2 3 0 0 0 0 0 0 0 0
-0.0244894296133327 1 3 3 3 1 3 0 0 0 0 0 0 0 0
0.0032659238422665 0 0 0 2 0 2 0 0 0 0 0 0 0 0
0.0032659238422665 0 0 0 1 0 1 0 0 0 0 0 0 0 0
-0.0289991604669376 0 2 3 3 0 2 0 0 0 0 0 0 0 0
-0.0289991604669376 0 1 3 3 0 1 0 0 0 0 0 0 0 0
-0.0105387716116264 2 3 3 1 1 2 0 0 0 0 0 0 0 0
-0.0107553037506157 2 3 3 2 2 2 0 0 0 0 0 0 0 0
-0.0002165321389893 1 3 3 1 2 2 0 0 0 0 0 0 0 0
-0.0002165321389893 2 3 3 2 1 1 0 0 0 0 0 0 0 0
-0.0107553037506157 1 3 3 1 1 1 0 0 0 0 0 0 0 0
-0.0105387716116264 1 3 3 2 2 1 0 0 0 0 0 0 0 0
0.0103530389485399 2 1 0 0 1 2 0 0 0 0 0 0 0 0
0.0158206709007393 2 2 0 0 2 2 0 0 0 0 0 0 0 0
0.0054676319521995 1 1 0 0 2 2 0 0 0 0 0 0 0 0
0.0054676319521995 2 2 0 0 1 1 0 0 0 0 0 0 0 0
0.0158206709007393 1 1 0 0 1 1 0 0 0 0 0 0 0 0
0.0103530389485399 1 2 0 0 2 1 0 0 0 0 0 0 0 0
0.1379058065947106 0 0 0 3 0 3 0 0 0 0 0 0 0 0
-0.0186173029716929 0 2 3 2 0 3 0 0 0 0 0 0 0 0
-0.0186173029716929 0 1 3 1 0 3 0 0 0 0 0 0 0 0
-0.0299033055921142 0 2 3 0 3 2 0 0 0 0 0 0 0 0
-0.0299033055921142 0 1 3 0 3 1 0 0 0 0 0 0 0 0
0.1507354582416425 0 0 3 0 0 3 0 0 0 0 0 0 0 0
0.0054692642513372 0 0 3 2 3 2 0 0 0 0 0 0 0 0
0.0054692642513372 0 0 3 1 3 1 0 0 0 0 0 0 0 0
-0.0248693931605504 0 2 0 3 3 2 0 0 0 0 0 0 0 0
-0.0248693931605504 0 1 0 3 3 1 0 0 0 0 0 0 0 0
0.1280678913723250 0 3 0 0 0 3 0 0 0 0 0 0 0 0
0.0005948411946511 0 3 0 2 3 2 0 0 0 0 0 0 0 0
0.0005948411946511 0 3 0 1 3 1 0 0 0 0 0 0 0 0
0.1405874215309924 3 0 0 0 0 3 0 0 0 0 0 0 0 0
-0.0007108672953449 3 0 0 2 3 2 0 0 0 0 0 0 0 0
-0.0007108672953449 3 0 0 1 3 1 0 0 0 0 0 0 0 0
-0.0197513029267874 3 2 3 3 3 2 0 0 0 0 0 0 0 0
-0.0197513029267874 3 1 3 3 3 1 0 0 0 0 0 0 0 0
0.1378216072770297 0 0 0 3 3 0 0 0 0 0 0 0 0 0
-0.0179608422916469 0 2 3 2 3 0 0 0 0 0 0 0 0 0
-0.0179608422916469 0 1 3 1 3 0 0 0 0 0 0 0 0 0
-0.0394405114076650 2 3 3 0 2 0 0 0 0 0 0 0 0 0
-0.0394405114076650 1 3 3 0 1 0 0 0 0 0 0 0 0 0
-0.0085019916516104 2 1 0 1 2 0 0 0 0 0 0 0 0 0
-0.0077011921230602 2 2 0 2 2 0 0 0 0 0 0 0 0 0
0.0008007995285502 1 1 0 2 2 0 0 0 0 0 0 0 0 0
0.0008007995285502 2 2 0 1 1 0 0 0 0 0 0 0 0 0
-0.0077011921230602 1 1 0 1 1 0 0 0 0 0 0 0 0 0
-0.0085019916516104 1 2 0 2 1 0 0 0 0 0 0 0 0 0
0.1500259114972959 0 0 3 0 3 0 0 0 0 0 0 0 0 0
-0.0415309598298197 2 3 0 3 2 0 0 0 0 0 0 0 0 0
-0.0415309598298197 1 3 0 3 1 0 0 0 0 0 0 0 0 0
0.1251325705032984 0 3 0 0 3 0 0 0 0 0 0 0 0 0
-0.0256172872396449 2 0 3 3 2 0 0 0 0 0 0 0 0 0
-0.0256172872396449 1 0 3 3 1 0 0 0 0 0 0 0 0 0
0.1145744296923640 3 0 0 0 3 0 0 0 0 0 0 0 0 0
0.1682539303981437 0 0 3 3 0 0 0 0 0 0 0 0 0 0
-0.0295021027117917 0 2 0 2 0 0 0 0 0 0 0 0 0 0
-0.0295021027117917 0 1 0 1 0 0 0 0 0 0 0 0 0 0
0.1200923081829575 0 3 0 3 0 0 0 0 0 0 0 0 0 0
0.1348232717451466 3 0 0 3 0 0 0 0 0 0 0 0 0 0
-0.0248621158749918 3 2 3 2 0 0 0 0 0 0 0 0 0 0
-0.0248621158749918 3 1 3 1 0 0 0 0 0 0 0 0 0 0
0.1375870149850018 0 3 3 0 0 0 0 0 0 0 0 0 0 0
0.1501662367371368 3 0 3 0 0 0 0 0 0 0 0 0 0 0
0.1127503322133945 3 3 0 0 0 0 0 0 0 0 0 0 0 0
