(-0.006364708052046062-0.008563500578614885j)
1.192579534733874125e-01 -1.288760159458368637e-01 -5.475904968832462361e-02 7.086825321885108220e-02 -8.539892198587112349e-02 -4.783943638116554264e-02
2.550978332394867043e-01 1.372504439778234886e-01 1.125152403713112204e-01 2.384056370897056493e-02 -9.374695170961969137e-02 -4.400202509631270104e-03
-4.936633473262909411e-02 3.074508339950860480e-01 -2.391805290943136986e-01 1.063726390329025051e-01 -1.445234012652666170e-02 6.329695570580726183e-02
-7.112704527856994474e-02 2.516871200122593466e-01 1.373283834044070617e-01 -7.725546360849304406e-02 3.238870285384724129e-02 -6.106422714100832871e-02
7.376497936329827476e-02 -1.295509327840322078e-01 -5.019060164069046037e-02 8.538696045060887446e-03 -3.045573731944382911e-03 3.222300317996033836e-02
-7.699056816530831793e-02 -5.888106064044014432e-02 1.522394037994023730e-01 -1.486481801740146547e-01 5.265182577729597690e-02 7.160691887582729814e-03
2.223295400089548290e-01 -2.531453129266159063e-02 4.022603473864939938e-02 -7.336140128760344076e-03 -2.929561964057077195e-02 1.385913018449288353e-02
-1.320772204119573939e-02 1.912811216899211186e-01 -1.882038798621105680e-01 9.279585443946172796e-02 1.728406972985738199e-02 9.979086826245164160e-03
5.527459068632214340e-02 2.263501018624472505e-01 -1.253621134471114840e-01 4.942463596323780350e-02 -1.645909165108663808e-01 8.092974049741996634e-02
-4.220819199204413341e-02 -1.912718652856190693e-01 4.181893170275886862e-02 1.054371865113495899e-02 -1.740718117637010329e-02 3.998021363616176965e-02
-6.446246637113751954e-02 -4.851682764040034235e-02 9.398141378199170726e-02 -2.472609290297169554e-02 -2.185460988608534105e-02 1.449995184776624833e-02
-1.018215120748448554e-01 -1.330223988297818405e-02 5.235213023630569396e-02 -5.659298925565639515e-02 2.078325063327479336e-02 -7.923286450326177954e-02
-2.370695829272696786e-01 1.894078621676745233e-02 -1.105164522265088684e-01 7.513226700551700610e-02 -7.144746804387043515e-03 4.231385588116669261e-02
9.095160742515229213e-02 2.269081315959551315e-01 7.351376968684494861e-02 8.984946479850972056e-02 -9.021711231401791098e-02 -2.508883914484460326e-02
-1.350724706058086810e-01 1.755982083906597324e-01 1.449818609366008426e-01 -3.357938210134210621e-02 9.213843203621334410e-02 3.889488292801596137e-02
2.067359678715585680e-02 6.254145584413645098e-03 5.947416451056983938e-02 1.794120569116848876e-02 -4.545276193152560790e-03 5.297175030408454721e-02
8.349078415347550852e-03 1.506464513994040244e-01 1.102268761493848670e-01 1.568084236552345356e-01 -3.372991926194744694e-02 6.710124048559042154e-02
2.720955131945185235e-02 9.306667142699737161e-02 5.266173775039700855e-02 3.146616927470609337e-02 7.158032100081175575e-02 -3.963471133945041525e-02
-1.844010009175763715e-02 2.500898981242671293e-01 1.235891332268256732e-01 4.806341606837058467e-03 -5.989743306689314373e-02 6.055207199396606815e-03
-1.279891410978208632e-01 4.361769946980813273e-02 -1.674541029178458484e-02 -3.755639261243758076e-02 5.212098657564005755e-02 3.487987274617088129e-02
