(-0.006364708052046062-0.008563500578614885j)
-1.492235733876763268e-02 -1.924982427869171078e-02 -2.755042715526594133e-02 -4.784874854866632068e-03 -6.426982154473030208e-03 1.910743673075965959e-03
2.426045576335614934e-02 2.431031143730533542e-02 -1.234025504252454428e-02 5.143824959877175106e-03 1.230286474204457005e-02 -1.000311203367449525e-02
9.910664123730580921e-02 -3.371617387158865053e-02 -3.311772452251230542e-02 4.611713206511094607e-03 9.186685557260147739e-04 1.913773167064919747e-03
5.626063667669130297e-02 1.609920350749806037e-02 -6.092584220442622336e-03 -3.476204123888710154e-03 -2.067584013515443020e-03 -1.363201545357948380e-02
-6.067281011003006208e-02 -1.764085781830471850e-02 -3.132237156328702282e-02 -2.253963509414256758e-03 3.152297705197497704e-03 -7.766121997636024968e-03
6.055833642964222191e-02 -1.408490586668411683e-02 -2.365300159808918917e-02 -2.854864149629635084e-02 -1.032806196328416894e-03 7.749413491326430196e-03
5.458192707174407132e-02 2.130432509997722684e-02 -1.778528695071338733e-02 -1.011152399356062079e-03 -9.875428888912254899e-03 -1.139344591409821236e-02
-2.172977822518336669e-02 -3.117675081216382191e-02 6.972449391333037511e-03 1.428459688644927866e-02 -2.329329416158645513e-03 3.799486985139181525e-03
3.931213614710341031e-02 -1.691583467963367338e-02 3.830722646624676493e-03 -1.188918562354158819e-02 8.631204793570265016e-04 -1.730286673427524485e-02
1.611624569148874947e-02 -4.798234667272963105e-02 -4.420554790086142494e-03 1.764086376531852005e-02 -2.226798916519851304e-02 -1.142250628364081984e-02
-7.835982560225541321e-03 -1.776616520965491539e-02 -2.299846716222866266e-02 6.934088628076840247e-03 -1.333031609347385717e-02 8.745899575218698749e-03
4.080870252304701074e-02 -2.076375541914247946e-02 -2.738601216356452428e-02 -3.017806450237538879e-02 -1.233275754048398717e-02 -1.548582917585156898e-04
-4.523477873921227799e-02 2.713071189276295217e-02 -3.775752892756252879e-03 2.027971450538226458e-02 -1.074960392613105720e-02 7.493069396056419203e-03
-3.109753868983881203e-02 -2.302110245877477326e-02 -2.288855180686140758e-02 -2.734355563347529161e-02 -2.013271422897958823e-02 -1.639272791544669691e-02
9.761403056003377376e-02 2.250916711100599266e-02 -3.563010044489332926e-03 -2.395722924294241274e-02 -5.601520723905318959e-03 -1.516780700732358808e-02
6.463421586573869781e-04 8.171603544103300115e-03 1.996578523645240605e-02 3.497757260888044450e-03 -5.647958499113880232e-03 -8.180795192819449030e-03
-8.913478228030477513e-02 -1.883639147643095119e-02 -3.688214748033087284e-03 1.412600431336379775e-03 -1.024082944682682197e-02 1.113488775225361660e-02
-3.586920462809199683e-02 -1.359527333482983200e-02 -1.199976443876659901e-02 -7.772412981112582914e-03 9.156253223211365672e-04 2.753605582900672290e-03
2.502000320347641180e-02 1.115008341370262585e-03 -2.016401931959531726e-02 -1.020266874869363294e-03 -1.535148249915932982e-02 -6.827834483533428214e-03
-1.182531245866555274e-02 -1.366781677799231570e-02 -6.642251678493690109e-03 -1.176002785712264992e-02 -2.681098813211602039e-02 -5.574649771294535282e-03
