(-0.006364708052046062-0.008563500578614885j)
1.577518596812536866e-03 9.927919863089475216e-04 6.119994664994576894e-03 1.819321053438667513e-02 1.119714457806255184e-02 4.332387096924653243e-03
-7.628966721868860046e-02 -6.402878911594602623e-03 -7.739039230848401667e-03 7.871438851198351086e-03 -1.300587058122076780e-03 -1.126188371143845533e-02
1.513873793073697814e-02 -1.655242899395070744e-02 -2.316546055295720663e-02 -6.429063495255108243e-03 -3.566369988105941476e-03 -2.549954297607563702e-03
-1.452814701181096360e-02 -2.660734980566581420e-02 -3.602741457273349324e-02 -2.340453915642282112e-02 -1.702127576365338943e-02 -1.249145029814623109e-02
3.804461627373880578e-02 9.834366841000431389e-03 1.906173551323063486e-02 3.921105396917111408e-03 1.038224482263024051e-02 2.665025225915744998e-03
-1.136214813184311528e-02 -1.625011985263006067e-02 -1.444746731485912171e-02 -1.557244762238606424e-02 -6.974324972022227093e-03 -4.083907222539555695e-03
-3.177370889086568451e-02 -1.691782232941139649e-02 -7.281059217052770170e-03 -1.635550369152529229e-03 8.095484495075154496e-03 4.191976058456402081e-04
3.935943935042407124e-03 1.069613310229241242e-03 -5.628777205689975208e-03 1.680455325340082795e-02 -4.087564303564919857e-03 -3.391118485948293147e-03
-1.566452651223765660e-02 1.799903667282452824e-02 2.212991879437313514e-02 5.714856337148618848e-04 -4.106409522948654967e-03 -5.864675323043309733e-03
-5.854200923210636093e-02 -3.972559028989110230e-02 -2.131311053184370419e-02 -8.571078597124876658e-03 -1.781976542777924388e-02 -1.146360983951762863e-02
-1.883820129118234099e-02 3.304865176358608853e-03 2.368793041816556408e-03 -7.705854227277115359e-03 2.936394444518902747e-03 -4.325271272282301196e-03
-9.344409429670860745e-02 -3.892059549767302312e-02 -2.875642455889762528e-02 -1.892008328181725083e-02 -1.954321965637667580e-02 -2.145896695980915175e-02
-3.341393863035371781e-02 -2.873747843668009519e-02 -2.517152136295000564e-02 -1.767111071387790500e-02 -1.257486263288106268e-02 -1.016212782560804197e-02
1.449612749899908959e-02 7.757385166352014083e-05 -1.435921608735304944e-02 -1.891490420798975364e-02 -2.144962811212858950e-02 -1.349813866381219599e-02
-1.012762135272497407e-02 -3.002460353577640628e-02 -2.835871806698561301e-02 -1.564062143772983193e-02 -1.358408011689432766e-02 -1.366454562726122576e-02
2.971611756734773152e-02 1.611752476216538402e-02 1.116341943581346599e-02 6.086626536318498655e-04 -5.879909788765420170e-03 -1.010547282547316107e-02
-7.233942659605213654e-02 -2.646842232452449942e-02 -2.919841513903933053e-02 -8.275348810451513271e-04 1.464474505310744967e-03 -4.479311805277635082e-03
-4.913550810545244674e-02 1.814491568278356337e-03 -7.281811551451198086e-03 -2.464704149782091964e-03 -1.563997554465242079e-03 -7.430626240246668117e-03
-8.912503596575005460e-02 -4.563931422388024794e-02 -2.436637366824612183e-02 -2.927952181738636625e-02 -1.405811440551273626e-02 -8.248244328450220209e-03
-7.356442269204335749e-02 -2.947929039167291460e-02 -1.715879273023857704e-02 -8.601447131155671305e-03 -1.011360527694861455e-02 -2.234667082315116605e-03
