(-1.8683497076851225+0j)
-1.597660916952848176e+00 -2.271756479489105196e+00 -1.954897563686942341e+00 -1.919005906520586890e+00 -1.863967962370381759e+00 -1.842183170644147605e+00 -1.871530684792935384e+00
-1.400469217037213499e+00 -1.702948403689618528e+00 -1.688707866425885440e+00 -1.884342968084475878e+00 -1.865254952977832836e+00 -1.857803389101822411e+00 -1.867891338896591646e+00
-1.486586308542332091e+00 -1.609591526754099444e+00 -1.894153412091808431e+00 -1.831182913397623624e+00 -1.885485359625094670e+00 -1.872279073640964242e+00 -1.875076827913012778e+00
-1.391643637098374020e+00 -1.518202730903225328e+00 -1.881285343754333539e+00 -1.834255299886048185e+00 -1.889507222494478444e+00 -1.878431988706752431e+00 -1.857389018335128927e+00
-1.617331564163529745e+00 -2.228178118769458038e+00 -2.014787007067263325e+00 -1.907949575636149309e+00 -1.852272217718819336e+00 -1.856020668679042807e+00 -1.867250301743577978e+00
-1.469119158568099603e+00 -2.285911947739923455e+00 -1.760796707418327500e+00 -1.792296099210628491e+00 -1.823446918923135929e+00 -1.853686456944926730e+00 -1.851972040617888338e+00
-1.514010668531180492e+00 -1.837409464468057418e+00 -1.887035998118413715e+00 -1.926525518204393883e+00 -1.900058693700493517e+00 -1.859302645753946992e+00 -1.866717300642274591e+00
-1.349967408479914033e+00 -1.899790622181240174e+00 -1.675214706264550824e+00 -2.017626189226661815e+00 -1.842169169608985912e+00 -1.889841323898819869e+00 -1.867231044051454347e+00
-1.887886354115081433e+00 -1.565803572959001855e+00 -1.957656225671422723e+00 -1.837947980125706815e+00 -1.913143885165764058e+00 -1.877262926667238929e+00 -1.873056851378818166e+00
-1.178740203553966914e+00 -1.768634090575133655e+00 -2.174992388366977281e+00 -1.751477156992809814e+00 -1.882732911868059800e+00 -1.850132733411777197e+00 -1.860118144195211265e+00
-1.271226162620104239e+00 -1.968946535211865800e+00 -1.994276124808025408e+00 -1.817247716736535512e+00 -1.946218399445039271e+00 -1.893309764427200337e+00 -1.880869254406859925e+00
-1.280219160410024593e+00 -1.612271827810881186e+00 -1.970641536783218406e+00 -1.959978041908044588e+00 -1.877526039561129734e+00 -1.862960441100069753e+00 -1.854854879039381288e+00
-1.578330366824348019e+00 -1.792863603324979627e+00 -1.975392999668623917e+00 -1.974899170300873585e+00 -1.804686825831161467e+00 -1.865752393761571870e+00 -1.872383172252260364e+00
-1.554948451653759056e+00 -1.915472740891076331e+00 -1.919814767884896911e+00 -1.926142581029639977e+00 -1.859401757894820095e+00 -1.824228470946433589e+00 -1.868564816246027327e+00
-1.546975725280146374e+00 -1.412966631486956892e+00 -2.075698481901079973e+00 -1.693334198461531770e+00 -1.814285318921192047e+00 -1.844522241751266556e+00 -1.874279646351944661e+00
-1.441513246997093489e+00 -2.068654984854593870e+00 -1.944025149643696437e+00 -1.901664121273174857e+00 -1.807072990425004022e+00 -1.859159660641393597e+00 -1.860133158481646287e+00
-8.902648671252233470e-01 -1.394300599355701165e+00 -1.873838739400364828e+00 -1.883711946306574125e+00 -1.882871893967356103e+00 -1.826257989590117869e+00 -1.871011413354814579e+00
-1.401933600857130147e+00 -2.523915413458297508e+00 -1.769898924621228220e+00 -1.893726991505139345e+00 -1.870225187933985289e+00 -1.857035327570050409e+00 -1.870030270449119403e+00
-1.484114555537991098e+00 -2.333414636097849382e+00 -1.902237967301697585e+00 -1.878000933587480770e+00 -1.895286543971595128e+00 -1.882906059398236520e+00 -1.873660003081698999e+00
-1.591240341052935880e+00 -1.942120423113495198e+00 -2.001728162187172977e+00 -1.903605250007980310e+00 -1.888712702071078553e+00 -1.877965902953572019e+00 -1.876994022634029369e+00
-1.645629436714640459e+00 -1.816440807199608987e+00 -1.930695246043164559e+00 -1.908003734250637962e+00 -1.862323912102306078e+00 -1.847452846361900214e+00 -1.855218965346962179e+00
-1.223681354107660102e+00 -1.854475175968927303e+00 -1.898802171597225863e+00 -1.812428491713573120e+00 -1.828609874464806051e+00 -1.896905546735438319e+00 -1.864545683962948619e+00
-1.530160198751818523e+00 -1.473945273190993444e+00 -1.784455803431455712e+00 -1.842142122934219195e+00 -1.856351897744018764e+00 -1.873482399428344491e+00 -1.867973800491827596e+00
-1.538813767840501168e+00 -1.849254250150816237e+00 -2.037578638979646861e+00 -1.927243125548365521e+00 -1.822694885778047835e+00 -1.888014644056326574e+00 -1.874922948160693270e+00
-1.378605402308131334e+00 -1.649937531050923667e+00 -1.799273326752765856e+00 -1.829136906384563055e+00 -1.842190777324104856e+00 -1.868573170752021229e+00 -1.861602425562502772e+00
-1.344056634600125699e+00 -1.752639215722762822e+00 -1.757531784796735996e+00 -1.893015338147019389e+00 -1.883762334929490967e+00 -1.872955013355706688e+00 -1.877839260035000013e+00
-1.299748390023611533e+00 -2.297537530953092322e+00 -1.902347783742836640e+00 -1.887057756954510612e+00 -1.835941591023901420e+00 -1.891496534730460644e+00 -1.892251681093187088e+00
-1.157117270878306181e+00 -1.702611811136695463e+00 -1.994396398347726196e+00 -1.921413057909700406e+00 -1.881221925900458336e+00 -1.887414032580186918e+00 -1.866246222361319873e+00
-1.379498641046034590e+00 -1.857081265918975044e+00 -1.878190010063987891e+00 -1.935109979810512026e+00 -1.857407692330445892e+00 -1.874647460569405011e+00 -1.867752027046592600e+00
-1.779122208858913368e+00 -1.943351835383417825e+00 -1.779602227726838404e+00 -1.826299436753642480e+00 -1.867161525464587024e+00 -1.837155790835174551e+00 -1.871779786550133551e+00
-1.205901151928668646e+00 -1.578203835792730603e+00 -1.798669219545856901e+00 -1.764051395054548443e+00 -1.822935084353195734e+00 -1.874956468272965138e+00 -1.850293593279592752e+00
-1.221940272084193424e+00 -2.070851587124305837e+00 -1.998487729780980882e+00 -1.743142463162173472e+00 -1.874159935141131994e+00 -1.845678103006389126e+00 -1.859154355428916938e+00
-1.636512465485121304e+00 -2.135331524533095937e+00 -1.848017197136113010e+00 -1.883901465803101694e+00 -1.885409550001476919e+00 -1.883872463062644886e+00 -1.864745683022425826e+00
-1.274164216445158315e+00 -2.296565657785695880e+00 -1.770748305604682216e+00 -1.980497154092577761e+00 -1.870736572381078489e+00 -1.885352498989217640e+00 -1.867390072391809541e+00
-1.320635277840279453e+00 -2.242786184081821510e+00 -1.912000933365407107e+00 -1.850888155148115999e+00 -1.860869672664101415e+00 -1.934487986306570484e+00 -1.848756559460835946e+00
-1.474874864570046018e+00 -2.019030084008364589e+00 -1.826451191051442713e+00 -1.906944778646366911e+00 -1.856085233176951510e+00 -1.877681500113997703e+00 -1.863913118297854554e+00
-1.218609557877503580e+00 -1.770483597889101146e+00 -1.661241885711980837e+00 -1.781037657193446311e+00 -1.843377882874900564e+00 -1.882893324174948591e+00 -1.861047981546945174e+00
-1.567802175313868007e+00 -1.878818051099987230e+00 -2.049233880440605837e+00 -1.817176321470827416e+00 -1.808841341204726838e+00 -1.895537151800089637e+00 -1.868738128361326245e+00
-1.574939374364044964e+00 -1.830048429638862606e+00 -1.826460830412851566e+00 -1.954799389034486357e+00 -1.899917389023396019e+00 -1.873736811538320390e+00 -1.858803365901860571e+00
-1.468045587148110398e+00 -1.495117873988389912e+00 -2.003184231511593971e+00 -1.953227294417985593e+00 -1.874000152628583438e+00 -1.852443958184983863e+00 -1.871899226612378397e+00
-1.304860651422651507e+00 -1.844000684415259661e+00 -1.852031972989437225e+00 -1.764208894681843720e+00 -1.835801385188434276e+00 -1.861601486444316222e+00 -1.877605168284625314e+00
-1.451922237850997943e+00 -1.861441823695720865e+00 -2.079017612968867557e+00 -1.859643461822938049e+00 -1.841991092581533929e+00 -1.894024365553557576e+00 -1.870246672054614478e+00
-1.828410351273823231e+00 -1.866470485002268642e+00 -1.895997429526235400e+00 -1.904114670168242318e+00 -1.858111260624814021e+00 -1.834053083147056729e+00 -1.861131492458550918e+00
-1.680322970478430156e+00 -2.124362844487603930e+00 -1.845432112005674474e+00 -1.920761558951320058e+00 -1.880235537589968198e+00 -1.908669748548589951e+00 -1.868248800368121021e+00
-1.909050434485887848e+00 -2.365520338136941625e+00 -1.715854788333675440e+00 -1.920174736910043478e+00 -1.937814715862660409e+00 -1.871063990516413256e+00 -1.874938379629142560e+00
-1.638812796582521214e+00 -2.246500532425538044e+00 -2.026485509960467724e+00 -1.881432372946161280e+00 -1.865792362037942853e+00 -1.886003509167045067e+00 -1.871627513253333985e+00
-1.511129692691439930e+00 -1.897436476838048725e+00 -1.737261974883403504e+00 -1.957790996262016137e+00 -1.861199273893651807e+00 -1.897629090903973026e+00 -1.884824995891727362e+00
-1.322622129998183294e+00 -2.273017387254618882e+00 -1.644841266026699778e+00 -1.899068608192544749e+00 -1.873036151296100460e+00 -1.872789573529613172e+00 -1.868672209217773883e+00
-1.389082745903583049e+00 -2.033163432592580477e+00 -2.021312419855153308e+00 -1.842410842745215938e+00 -1.847195961095699168e+00 -1.888611835563256180e+00 -1.873001176854869554e+00
-1.169024890733232791e+00 -1.909334349878918813e+00 -1.728373239619511947e+00 -1.859577939568050287e+00 -1.814329676353610532e+00 -1.865985616230149802e+00 -1.864203560650212754e+00
