(-1.8683497076851225+0j)
-1.547067007971508978e+00 -1.568471564697166531e+00 -2.068734940804918487e+00 -1.830211658945937625e+00 -1.891416117852549483e+00 -1.859016851306968698e+00 -1.860601549592376669e+00
-1.768987503320714749e+00 -1.971539428501284608e+00 -1.663924195560891217e+00 -1.844664844179765506e+00 -1.890196717445798980e+00 -1.858076598742327556e+00 -1.849353094119058571e+00
-1.149214147023571497e+00 -1.714970344142360048e+00 -1.870847794042868717e+00 -1.866328000008700139e+00 -1.924245422261579019e+00 -1.845871070968435168e+00 -1.877681245529626786e+00
-1.762135571256691069e+00 -1.715604544215242555e+00 -2.024594556417635083e+00 -1.776923237395371391e+00 -1.828625468358909378e+00 -1.845730081693560898e+00 -1.872386413665727778e+00
-1.339282280821646687e+00 -1.496761494792209213e+00 -1.680227693658544741e+00 -1.924386969982816442e+00 -1.889453500336605085e+00 -1.865373753660376721e+00 -1.868197355621098898e+00
-1.244242987024889890e+00 -1.964873216402633238e+00 -1.725481678320593737e+00 -1.938269572499332627e+00 -1.923229297587371267e+00 -1.856762634732561201e+00 -1.860214407243249601e+00
-1.110225031887158487e+00 -1.818019610191032864e+00 -1.847342891900337403e+00 -1.865063185208110985e+00 -1.842790332021364996e+00 -1.888282389263036265e+00 -1.869610792683294775e+00
-1.288559804361836036e+00 -2.124030224203704798e+00 -1.883180610443241587e+00 -1.815819720532661830e+00 -1.902448350036883173e+00 -1.879682660525218374e+00 -1.866907092574581206e+00
-1.444062333762794470e+00 -1.859855480393968641e+00 -2.096179705276528082e+00 -1.913767887011504243e+00 -1.897151717867450404e+00 -1.860274462253985073e+00 -1.869050730105444647e+00
-1.722040510484021736e+00 -2.051735989100578639e+00 -2.042555373082939774e+00 -1.831713949645512596e+00 -1.814065453391921157e+00 -1.862243326964221346e+00 -1.862920646590161544e+00
-1.636080640107661521e+00 -2.146196303514052772e+00 -1.915127702347394045e+00 -1.791613880902617417e+00 -1.867118672508941923e+00 -1.848991583955486462e+00 -1.861275403312985466e+00
-1.434338367969719918e+00 -1.514058476336591408e+00 -2.171355048197111337e+00 -1.861300312552934377e+00 -1.914610669847901292e+00 -1.881143962259554048e+00 -1.872108184261975339e+00
-1.469388573463022984e+00 -2.145074792208923498e+00 -2.064210050942218100e+00 -1.774662278156244666e+00 -1.843292382510952176e+00 -1.845880976700494447e+00 -1.859313240375112475e+00
-1.337286760806252639e+00 -1.995526589886098989e+00 -1.698493604037556448e+00 -1.936056383646118206e+00 -1.824058158197574997e+00 -1.868631393773392269e+00 -1.857139042263632023e+00
-1.586635282416029469e+00 -1.694139118086644080e+00 -1.822482055163811676e+00 -1.749780696421694870e+00 -1.903775841560141791e+00 -1.877886296998493521e+00 -1.870115222498690777e+00
-1.235744314789367859e+00 -2.215567123417707229e+00 -1.638660372604348492e+00 -1.900575953070283930e+00 -1.936315511173404058e+00 -1.904672629950971974e+00 -1.866056800604178223e+00
-1.491601802081258699e+00 -1.776213452446196550e+00 -1.971761157839129197e+00 -1.866788733365753572e+00 -1.849946879616818585e+00 -1.859328968820004979e+00 -1.864658344975183013e+00
-1.767360730048433082e+00 -1.335071450644717217e+00 -1.858026941100295870e+00 -1.884123120660437634e+00 -1.842527166763429758e+00 -1.878474503722378230e+00 -1.871469256570210016e+00
-1.433656731127910033e+00 -2.174092554630676855e+00 -1.788910543251763130e+00 -1.980704075779407880e+00 -1.829908750255856642e+00 -1.879506731048125490e+00 -1.875827221168890446e+00
-1.476000259544872240e+00 -1.917024675881718876e+00 -2.007054668593923008e+00 -1.922008563491930389e+00 -1.855253995513699294e+00 -1.854805870485722652e+00 -1.874756350695378160e+00
-1.431840896934708063e+00 -2.211313641905699789e+00 -1.832789071672252357e+00 -1.902044837637600905e+00 -1.872653190263923406e+00 -1.887471278069241087e+00 -1.868556444322664545e+00
-1.239224197509606329e+00 -1.664361589133423136e+00 -2.061194982897806671e+00 -1.928662030415355222e+00 -1.899304644922220398e+00 -1.871332491731314329e+00 -1.870104604764932787e+00
-1.603723940302081541e+00 -2.187989122989906221e+00 -2.027310250040638806e+00 -1.807214389383759112e+00 -1.918907196034692841e+00 -1.853736502675369158e+00 -1.843264565154977941e+00
-1.430393082595412313e+00 -2.258745135119657022e+00 -1.899182439254805344e+00 -1.787546587803868103e+00 -1.887391943095210411e+00 -1.889628495097425365e+00 -1.859919560986485809e+00
-1.237823187486839949e+00 -1.590425297495511092e+00 -1.888597203739738717e+00 -1.903084381032439154e+00 -1.824986333907539837e+00 -1.870807674195661185e+00 -1.875536444242580147e+00
-1.586333289102676680e+00 -2.150570975909974258e+00 -1.720377583348040584e+00 -1.866868690857096613e+00 -1.814515813519371079e+00 -1.856692428925939442e+00 -1.883657096111192031e+00
-1.806065824301692935e+00 -1.875831967738149642e+00 -1.685808628039855428e+00 -1.821709888887793394e+00 -1.849943625202414621e+00 -1.868080429182385815e+00 -1.864125709907389794e+00
-1.311219979803454727e+00 -2.012986943715672883e+00 -2.002325556939577034e+00 -1.849971587021050246e+00 -1.927328970472751646e+00 -1.885667841264397460e+00 -1.877655159086486947e+00
-1.838181110472023594e+00 -1.707079419391439146e+00 -1.776949021527217010e+00 -1.795254559883358025e+00 -1.938439262914714911e+00 -1.871671939497913328e+00 -1.860594954232447140e+00
-1.434504636473864059e+00 -2.018539992083220547e+00 -1.603824286367097951e+00 -1.872608742512305469e+00 -1.863437285289110790e+00 -1.914606098057027639e+00 -1.878805496433477273e+00
-1.770218756212732281e+00 -1.886374612242301518e+00 -2.101499640540973601e+00 -1.929346788510743149e+00 -1.824862763676706745e+00 -1.864893450339812242e+00 -1.867596362770303386e+00
-1.570133038196429354e+00 -1.976633843870931662e+00 -1.903887300545470396e+00 -1.862477573837416189e+00 -1.874180115720729400e+00 -1.830101591083006074e+00 -1.883843926931918267e+00
-1.347906508005376036e+00 -2.105953128261707441e+00 -1.798124110229734285e+00 -1.887398035760305737e+00 -1.888298768104442749e+00 -1.846451660859069532e+00 -1.880738932025762811e+00
-1.272930188478905933e+00 -1.813684090964869045e+00 -2.005781987145494494e+00 -1.925257013132413597e+00 -1.878604980099598976e+00 -1.873929838501389167e+00 -1.860946869719679819e+00
-1.706260201988206049e+00 -1.275275589889524941e+00 -1.929363967577161887e+00 -1.875171639189039841e+00 -1.861755309489237398e+00 -1.852474526955157019e+00 -1.884736064462016802e+00
-1.346121379166357546e+00 -1.492590036596258996e+00 -1.942108187797646046e+00 -1.880698512824686031e+00 -1.841554295736736346e+00 -1.791676350807682727e+00 -1.889481564562873750e+00
-1.459769053655719073e+00 -1.447290358505648022e+00 -2.224752256335982281e+00 -1.899610294024350665e+00 -1.870192517344525518e+00 -1.835303614214183643e+00 -1.878289965759911695e+00
-1.227175170593370890e+00 -1.303091481410573849e+00 -1.978464619375956079e+00 -1.944118547864450708e+00 -1.807124802737136715e+00 -1.843063714092126437e+00 -1.864770781615961770e+00
-1.845106669872506489e+00 -2.124349197555828184e+00 -1.609134180712894491e+00 -1.857856286561365700e+00 -1.897638793951187175e+00 -1.892243781373288636e+00 -1.855911853784418586e+00
-1.216578462083871770e+00 -1.706470955217963326e+00 -1.777194883336713271e+00 -1.903265775293885520e+00 -1.862056614763140772e+00 -1.877658578399109768e+00 -1.871728744458394988e+00
-1.578785341248888141e+00 -2.016799960298338856e+00 -1.756816867168045082e+00 -1.861273528900479368e+00 -1.911661936798715322e+00 -1.856551324264144709e+00 -1.870386743605030988e+00
-1.213849281876616226e+00 -2.296991615428649158e+00 -1.780533100784127853e+00 -1.736345870232350874e+00 -1.827915370688765861e+00 -1.866263164065722346e+00 -1.868523305454110606e+00
-1.484767574116303557e+00 -1.940856820132711658e+00 -1.903192927790543054e+00 -1.851692330430209532e+00 -1.902682711246616698e+00 -1.857149986798575902e+00 -1.845799394057113796e+00
-9.860232008278743132e-01 -1.689895039659327081e+00 -2.066372339156504978e+00 -1.885701425871385561e+00 -1.926487778705744169e+00 -1.869379909498985803e+00 -1.882388894539904989e+00
-1.564041223042934581e+00 -1.663157047144800282e+00 -1.812662873483113390e+00 -1.811395637135658321e+00 -1.878771940016347175e+00 -1.857483060638366545e+00 -1.869259058386445016e+00
-1.430006002067410797e+00 -1.606422451726635003e+00 -1.890726110639973312e+00 -1.886757892963833338e+00 -1.771939968813304400e+00 -1.886379141260886350e+00 -1.861730959354823245e+00
-9.442507958272331470e-01 -2.403352468620477467e+00 -1.787035944330423121e+00 -1.853681146077114761e+00 -1.888936456697709376e+00 -1.846663172396621588e+00 -1.880469977763825185e+00
-1.998502519206791339e+00 -1.670476342064677322e+00 -1.723218235046106273e+00 -1.883308608646539373e+00 -1.834857682956130720e+00 -1.867419274437252419e+00 -1.886130959072860325e+00
-1.659300137153738586e+00 -2.103677280333744903e+00 -2.060859116200002283e+00 -1.840019928895726631e+00 -1.885929087251394520e+00 -1.853166251415626409e+00 -1.861962195828699373e+00
-1.399819806610826056e+00 -1.703656301950695617e+00 -1.798337203092820191e+00 -1.806879908484205988e+00 -1.848870390436723854e+00 -1.863120351845263478e+00 -1.878696339950693295e+00
