(-1.8683497076851225+0j)
-1.281631498426810900e+00 -1.232456493983945967e+00 -1.607057583054517513e+00 -1.688892988843694765e+00 -2.038217213007986306e+00 -1.900887136667537725e+00 -1.872370339794709349e+00
-1.338907840909158375e+00 -1.383369482638609593e+00 -1.564905334605938947e+00 -1.523130681936111674e+00 -2.012805610973741111e+00 -1.903160932064117405e+00 -1.871688812510338806e+00
-1.346198095165920927e+00 -1.507566046238899116e+00 -1.612530199454947688e+00 -1.894672843855961020e+00 -2.075509906373710578e+00 -1.846209528137873868e+00 -1.884701061983405257e+00
-1.272518819291919900e+00 -1.085479450665058687e+00 -1.381968645662940531e+00 -1.407892109489746080e+00 -1.703032506973698457e+00 -1.826925066469786030e+00 -1.894844886191443312e+00
-1.284959419390195201e+00 -1.363321174586568763e+00 -1.360836772903558867e+00 -1.461589201909267777e+00 -1.687978024754395623e+00 -1.791118706519210679e+00 -1.864085006840878300e+00
-1.161807299028449147e+00 -1.164486063148584050e+00 -1.308002917558556799e+00 -1.581380014901943021e+00 -1.674245175113371120e+00 -1.813993261079344332e+00 -1.814091801315866892e+00
-1.103433624637022437e+00 -1.258939530360867476e+00 -1.553742619454564045e+00 -1.470890358765695405e+00 -1.664469636294203969e+00 -1.758784967553180145e+00 -1.832948806914210582e+00
-1.455286581522815315e+00 -1.483976181664772520e+00 -1.559411193105976201e+00 -1.840225299456449637e+00 -1.852609645641247305e+00 -1.885569043286694946e+00 -1.875402938072984416e+00
-1.315340504825723400e+00 -1.339809333038880945e+00 -1.412911160949460676e+00 -1.712036628531776072e+00 -1.905417513944187125e+00 -1.902398930281544276e+00 -1.903139834091099880e+00
-1.202374018826731117e+00 -1.359234944834892822e+00 -1.377511344173785623e+00 -1.790139671602221760e+00 -1.694112454683054825e+00 -1.864763377549323753e+00 -1.860128513284026841e+00
-1.163445743432612645e+00 -1.482735258360270203e+00 -1.611063004469929449e+00 -1.664710831211746900e+00 -2.132803251389323584e+00 -1.908742378788473637e+00 -1.876290984176315568e+00
-1.189784261850001856e+00 -1.419189891701706507e+00 -1.344315530662797853e+00 -1.616064981412882240e+00 -1.791698523784011954e+00 -1.909779587489550678e+00 -1.875735033825873810e+00
-1.068123706704366294e+00 -1.292542433280396530e+00 -1.416839504995156762e+00 -1.645355543786065633e+00 -1.877644479608140404e+00 -1.874274170005303386e+00 -1.897817245972173161e+00
-1.317618311371083761e+00 -1.450123282487219445e+00 -1.581036774713677984e+00 -1.710640724921081102e+00 -1.827310225133098598e+00 -1.838767859267246063e+00 -1.872746982418938888e+00
-1.323244393158557575e+00 -1.393529079387470837e+00 -1.486438126982799535e+00 -1.611920533384364695e+00 -2.019839876902569387e+00 -1.968093354759681723e+00 -1.893814798699859470e+00
-1.344093175040884658e+00 -1.422038694577795859e+00 -1.542484754853875817e+00 -1.772001408575313075e+00 -1.779891457266804755e+00 -1.934960160093327275e+00 -1.862583406956807019e+00
-1.305756689212202115e+00 -1.300237755216192337e+00 -1.569189012694089280e+00 -1.697824077235308149e+00 -1.860161889741056562e+00 -1.851708200551188899e+00 -1.864447432803203686e+00
-1.140898002923549814e+00 -1.462548471273986017e+00 -1.462376748822354910e+00 -1.575703029191168669e+00 -1.905578330521410901e+00 -1.793008803533887807e+00 -1.897764259141472509e+00
-1.296735497305005369e+00 -1.423400098982569251e+00 -1.595011390291996456e+00 -1.687029685369060283e+00 -1.661480852221961291e+00 -1.813885243309861339e+00 -1.839544167768209171e+00
-1.175223581988493748e+00 -1.302328869820309709e+00 -1.316703670347238120e+00 -1.800952208777313768e+00 -1.904031675933069101e+00 -1.792981650401861859e+00 -1.888258349799621039e+00
-1.262282551348837156e+00 -1.385313203638796509e+00 -1.657233001030551156e+00 -1.640449135564253647e+00 -1.719281569147737221e+00 -1.867522476783654461e+00 -1.879484298905485407e+00
-1.327821241201420754e+00 -1.447472254454260421e+00 -1.406341821769513167e+00 -1.775128556232886012e+00 -1.991016275389006385e+00 -1.902319902552725539e+00 -1.844885710488473496e+00
-1.209950552672270696e+00 -1.121924944094119914e+00 -1.339510067758842737e+00 -1.655978991934502487e+00 -1.855244049921713323e+00 -1.845161819889546972e+00 -1.836227285195734860e+00
-1.210850858431793187e+00 -1.185418852384522825e+00 -1.281829415292186303e+00 -1.511389889460051039e+00 -1.729392622291735293e+00 -1.844031034417441983e+00 -1.872307210639754915e+00
-1.294964204665822738e+00 -1.322660184674824047e+00 -1.637570639531409800e+00 -1.762186349191380508e+00 -1.970487967318719447e+00 -1.829088350161910403e+00 -1.827531602243394282e+00
-1.148518682308520722e+00 -1.134795404773623284e+00 -1.570181184204460623e+00 -1.763714365658767491e+00 -1.776489064019018738e+00 -1.835349848043307031e+00 -1.850118586982255842e+00
-1.324025618969897344e+00 -1.283648508122427367e+00 -1.079897329887859803e+00 -1.541859027647148217e+00 -1.656494513210379660e+00 -1.821511252215076482e+00 -1.861828206880086212e+00
-1.398240525503555043e+00 -1.403248200051393280e+00 -1.230201258853084179e+00 -1.455644171241744278e+00 -1.710981686224106735e+00 -1.857348362775751438e+00 -1.860488262300080020e+00
-1.329991805917310810e+00 -1.473006701247691952e+00 -1.863098708835705164e+00 -1.764677978837353223e+00 -1.621871757868259767e+00 -1.829189501707948917e+00 -1.848123199181725074e+00
-1.435323236020204174e+00 -1.441602239880376501e+00 -1.315619868092391176e+00 -1.534523616704448479e+00 -1.701287354511070715e+00 -1.839515289068706316e+00 -1.862353876995370694e+00
-1.357295486566625131e+00 -1.175963961232691979e+00 -1.525218842920870399e+00 -1.747613457960520478e+00 -1.723519008311634071e+00 -1.863725807339011720e+00 -1.876079219539207532e+00
-1.165260606792905218e+00 -9.869137834758398009e-01 -1.361566421307273567e+00 -1.715038156725319674e+00 -1.997308381610988226e+00 -1.881961537756261071e+00 -1.913671296154929813e+00
-1.180370562661645639e+00 -1.382335360670848390e+00 -1.587696498592217953e+00 -1.848883699365425182e+00 -1.867647276350595353e+00 -1.910252706866039762e+00 -1.884380430068214540e+00
-1.151053415468939134e+00 -1.381324610072340864e+00 -1.363994200758457565e+00 -1.471072430773271877e+00 -1.653446377475014328e+00 -1.870709632069407435e+00 -1.836832462650802134e+00
-1.269934799479457199e+00 -1.197998998750128719e+00 -1.470920214422573036e+00 -1.708263039621466195e+00 -1.735919005155841521e+00 -1.840155895338331238e+00 -1.861640742319156772e+00
-1.255560225863668222e+00 -9.914361604628025848e-01 -1.353769332885766952e+00 -1.631421732413246284e+00 -1.839745979937524201e+00 -1.886267717458824045e+00 -1.881264063676827192e+00
-1.247511452473316629e+00 -1.150410279770961441e+00 -1.324017924375350042e+00 -1.542677148492784367e+00 -1.797967154415565316e+00 -1.862934642643583771e+00 -1.848948908841010930e+00
-1.305298148434343997e+00 -1.130188347031393814e+00 -1.333308353246972722e+00 -1.557486773067539243e+00 -1.772985558395699268e+00 -1.804674619096233279e+00 -1.807616130839480917e+00
-1.405548861169462649e+00 -1.385277729912747224e+00 -1.469978678418677465e+00 -1.568637922280821773e+00 -1.971237477226558621e+00 -1.883952910812651149e+00 -1.926203504466435845e+00
-1.202549247283074996e+00 -1.269997860071180762e+00 -1.381399694310575299e+00 -1.771260335240878891e+00 -1.792038767929997833e+00 -1.834169844174394104e+00 -1.851054199322558436e+00
-1.210054631938046521e+00 -1.206812211542714453e+00 -1.364324491301589060e+00 -1.685804072857921332e+00 -1.797548179197884899e+00 -1.861613512199804310e+00 -1.857893442437123843e+00
-1.332758152923968487e+00 -1.338644087998206667e+00 -1.428222295567178612e+00 -1.871992380493700203e+00 -1.829149642635426787e+00 -1.875746297492150161e+00 -1.875022619651664613e+00
-1.281207169372787336e+00 -1.409699213407301199e+00 -1.547553008730869539e+00 -1.629782632131377973e+00 -1.809229399661595350e+00 -1.872319457230562589e+00 -1.883369402673747750e+00
-1.364195034785070870e+00 -1.445802997330201789e+00 -1.643982376461545325e+00 -1.877177321571289026e+00 -1.746684240145162104e+00 -1.852274301419025271e+00 -1.889353235205359027e+00
-1.193335261777676903e+00 -1.236553594591238703e+00 -1.403653096663119326e+00 -1.666128453375835594e+00 -1.715834007381807469e+00 -1.855291679148748374e+00 -1.874563686319960620e+00
-1.279574674430098868e+00 -1.204059746823343602e+00 -1.231571628547379671e+00 -1.533913716253980208e+00 -1.704776000540169312e+00 -1.795244180798705180e+00 -1.814917309516314248e+00
-1.229735487509748371e+00 -1.316351214563520999e+00 -1.379980069459136427e+00 -1.772035365076725988e+00 -2.061677583391902324e+00 -1.932414027066055473e+00 -1.910497612981474802e+00
-1.318949580640929709e+00 -1.312495320685804545e+00 -1.497983574629918824e+00 -1.616486388914746941e+00 -1.791701920761035183e+00 -1.889785127554712840e+00 -1.879813355536001707e+00
-1.311344235372510880e+00 -1.395234139583499067e+00 -1.506903347241723479e+00 -1.716821292239207875e+00 -1.638486830191594912e+00 -1.843543959920667774e+00 -1.869097501021900420e+00
-1.294670504534890298e+00 -1.338550546893531479e+00 -1.487367138722430315e+00 -1.700909457976406358e+00 -2.026743264541623901e+00 -1.968900591856989513e+00 -1.947499645178235372e+00
