(-1.8683497076851225+0j)
-1.277269491606137342e+00 -1.480750857483795535e+00 -1.483488649350710897e+00 -1.745554226113040119e+00 -1.818058749976056765e+00 -1.800592877668561576e+00 -1.876023985228464364e+00
-1.134821936371522844e+00 -1.395369334378020021e+00 -1.506304888130262531e+00 -1.610884608392957107e+00 -1.852449008952113285e+00 -1.725168748037278599e+00 -1.860562713640912857e+00
-1.141285099988372798e+00 -1.499010182889275899e+00 -1.277953253980252724e+00 -1.913104601832433804e+00 -1.826637398016082603e+00 -1.845053165006113272e+00 -1.911613313091249822e+00
-1.507494426769651508e+00 -1.587536489104960591e+00 -1.218965879578023825e+00 -1.438730203176915801e+00 -1.714239896425085341e+00 -1.750682432737022287e+00 -1.846005116631663334e+00
-1.247368741097097722e+00 -1.493440869648149594e+00 -1.400446997934186921e+00 -1.446420061085222253e+00 -1.759245829509856529e+00 -1.837303141238594506e+00 -1.862526940018605970e+00
-1.474451342660477060e+00 -1.790926995379606534e+00 -1.603296720795198471e+00 -1.958357318022967197e+00 -1.743914805877633478e+00 -1.846717524831773316e+00 -1.930531760736051261e+00
-1.384616846490659192e+00 -1.324492508505798360e+00 -1.427153597137220675e+00 -1.844772303653613443e+00 -1.793205065119477748e+00 -1.825325135968542734e+00 -1.905522309813309167e+00
-1.653366379893357996e+00 -1.386437110144832952e+00 -1.586795417356527516e+00 -1.662751370387008043e+00 -1.800961575507508350e+00 -1.776505415769167984e+00 -1.844322531932907072e+00
-1.217811036671085256e+00 -1.335547895339457947e+00 -1.265036046559655958e+00 -1.743582751110086537e+00 -1.788851422036336292e+00 -1.707518990275574078e+00 -1.845290078405388057e+00
-1.488689274594645839e+00 -1.253405723214528145e+00 -1.510511403837586197e+00 -1.872868983082502936e+00 -1.805219292173716461e+00 -1.805123285735828809e+00 -1.834405700058963085e+00
-1.325903095594624714e+00 -1.410831206910059255e+00 -1.629653803025348902e+00 -1.489272299842016700e+00 -1.888730073464752746e+00 -1.729382810668024906e+00 -2.001746248138442485e+00
-1.405446182206205874e+00 -1.721204079047410795e+00 -1.501409660858915807e+00 -1.759671043362604159e+00 -1.832374752271648255e+00 -1.760952594392414694e+00 -1.800912214988179549e+00
-1.320126336121136168e+00 -1.306476584677290775e+00 -1.261197846426370006e+00 -1.926705373822909628e+00 -1.682238195611502007e+00 -1.801419403502571015e+00 -1.926116773646336711e+00
-1.420775442145762790e+00 -1.269287362977437938e+00 -1.413470718091251133e+00 -1.829101753736560809e+00 -1.645247489597768009e+00 -1.755989572802093335e+00 -1.906068405759626661e+00
-1.408116395039794799e+00 -1.450140887332292294e+00 -1.394734876514899691e+00 -1.440647989844825894e+00 -1.606078473935865780e+00 -1.845877856297475139e+00 -1.797509604039569719e+00
-1.304177150472492830e+00 -1.518299206043260963e+00 -1.391181663887573361e+00 -1.511137182700982073e+00 -1.759662915689662377e+00 -1.785348479808410271e+00 -1.902709444425679131e+00
-1.146982198810712728e+00 -1.324678010055085231e+00 -1.366988102525564797e+00 -2.011865073794635972e+00 -1.585544612580751744e+00 -1.701910696288711389e+00 -1.865205702851286507e+00
-1.214335427074279217e+00 -1.231524415567125663e+00 -1.598623779877098583e+00 -1.641603213164313901e+00 -1.802450103762914591e+00 -1.914991363385924572e+00 -1.863753210130462579e+00
-1.228760192757995862e+00 -1.440773865043209589e+00 -1.519197737342623311e+00 -1.551816395630021050e+00 -1.933149811840626064e+00 -2.001680982742368720e+00 -1.927024871013740981e+00
-1.058306593117821048e+00 -1.375415920996819752e+00 -1.323662364942161718e+00 -1.639442369808344013e+00 -1.568073162717726454e+00 -1.751398791036006042e+00 -1.783080946250793275e+00
-1.182358545173101128e+00 -1.461921207079272644e+00 -1.554598723161163099e+00 -1.677782958528484469e+00 -1.812070854408240228e+00 -1.883344533939516285e+00 -1.812909209799288934e+00
-1.107712274598276814e+00 -1.272706060200410549e+00 -1.392821288081601550e+00 -1.514770159112828196e+00 -1.654546395800737368e+00 -1.800871856306554664e+00 -1.842513597379344059e+00
-1.026053276419479188e+00 -1.360599756896371693e+00 -1.632395008955068061e+00 -1.690891431126679612e+00 -1.782809096205303367e+00 -1.830691322398106058e+00 -1.914427151955372164e+00
-1.121367827761349689e+00 -1.660705751369212280e+00 -1.377645250040250069e+00 -1.317693279726219080e+00 -1.772797631251871620e+00 -1.711737388155402106e+00 -1.930467840244538325e+00
-1.130128028189288258e+00 -1.200242772224664023e+00 -1.574192576716982206e+00 -1.536363679472119381e+00 -1.727224630620619150e+00 -1.763210740110470187e+00 -1.887700981385487031e+00
-1.201570820323368149e+00 -1.423011939542617288e+00 -1.444935599001730964e+00 -1.360182596464547533e+00 -1.715249021235361493e+00 -1.859714428766997329e+00 -1.887808513416881384e+00
-9.263065629101426834e-01 -1.272315224072473105e+00 -1.461826344085522145e+00 -1.442067059232810644e+00 -1.831562125716387657e+00 -1.929795439463515505e+00 -1.894358473960225941e+00
-1.362676058665593715e+00 -1.461383095870025572e+00 -1.496249073954342368e+00 -1.685530949756779195e+00 -1.581896281324135067e+00 -1.788489396202672443e+00 -1.865469321158965688e+00
-1.182711246899151636e+00 -1.513781847490240029e+00 -1.454112735887269858e+00 -1.455792954184151000e+00 -1.805542873819651728e+00 -1.975095721948093352e+00 -1.866797358495102976e+00
-1.227210059943000697e+00 -1.523934076907550672e+00 -1.380657630797044400e+00 -1.827219735124739675e+00 -1.928582322756988487e+00 -1.664200542803996985e+00 -1.890564229621055858e+00
-1.088339144585747320e+00 -1.298631437103717312e+00 -1.315383744507199415e+00 -1.741685318515808767e+00 -1.646567767486854628e+00 -1.788125111473453543e+00 -1.883069250304149733e+00
-1.150177146177876475e+00 -1.308982834841072806e+00 -1.244734206825736544e+00 -1.691344146346167143e+00 -1.776608536158458485e+00 -1.705219563129524163e+00 -1.894888774788034080e+00
-1.217985376502273009e+00 -1.251160040819312647e+00 -1.520130896754746219e+00 -1.321210696774408611e+00 -1.775991678678242813e+00 -1.710171948236438810e+00 -1.871079257450299682e+00
-1.003267665222191685e+00 -1.523579899485483891e+00 -1.361239529288423178e+00 -1.511958850337459470e+00 -1.849718325693435528e+00 -1.878384266953420090e+00 -1.890048960875582384e+00
-1.262127003151088500e+00 -1.245732142040713253e+00 -1.416681066106903364e+00 -1.611994411484554801e+00 -1.845454261892221393e+00 -1.799478022731617832e+00 -1.853319284356048424e+00
-1.262775125967249945e+00 -1.168993880406495212e+00 -1.220345822164219607e+00 -1.642893980454096736e+00 -1.881307359777128818e+00 -1.765234857354921472e+00 -1.834162504990973996e+00
-1.185986996466679821e+00 -1.566372890579142751e+00 -1.490306298990992317e+00 -1.742425554398392640e+00 -1.877841686622818473e+00 -1.858259012244194874e+00 -1.923804859772897613e+00
-1.221345337204572168e+00 -1.246630594265192737e+00 -1.443868832227166887e+00 -1.477552977724607475e+00 -1.788825826711497147e+00 -1.738540160340386720e+00 -1.897700276304543188e+00
-1.431506576204840231e+00 -1.302373649419867663e+00 -1.357562725850007812e+00 -1.703787942932751154e+00 -1.601834091151945749e+00 -1.772888172937376883e+00 -1.808998282184593798e+00
-9.849049577130969402e-01 -1.295710330356168338e+00 -1.233504859797502906e+00 -1.746486212196860510e+00 -1.797295887691820582e+00 -1.851558161492200316e+00 -1.863949575899320310e+00
-1.128836744605053122e+00 -8.838930457180649292e-01 -1.117701809582882566e+00 -1.867159655926255768e+00 -1.719091227570767710e+00 -1.865424794522705154e+00 -1.789823850382575632e+00
-8.830778412971684865e-01 -1.375399611266575395e+00 -1.163393102151041969e+00 -1.934399919442001847e+00 -1.772989687192676023e+00 -1.845046430823474193e+00 -1.852283661010948768e+00
-1.254094110350638003e+00 -1.038031345869086408e+00 -1.743320526413499216e+00 -1.622906238157067138e+00 -1.533601135561895479e+00 -1.773464034753487795e+00 -1.915253748373021425e+00
-9.713812938462099700e-01 -1.385675463092468140e+00 -1.466227952136231583e+00 -1.640920789416936643e+00 -1.778697303335657010e+00 -1.839698123533138663e+00 -1.889088932838750345e+00
-1.064641907892535544e+00 -1.414436679539274433e+00 -1.506660565964309750e+00 -1.613817545285242350e+00 -1.670406508856449923e+00 -1.853714795614708422e+00 -1.790685879750535836e+00
-9.660890386049023615e-01 -1.241699846827910569e+00 -1.369705290952098586e+00 -1.611328560641910101e+00 -1.771643617194289533e+00 -1.842900285336869892e+00 -1.916249744499705088e+00
-9.418507374711861946e-01 -1.271540702345252294e+00 -1.420817854259301072e+00 -1.802709476813299405e+00 -1.551582722769076383e+00 -1.892409866736889157e+00 -1.889197740559025007e+00
-1.501191393618838799e+00 -1.344126611741264687e+00 -1.251007639540883787e+00 -1.842514241854569246e+00 -1.806720727078726885e+00 -1.803944811445450158e+00 -1.863438759794102451e+00
-1.167345482408742807e+00 -1.197065101091786765e+00 -1.275916404076949062e+00 -1.736307643346218565e+00 -1.840552488019986388e+00 -1.796649523205611665e+00 -1.838833612583996358e+00
-1.102102507873600645e+00 -1.034815090525316617e+00 -1.277733214956495722e+00 -1.642517663208202805e+00 -1.845425244115409313e+00 -1.734060639251736813e+00 -1.917607147073239870e+00
