(-1.8683497076851225+0j)
-1.841390872027417469e+00 -1.649644062517217957e+00 -1.923702930802812849e+00 -1.977614658641428269e+00 -1.912093525839818842e+00 -1.854821681791099186e+00 -1.852624841755345253e+00
-1.247370575223361699e+00 -1.637143899444589046e+00 -1.822084563192895690e+00 -1.826038768007501201e+00 -1.844083975311110901e+00 -1.907747165167717363e+00 -1.870161865958316350e+00
-1.959301482717279441e+00 -1.750415857898450556e+00 -1.986568555211640330e+00 -1.934478232423229027e+00 -1.942344383453396217e+00 -1.850308956247479042e+00 -1.863908027453277549e+00
-1.547340304070980110e+00 -1.607122163745372312e+00 -1.796342968155871800e+00 -1.895547570746126897e+00 -1.872939719416440330e+00 -1.846504746486315796e+00 -1.862660610252962368e+00
-1.143133936184563160e+00 -1.628647810344497460e+00 -1.721980624662537762e+00 -2.023991357948337289e+00 -1.898080279760696376e+00 -1.868583896886711671e+00 -1.871267351630643505e+00
-1.536503377634886647e+00 -1.682701424561343417e+00 -1.882175015850404920e+00 -1.929431414157364522e+00 -1.881049120987211332e+00 -1.898635747610896818e+00 -1.869735873635509193e+00
-1.654482698613847669e+00 -1.773320206697259982e+00 -1.875786910341304514e+00 -1.840636642675549828e+00 -1.878367438862973859e+00 -1.848332386316663412e+00 -1.895547389934005400e+00
-1.426629427708696607e+00 -1.861962576158781468e+00 -1.828957601697541069e+00 -1.860617978824962826e+00 -1.814778314614246657e+00 -1.893424330521736865e+00 -1.878970636120275595e+00
-1.295934758693745525e+00 -1.862744830214850378e+00 -2.106018447045561182e+00 -1.893168488683512285e+00 -1.809578574932641626e+00 -1.884847699877505889e+00 -1.862900201822111246e+00
-1.582841739368499256e+00 -1.851314573177615053e+00 -1.713170726018369061e+00 -1.973362212591817100e+00 -1.850314923196659356e+00 -1.870427049912953610e+00 -1.865538477916755866e+00
-1.235338427789864912e+00 -1.677608401627745716e+00 -1.944342362821035897e+00 -1.999324354325390463e+00 -1.863816935818051856e+00 -1.889579495576890533e+00 -1.882150844582293203e+00
-1.681394326261850036e+00 -1.678357281048954874e+00 -1.772644481080092316e+00 -2.033267828548078082e+00 -1.865974267740577064e+00 -1.892888940623028038e+00 -1.877192273649713972e+00
-1.394385685100288486e+00 -1.467115445566420817e+00 -1.769727824969055341e+00 -1.854942937268940328e+00 -1.901908319719421758e+00 -1.861210955648086696e+00 -1.864998060078225439e+00
-1.601814165034027182e+00 -1.810308130522013670e+00 -1.919158409222331940e+00 -1.731350947278513353e+00 -1.856811126167940307e+00 -1.887651094635231397e+00 -1.867244881227097641e+00
-1.288877183766219625e+00 -1.417696020185557293e+00 -1.981936777199932775e+00 -1.826218515654094876e+00 -1.858138110170139967e+00 -1.873319468227305107e+00 -1.872012047091888620e+00
-1.486566993970258377e+00 -1.459270211453511434e+00 -1.925532721665642599e+00 -1.922912709073069326e+00 -1.873582867276624375e+00 -1.817502857582925291e+00 -1.883382747009358704e+00
-1.828537539834845127e+00 -1.636556920222806966e+00 -1.979987446541006113e+00 -1.959458666268559135e+00 -1.875249532994575752e+00 -1.865998164756929256e+00 -1.850665181688869954e+00
-1.693704248563678627e+00 -1.388958825729101676e+00 -1.609576972407809725e+00 -1.858225229072896667e+00 -1.893307041239728594e+00 -1.893870682324425347e+00 -1.874411040183914023e+00
-1.674347324375345059e+00 -1.689175123463963590e+00 -1.786141639157308614e+00 -1.952823261335578930e+00 -1.829308911947390648e+00 -1.874959416822164826e+00 -1.857516500599790454e+00
-1.048537667317793742e+00 -1.613737237654961909e+00 -1.901552839671289741e+00 -1.926202762474506613e+00 -1.875166674554933133e+00 -1.877398466142862432e+00 -1.875773633258559725e+00
-1.610677293548847366e+00 -1.817772070638986159e+00 -1.735179677941716347e+00 -1.819971195154324040e+00 -1.872896327921413473e+00 -1.879597820904583383e+00 -1.871674203235977663e+00
-1.559261893550891953e+00 -1.970780549242293400e+00 -1.746933255009371688e+00 -1.875237244560861605e+00 -1.895018819669285870e+00 -1.868043052663173942e+00 -1.856843590181386228e+00
-1.436507844308177795e+00 -1.631293509042654355e+00 -1.683221538668103534e+00 -1.752785917816330308e+00 -1.844411773431242185e+00 -1.856544439306781591e+00 -1.846140893453537046e+00
-1.463623668254375287e+00 -1.700042333866700339e+00 -2.002111322714181796e+00 -1.748894884751402312e+00 -1.855986110590291283e+00 -1.863583388136940133e+00 -1.862882779005693656e+00
-1.625937294143293244e+00 -1.360556600526954929e+00 -1.774936462171274654e+00 -1.909241016562886806e+00 -1.786067183402706871e+00 -1.868445003173310859e+00 -1.866192193459673465e+00
-1.665307412428380651e+00 -1.592853835352505465e+00 -1.744063710296942515e+00 -1.851627207531843622e+00 -1.822053289669521181e+00 -1.873787745004240390e+00 -1.865223422548209831e+00
-1.638556012381803928e+00 -1.954121938059958818e+00 -2.040849064064814478e+00 -1.941028510380852223e+00 -1.816493629064105164e+00 -1.863015971056980913e+00 -1.869059863191036452e+00
-1.238727001266098693e+00 -1.710967649978945238e+00 -1.757649054347361073e+00 -2.004785620240682853e+00 -1.834134572145334818e+00 -1.899240993882842288e+00 -1.860443014333875045e+00
-1.501941078349639191e+00 -1.637203140645335786e+00 -1.855395438724803725e+00 -1.954976553060703282e+00 -1.837699446673052961e+00 -1.835735887325617099e+00 -1.864446764421742841e+00
-1.390921655528799761e+00 -1.523670680970179880e+00 -1.894533093656327605e+00 -1.873118156342606255e+00 -1.868334141948412075e+00 -1.841789515998116578e+00 -1.885538259753994916e+00
-1.584323453841361307e+00 -1.610930149526029753e+00 -1.970549100551258759e+00 -1.748346414503580526e+00 -1.836687793142005587e+00 -1.869864375986504346e+00 -1.872096418808024243e+00
-1.833782916644975058e+00 -1.853393668565471275e+00 -1.837299716409065198e+00 -1.988630907842215301e+00 -1.833581076300115908e+00 -1.894363381664783574e+00 -1.868040593694961560e+00
-1.697705890242386939e+00 -1.400974223111475903e+00 -1.904918646773770874e+00 -1.801927487812409856e+00 -1.901321261752501268e+00 -1.836951986437170392e+00 -1.841685569740768802e+00
-1.336172957645014536e+00 -1.869853703788245447e+00 -2.002501567623419909e+00 -1.924704821443457226e+00 -1.862956136578191924e+00 -1.846343681174358986e+00 -1.853981223429765013e+00
-1.071438034497138592e+00 -1.264596700233891813e+00 -1.981145099958948608e+00 -1.870552840816012807e+00 -1.832315166111574190e+00 -1.867194022929226538e+00 -1.858695285234251982e+00
-1.340579588283613122e+00 -1.360210846561115572e+00 -1.904288080353620405e+00 -1.905072298630005934e+00 -1.860313703269806718e+00 -1.838387142808036501e+00 -1.875261148280936707e+00
-1.150026821129570109e+00 -1.761199416834046794e+00 -2.163015590028690927e+00 -1.773454547777930435e+00 -1.874290967493691618e+00 -1.872629364666337448e+00 -1.859193032763773790e+00
-1.441794432975722184e+00 -1.904614255730725514e+00 -1.840638171508198973e+00 -1.879913282170162514e+00 -1.894605277634175300e+00 -1.862960338576837405e+00 -1.869232258700946669e+00
-1.348006460543451634e+00 -1.661456396447045680e+00 -1.782182084860458149e+00 -1.800091081322198860e+00 -1.901174359927958690e+00 -1.873642831586509683e+00 -1.868958291650608228e+00
-1.275561724792068974e+00 -2.051015753104911354e+00 -1.848255356253739823e+00 -1.876355293612208097e+00 -1.878199160486334840e+00 -1.882023933920057068e+00 -1.855033799799817196e+00
-1.300608371231954052e+00 -1.745257481326512483e+00 -1.852265391329136035e+00 -1.991100515267286042e+00 -1.846137086884559464e+00 -1.870454724931357227e+00 -1.874903413342428715e+00
-1.298732298149551712e+00 -1.756112433632299297e+00 -2.060783247564534459e+00 -1.952344499499935493e+00 -1.864725738565770730e+00 -1.905692852374273771e+00 -1.862458824261222556e+00
-1.322396875383231585e+00 -1.754351820154095964e+00 -1.937278194865563741e+00 -1.834315476761130270e+00 -1.848976162393930922e+00 -1.877381002815768474e+00 -1.881223449402926740e+00
-1.497797417729356706e+00 -1.517917499715020657e+00 -1.640177643475988489e+00 -1.892475922850685111e+00 -1.855858494403498371e+00 -1.889754169594719535e+00 -1.890221290959320566e+00
-1.161275976903886065e+00 -1.761553784726048733e+00 -1.921312967251658010e+00 -1.866474323214992737e+00 -1.865118293027328678e+00 -1.859070294349608021e+00 -1.870540347644237489e+00
-1.739804404488010325e+00 -1.763981377220343649e+00 -2.063367110164754159e+00 -1.835874407956518573e+00 -1.895744920730585203e+00 -1.902066029510075529e+00 -1.870955122561764883e+00
-1.451640363235752407e+00 -1.568952309860132566e+00 -1.645374599913167035e+00 -1.900385147403121699e+00 -1.878178042247087509e+00 -1.879639801701689095e+00 -1.867950117437185531e+00
-1.421921554495402695e+00 -1.981488199502798420e+00 -1.728128067003089630e+00 -1.861370039583603475e+00 -1.893481918511325190e+00 -1.858601641812336558e+00 -1.849705915870019535e+00
-1.578981532469685201e+00 -1.774643988266690453e+00 -1.842134782794861980e+00 -1.963283417858204594e+00 -1.951814631313731896e+00 -1.875666307315036585e+00 -1.886611813034912988e+00
-1.784659562699658419e+00 -1.603514545564570737e+00 -1.675269391425380672e+00 -1.819615411303062480e+00 -1.888423614001941253e+00 -1.877272388209136444e+00 -1.868674729935858814e+00
