(-1.8683497076851225+0j)
-1.304061968703618568e+00 -1.544160259233908761e+00 -1.664137655223901557e+00 -1.746179482719073528e+00 -1.817973852598333551e+00 -1.840432893318345364e+00 -1.861607645009670131e+00
-1.280963936566023698e+00 -1.379843423945278813e+00 -1.925462620013124404e+00 -1.740279716164603974e+00 -1.808971034471612560e+00 -1.834023826415055458e+00 -1.850405308180771424e+00
-1.095985701565073578e+00 -1.490524150199648679e+00 -1.637674814210885010e+00 -1.903963925737147678e+00 -1.867609483208938714e+00 -1.866169455448066561e+00 -1.874077418826310071e+00
-1.074360885305798430e+00 -1.618514021210246456e+00 -1.802912262012130729e+00 -1.840833209596359543e+00 -1.876921356387528883e+00 -1.860644678363129412e+00 -1.873603526233136307e+00
-1.426063992614582610e+00 -1.698487249262671916e+00 -1.733597308742557797e+00 -1.855331126081997795e+00 -1.877330209485686741e+00 -1.873236333605801773e+00 -1.867730313220948180e+00
-1.710544147991550190e+00 -1.861226069192442267e+00 -1.905994458562577210e+00 -1.886192204813144313e+00 -1.840952599170231352e+00 -1.873797878202856593e+00 -1.869180527941703751e+00
-1.439413754330699291e+00 -1.815090599419798112e+00 -1.860745555644959914e+00 -1.816010931589055577e+00 -1.835317864367371765e+00 -1.857828683453356611e+00 -1.864857595864663153e+00
-1.351310592485837514e+00 -1.590083889190896382e+00 -1.757241137251026597e+00 -1.868667452241699500e+00 -1.831588714615351554e+00 -1.840191488956943955e+00 -1.864950465436671978e+00
-1.688165936106408305e+00 -2.089866139312100302e+00 -1.870927689556321827e+00 -1.882928311138777122e+00 -1.879925221161411031e+00 -1.859800860316680016e+00 -1.874984758210054059e+00
-1.479631893998580416e+00 -1.312945456333302507e+00 -1.634724601476660100e+00 -1.855641406925733428e+00 -1.882371975209601311e+00 -1.883392823407534111e+00 -1.869507234212829383e+00
-1.635996433561992980e+00 -1.967822109705397171e+00 -1.944828132186029457e+00 -1.872720975375576247e+00 -1.835696279825479893e+00 -1.879815659128594829e+00 -1.867526563494447789e+00
-1.038861062460139983e+00 -1.432554377470088403e+00 -1.797443626327303701e+00 -1.930213003346607392e+00 -1.884343750713128651e+00 -1.869849570186684184e+00 -1.867514365093827067e+00
-1.534746318987279423e+00 -1.493207076828256596e+00 -1.856924992739817482e+00 -1.899924807649326697e+00 -1.887513849204973004e+00 -1.869451337336918595e+00 -1.878323552801603791e+00
-1.827648194787612201e+00 -1.958809142005485171e+00 -2.065271063960323339e+00 -1.952158670366054283e+00 -1.895083427067592696e+00 -1.880598879137157509e+00 -1.859727565666581262e+00
-1.442922622684951639e+00 -1.685724023898166335e+00 -1.601294321393187392e+00 -1.783632525663905177e+00 -1.873942714372338170e+00 -1.869851957769747219e+00 -1.860611106059507414e+00
-1.460432853883669280e+00 -1.757713893171514163e+00 -1.733546523135081285e+00 -1.773587926106214185e+00 -1.815425306475587197e+00 -1.846453314505763554e+00 -1.875321338398358684e+00
-1.643106497739822869e+00 -1.957790623736838986e+00 -1.844256351735172661e+00 -1.815847263362363684e+00 -1.843734228420684795e+00 -1.870290599891613503e+00 -1.855693750599191505e+00
-1.687064971959073345e+00 -1.640731525318004591e+00 -1.754917709935850834e+00 -1.786293533395739042e+00 -1.842986756050218888e+00 -1.876279358317296087e+00 -1.864153685495981927e+00
-1.378704482726192282e+00 -1.445761282205962228e+00 -1.816416875331332559e+00 -1.894808956090622276e+00 -1.880876527806787601e+00 -1.848674106855306976e+00 -1.858450897953799918e+00
-1.247214454725848576e+00 -1.693944034621712946e+00 -1.786319648009689010e+00 -1.806834614011362472e+00 -1.860388229108487668e+00 -1.869385060393724096e+00 -1.867476058485265655e+00
-1.548253064451621697e+00 -1.818246588728849034e+00 -2.075025114454193798e+00 -1.890070891150600341e+00 -1.909604957566510608e+00 -1.885714670644957902e+00 -1.875948404092712574e+00
-1.580659920189287249e+00 -1.410651622008827211e+00 -1.686914824457586004e+00 -1.804980323102634010e+00 -1.873445786515846256e+00 -1.885786368378859379e+00 -1.868964830567213742e+00
-1.315735873939825717e+00 -1.640804752469968042e+00 -1.675357703717589963e+00 -1.730234742641328261e+00 -1.814754245676183153e+00 -1.860598332063702731e+00 -1.863189295931145351e+00
-1.431311015027091127e+00 -1.795427504308411581e+00 -1.980184515891615149e+00 -1.990412602971092904e+00 -1.927157389810108423e+00 -1.884215263641731086e+00 -1.868657214568308245e+00
-1.213574293819473793e+00 -1.519987959001184885e+00 -1.731950085872811851e+00 -1.788069990626236727e+00 -1.837129942800976412e+00 -1.850914291102127462e+00 -1.875972394602372084e+00
-1.580971965584395900e+00 -1.727308268701391647e+00 -2.051463829085357293e+00 -1.966751426177044237e+00 -1.900648240918438425e+00 -1.867453674188203738e+00 -1.862997053727986074e+00
-1.168819059510881830e+00 -1.325408190056136748e+00 -1.890083331661145172e+00 -1.912449629353009106e+00 -1.909715017253511560e+00 -1.866841711001757442e+00 -1.868308754288500850e+00
-9.673697348957546183e-01 -1.346171120790444098e+00 -1.769870330037698780e+00 -1.860220014197702110e+00 -1.859043599384183842e+00 -1.885372399485910400e+00 -1.875546035781754828e+00
-1.477923050813638284e+00 -1.776710839565218247e+00 -1.925847928282665489e+00 -1.905284564302326622e+00 -1.878900562844446176e+00 -1.848322645616080617e+00 -1.870891523629706787e+00
-1.389237953950168913e+00 -1.406543571442785634e+00 -1.814308559595161352e+00 -1.836614469576314468e+00 -1.854231209478263365e+00 -1.872532966078103378e+00 -1.863611800462692036e+00
-1.459308027375036954e+00 -1.317642330695660391e+00 -1.697635792683301226e+00 -1.784914180257977323e+00 -1.817514308537438339e+00 -1.833324845239165946e+00 -1.861803320241642190e+00
-1.452157032081315968e+00 -1.918048573797537681e+00 -2.016612420252723581e+00 -1.834310873451407309e+00 -1.824015842947665167e+00 -1.847936869373242530e+00 -1.867944328815695609e+00
-1.734769890758840916e+00 -1.621940273623627027e+00 -1.736363673594321533e+00 -1.738875596078530039e+00 -1.870318971363972516e+00 -1.848738167264166066e+00 -1.858287004348235794e+00
-1.461366206630368314e+00 -1.745174434454569656e+00 -1.709905728610813469e+00 -1.792745438130215918e+00 -1.867231786897435741e+00 -1.885980213979053577e+00 -1.878987572288616681e+00
-1.719739588877988057e+00 -1.673680955707922857e+00 -1.772091401762952989e+00 -1.874091191324139150e+00 -1.869984409476360021e+00 -1.850157322781307734e+00 -1.871409093292271786e+00
-1.492209059779401326e+00 -1.638395836551847173e+00 -1.959993651330860231e+00 -1.852339219570666051e+00 -1.802388728994046563e+00 -1.845864530412234750e+00 -1.867862224426794171e+00
-1.107613466515759537e+00 -1.488153687902909361e+00 -1.864521842496563497e+00 -1.877958548804911754e+00 -1.865323171165523819e+00 -1.863441257554960817e+00 -1.879398209179501178e+00
-1.487027799100156811e+00 -1.723982168995502162e+00 -1.857613270179088394e+00 -1.836704477821423431e+00 -1.848386535664120700e+00 -1.845806678307724269e+00 -1.855771293598472038e+00
-1.778158029832452414e+00 -1.823435990468452506e+00 -1.912150852239647536e+00 -1.954798262153941035e+00 -1.878120469408538273e+00 -1.875915704929237426e+00 -1.878382460440085833e+00
-1.438690850787861741e+00 -1.758686721266893738e+00 -1.807083681565973876e+00 -1.800685365041531094e+00 -1.846099796649322444e+00 -1.830348831571808610e+00 -1.860345209882617423e+00
-1.277347402283453448e+00 -1.572341832441282783e+00 -1.863779039063261145e+00 -1.904310194868555906e+00 -1.875050566048489298e+00 -1.866281170393228717e+00 -1.877250658742077194e+00
-1.643259908879582287e+00 -1.727775551478891503e+00 -1.838171942367264222e+00 -1.826103547687758732e+00 -1.848575482854831975e+00 -1.853775242331628270e+00 -1.860596071175899535e+00
-1.343513289182614034e+00 -1.901469497097087791e+00 -2.085312704163812203e+00 -1.944571730175056024e+00 -1.887418637958550471e+00 -1.894179368679707043e+00 -1.868338127859681119e+00
-8.187595020168757509e-01 -1.627050970333488333e+00 -1.843868651348618215e+00 -1.894496130809234735e+00 -1.853445626457227213e+00 -1.879411798707212089e+00 -1.876576066549091815e+00
-1.375775699848880151e+00 -1.502887187122185164e+00 -1.830052943726497849e+00 -1.860590875389801280e+00 -1.846323069740553713e+00 -1.855598709296914617e+00 -1.863261877767463659e+00
-1.354453319080178630e+00 -1.698667983645749890e+00 -1.967121798512987851e+00 -1.965407934414411084e+00 -1.900426426860329920e+00 -1.856125953867244105e+00 -1.855554764103285237e+00
-1.566003680491905303e+00 -1.591851072241063481e+00 -1.733174153049408028e+00 -1.839538453666630158e+00 -1.840467420886629180e+00 -1.857656500563349411e+00 -1.865332847647109604e+00
-1.260499737801052511e+00 -1.746796173772820815e+00 -1.510149471512920005e+00 -1.727490224280339826e+00 -1.853501666664494785e+00 -1.856853116716126628e+00 -1.852936136118828792e+00
-1.562816897558680029e+00 -1.760791446797758120e+00 -1.724838403686227872e+00 -1.829564265640748033e+00 -1.840217895399663295e+00 -1.850811114376964550e+00 -1.859205510365732561e+00
-1.248303216965631179e+00 -1.570450433378347777e+00 -1.843757341995453158e+00 -1.973145946449099686e+00 -1.940338814278902202e+00 -1.925574606488319240e+00 -1.891802340297267460e+00
