-0.234477251956729 0 0 0
0.0153048520795437 0 0 1
-0.1727733261829309 0 0 3
0.0127249153824319 0 1 0
0.0635783813272719 0 1 1
0.0127249153824319 0 1 3
0.0635783813272719 0 2 2
0.234477251956729 0 3 0
-0.0153048520795437 0 3 1
0.1727733261829309 0 3 3
-0.2985353979381544 1 0 0
0.1060313148640117 1 0 1
0.2985353979381544 1 0 3
-0.0381732689616783 1 1 0
-0.338092977685532 1 1 1
0.0381732689616783 1 1 3
-0.1239741069852419 1 2 2
-0.2985353979381544 1 3 0
0.1060313148640117 1 3 1
0.2985353979381544 1 3 3
0.6969019627442008 2 0 2
-0.1239741069852419 2 1 2
0.0381732689616783 2 2 0
0.338092977685532 2 2 1
-0.0381732689616783 2 2 3
0.6969019627442008 2 3 2
-0.1000495647815195 3 0 0
-0.0153048520795437 3 0 1
-0.1617534905553176 3 0 3
-0.0127249153824319 3 1 0
0.0635783813272719 3 1 1
-0.0127249153824319 3 1 3
0.0635783813272719 3 2 2
0.1000495647815195 3 3 0
0.0153048520795437 3 3 1
0.1617534905553176 3 3 3
