1.0 1 1 0 0 0 0 0 0 0
1.0 2 2 0 0 0 0 0 0 0
1.0 3 3 0 0 0 0 0 0 0
1.0 0 1 1 0 0 0 0 0 0
1.0 0 2 2 0 0 0 0 0 0
1.0 0 3 3 0 0 0 0 0 0
1.0 0 0 1 1 0 0 0 0 0
1.0 0 0 2 2 0 0 0 0 0
1.0 0 0 3 3 0 0 0 0 0
1.0 0 0 0 1 1 0 0 0 0
1.0 0 0 0 2 2 0 0 0 0
1.0 0 0 0 3 3 0 0 0 0
1.0 0 0 0 0 1 1 0 0 0
1.0 0 0 0 0 2 2 0 0 0
1.0 0 0 0 0 3 3 0 0 0
1.0 0 0 0 0 0 1 1 0 0
1.0 0 0 0 0 0 2 2 0 0
1.0 0 0 0 0 0 3 3 0 0
1.0 0 0 0 0 0 0 1 1 0
1.0 0 0 0 0 0 0 2 2 0
1.0 0 0 0 0 0 0 3 3 0
1.0 0 0 0 0 0 0 0 1 1
1.0 0 0 0 0 0 0 0 2 2
1.0 0 0 0 0 0 0 0 3 3
0.0685259170857053 3 0 0 0 0 0 0 0 0
0.0764865080432938 0 3 0 0 0 0 0 0 0
0.8082805953291549 0 0 3 0 0 0 0 0 0
0.7206202468944214 0 0 0 3 0 0 0 0 0
0.541731221819973 0 0 0 0 3 0 0 0 0
0.3278401096139394 0 0 0 0 0 3 0 0 0
0.0310473565893037 0 0 0 0 0 0 3 0 0
0.0195536436235916 0 0 0 0 0 0 0 3 0
0.1244789922933499 0 0 0 0 0 0 0 0 3
