0.5174098951811013 1 1 0 0 0 0
0.5174098951811013 2 2 0 0 0 0
0.5174098951811013 3 3 0 0 0 0
0.1480255451445058 1 0 0 1 0 0
0.1480255451445058 2 0 0 2 0 0
0.1480255451445058 3 0 0 3 0 0
0.6349615775716599 0 1 1 0 0 0
0.6349615775716599 0 2 2 0 0 0
0.6349615775716599 0 3 3 0 0 0
-0.022755441958195 0 1 0 0 1 0
-0.022755441958195 0 2 0 0 2 0
-0.022755441958195 0 3 0 0 3 0
0.0027754276290022 0 0 1 0 0 1
0.0027754276290022 0 0 2 0 0 2
0.0027754276290022 0 0 3 0 0 3
0.7098369916165732 0 0 0 1 1 0
0.7098369916165732 0 0 0 2 2 0
0.7098369916165732 0 0 0 3 3 0
-0.8608336332596835 0 0 0 0 1 1
-0.8608336332596835 0 0 0 0 2 2
-0.8608336332596835 0 0 0 0 3 3
0.0600321295709755 3 0 0 0 0 0
-0.0898612958681524 0 3 0 0 0 0
0.1260051797021571 0 0 3 0 0 0
-0.1368250677273656 0 0 0 3 0 0
0.3622977051354549 0 0 0 0 3 0
-0.3582617932840864 0 0 0 0 0 3
