-0.2630002647580838 0 0 0 0 0 0
-0.1189625231239886 0 0 0 0 3 0
-0.0196302599476617 0 0 0 0 0 3
0.0401050355887222 0 0 0 0 3 3
-0.1734374020397306 0 0 0 3 0 0
0.0470649437814638 0 0 0 3 0 3
0.041800667341968 0 0 0 0 2 2
-0.0044672478034413 0 0 0 3 2 2
0.041800667341968 0 0 0 0 1 1
-0.0044672478034413 0 0 0 3 1 1
-0.0196302599476616 0 0 3 0 0 0
0.0977784535861374 0 0 3 0 0 3
0.0246650457180569 0 0 3 0 2 2
0.0246650457180569 0 0 3 0 1 1
0.041800667341968 0 2 2 0 0 0
0.0246650457180569 0 2 2 0 0 3
0.041800667341968 0 1 1 0 0 0
0.0246650457180569 0 1 1 0 0 3
0.0195265300975733 0 2 2 0 2 2
0.0195265300975733 0 1 1 0 2 2
0.0195265300975733 0 2 2 0 1 1
0.0195265300975733 0 1 1 0 1 1
0.0056366269638325 2 3 2 2 3 2
0.0056366269638325 1 3 1 2 3 2
0.0056366269638325 2 3 2 1 3 1
0.0056366269638325 1 3 1 1 3 1
-0.1189625231239886 0 3 0 0 0 0
0.0596315656862955 0 3 0 0 0 3
-0.0018485816351711 0 3 0 0 2 2
-0.0018485816351711 0 3 0 0 1 1
0.006352544337162 2 2 0 2 3 2
0.006352544337162 1 1 0 2 3 2
0.006352544337162 2 2 0 1 3 1
0.006352544337162 1 1 0 1 3 1
-0.1734374020397305 3 0 0 0 0 0
0.0527015707452963 3 0 0 0 0 3
-0.0108197921406033 3 0 0 0 2 2
-0.0108197921406033 3 0 0 0 1 1
0.0550894552196168 0 0 0 3 3 0
0.0596315656862955 0 0 3 0 3 0
-0.0018485816351711 0 2 2 0 3 0
-0.0018485816351711 0 1 1 0 3 0
0.006352544337162 2 3 2 2 2 0
0.006352544337162 1 3 1 2 2 0
0.006352544337162 2 3 2 1 1 0
0.006352544337162 1 3 1 1 1 0
0.0717285328237715 0 3 0 0 3 0
0.0099766091495307 2 2 0 2 2 0
0.0099766091495307 1 1 0 2 2 0
0.0099766091495307 2 2 0 1 1 0
0.0099766091495307 1 1 0 1 1 0
0.0650660643691475 3 0 0 0 3 0
0.0527015707452963 0 0 3 3 0 0
-0.0108197921406033 0 2 2 3 0 0
-0.0108197921406033 0 1 1 3 0 0
0.0650660643691475 0 3 0 3 0 0
0.0782363777898524 3 0 0 3 0 0
0.0401050355887222 0 3 3 0 0 0
0.0470649437814638 3 0 3 0 0 0
-0.0044672478034413 3 2 2 0 0 0
-0.0044672478034413 3 1 1 0 0 0
0.0550894552196168 3 3 0 0 0 0
