-0.384940507928325 0 0 0 0 0 0
-0.1466964284598002 0 0 0 0 3 0
0.0171377484222724 0 0 0 0 0 3
0.0490537167193002 0 0 0 0 3 3
-0.1689705340032782 0 0 0 3 0 0
0.057409070577859 0 0 0 3 0 3
0.0178742898100151 0 0 0 0 2 2
0.002188737196762 0 0 0 3 2 2
0.0178742898100151 0 0 0 0 1 1
0.002188737196762 0 0 0 3 1 1
0.0171377484222725 0 0 3 0 0 0
0.1150693865942792 0 0 3 0 0 3
0.0140797741386493 0 0 3 0 2 2
0.0140797741386493 0 0 3 0 1 1
0.017874289810015 0 2 2 0 0 0
0.0140797741386493 0 2 2 0 0 3
0.017874289810015 0 1 1 0 0 0
0.0140797741386493 0 1 1 0 0 3
0.0046551567937209 0 2 2 0 2 2
0.0046551567937209 0 1 1 0 2 2
0.0046551567937209 0 2 2 0 1 1
0.0046551567937209 0 1 1 0 1 1
0.0054042467421699 2 3 2 2 3 2
0.0054042467421699 1 3 1 2 3 2
0.0054042467421699 2 3 2 1 3 1
0.0054042467421699 1 3 1 1 3 1
-0.1466964284598001 0 3 0 0 0 0
0.0537088735130212 0 3 0 0 0 3
-0.0031874306262551 0 3 0 0 2 2
-0.0031874306262551 0 3 0 0 1 1
0.0049845485794895 2 2 0 2 3 2
0.0049845485794895 1 1 0 2 3 2
0.0049845485794895 2 2 0 1 3 1
0.0049845485794895 1 1 0 1 3 1
-0.1689705340032782 3 0 0 0 0 0
0.0628133173200289 3 0 0 0 0 3
-0.0027958113827275 3 0 0 0 2 2
-0.0027958113827275 3 0 0 0 1 1
0.0597843171914442 0 0 0 3 3 0
0.0537088735130212 0 0 3 0 3 0
-0.0031874306262551 0 2 2 0 3 0
-0.0031874306262551 0 1 1 0 3 0
0.0049845485794895 2 3 2 2 2 0
0.0049845485794895 1 3 1 2 2 0
0.0049845485794895 2 3 2 1 1 0
0.0049845485794895 1 3 1 1 1 0
0.0829157929985641 0 3 0 0 3 0
0.0103350768005226 2 2 0 2 2 0
0.0103350768005226 1 1 0 2 2 0
0.0103350768005226 2 2 0 1 1 0
0.0103350768005226 1 1 0 1 1 0
0.0701193939919667 3 0 0 0 3 0
0.0628133173200289 0 0 3 3 0 0
-0.0027958113827275 0 2 2 3 0 0
-0.0027958113827275 0 1 1 3 0 0
0.0701193939919667 0 3 0 3 0 0
0.0782363777898523 3 0 0 3 0 0
0.0490537167193002 0 3 3 0 0 0
0.057409070577859 3 0 3 0 0 0
0.002188737196762 3 2 2 0 0 0
0.002188737196762 3 1 1 0 0 0
0.0597843171914442 3 3 0 0 0 0
