-0.8405430716442144 1 0 0 0 3 0 1
-0.7012236129126554 1 0 3 0 0 0 2
0.8618412392662054 0 0 0 2 0 1 2
0.2606200742820792 0 3 0 3 0 3 0
-0.4514506715758559 0 0 1 0 0 2 2
-0.9862743601543504 2 0 0 0 2 0 3
-0.3525442842577884 0 0 2 3 0 0 3
0.3831535056984763 0 1 0 3 1 0 0
0.8365219977449578 2 0 0 0 3 0 2
-0.2601580118911453 0 0 0 3 1 1 0
-0.0250151177988129 0 0 3 0 1 0 1
-0.2961158994605764 2 0 0 0 1 0 1
0.7331488502375398 0 0 2 0 0 2 1
0.9554876612553611 0 0 1 0 0 1 2
-0.1088999220637878 0 1 1 0 0 1 0
-0.9676497993153339 0 0 0 3 1 2 0
-0.1553434734857326 3 3 0 0 0 0 2
-0.9877260092179851 2 2 0 3 0 0 0
-0.0925524212285678 0 1 0 0 0 2 2
-0.9431059111807074 0 3 0 2 0 1 0
-0.5319307323870874 0 3 2 0 0 0 2
0.9363012612187296 0 0 3 0 0 1 3
0.6443388099388960 0 2 2 0 0 2 0
0.6879196606369411 0 1 0 1 2 0 0
0.7983989018835005 0 1 0 3 0 0 3
-0.6885320382386064 1 0 0 3 0 3 0
0.4518875299301648 2 0 0 3 0 2 0
-0.4590361536962171 0 0 0 2 3 1 0
0.9048361995543868 0 0 2 3 1 0 0
-0.0150220744011658 1 2 3 0 0 0 0
0.7202041977307994 2 0 0 0 2 2 0
-0.1393459151980159 0 1 0 0 0 1 3
-0.4739143037280196 0 0 1 1 2 0 0
-0.6799452390099228 0 2 3 0 0 0 3
-0.4895285198637580 0 3 0 3 3 0 0
-0.0747761342096471 0 1 0 0 3 1 0
-0.2848936626555900 3 1 0 0 0 3 0
0.4944457511341931 0 1 1 0 0 2 0
-0.1103142788485894 3 0 2 0 0 1 0
0.2075886416079686 0 1 0 2 0 2 0
-0.7768817669207537 0 1 0 0 0 1 1
-0.6994568012739173 2 0 1 0 0 2 0
0.3377197937651022 2 0 1 1 0 0 0
0.4888715397251724 0 0 0 3 0 2 3
0.9980117393469958 3 0 0 2 0 0 3
0.5500658232135742 1 0 0 3 2 0 0
-0.4265036920308094 0 2 2 1 0 0 0
-0.3341987858150293 1 1 0 0 1 0 0
0.8306300026380016 1 1 0 0 3 0 0
-0.8084142036410780 0 3 0 3 0 1 0
-0.3589641981169673 0 3 0 2 0 0 2
0.2688240949019769 0 2 1 0 2 0 0
0.5352007412860551 0 2 0 0 0 2 1
0.6845607896312114 3 0 3 0 0 2 0
-0.5426536735173366 2 3 0 2 0 0 0
-0.8610171127900919 1 3 0 0 0 0 2
-0.4611155745999764 0 1 2 0 0 0 3
0.8837373760295288 3 0 3 0 0 0 1
-0.2904481944219439 3 0 1 0 1 0 0
-0.5059735281285711 3 0 0 0 3 3 0
0.9450136541681495 0 0 0 1 3 1 0
-0.4022697070178614 0 2 0 2 0 1 0
0.0596859860701582 2 0 3 0 1 0 0
-0.3772656994599104 3 0 0 0 1 0 1
-0.0010543736545849 2 0 0 0 1 2 0
-0.6801047030141434 3 2 1 0 0 0 0
-0.4720598579881965 0 3 1 0 0 0 3
-0.0412028350786469 1 0 0 0 0 3 2
-0.5619388739516642 3 1 1 0 0 0 0
-0.5459038327672103 0 3 0 0 0 1 2
0.8289556208244722 2 0 0 1 0 1 0
-0.4906383583867209 2 0 0 3 0 3 0
-0.2066974688881393 0 2 0 3 0 2 0
0.3806533202628004 0 0 3 2 0 2 0
0.1855356697826704 0 0 0 1 0 1 3
-0.7503049819989027 0 1 3 2 0 0 0
-0.2724904242088912 2 0 0 2 0 0 2
-0.8976284070634160 1 0 1 0 1 0 0
0.1628178878606430 0 0 0 3 0 2 2
0.8342373891642878 3 0 2 0 0 3 0
-0.0725927901151115 0 0 0 0 3 2 2
0.7150110273402748 2 0 0 3 3 0 0
0.5948650970219691 0 2 0 1 0 0 1
-0.9753375791819503 1 0 3 0 2 0 0
0.4077533409273826 0 0 1 3 0 2 0
-0.6355094171524061 0 0 0 1 0 2 2
0.7874344560562050 0 0 0 2 1 2 0
0.3872146258035529 0 1 3 0 1 0 0
0.4253554889760927 3 0 0 0 3 1 0
0.4585483854732970 3 0 3 2 0 0 0
-0.3748196949796816 0 0 3 3 0 3 0
0.3506089970130339 0 1 0 1 0 3 0
0.2872033382798718 0 0 1 0 1 0 1
0.3604902424863876 0 0 0 0 1 1 2
0.1724071540864576 3 2 0 1 0 0 0
-0.3992123338757312 0 2 1 0 3 0 0
-0.9091077915065326 0 0 0 1 0 3 3
0.3655923328301909 0 2 3 3 0 0 0
0.5734407406467310 2 0 0 3 0 0 3
-0.7690455961875200 2 0 3 0 0 1 0
0.1752153883982723 3 3 3 0 0 0 0
0.8451113051855370 0 2 0 0 2 2 0
0.9311813319588911 0 1 0 1 0 0 1
-0.1240150384166494 2 2 0 0 2 0 0
-0.2981243501518889 0 0 0 3 0 3 1
-0.5532496178297535 1 0 1 0 0 1 0
0.4440302495309136 0 2 0 3 0 1 0
0.8900955056487729 0 0 1 2 2 0 0
0.3222947404170875 2 0 2 0 3 0 0
0.0009207863351097 0 3 2 1 0 0 0
0.2757243674616110 0 1 0 0 3 0 3
-0.0336765707255715 1 0 0 0 3 1 0
-0.1932724859537875 3 0 0 0 3 0 2
-0.8172829136488784 0 0 1 3 0 1 0
-0.4408867824013196 0 3 3 1 0 0 0
0.4969260542708969 3 1 0 1 0 0 0
-0.2365447478535985 2 0 2 0 1 0 0
0.0982862130843178 0 1 0 0 1 0 1
-0.0304773818536233 2 1 0 0 0 1 0
0.1457736610267812 0 3 0 1 0 0 3
0.4326565936040923 2 0 0 0 0 3 3
0.9128021575864478 0 0 2 0 0 3 3
-0.5116994515042614 0 0 0 2 0 2 1
0.0641514453570127 0 0 0 1 0 1 1
-0.7185201948249422 0 0 3 2 3 0 0
0.7284548918281157 1 3 0 0 0 0 1
0.6416884315482589 0 0 0 2 3 0 3
0.8903045993263734 0 0 3 1 0 0 2
-0.5512154576572337 3 0 0 2 3 0 0
0.4038080854827482 2 1 0 0 0 2 0
-0.6673831993977433 0 1 1 0 0 0 2
0.9284588086617953 1 0 2 3 0 0 0
0.6922346780055155 0 2 1 0 0 0 1
0.5002891416501034 3 0 0 0 0 1 3
-0.7162240454170425 0 3 2 0 0 0 1
0.7290185120466353 0 3 3 0 0 2 0
0.8319664046438333 2 0 2 0 0 0 3
0.9072669167404386 2 0 1 0 3 0 0
-0.3937887771654121 0 0 0 3 2 3 0
0.6568425260799660 2 0 0 0 0 3 1
-0.1141295597870955 1 0 0 0 2 0 3
0.0967241871162605 0 3 2 3 0 0 0
-0.1411503911443881 3 0 0 0 1 2 0
0.2829327726290578 0 0 0 3 0 1 1
0.1567339302021931 0 0 1 2 1 0 0
0.0501000626790085 0 2 2 0 3 0 0
0.2494330315247859 0 3 0 1 2 0 0
0.6949283189250650 0 0 0 0 1 2 2
-0.7753504593482976 0 0 3 0 2 0 2
0.3673143348885726 3 2 3 0 0 0 0
-0.2722733409751401 3 1 2 0 0 0 0
-0.9015905215705748 0 0 0 2 0 2 3
-0.2020473443386641 2 2 0 0 3 0 0
-0.3146298680856554 0 3 0 2 0 0 3
-0.0484642454678728 0 0 1 0 0 1 1
0.1897642700792168 3 0 1 0 0 3 0
0.6429342879330044 0 2 0 0 1 1 0
-0.2245264912666869 0 0 2 3 3 0 0
-0.6930619219856256 0 0 2 0 1 3 0
0.5647468399585320 1 0 0 2 2 0 0
-0.6121444402943585 2 0 0 0 0 1 2
-0.9190804189346289 0 2 2 0 0 0 3
0.5639228066385522 0 0 3 2 0 0 3
0.8294834954230690 0 2 0 0 0 1 2
0.9246564396603421 0 0 2 3 0 3 0
-0.9398271968073471 3 3 2 0 0 0 0
-0.2100637776240446 3 0 0 3 0 0 2
0.6817205792698635 3 0 0 3 0 2 0
0.8156280973258121 3 1 3 0 0 0 0
0.5912868768679360 0 1 0 0 0 3 3
0.4630210332288791 2 0 2 3 0 0 0
0.9828366293690931 3 0 2 0 0 0 1
-0.9626395061213469 0 0 0 2 2 0 3
-0.8617492326295044 0 0 1 1 0 2 0
-0.1979628722528139 3 3 0 3 0 0 0
0.0027992283971559 2 0 3 0 0 0 2
0.4202848137091952 1 1 2 0 0 0 0
-0.1276576443036257 0 0 1 2 0 0 1
0.1171068365442243 0 2 0 3 1 0 0
-0.9206489741064001 1 2 1 0 0 0 0
0.1132045789643081 0 3 3 0 0 0 2
0.8977970964965778 0 0 2 1 1 0 0
0.8210121719914945 2 1 0 0 0 0 2
-0.5090538868699821 0 0 1 3 2 0 0
-0.4267549438079861 2 0 3 0 0 0 1
-0.9078534514366547 0 0 3 3 0 2 0
-0.4477668730951436 0 3 0 0 2 1 0
-0.8734302506227054 0 1 0 3 2 0 0
0.8039731290965135 0 0 2 0 1 1 0
0.3282974623678896 0 2 0 1 3 0 0
0.6428527892149634 1 2 0 0 0 0 1
-0.8109467732817972 0 0 3 2 0 1 0
0.2792946998220878 1 0 0 1 0 2 0
-0.3071899624266103 0 0 0 2 2 3 0
-0.8585675816128782 0 0 3 0 2 1 0
-0.2264667317238116 0 0 2 2 3 0 0
-0.0491130027067086 3 0 3 0 2 0 0
0.2121027815297343 1 0 0 0 1 0 2
-0.0332377066008278 0 0 0 0 2 3 2
-0.1647667011073926 3 0 3 3 0 0 0
-0.8560550321888210 0 1 0 2 0 0 2
0.2627092672477800 1 2 0 2 0 0 0
0.2033612396852127 2 1 0 0 0 3 0
-0.9938937995701207 1 0 0 0 0 3 1
0.2397696636966260 1 0 2 0 0 2 0
-0.2025953884422795 1 0 0 3 0 2 0
0.4544009992177065 0 3 0 0 0 3 3
-0.4316861553744513 2 0 0 0 1 0 3
0.0343805715642389 0 0 3 0 3 2 0
-0.4568229691815318 2 0 0 2 1 0 0
0.3255873844401769 0 2 0 0 3 0 3
0.7927669819137282 1 1 0 2 0 0 0
-0.9617942447935959 0 3 1 0 0 3 0
0.3179960006665914 0 2 2 0 0 3 0
0.7034750893079547 0 0 1 3 1 0 0
0.3589622361935965 1 0 0 3 0 0 1
0.8685283536145116 1 0 1 0 0 0 2
0.8759137295689847 0 0 0 3 1 0 2
0.7605783028092317 0 0 0 2 1 0 2
0.1673541998467449 0 1 0 0 0 3 2
0.7620936888408443 1 1 0 0 0 0 2
0.7177194407280967 1 1 1 0 0 0 0
0.5574071068276361 0 0 3 2 0 0 1
0.8965210194083180 1 0 3 0 0 3 0
-0.5890320079365690 0 3 0 2 2 0 0
0.5072087257035411 0 1 1 0 3 0 0
0.8578541982248336 0 0 3 0 0 1 2
0.0207864813446463 0 0 3 0 3 3 0
-0.0938122187210975 1 0 0 3 0 1 0
0.6731295671723962 3 0 0 0 0 1 2
-0.3741725009444392 0 0 2 0 0 2 3
-0.0078312759850383 1 3 3 0 0 0 0
-0.7242821374705271 0 0 0 0 1 1 1
-0.5401905808212684 0 2 0 3 0 0 2
-0.6680578863621318 0 0 0 1 2 0 1
0.0918404258154291 0 3 2 0 0 2 0
-0.3578827538391096 3 0 0 1 0 3 0
0.3179216942934568 0 3 0 0 0 2 3
-0.4665988017107718 2 0 2 1 0 0 0
-0.0438003476023874 1 0 0 0 3 0 2
0.0139259374445422 1 0 0 0 0 2 3
0.1626391481276159 0 0 0 1 1 3 0
-0.5496493908207007 2 0 3 0 3 0 0
0.1076844314275409 0 0 3 0 1 0 2
-0.2503569803390548 0 0 0 1 1 0 2
0.7523528975061342 0 0 0 2 1 0 3
0.4387164668824701 3 0 2 2 0 0 0
-0.3493806330864886 3 0 1 0 0 0 3
-0.1205879978999156 0 0 0 2 0 2 2
-0.6080471651171044 2 3 0 0 0 0 1
-0.1306951957071458 2 2 0 0 0 1 0
0.9004580225177172 0 2 0 1 0 1 0
-0.2435867235007532 0 2 0 2 2 0 0
-0.7589727748936776 0 0 2 0 2 0 2
-0.4351400675279815 3 0 0 0 3 2 0
-0.8647790183754276 0 0 2 0 3 0 2
-0.8625829634826003 0 1 3 0 0 3 0
-0.3223585082716154 2 3 2 0 0 0 0
0.7075789212005636 3 0 0 1 3 0 0
-0.9043600531670606 0 1 1 2 0 0 0
-0.4892360895253416 0 1 0 1 0 0 2
-0.5635750195306126 0 3 0 0 1 0 2
0.2237701306409072 2 0 0 2 2 0 0
0.5807529237468283 0 0 1 0 0 3 3
-0.5991101363045208 1 1 0 0 0 2 0
0.8914784148626311 0 2 0 0 2 0 1
-0.9931941927302104 0 0 1 0 3 1 0
0.1364187768649032 0 0 2 3 0 2 0
0.3219771875366448 0 3 1 0 2 0 0
0.8007998541079777 0 1 3 0 3 0 0
0.9689318437235064 2 0 0 0 0 2 2
0.7584397713393238 0 0 1 2 0 0 2
-0.8562471933837834 0 3 1 2 0 0 0
-0.7750640189897982 1 3 0 0 3 0 0
-0.2656867376132506 0 0 1 2 0 1 0
-0.1734036436911028 1 0 0 3 3 0 0
-0.4308889851166364 3 0 0 2 0 0 2
-0.2911841339081560 0 0 2 1 3 0 0
-0.3088724621394658 1 0 3 0 1 0 0
-0.0844231058386933 2 1 0 0 3 0 0
0.5077887795317040 0 0 1 1 3 0 0
0.5341036895206217 0 2 2 0 0 0 1
-0.5978851841147064 0 0 0 3 0 2 1
0.5502565813740734 2 0 3 3 0 0 0
0.2172333052735782 0 1 3 0 0 0 1
0.6569199508756582 2 0 3 0 2 0 0
0.7782479991889413 1 1 0 0 2 0 0
0.9989078679128658 1 0 0 1 0 1 0
0.6385272151501082 3 0 2 3 0 0 0
-0.7767029869853874 0 0 0 1 1 2 0
0.2854587381941533 0 0 0 0 3 1 1
-0.5245855314569570 0 0 3 1 1 0 0
-0.3128346818564640 3 0 0 3 0 3 0
0.2394256701521240 0 0 3 2 0 0 2
-0.1977098883402557 0 2 3 2 0 0 0
-0.4918547605702472 1 1 0 0 0 0 3
-0.2726442548253749 0 0 3 1 0 1 0
-0.2506861693463704 0 0 1 3 0 0 1
-0.8979408407097482 0 1 0 3 3 0 0
0.1138474213815139 0 0 0 2 0 3 3
0.9341887379753342 0 1 1 1 0 0 0
0.5750607671317680 0 2 0 0 0 2 3
-0.8472777426911740 1 0 0 0 2 2 0
0.7644180424636939 0 0 2 3 0 0 2
-0.2589222367510795 0 2 2 0 0 1 0
0.1683078070163440 0 0 2 2 0 1 0
-0.2742162301380580 0 2 3 0 0 3 0
0.0224144218555169 3 0 3 0 0 0 3
-0.7005990453501114 0 0 0 2 0 3 2
-0.6529805587796391 3 0 0 3 0 0 1
-0.0171857400028277 3 0 1 2 0 0 0
-0.6836243065916805 0 1 0 1 0 0 3
-0.2011717215880371 0 0 3 0 0 2 3
-0.5985122660188118 0 3 0 0 1 3 0
0.2049186405907508 0 0 2 0 3 2 0
-0.5140959467890436 3 1 0 0 3 0 0
-0.6666074828366799 0 3 2 0 0 3 0
-0.6267134425665957 1 0 2 0 1 0 0
0.5859037380348702 0 2 0 1 0 0 3
0.6145314904552635 1 0 0 0 0 1 1
0.2405623362763551 0 0 1 0 1 3 0
-0.4668424777289033 0 1 0 0 0 3 1
0.1780663589289810 0 0 1 0 2 3 0
0.5207100509467022 0 2 0 2 0 0 1
0.4296119389616331 0 0 0 0 2 3 1
0.4997208901229542 0 2 1 0 0 0 2
-0.7478863543758965 3 0 2 0 1 0 0
-0.4694445292243916 1 0 0 1 0 3 0
0.4571495418500411 3 0 0 0 0 1 1
0.2580399436735794 3 0 0 0 1 0 2
0.2843633848293181 2 0 0 0 2 0 2
-0.6169897816696537 1 2 0 0 2 0 0
-0.4212715929259427 1 0 0 0 1 3 0
0.4882455192847375 0 0 0 3 1 3 0
0.7489169372841831 0 3 1 0 0 1 0
-0.0601552555431624 0 2 3 0 3 0 0
0.7085790300981227 0 0 1 0 3 0 2
-0.9548597847967799 0 0 0 1 3 0 3
-0.3635800138244054 0 3 1 0 3 0 0
0.4254278136522007 0 0 1 0 0 2 3
0.3518866776770566 0 3 0 0 0 2 2
0.0745429454241335 3 0 0 1 0 0 2
-0.1275993984072747 1 2 0 0 0 3 0
-0.7083426975633469 0 2 2 0 1 0 0
0.9063140022098870 0 0 0 1 3 0 1
0.2067538092950738 2 0 0 2 0 3 0
-0.2933484654573757 0 0 0 0 3 3 1
-0.0333721683697255 3 0 2 1 0 0 0
-0.4466433102365446 1 0 0 1 2 0 0
-0.6295189500918710 2 0 0 0 2 3 0
-0.2807887579797914 1 3 0 0 2 0 0
-0.4227749530207525 2 0 2 0 0 3 0
-0.3372136559148766 1 0 0 3 0 0 3
0.7016314690922294 0 3 0 0 0 3 2
-0.3772896622524400 0 3 0 0 0 1 3
-0.6865132895408770 0 3 0 2 1 0 0
-0.5448309491278822 0 0 1 3 3 0 0
0.9511130538929720 0 1 0 3 0 0 1
-0.1046210336852518 0 1 0 0 1 1 0
0.1724012604086540 2 0 0 3 0 1 0
0.5151459831752325 0 0 3 1 0 0 3
0.2245428908291067 3 0 0 0 3 0 3
-0.8300861261078352 0 1 0 2 0 1 0
-0.8371706952436977 0 0 0 0 2 2 1
0.1931884461633386 2 0 1 0 2 0 0
-0.2970040409126338 0 0 0 3 3 1 0
-0.2504473077297182 2 0 2 0 0 1 0
-0.4303149329011053 0 0 3 0 1 2 0
0.0175446930062360 0 3 0 0 1 0 1
-0.1709381383366266 2 0 1 3 0 0 0
0.7570517703005903 3 1 0 0 0 2 0
0.2602377373687912 0 3 2 0 1 0 0
-0.3116201863753139 1 2 0 0 3 0 0
0.5324455332114997 3 0 1 0 2 0 0
0.2489930337005093 1 1 0 3 0 0 0
-0.0607492092495436 0 2 1 3 0 0 0
0.3442615572731123 1 0 0 1 0 0 2
0.5197516186084334 0 2 0 1 1 0 0
-0.6142895730501390 2 0 1 0 0 0 1
-0.4164884397210906 1 2 0 0 0 2 0
-0.1452570625411527 0 1 2 0 3 0 0
-0.2535088595113715 0 2 0 2 1 0 0
-0.6258496295360323 0 0 0 3 2 0 2
-0.9321474868647679 0 2 0 2 0 0 3
-0.6788389480160089 3 0 0 0 3 0 1
-0.9715191918018367 0 3 0 1 0 0 1
-0.6645641325007761 0 0 2 2 1 0 0
0.1501941350287199 0 3 0 0 3 2 0
-0.8921147644319494 1 0 0 0 0 2 2
0.6982033379252939 0 0 1 2 3 0 0
0.4081849402359483 0 3 0 0 3 3 0
-0.7233557058787417 2 2 0 0 1 0 0
0.7411199125580608 1 3 0 0 0 0 3
-0.7949866583892602 0 0 1 1 0 0 2
-0.2913147055267569 0 3 0 0 3 0 2
0.5338265995459599 0 3 0 0 2 0 2
0.0686399619556741 1 0 0 0 3 3 0
0.7027244825690089 1 2 0 0 1 0 0
-0.2712216811354777 1 0 1 0 3 0 0
0.6805498289694445 0 3 3 0 1 0 0
