-0.2573471615842073 0 0 0 0 0 0
-0.0931792011363259 0 0 0 0 3 0
-0.0381840158768032 0 0 0 0 0 3
0.0353009749403082 0 0 0 0 3 3
-0.167357827553017 0 0 0 3 0 0
0.0437575710480546 0 0 0 3 0 3
0.0470098283951302 0 0 0 0 2 2
-0.0090690087738052 0 0 0 3 2 2
0.0470098283951302 0 0 0 0 1 1
-0.0090690087738052 0 0 0 3 1 1
-0.0381840158768032 0 0 3 0 0 0
0.0918683679378834 0 0 3 0 0 3
0.030643712759598 0 0 3 0 2 2
0.030643712759598 0 0 3 0 1 1
0.0470098283951302 0 2 2 0 0 0
0.030643712759598 0 2 2 0 0 3
0.0470098283951302 0 1 1 0 0 0
0.030643712759598 0 1 1 0 0 3
0.034329287669383 0 2 2 0 2 2
0.034329287669383 0 1 1 0 2 2
0.034329287669383 0 2 2 0 1 1
0.034329287669383 0 1 1 0 1 1
0.006190620707896 2 3 2 2 3 2
0.006190620707896 1 3 1 2 3 2
0.006190620707896 2 3 2 1 3 1
0.006190620707896 1 3 1 1 3 1
-0.0931792011363259 0 3 0 0 0 0
0.0696302626096912 0 3 0 0 0 3
0.0088515473792554 0 3 0 0 2 2
0.0088515473792554 0 3 0 0 1 1
0.0070797698030505 2 2 0 2 3 2
0.0070797698030505 1 1 0 2 3 2
0.0070797698030505 2 2 0 1 3 1
0.0070797698030505 1 1 0 1 3 1
-0.167357827553017 3 0 0 0 0 0
0.0499481917559505 3 0 0 0 0 3
-0.0161487785768557 3 0 0 0 2 2
-0.0161487785768557 3 0 0 0 1 1
0.0499101687064665 0 0 0 3 3 0
0.0696302626096912 0 0 3 0 3 0
0.0088515473792554 0 2 2 0 3 0
0.0088515473792554 0 1 1 0 3 0
0.0070797698030505 2 3 2 2 2 0
0.0070797698030505 1 3 1 2 2 0
0.0070797698030505 2 3 2 1 1 0
0.0070797698030505 1 3 1 1 1 0
0.0690303945998115 0 3 0 0 3 0
0.0093697174275387 2 2 0 2 2 0
0.0093697174275387 1 1 0 2 2 0
0.0093697174275387 2 2 0 1 1 0
0.0093697174275387 1 1 0 1 1 0
0.0592798861340052 3 0 0 0 3 0
0.0499481917559505 0 0 3 3 0 0
-0.0161487785768557 0 2 2 3 0 0
-0.0161487785768557 0 1 1 3 0 0
0.0592798861340052 0 3 0 3 0 0
0.0782363777898522 3 0 0 3 0 0
0.0353009749403082 0 3 3 0 0 0
0.0437575710480546 3 0 3 0 0 0
-0.0090690087738052 3 2 2 0 0 0
-0.0090690087738052 3 1 1 0 0 0
0.0499101687064665 3 3 0 0 0 0
