-0.1419238476006006 0 0 0 0
-0.2324856770707933 0 0 0 1
-0.38878394503823 0 0 0 3
0.2162424935629071 0 0 1 0
-0.1918874348036006 0 0 1 1
0.5631425602881701 0 0 1 3
-0.2387411082514465 0 0 2 2
0.0398479101427454 0 0 3 0
-0.0497015572776472 0 0 3 1
0.2475171174694596 0 0 3 3
0.1800774131920284 0 1 0 0
0.1508386347770705 0 1 0 1
-0.3878220583553585 0 1 0 3
-0.0967877883487391 0 1 1 0
-0.0498000577063795 0 1 1 1
-0.111322554338431 0 1 1 3
-0.0435331155651438 0 1 2 2
-0.0700520049154137 0 1 3 0
-0.043672978653919 0 1 3 1
-0.4592366145219871 0 1 3 3
0.2844804625299668 0 2 0 2
0.1187841050812151 0 2 1 2
-0.1669862479873331 0 2 2 0
-0.0737318250450633 0 2 2 1
-0.3604331327645999 0 2 2 3
0.2513607930920178 0 2 3 2
0.1338786828557083 0 3 0 0
0.2149387652682114 0 3 0 1
-0.1576248780880697 0 3 0 3
-0.3914146839538614 0 3 1 0
0.1481589700748416 0 3 1 1
-0.2031661459558729 0 3 1 3
0.5007623620842725 0 3 2 2
-0.0310994115721044 0 3 3 0
0.3924041414590995 0 3 3 1
0.0925905997890785 0 3 3 3
-0.1825523180304312 1 0 0 0
0.0194295345450195 1 0 0 1
0.1962243079790365 1 0 0 3
0.2723348959392737 1 0 1 0
0.3368375869075193 1 0 1 1
0.3989886705503464 1 0 1 3
-0.0455726208714817 1 0 2 2
0.341228022782594 1 0 3 0
-0.0473676784299951 1 0 3 1
0.4656536286942421 1 0 3 3
0.0336979620613182 1 1 0 0
-0.1486252363243935 1 1 0 1
-0.0255930748146698 1 1 0 3
0.0416204795643512 1 1 1 0
0.1671443514217891 1 1 1 1
0.2305023932443779 1 1 1 3
-0.1268127602462169 1 1 2 2
0.5474368694780112 1 1 3 0
-0.1022752093756316 1 1 3 1
0.2841596682859501 1 1 3 3
-0.0485078066271841 1 2 0 2
-0.1867695079070163 1 2 1 2
-0.0135454536795072 1 2 2 0
-0.0683513079579266 1 2 2 1
0.0894423815823468 1 2 2 3
0.4452263979066566 1 2 3 2
-0.0217331441508328 1 3 0 0
-0.1296151386327023 1 3 0 1
-0.1261788512080042 1 3 0 3
0.2153752434103704 1 3 1 0
-0.1297642464258282 1 3 1 1
0.0263840518528039 1 3 1 3
0.1441154083271289 1 3 2 2
-0.1205237689071858 1 3 3 0
0.2599747322452833 1 3 3 1
-0.5106524110176941 1 3 3 3
0.3124015963241231 2 0 0 2
0.4062845332257167 2 0 1 2
-0.2526756729394883 2 0 2 0
0.0744505443119791 2 0 2 1
-0.1174955394949093 2 0 2 3
-0.3883161546396466 2 0 3 2
0.3998254396064795 2 1 0 2
-0.266194948074268 2 1 1 2
0.026423990370475 2 1 2 0
0.1592334108876122 2 1 2 1
-0.2032763776700874 2 1 2 3
-0.03137757871101 2 1 3 2
0.0932241892569318 2 2 0 0
-0.4232577378326032 2 2 0 1
0.1256583932552693 2 2 0 3
0.164521781655457 2 2 1 0
0.0641338029218599 2 2 1 1
-0.2296563362989274 2 2 1 3
-0.3378057717920758 2 2 2 2
-0.0794726165397332 2 2 3 0
-0.0567188961847024 2 2 3 1
-0.2115895964774069 2 2 3 3
-0.3152713420751341 2 3 0 2
0.1310241995911731 2 3 1 2
-0.116595658576562 2 3 2 0
-0.0071141091685896 2 3 2 1
-0.0196647688655741 2 3 2 3
0.239742182363725 2 3 3 2
0.348056497960872 3 0 0 0
0.2313146862833698 3 0 0 1
0.1875039559474765 3 0 0 3
0.1193261928529047 3 0 1 0
-0.181825760867847 3 0 1 1
-0.0867218978519345 3 0 1 3
0.170340860849775 3 0 2 2
-0.0654963197230055 3 0 3 0
0.2702711394126109 3 0 3 1
0.214934320539892 3 0 3 3
-0.150289290871089 3 1 0 0
-0.0752737347231151 3 1 0 1
-0.4898607076617585 3 1 0 3
0.1863875879464273 3 1 1 0
-0.4064613653948859 3 1 1 1
0.1306051568564504 3 1 1 3
-0.0605826828082883 3 1 2 2
0.1782102924914679 3 1 3 0
0.2803064440775568 3 1 3 1
-0.4247079754850037 3 1 3 3
0.2545137532523081 3 2 0 2
-0.1423448560379529 3 2 1 2
-0.3424121373657271 3 2 2 0
0.1533209012645145 3 2 2 1
0.0886530378643845 3 2 2 3
-0.1628474655640386 3 2 3 2
0.0506239838628268 3 3 0 0
0.1671933804897468 3 3 0 1
-0.0203009347242867 3 3 0 3
0.0382907767286011 3 3 1 0
-0.4467676216279348 3 3 1 1
0.0076982727484526 3 3 1 3
0.0126220292187955 3 3 2 2
0.1103869395323759 3 3 3 0
0.1114009102538045 3 3 3 1
0.2690312632037989 3 3 3 3
