0.5315064020172813 0 0 0 0 2 0 1
0.4564353336733173 0 0 0 3 3 0 0
-0.5331019699120243 0 1 2 0 0 0 0
-0.7674796959527324 0 0 0 0 2 0 2
0.0678715918407948 0 0 3 0 3 0 0
0.3773823405735961 2 0 0 0 0 0 2
0.4027222388490730 3 0 0 2 0 0 0
-0.5117355180529282 0 0 0 0 0 3 3
-0.7474384403709420 0 1 3 0 0 0 0
-0.3199816205361163 0 0 0 2 0 0 3
0.4476911659168068 0 1 0 3 0 0 0
-0.2223479848269816 0 0 0 1 0 2 0
-0.7426072701559772 0 0 0 3 0 3 0
0.1102872686059360 1 0 2 0 0 0 0
0.9330008296436518 0 0 0 0 1 0 3
-0.2675955501754403 0 0 2 0 0 0 2
-0.4884339040180667 0 0 0 0 0 1 1
-0.7481782885759121 2 0 0 0 0 2 0
0.8136461559286585 0 3 0 0 0 3 0
0.7947769565444638 0 0 2 3 0 0 0
0.6383460740208120 0 0 0 0 0 3 1
-0.9276833255866299 0 2 0 0 1 0 0
0.8596700147460175 0 1 0 0 0 1 0
-0.9342261051264493 2 0 0 0 0 3 0
0.5329075931520013 0 0 2 2 0 0 0
0.6905459706163279 2 0 0 2 0 0 0
-0.3404734783354970 0 2 0 3 0 0 0
-0.0605716316671656 0 2 2 0 0 0 0
-0.6131384068304335 1 0 3 0 0 0 0
0.4320348244897096 3 0 0 0 0 0 3
-0.1905250739629269 0 0 2 0 0 2 0
-0.2411714685798083 0 0 1 1 0 0 0
-0.9289641704426386 1 3 0 0 0 0 0
-0.9142250513480459 1 2 0 0 0 0 0
0.6367840320296245 0 0 0 1 3 0 0
0.7860264152987446 0 0 0 0 3 1 0
-0.9452446217067307 0 0 1 3 0 0 0
0.2986276676098309 0 0 3 0 1 0 0
0.7492284111594025 0 0 1 0 2 0 0
0.5118775281194667 2 3 0 0 0 0 0
0.3533054361857280 2 0 0 0 1 0 0
0.1334945180166607 0 1 0 2 0 0 0
-0.6879430142596190 1 0 0 0 0 2 0
0.0572944338240868 1 0 0 0 0 1 0
0.4025819168826734 0 3 1 0 0 0 0
0.8904873795882251 0 0 0 1 0 3 0
-0.9237109054046535 0 0 0 0 2 3 0
0.0783851606382435 0 0 0 0 3 2 0
0.2248012735067633 0 0 2 0 0 0 3
-0.1318275427389850 0 3 0 0 1 0 0
0.2029896612274382 3 0 2 0 0 0 0
-0.6960892132783179 0 0 1 0 3 0 0
-0.4566634470798050 0 0 1 0 0 0 3
-0.4512354504172078 0 0 0 1 1 0 0
-0.0477971143293849 0 0 3 1 0 0 0
-0.4599381178389541 1 0 0 0 0 0 1
-0.5503146061961388 3 2 0 0 0 0 0
-0.8000088514459871 3 0 0 0 3 0 0
0.9146070891701314 0 0 0 1 0 0 2
0.0606192595865731 3 0 0 0 2 0 0
0.0990936843170382 0 3 0 0 2 0 0
-0.9555460534549911 1 0 0 0 0 3 0
-0.3544407406312973 0 3 0 3 0 0 0
0.2500296980738059 2 1 0 0 0 0 0
-0.3241728144123892 2 0 0 3 0 0 0
0.8616666446648169 0 0 0 0 1 0 1
0.9688735417867935 3 0 0 0 1 0 0
-0.9305305393165610 0 0 0 1 2 0 0
-0.2681265396865915 2 0 0 0 0 1 0
-0.1781522174973682 0 3 0 1 0 0 0
-0.4815653453856112 0 1 0 0 2 0 0
-0.1832872451204060 3 0 0 0 0 3 0
-0.2752756951703770 0 0 0 0 2 2 0
0.3616095500422787 0 0 0 0 0 3 2
-0.9179621796070445 0 0 0 2 1 0 0
0.9629912806469179 2 0 0 0 0 0 3
-0.0764282471667554 1 0 0 0 2 0 0
0.0678422220644019 0 0 0 1 0 0 3
0.3282912955872914 0 0 0 0 3 0 1
0.6177090160029106 1 0 0 0 1 0 0
-0.8440357024184089 1 0 0 2 0 0 0
0.7845416824790041 3 0 0 0 0 0 2
0.4103192025523130 0 2 3 0 0 0 0
-0.1149900434570890 0 0 3 3 0 0 0
0.5757472377483641 0 1 0 0 0 0 3
-0.3654950428650607 0 2 0 2 0 0 0
-0.1193535529303920 0 0 3 0 0 0 3
-0.1804266273489372 3 1 0 0 0 0 0
0.8885078892035740 0 0 0 0 0 2 2
-0.7976306710957135 2 0 2 0 0 0 0
0.4768830202048955 0 1 0 0 0 0 2
0.9679727470537520 0 0 1 2 0 0 0
-0.2610957059896704 0 0 0 2 0 0 2
-0.1096978435909348 2 0 0 1 0 0 0
0.1389940053451002 0 0 2 0 2 0 0
-0.0036754700462351 0 0 0 0 3 0 3
0.8402254736280494 1 0 0 0 0 0 2
-0.2023894984010315 0 1 0 0 0 0 1
-0.2421861422924056 0 0 0 0 0 2 3
0.7519233482071679 0 0 0 0 0 1 2
