0.0520255103101337 0 0 0 0 0
-0.0955466443644587 0 0 0 0 1
-0.0815117019627838 0 0 0 0 3
-0.1081359312505088 0 0 0 1 0
0.099775736190815 0 0 0 1 1
0.0828502014004586 0 0 0 1 3
-0.2487566018715806 0 0 0 2 2
0.1816339034949844 0 0 0 3 0
0.3414334893653378 0 0 0 3 1
-0.0871588389370789 0 0 0 3 3
0.1617499993407076 0 0 1 0 0
-0.0889963038814754 0 0 1 0 1
-0.1409868680889846 0 0 1 0 3
-0.0622288539959385 0 0 1 1 0
-0.1941636355749682 0 0 1 1 1
0.3354855355581322 0 0 1 1 3
-0.0699365339034018 0 0 1 2 2
0.0437447095357244 0 0 1 3 0
0.1022657599423569 0 0 1 3 1
0.1355834292814793 0 0 1 3 3
0.2494124650117156 0 0 2 0 2
-0.158803584179721 0 0 2 1 2
0.3134224839013111 0 0 2 2 0
0.2109169446013516 0 0 2 2 1
-0.4387750828969836 0 0 2 2 3
-0.0415136029104842 0 0 2 3 2
0.1094479956694456 0 0 3 0 0
-0.1861503787545126 0 0 3 0 1
-0.2429965953577243 0 0 3 0 3
0.0229044964498039 0 0 3 1 0
-0.2203134152486392 0 0 3 1 1
-0.0294747773815735 0 0 3 1 3
-0.1337837044814224 0 0 3 2 2
-0.0097858657348397 0 0 3 3 0
-0.3451339959017111 0 0 3 3 1
-0.0590042210658396 0 0 3 3 3
0.2180677649146324 0 1 0 0 0
0.092999079065974 0 1 0 0 1
0.2123346164861706 0 1 0 0 3
0.0958888278554549 0 1 0 1 0
0.1281947149097822 0 1 0 1 1
0.1336593797220224 0 1 0 1 3
-0.0229016287482421 0 1 0 2 2
-0.0541432354996938 0 1 0 3 0
0.1679351022647808 0 1 0 3 1
0.2346318846141726 0 1 0 3 3
0.0707989857250929 0 1 1 0 0
0.0480285579271691 0 1 1 0 1
0.0308564301395566 0 1 1 0 3
-0.1229032847961025 0 1 1 1 0
-0.0117274507602248 0 1 1 1 1
0.0391442789330838 0 1 1 1 3
0.0219425440435763 0 1 1 2 2
0.0978301591872524 0 1 1 3 0
0.2738872678173991 0 1 1 3 1
0.112705743127384 0 1 1 3 3
-0.4168833733045513 0 1 2 0 2
0.1060290783533771 0 1 2 1 2
0.0406277789463642 0 1 2 2 0
-0.0362284546390289 0 1 2 2 1
-0.0558306646816271 0 1 2 2 3
0.249096067440956 0 1 2 3 2
0.0080835211712548 0 1 3 0 0
0.2383279139884967 0 1 3 0 1
-0.141349589048651 0 1 3 0 3
0.0694537199827774 0 1 3 1 0
-0.1744462019140879 0 1 3 1 1
-0.1461462819792714 0 1 3 1 3
0.1463085494182172 0 1 3 2 2
-0.01072305732303 0 1 3 3 0
0.343372273584822 0 1 3 3 1
-0.517066524968298 0 1 3 3 3
-0.0225360184207795 0 2 0 0 2
-0.2139795614899631 0 2 0 1 2
0.122489899149183 0 2 0 2 0
0.2750034614970349 0 2 0 2 1
0.2093961282467178 0 2 0 2 3
-0.0607435663675127 0 2 0 3 2
0.040552139704259 0 2 1 0 2
0.1206033248210734 0 2 1 1 2
-0.1912538394864249 0 2 1 2 0
0.2300682485223555 0 2 1 2 1
0.1783297471535921 0 2 1 2 3
0.0408687535301599 0 2 1 3 2
0.153240707117488 0 2 2 0 0
0.1194144837072736 0 2 2 0 1
0.1977297327287275 0 2 2 0 3
0.1779864300214314 0 2 2 1 0
-0.3249000354114889 0 2 2 1 1
0.1401105058631574 0 2 2 1 3
-0.3652106547576346 0 2 2 2 2
0.060279933168173 0 2 2 3 0
-0.1792359799780857 0 2 2 3 1
-0.0675330630491874 0 2 2 3 3
0.0812295125649617 0 2 3 0 2
0.2533902434928478 0 2 3 1 2
-0.0721645842023251 0 2 3 2 0
-0.1060027648053431 0 2 3 2 1
0.4165335240546265 0 2 3 2 3
0.1910595236721753 0 2 3 3 2
0.1863301400200829 0 3 0 0 0
0.0692068972721298 0 3 0 0 1
-0.1710544292872084 0 3 0 0 3
-0.1012244920191984 0 3 0 1 0
0.0477815301663558 0 3 0 1 1
0.0656704454701714 0 3 0 1 3
-0.2345111835717734 0 3 0 2 2
-0.3470594890335207 0 3 0 3 0
-0.0525166255541505 0 3 0 3 1
-0.2518113245894925 0 3 0 3 3
0.0343322039947451 0 3 1 0 0
0.3032006282169489 0 3 1 0 1
-0.0988809905759715 0 3 1 0 3
0.1740494995790562 0 3 1 1 0
-0.0342639677678973 0 3 1 1 1
-0.1826686295006569 0 3 1 1 3
0.0100164911193778 0 3 1 2 2
0.0218301022038935 0 3 1 3 0
-0.0635839561655998 0 3 1 3 1
0.1136433911693857 0 3 1 3 3
-0.1200844629119993 0 3 2 0 2
0.0665496049688251 0 3 2 1 2
0.0363264099126735 0 3 2 2 0
-0.0866755093310714 0 3 2 2 1
0.3077556171613443 0 3 2 2 3
-0.0842915417328044 0 3 2 3 2
-0.0382100519807525 0 3 3 0 0
0.1736400989340231 0 3 3 0 1
0.2360611754975263 0 3 3 0 3
0.0491900314726894 0 3 3 1 0
-0.0486614337952275 0 3 3 1 1
0.1486955986892784 0 3 3 1 3
-0.0212274816309936 0 3 3 2 2
-0.2427039292141981 0 3 3 3 0
0.1283906610098572 0 3 3 3 1
0.1903712334414847 0 3 3 3 3
-0.2495008471842999 1 0 0 0 0
0.2871705131986861 1 0 0 0 1
-0.0481324377024103 1 0 0 0 3
-0.0511965417794477 1 0 0 1 0
-0.061303602157158 1 0 0 1 1
0.0864353251320295 1 0 0 1 3
0.1885950024118887 1 0 0 2 2
-0.1380877654248551 1 0 0 3 0
0.0648280959786769 1 0 0 3 1
0.0719152563349719 1 0 0 3 3
0.0974970723060172 1 0 1 0 0
-0.2981753497245331 1 0 1 0 1
-0.0705753802369351 1 0 1 0 3
-0.1815209049080183 1 0 1 1 0
0.0293407097299812 1 0 1 1 1
-0.1668241946956807 1 0 1 1 3
0.1275949044981845 1 0 1 2 2
-0.1869187821236794 1 0 1 3 0
-0.1615352973201615 1 0 1 3 1
0.0200099907345293 1 0 1 3 3
-0.140582012180907 1 0 2 0 2
-0.1700940145711645 1 0 2 1 2
0.00423591179636 1 0 2 2 0
-0.2005634340259042 1 0 2 2 1
-0.006257877175694 1 0 2 2 3
0.0854780319104712 1 0 2 3 2
0.0535963666858263 1 0 3 0 0
-0.2301313421327511 1 0 3 0 1
-0.4498832203137149 1 0 3 0 3
-0.0001058857209089 1 0 3 1 0
-0.0823485644477847 1 0 3 1 1
-0.183154285302629 1 0 3 1 3
0.2176534305685947 1 0 3 2 2
0.0539299867281905 1 0 3 3 0
-0.0704363622139905 1 0 3 3 1
0.087651371913861 1 0 3 3 3
-0.1027102833772138 1 1 0 0 0
0.1189088948666468 1 1 0 0 1
0.3312028660405565 1 1 0 0 3
-0.1491229167287995 1 1 0 1 0
0.1280786364068792 1 1 0 1 1
-0.0694929086417042 1 1 0 1 3
-0.2324396657162635 1 1 0 2 2
-0.03698149499441 1 1 0 3 0
-0.088992004995369 1 1 0 3 1
-0.0155047883072111 1 1 0 3 3
0.0648054799643476 1 1 1 0 0
0.2394067305638009 1 1 1 0 1
-0.1332392364490166 1 1 1 0 3
-0.0218709386777265 1 1 1 1 0
-0.0433536803476137 1 1 1 1 1
-0.052998922339039 1 1 1 1 3
-0.1024270236260907 1 1 1 2 2
0.1601013754213602 1 1 1 3 0
-0.02284625393588 1 1 1 3 1
-0.010695599374366 1 1 1 3 3
-0.172004370817899 1 1 2 0 2
0.0884913110830436 1 1 2 1 2
-0.0032616735603485 1 1 2 2 0
-0.1598831743434914 1 1 2 2 1
0.2110971808072363 1 1 2 2 3
-0.2904746792027992 1 1 2 3 2
0.2617504502171593 1 1 3 0 0
-0.0424258625740514 1 1 3 0 1
0.1625850482730123 1 1 3 0 3
-0.0664162442698642 1 1 3 1 0
0.1192513698134852 1 1 3 1 1
-0.0514485078794715 1 1 3 1 3
-0.4142405950318033 1 1 3 2 2
0.0712895046561913 1 1 3 3 0
0.0313427230228853 1 1 3 3 1
0.0744438975074027 1 1 3 3 3
0.0802827520587676 1 2 0 0 2
0.1998020426706287 1 2 0 1 2
-0.1598624301205527 1 2 0 2 0
-0.185527691863303 1 2 0 2 1
0.1359093224940318 1 2 0 2 3
0.2300807759700476 1 2 0 3 2
0.1577756879704322 1 2 1 0 2
0.1509159199662334 1 2 1 1 2
-0.0518137122819674 1 2 1 2 0
-0.0470021843175763 1 2 1 2 1
-0.3939172745382385 1 2 1 2 3
-0.024494046560091 1 2 1 3 2
0.016505533395588 1 2 2 0 0
0.1402348771486571 1 2 2 0 1
0.2178490296294778 1 2 2 0 3
0.0571095479159574 1 2 2 1 0
-0.082759684048599 1 2 2 1 1
0.0523564783822445 1 2 2 1 3
0.4213256348118859 1 2 2 2 2
-0.2067350556253301 1 2 2 3 0
0.0796817023161285 1 2 2 3 1
-0.0534129513565539 1 2 2 3 3
-0.0015557481945867 1 2 3 0 2
-0.6934779204808912 1 2 3 1 2
0.1253183357273164 1 2 3 2 0
-0.0056415940569799 1 2 3 2 1
0.105271882090432 1 2 3 2 3
0.1501676570895497 1 2 3 3 2
-0.0298044189591229 1 3 0 0 0
-0.0276013696372422 1 3 0 0 1
0.05014408386431 1 3 0 0 3
0.0470405553327565 1 3 0 1 0
-0.1914304075518688 1 3 0 1 1
-0.063785566468997 1 3 0 1 3
-0.3601558212636149 1 3 0 2 2
0.0634862219838577 1 3 0 3 0
-0.0746659682444333 1 3 0 3 1
0.6828619943997111 1 3 0 3 3
0.1565627684068281 1 3 1 0 0
0.175034736512395 1 3 1 0 1
0.1354110601729624 1 3 1 0 3
-0.0243176730624704 1 3 1 1 0
-0.2307877336263287 1 3 1 1 1
-0.1061055644228853 1 3 1 1 3
-0.0916781575921029 1 3 1 2 2
-0.1541439119834091 1 3 1 3 0
0.5030390501689784 1 3 1 3 1
-0.1064350327538589 1 3 1 3 3
0.1853248272070491 1 3 2 0 2
-0.2145710924904046 1 3 2 1 2
-0.2386714330772405 1 3 2 2 0
-0.2227631473429864 1 3 2 2 1
-0.0138442170600706 1 3 2 2 3
-0.1215771419663402 1 3 2 3 2
-0.0663407072531769 1 3 3 0 0
-0.0533873144854491 1 3 3 0 1
-0.2558987812316091 1 3 3 0 3
-0.0130756374782057 1 3 3 1 0
-0.0200875013121129 1 3 3 1 1
0.0125740918151339 1 3 3 1 3
0.0091295868755816 1 3 3 2 2
-0.1415760697876564 1 3 3 3 0
-0.1166476631003672 1 3 3 3 1
-0.1301361695668781 1 3 3 3 3
0.0260925786351441 2 0 0 0 2
-0.154442498755642 2 0 0 1 2
-0.0716821424633043 2 0 0 2 0
0.2070498229020991 2 0 0 2 1
0.0052603179651851 2 0 0 2 3
-0.2933509300069438 2 0 0 3 2
0.0897969362620114 2 0 1 0 2
0.1282528572294235 2 0 1 1 2
-0.0137988329241771 2 0 1 2 0
0.0995406229910628 2 0 1 2 1
-0.4025069130072998 2 0 1 2 3
-0.2648930489266673 2 0 1 3 2
-0.0713822426935716 2 0 2 0 0
0.0974408228563485 2 0 2 0 1
0.0485207194358087 2 0 2 0 3
0.1933929889895047 2 0 2 1 0
-0.4437985576610719 2 0 2 1 1
-0.1439306495840558 2 0 2 1 3
0.0862774948793906 2 0 2 2 2
0.0614977029174966 2 0 2 3 0
-0.3536901939413263 2 0 2 3 1
0.1144147066471322 2 0 2 3 3
-0.0589905898516261 2 0 3 0 2
-0.0470057809074189 2 0 3 1 2
-0.1420428603085832 2 0 3 2 0
-0.2220085601200321 2 0 3 2 1
-0.3534925882153129 2 0 3 2 3
0.1968170540299438 2 0 3 3 2
-0.0708960720882238 2 1 0 0 2
0.1713663502345073 2 1 0 1 2
-0.0971200640141401 2 1 0 2 0
-0.0428670850831585 2 1 0 2 1
0.0484313023748988 2 1 0 2 3
-0.0548482220412007 2 1 0 3 2
0.2620251003975995 2 1 1 0 2
-0.1059396020126065 2 1 1 1 2
0.0831332695951352 2 1 1 2 0
0.3023204664373348 2 1 1 2 1
0.0960915627820894 2 1 1 2 3
-0.1315980263998949 2 1 1 3 2
0.0691348144662139 2 1 2 0 0
-0.3391114440111942 2 1 2 0 1
0.135944152992843 2 1 2 0 3
0.2590906998005159 2 1 2 1 0
0.0988071408680749 2 1 2 1 1
0.1875833781385102 2 1 2 1 3
0.1258809762926257 2 1 2 2 2
0.0857661028810903 2 1 2 3 0
-0.1034749443208907 2 1 2 3 1
-0.3047022341850966 2 1 2 3 3
-0.1358445002258951 2 1 3 0 2
0.0285177641014584 2 1 3 1 2
-0.1713200381563862 2 1 3 2 0
-0.2895301252462378 2 1 3 2 1
0.0959133085351052 2 1 3 2 3
-0.0938770317891194 2 1 3 3 2
-0.4257026528139083 2 2 0 0 0
-0.1786998835041844 2 2 0 0 1
-0.1545367769148629 2 2 0 0 3
-0.3648191914434298 2 2 0 1 0
-0.3084312246369697 2 2 0 1 1
0.0389340475871344 2 2 0 1 3
-0.0825093857171369 2 2 0 2 2
-0.0913846596185534 2 2 0 3 0
-0.2967908395547843 2 2 0 3 1
-0.2568704437763995 2 2 0 3 3
-0.0408840717829086 2 2 1 0 0
0.0044906849747228 2 2 1 0 1
0.0958835277661134 2 2 1 0 3
-0.1123969395227116 2 2 1 1 0
0.0191112851604784 2 2 1 1 1
-0.1993261305909913 2 2 1 1 3
0.1048488539280943 2 2 1 2 2
-0.097327346654471 2 2 1 3 0
0.0737975938804429 2 2 1 3 1
-0.0219385805603119 2 2 1 3 3
-0.0915774447499442 2 2 2 0 2
-0.0098024549996447 2 2 2 1 2
0.0520455770433165 2 2 2 2 0
0.0264473690006749 2 2 2 2 1
-0.1390848896066889 2 2 2 2 3
0.0777218927748091 2 2 2 3 2
-0.2065256450638853 2 2 3 0 0
-0.0442750087414417 2 2 3 0 1
-0.1650646488027247 2 2 3 0 3
0.0301987303603278 2 2 3 1 0
-0.0165793855602888 2 2 3 1 1
0.3179567215174685 2 2 3 1 3
0.2331744200134437 2 2 3 2 2
0.010001442410667 2 2 3 3 0
-0.3066624084558497 2 2 3 3 1
0.2408811812615287 2 2 3 3 3
-0.029714872329967 2 3 0 0 2
-0.0857931472071981 2 3 0 1 2
0.0039832238370125 2 3 0 2 0
-0.2915528676629079 2 3 0 2 1
0.0641445693191875 2 3 0 2 3
0.1267205021652699 2 3 0 3 2
-0.2706971032031848 2 3 1 0 2
0.0197217691712479 2 3 1 1 2
0.0204613134199275 2 3 1 2 0
0.2288019986000579 2 3 1 2 1
-0.5591918189711929 2 3 1 2 3
0.3440853011852259 2 3 1 3 2
0.1027806480144793 2 3 2 0 0
0.0364736937553368 2 3 2 0 1
-0.139755101663588 2 3 2 0 3
-0.0111929320522517 2 3 2 1 0
-0.0974077893812383 2 3 2 1 1
0.1358114349345589 2 3 2 1 3
-0.104078425468494 2 3 2 2 2
-0.0428431766391415 2 3 2 3 0
0.114073381761492 2 3 2 3 1
-0.0290380556853961 2 3 2 3 3
-0.0591843155648853 2 3 3 0 2
0.0966612175902861 2 3 3 1 2
0.075901219281807 2 3 3 2 0
0.0099131681547181 2 3 3 2 1
0.1608930707270039 2 3 3 2 3
-0.0038073289328481 2 3 3 3 2
-0.0818633026833826 3 0 0 0 0
0.1197800713440915 3 0 0 0 1
-0.1274705111436639 3 0 0 0 3
-0.0324713291845346 3 0 0 1 0
0.0391051997775007 3 0 0 1 1
-0.0959225719370551 3 0 0 1 3
0.260712982808923 3 0 0 2 2
0.0904293650307102 3 0 0 3 0
0.261435664878229 3 0 0 3 1
0.1219358118032028 3 0 0 3 3
-0.0971812605981389 3 0 1 0 0
0.1566774876660707 3 0 1 0 1
-0.1413945130738201 3 0 1 0 3
0.0809098236441074 3 0 1 1 0
-0.003967396390517 3 0 1 1 1
0.2733727593513243 3 0 1 1 3
-0.2080435448382727 3 0 1 2 2
-0.1102663108488588 3 0 1 3 0
-0.0128767485021569 3 0 1 3 1
-0.3089959757469459 3 0 1 3 3
0.0760315107884465 3 0 2 0 2
0.0739964579237861 3 0 2 1 2
-0.0916309008233895 3 0 2 2 0
0.0965558421130641 3 0 2 2 1
-0.1196961790237731 3 0 2 2 3
-0.2676619955876746 3 0 2 3 2
-0.1447824132156808 3 0 3 0 0
-0.3099193194107379 3 0 3 0 1
0.3197583143272074 3 0 3 0 3
0.0835756013651307 3 0 3 1 0
-0.0563795512446906 3 0 3 1 1
-0.0225866807593895 3 0 3 1 3
0.0788985093508732 3 0 3 2 2
-0.2285897116495306 3 0 3 3 0
-0.1199408549906383 3 0 3 3 1
0.0050582842435777 3 0 3 3 3
-0.2214846766860604 3 1 0 0 0
-0.3046997588769071 3 1 0 0 1
0.0814094834298834 3 1 0 0 3
0.0578945803915676 3 1 0 1 0
0.0147323047354286 3 1 0 1 1
0.1688352686539883 3 1 0 1 3
-0.4303070624247782 3 1 0 2 2
0.0384181445851153 3 1 0 3 0
0.0877892708397616 3 1 0 3 1
-0.0900865556504153 3 1 0 3 3
0.2081975947184849 3 1 1 0 0
0.2545679271044938 3 1 1 0 1
0.1301457430614236 3 1 1 0 3
0.0868814717488696 3 1 1 1 0
0.0435231972617458 3 1 1 1 1
-0.0287451361647508 3 1 1 1 3
-0.4163855350373153 3 1 1 2 2
-0.2735032116075366 3 1 1 3 0
0.3728070670863092 3 1 1 3 1
0.1436964895882535 3 1 1 3 3
0.1467080429569813 3 1 2 0 2
-0.1001756371439531 3 1 2 1 2
-0.0847866862796632 3 1 2 2 0
-0.1167123285955576 3 1 2 2 1
-0.0069423959250579 3 1 2 2 3
-0.0711304847767525 3 1 2 3 2
0.0747605108229136 3 1 3 0 0
0.2969899578968498 3 1 3 0 1
-0.1217961286056095 3 1 3 0 3
0.0130379835731746 3 1 3 1 0
0.036287466385273 3 1 3 1 1
0.0644044372743216 3 1 3 1 3
0.3800570638704107 3 1 3 2 2
0.0873806574832254 3 1 3 3 0
0.0863538630305373 3 1 3 3 1
0.0021221704202355 3 1 3 3 3
-0.230697712930919 3 2 0 0 2
0.1739690622359401 3 2 0 1 2
-0.0769193154785221 3 2 0 2 0
-0.2813234118561463 3 2 0 2 1
-0.1669061362799268 3 2 0 2 3
-0.1104242235778353 3 2 0 3 2
0.110344306879949 3 2 1 0 2
0.0744545146445457 3 2 1 1 2
0.2375724282056 3 2 1 2 0
0.0558254789795793 3 2 1 2 1
-0.3108973499051928 3 2 1 2 3
0.2004663961623515 3 2 1 3 2
0.0273395452731981 3 2 2 0 0
0.0720363670883062 3 2 2 0 1
0.0422700630116986 3 2 2 0 3
0.0851874185797132 3 2 2 1 0
-0.1350823546155749 3 2 2 1 1
0.1194389425026411 3 2 2 1 3
0.1095945616992865 3 2 2 2 2
-0.1325418532848783 3 2 2 3 0
0.3188717667265936 3 2 2 3 1
0.3071058829780308 3 2 2 3 3
-0.0153661932229693 3 2 3 0 2
0.0330841712298202 3 2 3 1 2
-0.0132519670960632 3 2 3 2 0
-0.2026827612257125 3 2 3 2 1
0.3231441140405982 3 2 3 2 3
0.4457442088427743 3 2 3 3 2
0.0314915761118901 3 3 0 0 0
-0.1590706937811799 3 3 0 0 1
0.0103628832093746 3 3 0 0 3
0.3160071883548822 3 3 0 1 0
-0.1913442134447293 3 3 0 1 1
-0.3324043553763276 3 3 0 1 3
0.1294089782022274 3 3 0 2 2
0.2071598400541169 3 3 0 3 0
0.1216526109971159 3 3 0 3 1
-0.1341814996648846 3 3 0 3 3
-0.0157427020360459 3 3 1 0 0
-0.401269386432723 3 3 1 0 1
0.1265166788077576 3 3 1 0 3
-0.4021826305298637 3 3 1 1 0
0.0121246813553536 3 3 1 1 1
0.0135576495794247 3 3 1 1 3
0.1513513201948915 3 3 1 2 2
0.0512958897592742 3 3 1 3 0
-0.079323536412498 3 3 1 3 1
0.2657370606200032 3 3 1 3 3
-0.2874829148260322 3 3 2 0 2
-0.1395818234678268 3 3 2 1 2
-0.1186935255582812 3 3 2 2 0
0.1407761860823103 3 3 2 2 1
-0.1927449309870945 3 3 2 2 3
0.2787279709245047 3 3 2 3 2
-0.1904378452576117 3 3 3 0 0
0.0908205443685767 3 3 3 0 1
0.5291172204034704 3 3 3 0 3
0.2958434356537988 3 3 3 1 0
0.09635920720838 3 3 3 1 1
0.145762295124471 3 3 3 1 3
0.3070249190982199 3 3 3 2 2
0.0927763001979637 3 3 3 3 0
0.3382054782120202 3 3 3 3 1
-0.2770577472672779 3 3 3 3 3
