1.0 1 1 0 0 0 0 0
1.0 2 2 0 0 0 0 0
1.0 3 3 0 0 0 0 0
1.0 0 1 1 0 0 0 0
1.0 0 2 2 0 0 0 0
1.0 0 3 3 0 0 0 0
1.0 0 0 1 1 0 0 0
1.0 0 0 2 2 0 0 0
1.0 0 0 3 3 0 0 0
1.0 0 0 0 1 1 0 0
1.0 0 0 0 2 2 0 0
1.0 0 0 0 3 3 0 0
1.0 0 0 0 0 1 1 0
1.0 0 0 0 0 2 2 0
1.0 0 0 0 0 3 3 0
1.0 0 0 0 0 0 1 1
1.0 0 0 0 0 0 2 2
1.0 0 0 0 0 0 3 3
0.3366549036826798 3 0 0 0 0 0 0
0.5536027548577902 0 3 0 0 0 0 0
0.665015955328776 0 0 3 0 0 0 0
0.0158626673054755 0 0 0 3 0 0 0
0.7232658379368704 0 0 0 0 3 0 0
0.1246891020684973 0 0 0 0 0 3 0
0.2946897121096699 0 0 0 0 0 0 3
