(-2.0290704935919632+0j)
-2.434577021715328193e+00 -2.486038831860751142e+00 -1.854572877429061517e+00 -1.995639038199784387e+00 -2.042617127352705619e+00 -2.067679347598625483e+00 -2.023434411805575373e+00
-1.232332284139515455e+00 -1.798114771733476891e+00 -2.175484151788221965e+00 -1.991096748313350151e+00 -2.090348919710269371e+00 -2.038777798004433262e+00 -2.025095160466815258e+00
-2.127979846275207976e+00 -1.516792274741423974e+00 -2.005656724629695020e+00 -2.013318233768508492e+00 -2.118277643948444311e+00 -2.051941165445752446e+00 -2.042401520896011569e+00
-1.513850672321994661e+00 -2.387685138290085884e+00 -2.107155873543561597e+00 -2.113070729747760446e+00 -1.939851205006327906e+00 -2.024785118683044338e+00 -2.021620808156904037e+00
-1.872866172852581501e+00 -1.842885461625260568e+00 -1.900931192573416917e+00 -2.071667873466097376e+00 -2.078161974649582966e+00 -2.073568714361807785e+00 -2.046093456139181477e+00
-1.305663386851142693e+00 -1.654650363155570458e+00 -2.344634038945165866e+00 -1.954078355308701997e+00 -2.016786701562357731e+00 -2.053283083425812450e+00 -2.018279473574162708e+00
-2.050144495035752357e+00 -2.284408214701378004e+00 -2.061119307385543387e+00 -1.999014634071258456e+00 -2.029576526088188615e+00 -2.054207512226460697e+00 -2.033778684867963982e+00
-1.436162923228956112e+00 -2.301330904943722278e+00 -2.119535406580855152e+00 -2.062430359494880072e+00 -2.052839453152720761e+00 -2.041930198230317295e+00 -2.028321657847409476e+00
-2.021789390236928163e+00 -2.371311414418064700e+00 -2.104329500795647068e+00 -1.944221992189922865e+00 -1.994819850628902991e+00 -2.060340971560567613e+00 -2.035217283430812873e+00
-1.858074637864570278e+00 -2.171810328733834616e+00 -2.363464674284646794e+00 -2.044635062345290244e+00 -2.019013584694773655e+00 -2.008674929403496900e+00 -2.039426148569417840e+00
-2.083539558121576096e+00 -1.971409052459175637e+00 -2.133005589535200031e+00 -2.082290859233369318e+00 -2.011324259255268920e+00 -2.043954731307231487e+00 -2.029720595327109578e+00
-2.285459259280164801e+00 -2.164712734890583690e+00 -1.872719483024956277e+00 -2.097319003045905017e+00 -2.031480768278723481e+00 -2.016508737941225426e+00 -2.034797684996993539e+00
-2.004768030101583332e+00 -1.933185506130358666e+00 -2.114494620398870151e+00 -2.039650665270231311e+00 -2.086026744110260900e+00 -2.044105443052687932e+00 -2.026368252372999113e+00
-2.234655515019538186e+00 -1.939497507755191696e+00 -2.152841399315243098e+00 -2.163104235097763173e+00 -2.016437629543768928e+00 -2.022604288381450566e+00 -2.014859643012882007e+00
-2.008235933134445261e+00 -2.165915442569941174e+00 -2.231149900165319444e+00 -1.964259108691272626e+00 -2.012549478523178337e+00 -2.042182926746620719e+00 -2.021275575077174036e+00
-1.930976254345565746e+00 -1.768799107832068174e+00 -2.017345756413183810e+00 -2.002468176697705715e+00 -2.020522159477433632e+00 -2.029128071704092484e+00 -2.021824553548773107e+00
-2.015497173513876028e+00 -1.993558637421118052e+00 -1.856079970221922837e+00 -1.944890191198056062e+00 -2.043475679734211958e+00 -2.020936652108528797e+00 -2.007620158366974827e+00
-2.000358329655051115e+00 -1.877312828016522772e+00 -2.031939285812964791e+00 -2.081819121460884325e+00 -2.019653214232751459e+00 -2.013781135994946681e+00 -2.027768754488072034e+00
-1.864987161050347453e+00 -2.013695591491175385e+00 -2.189600875876751118e+00 -2.030510985239066812e+00 -1.994592388994355758e+00 -2.021447780587391385e+00 -2.039606813452477407e+00
-1.728056695220222316e+00 -1.599166827592904072e+00 -2.020542843939128197e+00 -1.889674227256489925e+00 -2.020093043930935028e+00 -2.085672337842474633e+00 -2.026978082616942345e+00
-2.169654443392174503e+00 -1.742523023062080512e+00 -1.877599128640487391e+00 -2.094959868022840954e+00 -2.059816874937474562e+00 -2.037957795310039621e+00 -2.018974749101434263e+00
-1.827910889705115949e+00 -1.424594010687623147e+00 -2.182035505519316132e+00 -2.138988885495607839e+00 -1.981378059270896053e+00 -2.060557769689201457e+00 -2.040495528925930113e+00
-1.700758812741719694e+00 -2.273095262864710975e+00 -2.002014140164416034e+00 -1.986541912818664546e+00 -2.061542378190232228e+00 -2.003857018545591728e+00 -2.030717533936346797e+00
-2.100876931031532280e+00 -1.910095054018302818e+00 -2.010947387046248203e+00 -1.875245429955247012e+00 -2.032571224970782353e+00 -2.008763862712045434e+00 -2.016381261117625279e+00
-2.239217294301020456e+00 -2.414242837090506910e+00 -2.012757003447190218e+00 -2.082605969396032375e+00 -1.997949613609827590e+00 -2.057552617130832484e+00 -2.041872511577587090e+00
-2.043662609741887959e+00 -2.105504657502375476e+00 -2.063308856503104582e+00 -2.041498369498429888e+00 -2.075084331813472627e+00 -2.010625070042485696e+00 -2.027596681172642690e+00
-1.972198668848690994e+00 -2.222188390433895044e+00 -2.012968909011902952e+00 -1.929538982139970438e+00 -2.080571720589331264e+00 -1.999375737673733777e+00 -2.037271185700414655e+00
-1.392926317164924876e+00 -2.157656486742392410e+00 -1.983463520176300232e+00 -1.847904288875235945e+00 -1.997328293268574528e+00 -2.050525288617514263e+00 -2.021079467819376418e+00
-2.116848215536804467e+00 -1.929752815533972932e+00 -2.333527697245494359e+00 -1.977230893555527835e+00 -2.089779222978907391e+00 -2.020029730672082025e+00 -2.029528324687072782e+00
-2.132166570604169031e+00 -1.799653005424056040e+00 -1.892928903258758844e+00 -2.081671158648538800e+00 -2.063896474403311920e+00 -1.997474952573442764e+00 -2.031644748466500339e+00
-2.014483285330644691e+00 -2.091460471681422462e+00 -2.024865129664672914e+00 -1.930147079090549944e+00 -1.995923482765941337e+00 -2.032595846485073299e+00 -2.028419969428440162e+00
-1.957688975134688869e+00 -2.379523915791008637e+00 -2.047050117750043086e+00 -2.028753088006068239e+00 -1.999302156577846157e+00 -2.020596070363126273e+00 -2.034910369375350747e+00
-1.746153987046791478e+00 -2.088351599813951687e+00 -2.028679419411681728e+00 -2.041989379400347637e+00 -2.028531646899271124e+00 -2.051172260903925348e+00 -2.045162812235946870e+00
-1.755671189786539799e+00 -1.968501334387438684e+00 -1.951656838352060497e+00 -1.916971845967363697e+00 -2.011929186919910073e+00 -2.045908577567669973e+00 -2.023177953014745345e+00
-2.057221501746797188e+00 -1.889629220790938646e+00 -1.736311512933126799e+00 -2.019692172694167454e+00 -2.035740469890999105e+00 -1.983177667027711255e+00 -2.035587482384313418e+00
-2.138155253260503486e+00 -2.115312574312303795e+00 -2.085753862558639149e+00 -2.007143544977418870e+00 -2.011961518035871421e+00 -2.009549036351092610e+00 -2.036171038570494751e+00
-2.002578314672567750e+00 -1.917622107903493411e+00 -1.841512264926377540e+00 -2.056292049305902481e+00 -2.027656761289025056e+00 -2.033836285317412340e+00 -2.034021731583940173e+00
-2.002245517456541890e+00 -2.097139203849580191e+00 -2.172346407606362995e+00 -2.058735160499011840e+00 -2.067943939753979166e+00 -2.004420348364782889e+00 -2.032970102664098722e+00
-2.024076630240587260e+00 -2.045279360477769259e+00 -2.139586571564263018e+00 -1.889806387475247096e+00 -2.062287411052867281e+00 -2.051277408518287437e+00 -2.029405499467588747e+00
-2.300561956652261042e+00 -2.049526503699947266e+00 -2.170620745381924621e+00 -2.018739515209452051e+00 -2.075453143010579371e+00 -2.015944356653188940e+00 -2.029541882729991809e+00
-2.242594423377108015e+00 -2.106833848591079139e+00 -1.960901059770248533e+00 -2.039426761111697850e+00 -2.009933404770484877e+00 -2.030847404623544961e+00 -2.037036231765374517e+00
-1.397266559278729003e+00 -1.933864278598818043e+00 -1.987898654327002301e+00 -2.086510768123194026e+00 -2.034449540314108518e+00 -2.017217729168056195e+00 -2.023594990920766001e+00
-1.945721584703427709e+00 -1.906550408131233443e+00 -2.289902169873142768e+00 -2.069161608205426273e+00 -2.017107919471904598e+00 -2.030173431994903410e+00 -2.024007626778729918e+00
-1.948943676797168401e+00 -1.745089054180317678e+00 -1.983365632776064924e+00 -1.920936160058004161e+00 -2.023677006655932864e+00 -1.992574016378446666e+00 -2.028853730508664022e+00
-2.043603391284056769e+00 -2.013287372337440928e+00 -1.952030985032512822e+00 -1.983093440601232604e+00 -1.979100755827600144e+00 -2.029768356410524888e+00 -2.034544100129504152e+00
-1.631896307405849011e+00 -2.363377126309118559e+00 -1.933129928233319861e+00 -1.992782998889139678e+00 -2.048469528377298232e+00 -2.055274903403600639e+00 -2.046556036518120791e+00
-2.170252279849065324e+00 -2.459859902108637364e+00 -1.934950004352761876e+00 -2.058801482117045722e+00 -2.048972735082063235e+00 -2.023374443638531694e+00 -2.043123862893102771e+00
-1.507467541556519297e+00 -2.278921682486849676e+00 -1.986529461201176572e+00 -1.997424190131173338e+00 -2.055798797262851529e+00 -2.071171390236118626e+00 -2.027375713679971270e+00
-2.052733253796792390e+00 -2.025872475980556864e+00 -2.248341658974837287e+00 -2.048884190821431694e+00 -2.062696266161055725e+00 -2.000287677012339671e+00 -2.016740930832334300e+00
-1.589530475914098240e+00 -2.183062999502991541e+00 -1.849824262320304502e+00 -2.056760494988598253e+00 -2.074850926922313654e+00 -2.015018471533249311e+00 -2.024910276100030160e+00
