(-2.0290704935919632+0j)
-1.648837486700685417e+00 -1.906706457239641272e+00 -1.862982146626497970e+00 -1.842720962308846522e+00 -2.082361702925268343e+00 -2.008260551149640527e+00 -2.007813995765696191e+00
-1.444802770766442368e+00 -1.844311185595967739e+00 -1.554265864042928103e+00 -1.858668770678212123e+00 -1.897573788286754715e+00 -1.983780582626267774e+00 -1.975286685396893338e+00
-1.568786675050205970e+00 -1.781103488925735556e+00 -1.667102157803882267e+00 -2.051131726346240747e+00 -1.963223235070694628e+00 -2.069330698268343482e+00 -2.058456728579843631e+00
-1.823818044827176799e+00 -1.578316852372461554e+00 -2.196248419771125615e+00 -1.695074784069929841e+00 -1.872251817210097702e+00 -2.067979374927812142e+00 -2.021626791065687101e+00
-1.489652066627338067e+00 -2.090830732094915323e+00 -1.876592368843770675e+00 -1.877672818867443638e+00 -2.003448188521518958e+00 -2.092766386368577702e+00 -2.008406224088994385e+00
-1.613102971911017258e+00 -1.435131364910925633e+00 -1.696877197974228313e+00 -1.889542787665404067e+00 -1.962078307906419239e+00 -1.992771708415364440e+00 -2.002990302712452486e+00
-1.186569764053825526e+00 -1.746053802362849794e+00 -1.726337407571514548e+00 -1.808107005830149161e+00 -2.089760265442622611e+00 -1.997703179021291797e+00 -2.040495613828848143e+00
-1.623537526264295927e+00 -2.052974441392448668e+00 -1.683316133015640537e+00 -2.111456339978680319e+00 -1.929613751275099709e+00 -2.149684722762086331e+00 -2.057897656951066079e+00
-1.778612181933329150e+00 -1.309248780910601262e+00 -2.104211621521958619e+00 -1.764534242019016430e+00 -1.918724832601997887e+00 -2.130566549744671079e+00 -2.022815451893868133e+00
-1.664050153322405246e+00 -1.549098011747903847e+00 -1.971331511836504014e+00 -1.926838022389577576e+00 -2.015864979750480401e+00 -1.852622358285416659e+00 -2.023025282997327867e+00
-1.756855627643651108e+00 -2.070005517975148202e+00 -1.783831982080656298e+00 -2.045417020847312806e+00 -2.068122364103272659e+00 -2.093795468003579963e+00 -1.934963532817798315e+00
-1.560838621961834427e+00 -1.820192663972915348e+00 -1.663679908466828117e+00 -2.077377295988019679e+00 -1.955009969472933706e+00 -2.057452364540717671e+00 -2.010842217499243745e+00
-1.410783152966053278e+00 -1.551212180013097353e+00 -2.059583853092901151e+00 -2.032628089382903624e+00 -2.018734759086787456e+00 -1.976948953812177390e+00 -2.003602752370605700e+00
-1.936609833152570737e+00 -1.474473532779194240e+00 -1.781251316543131402e+00 -2.116137594780689746e+00 -1.983310948977805577e+00 -2.062893609353376956e+00 -2.042377605462720513e+00
-1.673405658509818927e+00 -1.862904187831630587e+00 -1.780380849587745784e+00 -1.882719800523495080e+00 -2.013620267241247319e+00 -2.053597015537226955e+00 -2.069996263295964312e+00
-1.644592806637824145e+00 -1.902038677911102704e+00 -1.942931492721202913e+00 -2.003241621696228769e+00 -2.076587297033348989e+00 -2.061018762105457647e+00 -2.017755695599984023e+00
-1.905595774085887761e+00 -1.322630330718434388e+00 -1.998138395153071345e+00 -2.186926024288125436e+00 -2.076317431019323312e+00 -2.112492273389387165e+00 -1.996465659477941745e+00
-1.613844241034201321e+00 -1.860889630746092038e+00 -1.624035797848171203e+00 -2.277759190705319181e+00 -2.034499986414122663e+00 -2.115692028034969585e+00 -2.035302095374091458e+00
-1.747483660137074457e+00 -1.672162125676770250e+00 -1.884719118902287383e+00 -2.101709254496725965e+00 -2.129143223107145655e+00 -1.950995790914703765e+00 -2.081928207615369342e+00
-1.828711210238296969e+00 -1.769153368577698338e+00 -1.661271837258423645e+00 -1.812348589407114074e+00 -1.870354585753559729e+00 -1.989743414731593107e+00 -2.057659925405466605e+00
-1.536679996262706016e+00 -1.961315493311601488e+00 -1.624942559745329973e+00 -1.801118279252955645e+00 -2.045686979265242122e+00 -2.081095192374672997e+00 -2.010035026319794582e+00
-1.500398737182673248e+00 -1.534420759191882588e+00 -1.689224791035785600e+00 -1.953343574550310047e+00 -1.996375104257702482e+00 -1.926552745845395043e+00 -2.030572663791735177e+00
-1.135187092937683495e+00 -1.856942358423360639e+00 -1.758850904801700255e+00 -1.917374864409470359e+00 -2.077015437508793472e+00 -2.034301206603173817e+00 -2.009968718540061428e+00
-1.824673367136157687e+00 -1.717546015078389665e+00 -2.166881123256442443e+00 -1.655906001864621002e+00 -1.977466933786617087e+00 -2.030917538192065663e+00 -2.027124923360431374e+00
-1.603114193578062840e+00 -1.615826585101282298e+00 -1.880097802954269870e+00 -1.900671714957987479e+00 -2.317946208692739596e+00 -2.083157165686049694e+00 -2.049679865149665936e+00
-1.426484163493189294e+00 -1.639185448264927292e+00 -1.812230007473731641e+00 -1.845382501043580703e+00 -1.935916877364237454e+00 -2.023555614826071380e+00 -2.026381576886190583e+00
-1.592659648550871498e+00 -1.933209188048258920e+00 -1.835857203757063072e+00 -1.987173650726395291e+00 -1.999551536040373279e+00 -2.138950396055574021e+00 -2.035414760612851204e+00
-1.577798053134689127e+00 -1.930156092087248698e+00 -1.798150107911620221e+00 -2.002821078210158312e+00 -1.953704162953279644e+00 -2.093368695692719772e+00 -2.053020640361192584e+00
-1.664959351365456586e+00 -1.695743842564797710e+00 -2.024080759955825926e+00 -2.117525890778332531e+00 -1.936900274121103216e+00 -1.930241611194009721e+00 -2.019963931417125380e+00
-1.447513269068970931e+00 -1.427263343734423096e+00 -1.941081916651120620e+00 -1.646039148287867793e+00 -1.981504721735115382e+00 -1.986164725567368006e+00 -2.058118430432461565e+00
-1.656635178825219601e+00 -1.915868833301096252e+00 -1.905645215017406802e+00 -1.596374408183214966e+00 -2.101228191777445353e+00 -2.056360796976602678e+00 -1.985310552168903842e+00
-1.352681422172771430e+00 -1.918663514155513505e+00 -1.748649800829160217e+00 -2.055969857310087079e+00 -2.008254655202772021e+00 -2.072731417232617446e+00 -2.067413347037613036e+00
-1.622412305322109782e+00 -1.818113352125633408e+00 -1.805040861206852254e+00 -1.788228272497291327e+00 -2.071241441461047827e+00 -2.099993106918921271e+00 -2.007694032009634810e+00
-1.881147139335186402e+00 -1.880713647098179564e+00 -1.531123158317302613e+00 -1.614353119823874305e+00 -1.922626646138969164e+00 -2.094821409611866248e+00 -1.950577065030275836e+00
-1.484424847431304872e+00 -1.820446716823027611e+00 -1.694495535474960235e+00 -1.783712843045994756e+00 -2.042480774222704021e+00 -2.146404254669946887e+00 -2.084347941299725449e+00
-1.565047226128690960e+00 -1.619091242729896019e+00 -1.966424312236935146e+00 -1.998414167857265777e+00 -2.006204049016446334e+00 -1.987717564266370474e+00 -1.950820633430797590e+00
-1.443043526317546732e+00 -2.038809838116973250e+00 -2.057061666263219291e+00 -1.793378232393770588e+00 -2.162625268774436726e+00 -2.135771668821313973e+00 -1.999686464284091247e+00
-1.578017383918047134e+00 -1.573228923729802053e+00 -1.429288352366595127e+00 -1.997202353995612523e+00 -1.858813257208673075e+00 -1.905941769719194268e+00 -2.037739838974665041e+00
-1.428455742574360254e+00 -1.747067986164706710e+00 -1.871573769889675720e+00 -2.003707416839565880e+00 -1.923483586972301929e+00 -2.057433914159170207e+00 -2.054252392060057275e+00
-1.065334913354407886e+00 -2.047420689438038011e+00 -1.744612810213688636e+00 -1.969690347464780888e+00 -1.949074586890259031e+00 -2.092307848140204207e+00 -2.040791654645109698e+00
-1.555289415559647503e+00 -1.880330188200463937e+00 -1.573040699160747291e+00 -2.017832170059014274e+00 -1.906391226401554562e+00 -2.102644001289849740e+00 -2.086957241779633598e+00
-1.584917824952140730e+00 -1.953046924830083464e+00 -2.154328923442271115e+00 -2.005332893604504729e+00 -1.979201903237985949e+00 -2.098867544696358056e+00 -2.024715842388648657e+00
-1.572520849132782672e+00 -1.838881043146564531e+00 -1.767949056200889935e+00 -1.904973137894080182e+00 -1.959679004519833789e+00 -2.078030810234865911e+00 -2.024112312596267227e+00
-1.615119921929133451e+00 -1.907231918942946969e+00 -1.624754054594936603e+00 -1.941839833663661308e+00 -2.157295980379632550e+00 -1.899678074900809532e+00 -2.026158630522141735e+00
-1.543751482346383597e+00 -1.773926742349475116e+00 -1.796962172078129916e+00 -1.818628886498103725e+00 -2.101926453494519897e+00 -1.971324163956021280e+00 -2.029830934112799135e+00
-1.783282701595420905e+00 -2.015554797714212754e+00 -1.877364727421864110e+00 -2.022607764913715744e+00 -1.990856460832559849e+00 -1.958387622183800358e+00 -2.043422416347077331e+00
-1.678491375777845906e+00 -1.533244906937819119e+00 -1.964999505691437998e+00 -2.066064120367217871e+00 -1.999062715206141094e+00 -1.975590608951816929e+00 -1.981374762000991163e+00
-1.245777729876246243e+00 -1.941311122630572150e+00 -1.615188780077592590e+00 -2.020410656911907576e+00 -1.994610313118591716e+00 -2.097409910304695035e+00 -2.025081772998780671e+00
-1.634713690993363500e+00 -1.574095404064697501e+00 -1.772171324787142233e+00 -1.978866376501565938e+00 -2.074182278869454166e+00 -2.107380326536171467e+00 -1.989095601378414679e+00
-1.580584074859046506e+00 -1.601964424251778762e+00 -1.501882416635998752e+00 -2.091079679306583117e+00 -2.038494674590643818e+00 -2.038843394001271569e+00 -1.993278551914009267e+00
