(-2.0290704935919632+0j)
-1.974688793581615753e+00 -2.054002605735268272e+00 -2.074733648860668467e+00 -2.165154815463267823e+00 -2.034331493098470389e+00 -2.017570243430977683e+00 -2.030523631958729425e+00
-1.905756957844262578e+00 -1.832445943998092464e+00 -2.317689912918819317e+00 -2.068387749577243806e+00 -2.050410654228759455e+00 -2.026807332582333032e+00 -2.031858203573607913e+00
-1.890797868549644711e+00 -1.887169494503225575e+00 -2.034014423776672409e+00 -1.907097548245938690e+00 -1.992610110264260825e+00 -2.036747172071132539e+00 -2.032063717154168891e+00
-1.818034055002801352e+00 -1.837018550153496133e+00 -2.118289143492733118e+00 -1.972133237624895896e+00 -1.958641641050251625e+00 -2.053373464893258227e+00 -1.992113622366639580e+00
-1.796925879103113743e+00 -1.964857476575168072e+00 -1.965242019579899191e+00 -2.099568929781928439e+00 -1.982473376064278092e+00 -2.060095810427208907e+00 -2.023287230106360468e+00
-2.096634873335903038e+00 -1.673953138972932075e+00 -2.069065810720851495e+00 -2.024469098339110928e+00 -2.094440088709881298e+00 -2.000923263095852001e+00 -2.022689239777390124e+00
-1.512356550361856344e+00 -2.168734607272733150e+00 -2.016292257732290150e+00 -1.977725851957816472e+00 -2.073751018369472732e+00 -2.040457651014635054e+00 -2.010022585069114243e+00
-2.023781884850986756e+00 -2.143606254642093312e+00 -1.967031259461739401e+00 -2.079907048052470842e+00 -2.048848517536233427e+00 -2.038644237072393839e+00 -2.019218387140099935e+00
-2.048766762472827185e+00 -2.196442490151252258e+00 -2.108132752804197096e+00 -1.978842447976968622e+00 -2.040257338424693145e+00 -2.010413991273365841e+00 -1.998851270256119195e+00
-2.022708481771837263e+00 -1.660770437779331532e+00 -1.830452493485436927e+00 -1.976667689163401409e+00 -2.037206114676639590e+00 -2.029362041752685641e+00 -2.019857378883310961e+00
-1.841155753188500110e+00 -1.895381966566419996e+00 -2.111400586717601779e+00 -2.103317293299453716e+00 -2.041531643142607599e+00 -2.008051531239047893e+00 -2.013934329090245612e+00
-1.855850510450267610e+00 -2.231935073705379580e+00 -2.071907833608159777e+00 -2.098324095910959031e+00 -2.115619333325319928e+00 -2.040644910752323682e+00 -2.031319172356008007e+00
-2.078375646158432843e+00 -1.812447790885805432e+00 -2.108029629452817133e+00 -2.013177405693388877e+00 -2.016245093074176875e+00 -2.026885944400086181e+00 -2.031088220569942315e+00
-2.013508859099944814e+00 -2.203889199547017785e+00 -1.932239141997551757e+00 -1.971265591550004803e+00 -1.947919796055731956e+00 -2.023083209863919762e+00 -2.052568880667428264e+00
-1.825390317347412861e+00 -2.139517296211281838e+00 -2.238261887548524953e+00 -2.126597015270707658e+00 -2.037465103037111813e+00 -2.035672649457477945e+00 -2.027164979147827673e+00
-2.001671531476156396e+00 -2.112936211033284106e+00 -2.198140498782673813e+00 -1.922172340382209299e+00 -2.036140143830302840e+00 -2.039448872100526167e+00 -2.033122773409058670e+00
-1.933330396588073041e+00 -1.832843890171766521e+00 -1.780700168972572772e+00 -2.046808633079620687e+00 -2.007355575999310915e+00 -2.034823691020600123e+00 -2.038913512330339017e+00
-2.072106554076319718e+00 -2.028281856698960439e+00 -2.031333897466054861e+00 -2.128703412018679408e+00 -1.994930665242340861e+00 -2.058276527539002032e+00 -2.048964497081215974e+00
-1.614973108836821769e+00 -1.753980461038327165e+00 -1.868676972786168289e+00 -1.970214591882942567e+00 -2.023521241323606112e+00 -2.037213592077927959e+00 -2.037255943056042184e+00
-1.931168279241269214e+00 -1.765793768424486654e+00 -2.083668541733624480e+00 -1.959702759545376427e+00 -2.031479937415704207e+00 -2.018946509124273980e+00 -2.029210837010988921e+00
-2.317588398749343970e+00 -1.969631772984759888e+00 -2.085686596395474268e+00 -2.028453091732679958e+00 -1.966748075536749685e+00 -2.022522848867494893e+00 -2.036792120071098111e+00
-2.202617695593828362e+00 -1.910747877326106181e+00 -2.118029851643086214e+00 -2.016469335848875666e+00 -1.995241340360384141e+00 -2.053099355160062700e+00 -2.014620426463533676e+00
-1.307098242185192216e+00 -1.830376686587782409e+00 -1.920711264050677380e+00 -2.102709522134450282e+00 -2.060736537983014482e+00 -2.005456950516206760e+00 -2.024451955086068899e+00
-2.058579433563849648e+00 -2.189830969808239658e+00 -2.118566490002728120e+00 -2.064106732809555922e+00 -1.991668263352549761e+00 -2.015169730662041303e+00 -2.048067254565062889e+00
-1.836596843198790463e+00 -1.542909205478846024e+00 -1.960660331589701100e+00 -2.072108887799323895e+00 -2.039132616513405161e+00 -2.043859021518444674e+00 -2.037907848329088445e+00
-1.011660688413743792e+00 -1.999459907920217328e+00 -2.094594699582113861e+00 -2.021983475242712824e+00 -2.021356295731088437e+00 -2.019587341286454674e+00 -2.025989113675250142e+00
-2.145772578886813609e+00 -1.902989440102320184e+00 -1.945234657633457376e+00 -1.939119337280846400e+00 -2.074333404136750048e+00 -2.042478888343805643e+00 -2.038612789874723497e+00
-1.743917776180869961e+00 -1.742033800663071563e+00 -2.120119068124203032e+00 -1.939727612065799578e+00 -2.060714705137948410e+00 -2.040145251450064201e+00 -2.024493139587047796e+00
-1.836831351183324301e+00 -1.524356317855753762e+00 -1.855454751160173554e+00 -1.909718054947597610e+00 -2.067285628537523401e+00 -2.029584885258843396e+00 -2.025540212885784896e+00
-1.125369858933176648e+00 -1.996912268034255478e+00 -2.159884235545150855e+00 -2.010838460782354620e+00 -2.019767751699848901e+00 -2.035178118460260421e+00 -2.026667876469159246e+00
-1.997907069070663066e+00 -1.941110776324594278e+00 -2.220140743941036554e+00 -2.002743116157962966e+00 -1.971408210663117222e+00 -2.031960151393811476e+00 -2.019368515732989700e+00
-2.291307655202306393e+00 -1.937097878722637612e+00 -2.038560194083005150e+00 -2.076736427106298688e+00 -2.006280392296321935e+00 -2.006878942914928743e+00 -2.016439115066801513e+00
-1.610017144834138048e+00 -2.155659867877029345e+00 -2.098991693964758376e+00 -1.967717618402722524e+00 -2.000734380526945522e+00 -2.016473496974094282e+00 -2.039094901130105164e+00
-1.332734672782586838e+00 -2.010254127127247159e+00 -2.185934462053421790e+00 -2.124357514637297495e+00 -2.006299522960269144e+00 -2.029325542744056854e+00 -2.062388659603659136e+00
-1.988041941881518060e+00 -2.266206684580865716e+00 -2.001642583140053056e+00 -2.064166792031238540e+00 -1.948235730524254361e+00 -2.018864796860871280e+00 -2.051578171453244614e+00
-1.723165376259151893e+00 -1.828275452439208859e+00 -2.085791181790458193e+00 -2.031839959265288265e+00 -2.023605968242691677e+00 -2.040419612133184568e+00 -2.015059077699532519e+00
-1.969199455500400431e+00 -1.972544034905179267e+00 -2.063433234755653878e+00 -2.135119838710049400e+00 -2.039638709922741100e+00 -1.994101334053808960e+00 -2.010616837527023026e+00
-1.372403620362954157e+00 -1.741970623133807017e+00 -2.099230643008465957e+00 -1.924024828809602683e+00 -2.023446004679561483e+00 -2.030599074408444338e+00 -2.072446646111494317e+00
-1.411984024162084239e+00 -1.864411725268424025e+00 -2.133248607133968910e+00 -2.130346050601992225e+00 -2.051860404831959972e+00 -2.012146067555288909e+00 -2.008068124379632113e+00
-1.741877631334572518e+00 -1.682748231373875303e+00 -1.996556818585598858e+00 -2.028474844301300983e+00 -2.011458581373484211e+00 -2.032519749504912099e+00 -2.031556079515902447e+00
-1.819020313233104424e+00 -2.120089686027962994e+00 -1.892862232801876488e+00 -2.153160546095580052e+00 -2.060362099376652267e+00 -2.030215509740681323e+00 -2.030625587664694365e+00
-2.084723689725622275e+00 -1.906275955734609173e+00 -2.076736900440327105e+00 -1.987458040479991306e+00 -2.069869015144974789e+00 -2.060420868265160799e+00 -2.022440599788324356e+00
-2.155861111030467736e+00 -2.095724072639565616e+00 -2.263886475099225137e+00 -2.145968216902148118e+00 -1.990343588470412373e+00 -1.986371913033885939e+00 -2.033691196675254886e+00
-2.127276117661206278e+00 -1.976960550679449646e+00 -2.116299981681952769e+00 -1.997243774950519857e+00 -2.032896727960277872e+00 -2.026749161314274073e+00 -2.055429988318934864e+00
-1.918678584862413050e+00 -1.969204996185502932e+00 -2.067263203496939816e+00 -2.156789695064619927e+00 -2.054220082533201985e+00 -2.036303491515306430e+00 -2.021140896473852422e+00
-1.396160363816288719e+00 -1.752634319425887099e+00 -2.228543467285950541e+00 -2.087637353869670420e+00 -1.963181325035315172e+00 -2.015659925979266909e+00 -2.038783939489002606e+00
-1.528086373857529212e+00 -2.375389659199041326e+00 -2.165302965789367207e+00 -1.996272460006279559e+00 -2.003850240594140075e+00 -2.040085394730854595e+00 -2.024849169762017453e+00
-2.150471220941243544e+00 -1.944578023557004709e+00 -1.968144707070235366e+00 -1.968509757692481710e+00 -2.010155527385234286e+00 -2.005214354438741076e+00 -2.037557117863530110e+00
-1.885776105460140073e+00 -2.023858329144632151e+00 -1.878435456174736062e+00 -2.031953328697686523e+00 -2.043276664930422371e+00 -2.040699956133461335e+00 -2.043583350154729139e+00
-1.955641032082455766e+00 -2.069716125804185403e+00 -1.938939996163974611e+00 -1.984113883685572288e+00 -2.067725375644532182e+00 -2.020514296388097542e+00 -1.993447332000344074e+00
