(-2.0290704935919632+0j)
-1.852773305963795858e+00 -1.793549930500060396e+00 -1.926091587184819875e+00 -1.772835810370331444e+00 -1.929436866264749861e+00 -1.958879647168671800e+00 -1.979719621672687557e+00
-1.779828695160954322e+00 -1.745622191787926436e+00 -1.755698852615398931e+00 -1.993873778552030629e+00 -1.902774144223787101e+00 -1.946105710662584087e+00 -1.992593276718156003e+00
-1.818459439261469246e+00 -1.711087635449789035e+00 -1.621712043117546465e+00 -1.682431552900270244e+00 -1.701836601807865446e+00 -1.881788324363162790e+00 -2.026616972165625086e+00
-1.771125762681885041e+00 -1.858660154684157906e+00 -1.603101660724516986e+00 -1.742052648079811084e+00 -1.894259164954927410e+00 -1.978675980033433479e+00 -2.080898671767043240e+00
-1.883472196141560584e+00 -1.833152436493779014e+00 -1.839758137443146202e+00 -2.051130741833367299e+00 -2.067424159411204165e+00 -2.136851832509792715e+00 -2.031788182155392253e+00
-1.588345673928986734e+00 -1.804736873432194688e+00 -1.694942395805744795e+00 -1.829891076120535365e+00 -1.867259806327367322e+00 -2.006150202433180318e+00 -2.022516239997372178e+00
-1.794634106208636171e+00 -1.751120744739408375e+00 -1.827739076412585817e+00 -1.724799932346140263e+00 -1.929752895306127813e+00 -1.936869935059999603e+00 -2.020775202073826993e+00
-1.816447041678542096e+00 -1.910608284538347412e+00 -1.936473639944882086e+00 -2.006563110377173054e+00 -1.873707131915344659e+00 -2.014028217030995549e+00 -2.000927433956599888e+00
-1.723690628638331557e+00 -1.668792075424288424e+00 -1.896467997934925931e+00 -2.025910372459489128e+00 -2.093672912588105284e+00 -2.165564979263427503e+00 -2.169140096702095732e+00
-1.847551559954734524e+00 -1.870966903152239125e+00 -1.926744463621995029e+00 -1.849774090912600144e+00 -1.799534603920561082e+00 -1.948432461268779781e+00 -1.980689438640640621e+00
-1.867426773828992914e+00 -1.767175168223946935e+00 -1.367432842295284834e+00 -1.665525912761178340e+00 -1.687859442614600081e+00 -1.866911248851098160e+00 -1.990252869546780934e+00
-1.669734062110526107e+00 -1.819149963842280560e+00 -1.912057196649000534e+00 -2.004867422946317035e+00 -1.913585823754614390e+00 -2.009581495006980134e+00 -2.110832997844121373e+00
-1.876424155606047250e+00 -1.834828090832599568e+00 -1.810508519794022053e+00 -1.698234755040733068e+00 -2.033153137708679559e+00 -2.044712440680717336e+00 -1.989115482958427439e+00
-1.931943718309910185e+00 -1.721020197826271581e+00 -1.730241884579056144e+00 -1.887653916561750078e+00 -2.044571709350986310e+00 -1.985392002020784030e+00 -2.042723980428562847e+00
-1.775152902962743084e+00 -1.689986890838962363e+00 -1.731228688022966811e+00 -1.938459913425790937e+00 -1.951876551568124896e+00 -1.990680971232977159e+00 -2.019980738640898998e+00
-1.760747466087646540e+00 -1.776190725998179731e+00 -1.796680428348303549e+00 -2.026192374209275116e+00 -2.198632903004402728e+00 -2.044958493566939595e+00 -2.040748570769422177e+00
-1.710936734635893242e+00 -1.743907007169857026e+00 -1.866114999258084994e+00 -1.994049802298397456e+00 -2.135422400539034093e+00 -1.875678646222814772e+00 -1.909388235468060246e+00
-1.743149701545334551e+00 -1.745717880641056929e+00 -1.756254452837285873e+00 -1.654871311935327993e+00 -1.652405894502719352e+00 -1.776773897805957514e+00 -2.014979084429101341e+00
-1.948279957300586451e+00 -1.924075639044084962e+00 -1.780720016634147918e+00 -1.851509688447748214e+00 -2.013397515423031248e+00 -2.128710858133325168e+00 -2.126125966809620849e+00
-1.794275762133332952e+00 -1.671941034096243950e+00 -1.697552387338302715e+00 -2.071454877953248452e+00 -1.959249452323534868e+00 -1.940395482659922122e+00 -2.034402611042558817e+00
-1.771313323143540508e+00 -1.732093711465104935e+00 -1.832943920544022554e+00 -1.826334851698593109e+00 -1.859147764467009800e+00 -1.991394412185645502e+00 -1.978432796615581912e+00
-1.695549777871557806e+00 -1.779696745828915905e+00 -1.807810214319452768e+00 -1.951185843736533032e+00 -2.137704762756019505e+00 -2.069102453506066031e+00 -2.096549422335380886e+00
-1.893255671519100680e+00 -1.865654413419537194e+00 -1.777962881437953557e+00 -1.803532631669024999e+00 -2.021395647824585140e+00 -1.907046679998303240e+00 -2.002423074555354621e+00
-1.776338769724268740e+00 -1.756938833065556871e+00 -2.013881584941747072e+00 -1.959402990973764691e+00 -2.022790351163342049e+00 -2.133688180964602665e+00 -2.135196980075479534e+00
-1.720233865912482951e+00 -1.747765907138623787e+00 -1.764885668108142847e+00 -1.901219496518629093e+00 -2.203615091281568183e+00 -2.265624738033191310e+00 -2.112499826942197956e+00
-1.826194032220409991e+00 -1.684616930919274669e+00 -1.778405940031416499e+00 -1.908261520438909287e+00 -1.967186443692605646e+00 -2.116910220110528318e+00 -2.019843777711077593e+00
-1.676869617668077073e+00 -1.638440511187489346e+00 -1.811559173829422553e+00 -1.904465108103383209e+00 -1.984992237546806759e+00 -1.997319465146419004e+00 -2.056804850233116433e+00
-1.830722761967555012e+00 -1.799356171661761650e+00 -1.914501539285708542e+00 -1.891858047175773327e+00 -1.977884131708870008e+00 -1.924553566757277734e+00 -1.906746962850146332e+00
-1.674715483115365888e+00 -1.714550878511633236e+00 -1.727024138428649547e+00 -1.735741138429971908e+00 -1.903353046016665440e+00 -2.074749241382194853e+00 -2.051439499938165767e+00
-1.841329169793485931e+00 -1.824146364611508808e+00 -1.699025260712298424e+00 -1.917526520619425190e+00 -1.873756789048675930e+00 -2.131809066142006159e+00 -2.052220862559435588e+00
-1.740522721028461284e+00 -1.777313442676375033e+00 -1.723825139060868539e+00 -1.965230102767244080e+00 -1.902703610868782924e+00 -2.053155863312214890e+00 -2.014969329353108130e+00
-1.663508511164248915e+00 -1.810323275846086766e+00 -2.062045975790683272e+00 -2.256503697670215303e+00 -2.081829173645844300e+00 -2.043553174560194918e+00 -1.999970852347115802e+00
-1.809610508854604394e+00 -1.635168449354555964e+00 -1.865077856681883750e+00 -1.555114115296326815e+00 -1.743924993158836312e+00 -2.063710137302823711e+00 -1.985605138866680219e+00
-1.647992522259498216e+00 -1.684611755538000910e+00 -1.705011379944640915e+00 -1.765813762831601075e+00 -1.825348043170082812e+00 -1.890108845761316436e+00 -2.047571592202634516e+00
-1.705639005356814009e+00 -1.669757272007029059e+00 -1.792726551646681266e+00 -2.032662297320916078e+00 -2.018465399731601551e+00 -2.018893308015290877e+00 -2.017783612173134955e+00
-1.780085385721626556e+00 -1.930041234615974544e+00 -1.985734982592698650e+00 -1.804216641846448699e+00 -2.062294320033384309e+00 -2.054116612637668204e+00 -2.076719648316793787e+00
-1.736644525639726488e+00 -1.834691302387577050e+00 -1.908377820608531561e+00 -1.987903469031331971e+00 -2.133380137693375644e+00 -1.959693585316744313e+00 -1.995161849712560942e+00
-1.760862835502804202e+00 -1.726719369898084500e+00 -1.617405936213573314e+00 -1.864933090031260177e+00 -2.028880301367013139e+00 -1.974572036738201364e+00 -2.046203148012014417e+00
-1.846199687872643658e+00 -1.872289520384254002e+00 -1.784102438664745716e+00 -1.811184083077261864e+00 -1.987590146283605641e+00 -1.862609985822756720e+00 -2.016950849126666778e+00
-1.850393835313545399e+00 -1.835134949234700441e+00 -1.842934759603338524e+00 -1.937782260121686306e+00 -1.894903248488164271e+00 -2.102468054670114661e+00 -2.064698806718294755e+00
-1.679933041156561835e+00 -1.608689415044847415e+00 -1.754816991991128283e+00 -1.638382225699674510e+00 -2.007339090391060399e+00 -1.976111074583498883e+00 -2.056104924904890829e+00
-1.841110563410931267e+00 -1.787657443184037298e+00 -1.762802173349757862e+00 -1.785833465131346998e+00 -2.042800723241657845e+00 -2.019446844095131866e+00 -2.061183542897423671e+00
-1.736835567476282760e+00 -1.786970189160811628e+00 -1.870711438799334658e+00 -1.873014098069573308e+00 -1.754480097921610859e+00 -2.021868117784761942e+00 -1.935458363709287699e+00
-1.868192225809330864e+00 -1.939350531738347261e+00 -1.751956627116930232e+00 -1.573523651174185023e+00 -1.784685882306727756e+00 -2.073015940945489355e+00 -2.045782906701098192e+00
-1.926056322592130998e+00 -1.787778436345544231e+00 -1.734516555456202536e+00 -1.621960765876758526e+00 -2.018096583310092118e+00 -2.023208357616271158e+00 -2.067916519871613179e+00
-1.852749074226750725e+00 -1.901822211563467757e+00 -2.060805069843653747e+00 -2.025644872029704224e+00 -2.058271491741608727e+00 -1.943470434135620595e+00 -1.998049763800116008e+00
-1.731776286387992858e+00 -1.862983084586529170e+00 -2.018176453138753601e+00 -1.945380659659334377e+00 -2.050708080140918099e+00 -2.069364898968773403e+00 -2.021540873132270377e+00
-1.877821777362078670e+00 -1.743845385656994651e+00 -1.760101753039442274e+00 -1.932924798307686487e+00 -2.102232261159909577e+00 -2.228344576272096589e+00 -2.110452408994754059e+00
-1.958216814252815574e+00 -1.957248382617818860e+00 -2.051084645512061932e+00 -1.901624096126755870e+00 -1.835566932326574641e+00 -1.935944785771804399e+00 -2.015171726585564649e+00
-1.732916754946177917e+00 -1.888864685452572356e+00 -1.901789196614229294e+00 -1.808244609601333153e+00 -1.919951997256003962e+00 -1.953114354250343743e+00 -1.981605771927458459e+00
