(-2.0290704935919632+0j)
-1.721733266433390197e+00 -1.694842839811588897e+00 -1.838641617304010545e+00 -2.058915934570647366e+00 -1.978659330743582023e+00 -2.041029036736952129e+00 -2.041388736329859288e+00
-1.991290951898377015e+00 -1.636725067960368651e+00 -2.061510090925088079e+00 -1.994754816807153830e+00 -1.938244892811084696e+00 -2.016110554529725540e+00 -2.037854495806257216e+00
-1.954872244775489598e+00 -2.038429513420955352e+00 -1.922936242565128406e+00 -1.958857805095165050e+00 -2.000506389396793150e+00 -2.053424288191727953e+00 -2.022614763626495282e+00
-2.250171979559467239e+00 -1.903049992519900702e+00 -2.055169040327981200e+00 -2.042694656007928877e+00 -2.024830807292086199e+00 -2.013454171062165621e+00 -2.031791560421343235e+00
-2.122117012470676745e+00 -2.429369770875358103e+00 -1.975640643953618270e+00 -2.047501341339538872e+00 -2.100256165982341550e+00 -2.031145171145238404e+00 -2.019389393748837414e+00
-1.487963699824250474e+00 -2.176248863353460905e+00 -1.750612665422196512e+00 -2.070226826795810826e+00 -1.970271786992213281e+00 -2.044417754033927004e+00 -2.034807016860411544e+00
-2.236775095333667807e+00 -2.344492627139846963e+00 -1.816435695698835229e+00 -1.940807670228338333e+00 -2.040295024539244384e+00 -2.048579453163537067e+00 -2.023965812996597169e+00
-1.582945109600639055e+00 -1.931126767043753745e+00 -1.985370039961850797e+00 -2.045285988551542200e+00 -2.045671968263901963e+00 -2.040368199533415527e+00 -2.026911999206217896e+00
-1.788403573345491493e+00 -2.358436105837663277e+00 -1.970279803812354125e+00 -2.029302424329372023e+00 -1.980018676202806693e+00 -2.032320044205039089e+00 -2.023962637660587038e+00
-1.814428180042064964e+00 -2.097666123717438769e+00 -2.089156534861384085e+00 -2.160484151023664978e+00 -1.996669324314557237e+00 -2.025203213366339572e+00 -2.055215522366252046e+00
-2.005487082596192572e+00 -2.071344073244417494e+00 -2.091300611955994704e+00 -2.034297205561454547e+00 -2.030891357686011478e+00 -2.027444452333489799e+00 -2.027733336082124360e+00
-1.273221247334773487e+00 -2.206451490757941336e+00 -1.949388714703927494e+00 -2.062100452092962222e+00 -2.008103071719473220e+00 -2.044285319766346198e+00 -2.033973745290981405e+00
-1.898079144840651988e+00 -1.811144949799894821e+00 -1.972792391059463135e+00 -1.997532050200626630e+00 -2.070317813310744270e+00 -2.043935728530284379e+00 -2.019614946557397595e+00
-2.038660029713383448e+00 -2.087507721063932564e+00 -2.388366316004037593e+00 -2.006719245536300100e+00 -1.991285431484422830e+00 -2.047568231195962873e+00 -2.028856384019128267e+00
-2.077991752818028726e+00 -1.942337264077930836e+00 -1.968141204450075232e+00 -1.973544628759758002e+00 -2.052090818474012313e+00 -2.031883328432403157e+00 -2.037565950423979810e+00
-2.103265780126489126e+00 -1.939841332384036443e+00 -2.134270406753794980e+00 -2.046085130031958688e+00 -2.041222743955498853e+00 -2.036216231020619105e+00 -2.051560918038239478e+00
-1.825147100217514584e+00 -1.695825993026799150e+00 -2.313760340324425790e+00 -2.035915894539373383e+00 -1.996579431247476499e+00 -2.010037565886737099e+00 -2.012560662140826739e+00
-1.807126133193090345e+00 -1.927253631751168594e+00 -2.277803201789529108e+00 -1.932632022220222234e+00 -2.099163253705776722e+00 -2.034658775613161552e+00 -2.034935052626191343e+00
-2.283975020349500618e+00 -2.028720009295155613e+00 -2.089145700900345126e+00 -2.066099719050236594e+00 -2.002330374513968447e+00 -2.041639841192056437e+00 -2.040628784689594521e+00
-1.662996889312903459e+00 -2.131907182012245272e+00 -2.128687901971985763e+00 -1.981714971790379698e+00 -2.030424342665352100e+00 -2.050375993313743539e+00 -2.026707984704617438e+00
-2.078944539286306181e+00 -1.576976616779727003e+00 -1.962740654251879269e+00 -1.992423374182921147e+00 -1.993660610036630754e+00 -2.050703442001585053e+00 -2.039713293782115855e+00
-1.810797827914094382e+00 -2.374010111921026844e+00 -2.175426583035827921e+00 -2.060627532177143006e+00 -2.066589706037171403e+00 -2.032222742569322893e+00 -2.029589963982108891e+00
-2.248125876432689907e+00 -2.517459412854778478e+00 -2.100677536498449793e+00 -2.066035181803637322e+00 -2.093252405198021471e+00 -2.029530269498618367e+00 -2.026653150071518361e+00
-1.971049371827813257e+00 -1.775502351264560463e+00 -1.838284572329422106e+00 -2.042096876452323517e+00 -2.002201299215528696e+00 -1.995026287197110282e+00 -2.035444005511742205e+00
-1.816524491122885276e+00 -2.148938420532605420e+00 -2.020138506306793147e+00 -2.003208983852423852e+00 -2.050471054327358988e+00 -2.010222765398806288e+00 -2.035820521780478121e+00
-1.963577185416391480e+00 -1.813477265485795797e+00 -2.037978979859206508e+00 -2.011743501581856997e+00 -2.026184188098306915e+00 -2.028346724427093406e+00 -2.034479756047058885e+00
-1.978338438304216629e+00 -1.889207068511904897e+00 -2.043219230107081952e+00 -1.935378026742854862e+00 -1.976166571425264973e+00 -2.014101392003555979e+00 -2.039250057700721097e+00
-1.814366871720314300e+00 -1.623762382145772509e+00 -2.002745775220145852e+00 -2.043756811482911218e+00 -2.059976057573297936e+00 -2.005374965347953342e+00 -2.024778084266535494e+00
-1.930446275070784257e+00 -1.733604521700846446e+00 -1.922019311154033350e+00 -2.007778001622220643e+00 -2.032917276486758684e+00 -2.019531432397164927e+00 -2.027861432894300098e+00
-1.980089836839030060e+00 -1.993182716050047487e+00 -1.738046904717156504e+00 -2.032571079659016178e+00 -2.012261535144000746e+00 -2.050452507950859982e+00 -2.027230861655697769e+00
-2.093929374306449986e+00 -2.002162739174696782e+00 -2.128009039110201783e+00 -2.121589179635958722e+00 -2.069692443371351054e+00 -2.061708497811119312e+00 -2.029826800746802995e+00
-2.294655791822548530e+00 -1.656377186001635859e+00 -2.023631585909267727e+00 -1.902320596484729620e+00 -2.007038441167733112e+00 -2.019475296792564212e+00 -2.027471991111057470e+00
-2.111433384850960771e+00 -2.185172680083786290e+00 -2.040049943270904276e+00 -2.009839272724465609e+00 -2.044918495611176557e+00 -2.024468728442590404e+00 -2.026935284410674498e+00
-1.836998828290494989e+00 -2.274790900875943489e+00 -2.073382338420867832e+00 -2.048190867742387233e+00 -2.025561788538755348e+00 -2.039123196753753753e+00 -2.013289966906118611e+00
-1.517388088421288916e+00 -2.217516341241764444e+00 -2.084321780510447475e+00 -1.968231203139037655e+00 -1.962444256321719926e+00 -2.031952399059090197e+00 -2.010921770958287169e+00
-2.050361541192115666e+00 -1.589833417494828538e+00 -2.016616941756740999e+00 -2.157584442455783069e+00 -2.044322453506153714e+00 -2.029407681760231785e+00 -2.029542076762705261e+00
-1.836784105953721102e+00 -2.005841644810167246e+00 -1.994793219836135556e+00 -2.067263300983133156e+00 -1.989403676906747798e+00 -2.015857625783020080e+00 -2.033172962780396276e+00
-2.095176932507014200e+00 -1.705693081228478292e+00 -1.933508924493853476e+00 -2.058319295770586255e+00 -1.968416591201423316e+00 -2.027896875810197841e+00 -2.031739839931113512e+00
-1.701176478731999619e+00 -1.806847315665753406e+00 -1.977572930897758097e+00 -2.054869446419758994e+00 -2.051868951572569877e+00 -2.036660990403122984e+00 -2.024639350797901471e+00
-2.082566899381508740e+00 -1.961013913323864877e+00 -1.907188723206656222e+00 -1.964902044877068210e+00 -2.067406929551031780e+00 -2.020956555507240182e+00 -2.020521699579560959e+00
-1.151796649486759527e+00 -1.948490190035108149e+00 -1.965754905165657096e+00 -1.889780408348734397e+00 -2.019156674663969753e+00 -2.051473950291817339e+00 -2.031424424270631857e+00
-2.164907156125217114e+00 -2.243392440334626592e+00 -2.015644917360446708e+00 -1.983897061365761827e+00 -2.081821487208853849e+00 -2.021244041685697823e+00 -2.022330634963830143e+00
-1.325574080322830417e+00 -1.813914125154394430e+00 -1.688242844198657888e+00 -1.954567105349029221e+00 -2.119151841918911483e+00 -1.984289619938273797e+00 -2.043542045618676806e+00
-1.777745597861490667e+00 -1.686949741114814660e+00 -2.021046686189122532e+00 -1.928333901061164424e+00 -2.048792029341913068e+00 -2.038404414847115653e+00 -2.049716814236984597e+00
-1.346386243314317221e+00 -2.053452822897533281e+00 -2.156939475719579669e+00 -2.034686128756891144e+00 -2.046434174816599949e+00 -2.008468752503896226e+00 -2.031683322484908238e+00
-1.683986713787278822e+00 -2.342915782113670353e+00 -2.160984380170211772e+00 -1.929314563786084902e+00 -2.008628988218609024e+00 -2.041125105565605224e+00 -2.020141904155118517e+00
-1.974734785353922106e+00 -2.197187978939430408e+00 -1.932808772726753110e+00 -1.988613532366292347e+00 -2.006399906326054250e+00 -2.008945886636155365e+00 -2.024143078770209492e+00
-2.121967315365752782e+00 -2.259422211329749519e+00 -2.023066499967026033e+00 -2.108376282229699861e+00 -2.039300853073269693e+00 -2.019760543824999477e+00 -2.028621771697065590e+00
-1.494011137478271412e+00 -1.951903041662081950e+00 -2.293337085033846812e+00 -2.067601316430237368e+00 -2.037557708074233975e+00 -2.062242361432032212e+00 -2.019784135988560436e+00
-1.809788112901195234e+00 -2.019269229931980103e+00 -2.193376085590562852e+00 -1.989819678185172025e+00 -1.990390468943586066e+00 -2.035750636096284705e+00 -2.027869438673177704e+00
