(-2.0290704935919632+0j)
-1.742512293482326724e+00 -2.014124830454515624e+00 -2.227607381208152493e+00 -1.985154859893182078e+00 -1.999737642909616753e+00 -2.022118353184931383e+00 -2.013498771331509563e+00
-1.968942722355508934e+00 -1.871254469861217018e+00 -1.941591530895339535e+00 -2.040364954622903682e+00 -2.072577847698713338e+00 -2.066680774339995530e+00 -2.040510367645401502e+00
-1.929407947957518576e+00 -2.173886823925392342e+00 -2.047840582746264460e+00 -1.932521198672188412e+00 -2.005732452180790659e+00 -2.033095886512656048e+00 -2.029872891549148406e+00
-1.815925873191673645e+00 -2.157464797538553469e+00 -2.146087448499405248e+00 -2.005356607170117655e+00 -2.010957296390698090e+00 -2.017930348980722766e+00 -2.039551741719368483e+00
-1.853461585650502563e+00 -1.906275793134434071e+00 -2.020282037342023607e+00 -2.060708587393982771e+00 -2.051869478376548983e+00 -2.023749822460051639e+00 -2.029075565807959336e+00
-1.989881693313843458e+00 -2.051714800660582760e+00 -1.973329177230496168e+00 -2.076833833876412960e+00 -2.034563732419540472e+00 -2.029902567087900955e+00 -2.035672147672550558e+00
-1.977411124228087846e+00 -1.785571673737841758e+00 -2.068075316021547927e+00 -2.076065140350763727e+00 -2.067096601252868204e+00 -2.042146934951993842e+00 -2.034138999551186267e+00
-1.782924957152916656e+00 -2.054380098644786656e+00 -2.033278121242449554e+00 -2.062227877923588970e+00 -2.039229903548489986e+00 -2.018109224377202082e+00 -2.031763963587016608e+00
-1.626735075407210962e+00 -1.832744945164419104e+00 -2.058841193707753980e+00 -2.130701864299362924e+00 -2.019997318408821574e+00 -2.053837808182681357e+00 -2.030572334372992227e+00
-1.735653018924267377e+00 -2.195861013573901399e+00 -2.001856370380197703e+00 -2.005043745961416768e+00 -2.035708512378804791e+00 -2.024144228139885371e+00 -2.023563225195451398e+00
-2.010889928187222786e+00 -2.074727059994549982e+00 -2.240252782833011658e+00 -2.082657206031166996e+00 -2.034802935248273492e+00 -2.031646355119629987e+00 -2.047798370444367411e+00
-1.974806971506378739e+00 -1.935785934196981861e+00 -2.145504263628089880e+00 -2.102573498835085264e+00 -2.069315378235041081e+00 -2.049710023021181993e+00 -2.034534054573309270e+00
-1.711285631866241497e+00 -1.843652188817059390e+00 -1.973777422136746118e+00 -2.041016754286057999e+00 -2.052773143748408913e+00 -2.066755679221242481e+00 -2.047913743079174065e+00
-1.603369418407825098e+00 -2.011076380430103949e+00 -2.081200398941829732e+00 -2.002576153578185192e+00 -1.953526408094563127e+00 -2.014735088130536589e+00 -2.034126721358178180e+00
-1.730791256889496310e+00 -1.907108960934782660e+00 -2.003194156705736084e+00 -1.985356579630959351e+00 -2.027906336877524751e+00 -2.020205872245766976e+00 -2.027486206002689251e+00
-1.735161682737497157e+00 -1.845725940975838197e+00 -1.999667550442463915e+00 -1.994968022046458733e+00 -2.031179495168592197e+00 -2.016779541338264536e+00 -2.037930908983204503e+00
-2.133169700763254184e+00 -1.894398921704695926e+00 -2.114470110867119779e+00 -2.004287841226494393e+00 -2.014201711531133476e+00 -2.031432162262355678e+00 -2.045491959193049603e+00
-2.063780705778555546e+00 -2.164832775702188794e+00 -2.095470226789167612e+00 -2.049003630465179082e+00 -2.003901123922368743e+00 -2.001073644683197372e+00 -2.042526584450977012e+00
-1.987739356594373286e+00 -2.018792026864657529e+00 -2.041549997238962355e+00 -2.082729004966612063e+00 -2.005814877782230887e+00 -2.040488296717213323e+00 -2.028707154311085947e+00
-1.845814679865916519e+00 -1.921516107277885688e+00 -2.095041384672502893e+00 -2.060695907883712152e+00 -2.051601166102048790e+00 -2.030045741045189978e+00 -2.038003722334513323e+00
-1.701141238445991632e+00 -1.882223971998626011e+00 -2.095195856915945232e+00 -2.056490319786413501e+00 -2.054077609601344001e+00 -2.049146235922503223e+00 -2.033510035475921907e+00
-2.173480072672421937e+00 -2.018627383373769124e+00 -1.951330825628110111e+00 -1.976751788222693262e+00 -2.025147086536942531e+00 -2.032047610590918207e+00 -2.017271265456536788e+00
-2.004566624810435904e+00 -2.038847251804527083e+00 -1.886604936303358793e+00 -1.939827721337579858e+00 -2.009304539304843207e+00 -2.020751587033591701e+00 -2.020678145403533410e+00
-1.755217310068267311e+00 -1.811769781902602627e+00 -2.190148546397056251e+00 -1.961413043740773743e+00 -2.025312164103457935e+00 -2.039611407771057650e+00 -2.039772090155989481e+00
-2.105430402481234253e+00 -1.925107730783479854e+00 -2.075259794658140144e+00 -2.019858954337442114e+00 -2.003066222555536235e+00 -2.031458033554220055e+00 -2.026095694257795898e+00
-2.115682694026902233e+00 -2.275383626192872377e+00 -2.323736218555452204e+00 -2.151288042046914484e+00 -2.049465119887591058e+00 -2.026961849104517377e+00 -2.038388105959489938e+00
-1.756362264242302018e+00 -2.214910508928655819e+00 -2.260258693689048748e+00 -2.135037619307667889e+00 -2.096139160690818848e+00 -2.043602641505157358e+00 -2.018629966726237512e+00
-1.618754600075620331e+00 -1.696811097535231294e+00 -2.109085884197250405e+00 -2.075462102485523097e+00 -1.976702444038525464e+00 -1.996078652076366033e+00 -2.020480702870055545e+00
-1.645535496660368135e+00 -1.579448926076242099e+00 -2.023902979563963811e+00 -2.088804238694096149e+00 -2.041486873318484996e+00 -2.043569222987599243e+00 -2.033897888097473405e+00
-1.707395703064273906e+00 -1.731817121829057005e+00 -2.044352556261470610e+00 -1.989754934971230682e+00 -1.931763462703043999e+00 -2.022509999590826002e+00 -2.014751994542085090e+00
-1.850235027156728940e+00 -1.949066617450794237e+00 -1.882728651343214210e+00 -1.994741236899836734e+00 -2.045251349855434775e+00 -2.033748672968850091e+00 -2.027193483830681764e+00
-1.858847409742683254e+00 -2.313830877397080599e+00 -2.163962193290636105e+00 -2.138156377185020940e+00 -2.036238364975914816e+00 -2.050470226757035164e+00 -2.038135303561717571e+00
-1.907387978286101404e+00 -2.145159570118781112e+00 -2.039775163817736381e+00 -2.061308784803458583e+00 -2.054220494530702545e+00 -2.018757658219914930e+00 -2.022387489299335428e+00
-1.695497188446116965e+00 -1.864806077258269301e+00 -1.965468912961925607e+00 -1.917592251028708894e+00 -1.994252386087386641e+00 -2.016634573682268616e+00 -2.026993024517606656e+00
-1.704241360020557039e+00 -2.181813083746050985e+00 -1.919643745774925803e+00 -2.041158789647180338e+00 -2.005717449863066992e+00 -2.029091659668962766e+00 -2.031639144444883360e+00
-2.133212204224721908e+00 -2.006576354108739135e+00 -2.284953878871209376e+00 -2.120038164157383775e+00 -2.063184710792963283e+00 -2.022031183305574853e+00 -2.032776284157615798e+00
-1.929509201063694501e+00 -2.393909130887680536e+00 -2.221636658638665551e+00 -2.004226666035958004e+00 -1.955663882063107151e+00 -2.016805954269437873e+00 -2.027538067564591984e+00
-1.931492230668381493e+00 -2.189304241562552544e+00 -2.282334307567932097e+00 -1.991347802016770974e+00 -2.021665492391882868e+00 -2.058286033534483028e+00 -2.037991733134095540e+00
-1.776004663673869999e+00 -1.770334491735248372e+00 -1.917659461745659044e+00 -1.918995958929659018e+00 -2.080110247658327971e+00 -2.048722397076506496e+00 -2.020599560242750670e+00
-1.829025901882143312e+00 -1.905593534251332377e+00 -1.998563256010486677e+00 -2.093329691237097112e+00 -2.039768473962191742e+00 -2.018244219012511387e+00 -2.014220569953566908e+00
-1.866100452550647937e+00 -2.065844398869874254e+00 -2.171378058769495745e+00 -2.052233500978467795e+00 -2.042087335138405457e+00 -2.042022393010103798e+00 -2.031338587223271208e+00
-2.027514153764829352e+00 -2.087474785929317456e+00 -2.025241909515951733e+00 -2.054375571583467508e+00 -1.991341558257878619e+00 -2.020040432281069442e+00 -2.024109214166853299e+00
-2.037727040857963523e+00 -1.788801467958339941e+00 -1.909709130864809090e+00 -2.010218396822946119e+00 -2.018664015257034094e+00 -2.008372372920517623e+00 -2.016757367133290124e+00
-2.080412709521366033e+00 -1.945509277911429580e+00 -2.016403126059514328e+00 -2.088262498601115791e+00 -2.026569096587192753e+00 -2.055715666439925204e+00 -2.035743169043234602e+00
-2.043351836109607689e+00 -1.963916428828797800e+00 -1.858545927798252784e+00 -1.905426315136820037e+00 -2.048156059820939845e+00 -2.022315747739797498e+00 -2.031257564096142332e+00
-2.011575071080716981e+00 -2.014749817545232968e+00 -1.974805542557043658e+00 -1.975665957914049864e+00 -2.011667014501273609e+00 -2.034489208325684473e+00 -2.037100651560395548e+00
-1.807010720997107356e+00 -2.068487751249895368e+00 -2.159811207267456012e+00 -2.045309648752493104e+00 -2.071182129421887286e+00 -2.037021658051974438e+00 -2.033395477263264972e+00
-1.783615427820621324e+00 -1.927536930238363144e+00 -2.133633490380686393e+00 -2.088375687269972136e+00 -2.092964322717302927e+00 -2.026484447306667214e+00 -2.019896711526840249e+00
-1.698070465182667022e+00 -1.748058350243038239e+00 -1.897113609243410437e+00 -2.034988340894981373e+00 -2.049034512937511820e+00 -2.046945235464601609e+00 -2.041666464579749096e+00
-1.364791483123979354e+00 -1.813720499431088040e+00 -1.826484085046675698e+00 -2.067300198487417973e+00 -1.976438253039028536e+00 -2.001063400003425308e+00 -2.019594494357189962e+00
