(-7.890352432999306+1.1926223897340549e-18j)
-7.820778788402722448e+00 -7.860396312304745337e+00 -7.890130944833009252e+00 -7.891732396588913900e+00 -7.882727585384513347e+00 -7.889944292711669860e+00
-7.900547902293168612e+00 -7.915017649530465604e+00 -7.936786735114127467e+00 -7.935747719777371145e+00 -7.914605633730166900e+00 -7.894794850427261146e+00
-7.825423802222171155e+00 -7.926839071922286095e+00 -7.929245213924430047e+00 -7.909754866682018104e+00 -7.893845255311983777e+00 -7.880731668900763154e+00
-7.726981706262387561e+00 -7.854037660152282996e+00 -7.877740041566327456e+00 -7.892461138763829709e+00 -7.883411932434094993e+00 -7.894872275219613655e+00
-7.877769468358016169e+00 -7.894314281869533545e+00 -7.867231717625503329e+00 -7.887341991931283935e+00 -7.903190398356307433e+00 -7.901490017120375242e+00
-7.887718573577565451e+00 -7.881130840472657439e+00 -7.889198601185430704e+00 -7.870140767316446961e+00 -7.882102294841253354e+00 -7.891536032543765344e+00
-7.776740946736224736e+00 -7.889855705823912935e+00 -7.888412126622552201e+00 -7.892414617480562278e+00 -7.890581307243033748e+00 -7.895893923420221228e+00
-7.907415450332443640e+00 -7.914002312571348341e+00 -7.931709265599081959e+00 -7.912779625213512524e+00 -7.915692862581267697e+00 -7.912476778752718154e+00
-7.924302218579542867e+00 -7.860797440037616823e+00 -7.870489875230996191e+00 -7.895875346955081753e+00 -7.902289350158397063e+00 -7.892947967572562895e+00
-7.923965055435113314e+00 -7.901733600759556886e+00 -7.870359170301511220e+00 -7.857817805819662382e+00 -7.874146836865726584e+00 -7.875944211319918509e+00
-7.907913346888557626e+00 -7.885163380652831400e+00 -7.862222167700748443e+00 -7.886204593807182306e+00 -7.889948476243199948e+00 -7.893290463778471988e+00
-7.897409287652908283e+00 -7.875407696912537503e+00 -7.871263999249473287e+00 -7.880486449942203819e+00 -7.915678974389321887e+00 -7.901946982973929501e+00
-7.648952757180082607e+00 -7.897102253350394285e+00 -7.883509445595759502e+00 -7.873005704871648192e+00 -7.868221245374942718e+00 -7.880534981259500249e+00
-7.885974607179529805e+00 -7.934035374479625702e+00 -7.935702969794583339e+00 -7.891904214174596532e+00 -7.903732839808595756e+00 -7.901814201263669624e+00
-7.957844344190325714e+00 -7.907467587790387498e+00 -7.898067371123710601e+00 -7.921451107956800186e+00 -7.900894493404395647e+00 -7.888828186055715896e+00
-7.880536494693078708e+00 -7.888815163129512698e+00 -7.904214506177567046e+00 -7.887839573071522281e+00 -7.892302634104121140e+00 -7.890763611181509596e+00
-7.773961550818201616e+00 -7.807347409973305119e+00 -7.857466483245055144e+00 -7.877329094126215736e+00 -7.890172015795824834e+00 -7.891879203659421194e+00
-7.882603790185039649e+00 -7.868776054043264523e+00 -7.913837195516894241e+00 -7.894196803446355659e+00 -7.902619515008605156e+00 -7.901628263241171624e+00
-7.945339496940578172e+00 -7.877811707904575300e+00 -7.858350162066829903e+00 -7.885020792619195973e+00 -7.885217427687297942e+00 -7.885581507757400743e+00
-7.920765591938355499e+00 -7.867257298425132106e+00 -7.876052837078027835e+00 -7.877355558719393969e+00 -7.869935266579016542e+00 -7.880286435295527525e+00
