(-7.890352432999306+1.1926223897340549e-18j)
-7.802854312096299871e+00 -7.730632911013612940e+00 -7.927319815983598694e+00 -7.906073500995063341e+00 -7.913470174302445592e+00 -7.821293053071660673e+00
-7.826414436830625654e+00 -7.725294114498714393e+00 -7.848374800503617799e+00 -7.857675836352045806e+00 -7.900593222253942116e+00 -7.887466379816244100e+00
-7.677046749270295400e+00 -7.888886953206672992e+00 -7.832818677195886536e+00 -7.781923652950405668e+00 -7.940558261811998086e+00 -7.945534487793232792e+00
-7.852757186892791452e+00 -7.736941536499193361e+00 -7.888981926595076466e+00 -7.830938716949712664e+00 -7.859683481030437235e+00 -7.818082287135464270e+00
-7.938946874845637325e+00 -7.799798143938215134e+00 -7.888869445537751268e+00 -7.812287160033391409e+00 -7.812239457892554029e+00 -7.813683240031389587e+00
-7.715855449519790632e+00 -7.852203162819165527e+00 -7.785096203792685188e+00 -7.829801575149470061e+00 -7.788836909578360945e+00 -7.824032369468008952e+00
-7.764198989469310419e+00 -7.838017160997445387e+00 -7.884331900420900041e+00 -7.890027187218453086e+00 -7.866484457160408894e+00 -7.937238011401123394e+00
-7.791585206620213810e+00 -7.808285830140633266e+00 -7.834300807507554865e+00 -7.873669883851358797e+00 -7.887766811221053942e+00 -7.875178429844464034e+00
-7.820725316902941593e+00 -7.943784265978075965e+00 -7.859209356254190482e+00 -7.883834518108237432e+00 -7.943831757118044123e+00 -7.909235483332785144e+00
-7.948675641472000564e+00 -8.020432424152382112e+00 -7.910979643439530307e+00 -7.853412546881845202e+00 -7.929711849429578407e+00 -7.894578544831886369e+00
-7.833200908721474676e+00 -7.937290564051310504e+00 -7.856165274121165609e+00 -7.897008205630841715e+00 -7.778338926237305273e+00 -7.870098737948630685e+00
-7.983424015166316501e+00 -7.873839367266817213e+00 -7.882959696038241759e+00 -7.904479031148538226e+00 -7.887699648052340251e+00 -7.848875088000403011e+00
-7.825245316656105565e+00 -7.754978150877292364e+00 -7.865002243534346071e+00 -7.895141316144772325e+00 -7.935643814478595459e+00 -7.850269724786820724e+00
-7.725301597286712507e+00 -7.900438774729769520e+00 -7.782368627761343305e+00 -7.871599311689398526e+00 -7.962372001053925175e+00 -7.878058837326253006e+00
-7.706024969743170416e+00 -7.818009849975188885e+00 -7.976608002615016346e+00 -7.838643346895993957e+00 -7.819331712931244738e+00 -7.917515847866466672e+00
-7.860964279243139785e+00 -7.847748958977081912e+00 -7.954828264737367149e+00 -7.779388281970234686e+00 -7.910551585599240099e+00 -7.910395659208424135e+00
-7.886974475275811969e+00 -7.860103454740270834e+00 -7.997479707419373085e+00 -7.865142919106109076e+00 -7.877298158357212365e+00 -7.874089514406616530e+00
-7.863539935174805429e+00 -7.887272765658337015e+00 -7.744616639093012012e+00 -7.871281555400794439e+00 -7.904320779021773546e+00 -7.796728421670117370e+00
-7.704994797427959341e+00 -7.915318136458056486e+00 -7.805422888473889209e+00 -7.877295055032799809e+00 -7.840361611963875710e+00 -7.921910554160294993e+00
-7.989098402375076624e+00 -7.759356131669939316e+00 -7.848640923178820117e+00 -7.862625756385598130e+00 -7.829605921535151225e+00 -7.971995663570522694e+00
