(-7.890352432999306+1.1926223897340549e-18j)
-7.935205458058810279e+00 -7.893869670420471607e+00 -7.876257613272539260e+00 -7.895535988156333396e+00 -7.915879302836403397e+00 -7.878068589171544289e+00
-7.910822608886492802e+00 -7.870716101470993209e+00 -7.887978410894638692e+00 -7.883028033061656892e+00 -7.878947267790531228e+00 -7.927284931628469700e+00
-7.862498468210691982e+00 -7.864686023388951952e+00 -7.868947023068664670e+00 -7.901095815703262915e+00 -7.905069224180516940e+00 -7.897995776888582675e+00
-7.829360009268066634e+00 -7.870366753516915281e+00 -7.956159737739985971e+00 -7.900657835917867189e+00 -7.876783733564900913e+00 -7.881752726498282513e+00
-7.893639144057152279e+00 -7.870925507518194308e+00 -7.904505484327502884e+00 -7.909431731268291799e+00 -7.899709201730498620e+00 -7.882861106898722880e+00
-7.866919118852726989e+00 -7.835177941213337327e+00 -7.891409470192877862e+00 -7.904638831166310275e+00 -7.906438614582755875e+00 -7.909489382197950391e+00
-7.916482337516014489e+00 -7.884765871544477278e+00 -7.880023823898095969e+00 -7.884310423555010772e+00 -7.894762583859447069e+00 -7.874381481973948382e+00
-7.867752857591433724e+00 -7.891644300010218771e+00 -7.860479331474930831e+00 -7.917818113589063955e+00 -7.849791982300484250e+00 -7.861821898048933832e+00
-7.899745011791811322e+00 -7.886566466101875506e+00 -7.908279544275590212e+00 -7.887201336525460960e+00 -7.907502403168226834e+00 -7.879985715363888588e+00
-7.896273961370865457e+00 -7.887329234421519786e+00 -7.874350301328561841e+00 -7.910798760196191104e+00 -7.914692831028085962e+00 -7.900778231578234667e+00
-7.928004957720275137e+00 -7.898290280970462263e+00 -7.946760006737819459e+00 -7.934204551514286052e+00 -7.862568472909227779e+00 -7.907435545927105736e+00
-7.953656770866942338e+00 -7.899591411923766238e+00 -7.881130552133589262e+00 -7.904110898662922935e+00 -7.828659695382367723e+00 -7.902308246113380008e+00
-7.957678399178132800e+00 -7.870168331932799077e+00 -7.949234513646975309e+00 -7.862482809577840293e+00 -7.900178688315868669e+00 -7.865603232431310765e+00
-7.946645393503132482e+00 -7.873311683556933005e+00 -7.891162472402465156e+00 -7.890920158915131211e+00 -7.875862617671229415e+00 -7.878806229194058375e+00
-7.905030651741495440e+00 -7.867479999724802830e+00 -7.899918467887014906e+00 -7.881454431682158202e+00 -7.939119639127492079e+00 -7.910185518619437417e+00
-7.918872497628107077e+00 -7.900687523110489607e+00 -7.885539363892162257e+00 -7.933440395170988424e+00 -7.896415971011432333e+00 -7.920510934473093734e+00
-7.990040489015342473e+00 -7.930187680946237272e+00 -7.907101797175665858e+00 -7.881496213490725822e+00 -7.910497731873409322e+00 -7.916790997328861934e+00
-7.937425023876899743e+00 -7.890884599967057156e+00 -7.895780580733696041e+00 -7.912543088449399242e+00 -7.898508979819512277e+00 -7.927160382256795756e+00
-7.839973159333656128e+00 -7.948440324702437110e+00 -7.906094637054378538e+00 -7.895195263583143941e+00 -7.856334463132155221e+00 -7.900196203390988714e+00
-7.964374145912140435e+00 -7.864732194030167989e+00 -7.876004086746143606e+00 -7.905845286153821760e+00 -7.845816716101234434e+00 -7.873855848851154526e+00
