(-7.890352432999306+1.1926223897340549e-18j)
-7.924375112201005322e+00 -7.887115729085243387e+00 -7.874479492555872540e+00 -7.895289868983629944e+00 -7.905917635126622045e+00 -7.881428665602545180e+00
-7.973285068003753473e+00 -7.939862142758999042e+00 -7.890151369157750949e+00 -7.902703594896804518e+00 -7.895883707935498208e+00 -7.893418565494102701e+00
-7.873588676871491110e+00 -7.886722962505068324e+00 -7.891893503863644632e+00 -7.874613895040921463e+00 -7.885090362685406085e+00 -7.886283939608400573e+00
-7.894233472285627329e+00 -7.900580318640500366e+00 -7.923096595423281485e+00 -7.883475666752476130e+00 -7.894142031532947357e+00 -7.898384765954847175e+00
-7.877668269497492659e+00 -7.884275939090391816e+00 -7.894016081780344862e+00 -7.890220425797950909e+00 -7.897250490702624859e+00 -7.896931888539308275e+00
-7.944127780476046397e+00 -7.910021315710819678e+00 -7.875081280954656648e+00 -7.888920056845431183e+00 -7.902292085863086513e+00 -7.893426079757569269e+00
-7.867947578980600376e+00 -7.876571861405518682e+00 -7.918470595891175634e+00 -7.899005061113318682e+00 -7.899243201384748225e+00 -7.906546714414311339e+00
-7.929441498703925006e+00 -7.877440137350665950e+00 -7.877984243930635344e+00 -7.877940969294938256e+00 -7.894330297453338474e+00 -7.896187571330005817e+00
-7.872641288080935773e+00 -7.903055494958962868e+00 -7.887155597042314170e+00 -7.872906002611968823e+00 -7.902036888268150427e+00 -7.882775607642807714e+00
-7.892345779339897227e+00 -7.955681416543940898e+00 -7.882412202295261849e+00 -7.889003098525037672e+00 -7.886952661360403738e+00 -7.883790577326829307e+00
-7.854058226096169548e+00 -7.917513866047713122e+00 -7.925767138844139303e+00 -7.899418489979440849e+00 -7.890439063087315574e+00 -7.898099079948847745e+00
-7.913144671734887226e+00 -7.855104410868079867e+00 -7.885116414948942776e+00 -7.892198933943575412e+00 -7.904323402120498443e+00 -7.875376514854607102e+00
-7.779458597532119768e+00 -7.889510740204425332e+00 -7.921864817781339774e+00 -7.911925847732598882e+00 -7.886917514379165439e+00 -7.885739432158972662e+00
-7.844987721420205062e+00 -7.894768397490826040e+00 -7.871250654210264486e+00 -7.897840070887191644e+00 -7.883097143292998155e+00 -7.874097373520763554e+00
-7.903948862639984085e+00 -7.947922717773572288e+00 -7.909790252628171814e+00 -7.899689592763028401e+00 -7.893414030539686266e+00 -7.888876125006948570e+00
-7.926365879816549054e+00 -7.951414449309593735e+00 -7.881441001800806312e+00 -7.887877427009875930e+00 -7.895557267334885054e+00 -7.890876073395534540e+00
-7.862522954074494308e+00 -7.958182807830514349e+00 -7.862555171829810341e+00 -7.905139437386921486e+00 -7.896191880095889459e+00 -7.890938306167528893e+00
-7.948096252796866601e+00 -7.904151412207367500e+00 -7.902038415258645365e+00 -7.886259386750342770e+00 -7.903809752648698783e+00 -7.899716725528781680e+00
-7.944935672447630992e+00 -7.923833747670226302e+00 -7.905780172064785560e+00 -7.902979030170074637e+00 -7.901534875673279501e+00 -7.884329430740443456e+00
-7.870364317236525409e+00 -7.896157066263345570e+00 -7.884192182568114049e+00 -7.890461229247276442e+00 -7.897618876091438977e+00 -7.873877563475565999e+00
