(-1.866417143835772+0j)
-1.339350304481795817e+00 -2.187439351543821076e+00 -1.916598225508942654e+00 -1.780920950329063057e+00 -1.844815442323770371e+00 -1.889225384589045653e+00 -1.870083103080213194e+00
-1.292252559249030819e+00 -1.899319661076001031e+00 -2.056558487331572760e+00 -1.886982550667227754e+00 -1.903830284739221224e+00 -1.875094165947847724e+00 -1.868265968418494349e+00
-1.137992037200845630e+00 -2.174270307933560353e+00 -1.794287190005002586e+00 -1.801339435007879075e+00 -1.872415717553856940e+00 -1.875913272642784069e+00 -1.866242233451278043e+00
-1.229106107545773430e+00 -1.848578561228605421e+00 -2.025264690332190476e+00 -1.933099764595168857e+00 -1.923925230061927616e+00 -1.866599073569096046e+00 -1.848171107883032738e+00
-1.540335976722932099e+00 -1.879546905259435352e+00 -1.983406911666775851e+00 -1.892258660122998037e+00 -1.847041870716842116e+00 -1.893649110473786035e+00 -1.872994486343437570e+00
-1.103159592319552074e+00 -2.174935620653128510e+00 -1.874794248153901499e+00 -1.920966952493036839e+00 -1.875395430050059487e+00 -1.882275491307544346e+00 -1.879054765481325662e+00
-1.271641814215215049e+00 -2.022669516014489410e+00 -1.697603524659320851e+00 -1.949586754478636497e+00 -1.852936030546458612e+00 -1.855579392330231947e+00 -1.873020231568922611e+00
-1.401284369300107802e+00 -2.237551127086605085e+00 -1.864042001916406122e+00 -1.830499109190697471e+00 -1.873986462734042124e+00 -1.870760937222958997e+00 -1.870474214115911193e+00
-1.149811009509863924e+00 -1.877579669601046275e+00 -1.783370445099500934e+00 -1.928779040869259553e+00 -1.799994789658994510e+00 -1.884803447660033937e+00 -1.865098263848154136e+00
-9.863527832971153986e-01 -1.825536501785055332e+00 -1.903762583611425807e+00 -1.724026379839238787e+00 -1.853448496180893246e+00 -1.869959149014836619e+00 -1.879217417813033864e+00
-1.190578301008554885e+00 -2.000819951535810493e+00 -1.866626195704493396e+00 -1.888886485175815144e+00 -1.891920312133200444e+00 -1.886116599962327278e+00 -1.880760307015474142e+00
-1.387502627290182700e+00 -2.108432076062941363e+00 -1.732871030875472673e+00 -1.843031614443316979e+00 -1.785745864979465303e+00 -1.859108429565849097e+00 -1.880483391279184957e+00
-1.489625275045645569e+00 -1.948826256929246492e+00 -1.601594383816111300e+00 -1.818260940289558203e+00 -1.877152710961252691e+00 -1.871550061360540695e+00 -1.855784071116513889e+00
-1.412844364696983046e+00 -1.746841032731864862e+00 -1.882246800924567420e+00 -1.931383682414536729e+00 -1.806081732929678996e+00 -1.888121630282444618e+00 -1.872329055199357217e+00
-1.434181854912291110e+00 -1.889713805068903962e+00 -1.927766275415531361e+00 -1.815100040316470542e+00 -1.885473520022246774e+00 -1.854318388589371036e+00 -1.852920027178697415e+00
-1.146610553268894162e+00 -1.839452861280845175e+00 -1.935428042310702201e+00 -1.814870211679325829e+00 -1.882720334621307945e+00 -1.875807189990224666e+00 -1.859865849943952210e+00
-1.605476316927831881e+00 -2.010444178925781866e+00 -1.772842855820600416e+00 -1.891062066619093374e+00 -1.847394516224404759e+00 -1.899091763750296202e+00 -1.864235592244412487e+00
-1.349942044572722377e+00 -1.369694912348864424e+00 -1.909925508793327564e+00 -2.004585378182065281e+00 -1.821238385199854370e+00 -1.869165641177586323e+00 -1.853199312137547627e+00
-1.479725137565966353e+00 -2.003767058950201907e+00 -1.973740934079421638e+00 -1.940364283479712126e+00 -1.917998697179366996e+00 -1.877072039466440190e+00 -1.857338038818763026e+00
-1.388466527974594911e+00 -1.481427543755723608e+00 -1.869985158701703565e+00 -1.816074608198304574e+00 -1.839677471654614038e+00 -1.830727076464333525e+00 -1.863997946781997372e+00
-1.511621656880623554e+00 -1.914335275541327430e+00 -1.820266088726728126e+00 -1.888794209685130454e+00 -1.881124010919853706e+00 -1.886288223415593102e+00 -1.847690876034415064e+00
-1.303871157927495306e+00 -1.828605818559507767e+00 -1.743131567204317056e+00 -1.870266103265758151e+00 -1.832945430460846348e+00 -1.891617550234557354e+00 -1.893443007294091762e+00
-1.534170242270237239e+00 -1.814205641717502093e+00 -2.201621158525081334e+00 -1.917900232834895746e+00 -1.864323368944465820e+00 -1.883755710460592425e+00 -1.867180680372798829e+00
-1.177249044797785027e+00 -1.584527998423068240e+00 -1.960063244143905203e+00 -1.931114712138835454e+00 -1.871980278955220234e+00 -1.858431271054096223e+00 -1.854305532529731071e+00
-1.445031968694744595e+00 -1.993692484425290123e+00 -1.958134080061049609e+00 -1.911771691497131886e+00 -1.882575773849080480e+00 -1.875662111347732974e+00 -1.864589674660542595e+00
-1.178964064152112412e+00 -1.890902085526938503e+00 -1.762156776236352584e+00 -1.922657632232220859e+00 -1.858176591275222167e+00 -1.850642004506675820e+00 -1.854228876244901070e+00
-1.516968866263785465e+00 -1.595616346477460423e+00 -1.892865611164471051e+00 -1.791008202304223307e+00 -1.890496220825748530e+00 -1.882624179828141564e+00 -1.865820070950506615e+00
-1.235048767621116816e+00 -2.115464549416045781e+00 -1.598826048958489121e+00 -1.828913288447408636e+00 -1.868227057204742358e+00 -1.850803437861669787e+00 -1.874129625194585813e+00
-1.287431067117682737e+00 -1.870806083638959283e+00 -2.059410013991700872e+00 -1.831511952712532976e+00 -1.862435444549093155e+00 -1.888060778782318927e+00 -1.862361016186752316e+00
-1.546855509992593802e+00 -1.828651158362634810e+00 -1.887968122498921097e+00 -1.905355895854660364e+00 -1.846622061787105418e+00 -1.866620358031608973e+00 -1.858699406220970518e+00
-1.520547491329528267e+00 -1.675691906845872658e+00 -1.794121919870903747e+00 -1.967030840434663919e+00 -1.867014040461313584e+00 -1.829630801333562706e+00 -1.866121987471963672e+00
-1.268144254804582705e+00 -1.433897892366977400e+00 -1.853891954898926109e+00 -1.823371240592155162e+00 -1.875105628430011384e+00 -1.877971724950932453e+00 -1.884744545367814661e+00
-1.378503600358104819e+00 -1.668231965016497398e+00 -1.982031994944352338e+00 -1.908289084731105145e+00 -1.838469527821039229e+00 -1.865535969845273367e+00 -1.876932242410931151e+00
-1.104980557792990314e+00 -1.659263767269318457e+00 -1.852177985414545924e+00 -1.848366276522414253e+00 -1.850419820533130366e+00 -1.881527759488893725e+00 -1.864008422812843957e+00
-1.494322617404578057e+00 -1.663545809021140576e+00 -1.913983047597910270e+00 -1.746412872096553492e+00 -1.830116713244589910e+00 -1.880635829539797577e+00 -1.848747265389647065e+00
-1.145153681131569456e+00 -2.224680095073750863e+00 -2.089799821973002736e+00 -1.788638023247320685e+00 -1.888404955152001907e+00 -1.884927727527808683e+00 -1.862582014846619671e+00
-1.115624890093576127e+00 -1.526598640001806562e+00 -1.818488356929549798e+00 -2.016244880588459409e+00 -1.839223268873762862e+00 -1.885453248648870206e+00 -1.865880383400725151e+00
-1.603981949970568976e+00 -1.938473163178509040e+00 -1.710978596046989653e+00 -1.860065113020853644e+00 -1.812990768675214248e+00 -1.865803698091499374e+00 -1.859533626479975332e+00
-1.197989838955338282e+00 -1.993266905706786662e+00 -1.789002872098318431e+00 -1.883980838269813329e+00 -1.915661339528893947e+00 -1.852889571951005454e+00 -1.877546912999355166e+00
-1.473754349990101131e+00 -1.982816122746475118e+00 -1.805362982861631549e+00 -1.760797022188530292e+00 -1.864159660165774168e+00 -1.862953992406331416e+00 -1.859626068573919433e+00
-1.274994651620529273e+00 -1.615649526408522219e+00 -1.683100587349859456e+00 -1.859003475328200761e+00 -1.825752365084525985e+00 -1.874187160721069834e+00 -1.858569772953924781e+00
-1.235267373517297207e+00 -1.674188744686800234e+00 -1.854726192797633733e+00 -1.885615459499351276e+00 -1.844628004144555078e+00 -1.869149748476512496e+00 -1.861177757703747382e+00
-1.383955215387675075e+00 -1.700078830720376466e+00 -1.900106784510152469e+00 -1.875017881486161997e+00 -1.867183887447991575e+00 -1.880089676182371106e+00 -1.849546528968286863e+00
-1.251285579298095474e+00 -1.549778500217464883e+00 -1.798832441811706762e+00 -1.978990143880753561e+00 -1.816212181625772804e+00 -1.848253655852313049e+00 -1.857278071353001714e+00
-1.418553106141085207e+00 -1.839556169934663199e+00 -1.828250876438157535e+00 -1.838781191343258348e+00 -1.895473406111664261e+00 -1.881263659377799380e+00 -1.861001351329480746e+00
-1.325266852082155555e+00 -1.802123337411135839e+00 -1.625326287192697894e+00 -1.810957425493964656e+00 -1.852393374885577648e+00 -1.866121860674815336e+00 -1.867009747713301415e+00
-1.563158791005195836e+00 -2.221727345249993490e+00 -1.798740761144800748e+00 -1.848202228099927291e+00 -1.934724519224546135e+00 -1.893257143453052294e+00 -1.854645418631950538e+00
-1.275055449545900332e+00 -1.759843519747668950e+00 -1.879255230461308379e+00 -1.808402232368942153e+00 -1.830104722746740187e+00 -1.894702319221434061e+00 -1.865451622275997590e+00
-1.640886903478843806e+00 -1.875483969656570826e+00 -1.917108072650572037e+00 -1.803780168473693601e+00 -1.830022675978926205e+00 -1.843461741164080347e+00 -1.880636327819969145e+00
-1.240627459143821554e+00 -1.763414572165928451e+00 -1.840911165842089137e+00 -1.846486388915771215e+00 -1.883965059178628554e+00 -1.870502101522773408e+00 -1.868464049501151525e+00
