(-1.866417143835772+0j)
-1.385601957892972358e+00 -1.302431132630712529e+00 -1.582649665508925274e+00 -1.688846251508191898e+00 -1.906083494167067016e+00 -1.854919103216326581e+00 -1.863675820539907990e+00
-1.249643478383848816e+00 -1.309745577345615919e+00 -1.395388054091830643e+00 -1.973698361676991864e+00 -2.057053655849426121e+00 -1.909433597339813105e+00 -1.866742048331979653e+00
-1.307404003376926527e+00 -1.373177638019885016e+00 -1.369845443140832231e+00 -1.574700050250996464e+00 -1.819427561094357326e+00 -1.866429582724580261e+00 -1.842024839878443343e+00
-1.260526614199510620e+00 -1.237450532883127341e+00 -1.538015513514906951e+00 -1.993054165502291086e+00 -1.822880850216267890e+00 -1.781659284945718458e+00 -1.832125293021322321e+00
-1.187102067378814629e+00 -1.245854967155919368e+00 -1.499523566229564508e+00 -1.688922299142929573e+00 -1.806967835606600570e+00 -1.908513530119916757e+00 -1.818349180749059268e+00
-1.261992396337098032e+00 -1.167790240102821064e+00 -1.430264124095321776e+00 -1.866754794335636403e+00 -1.838237683214743790e+00 -1.885986422308158161e+00 -1.843328687194065729e+00
-1.405817495959012398e+00 -1.288377726686916525e+00 -1.323632702594656818e+00 -1.647313849715556389e+00 -1.784306284000766407e+00 -1.908916296429208126e+00 -1.872690782875986004e+00
-1.176033437578303920e+00 -1.379523871632017284e+00 -1.550862133033323875e+00 -1.663578147762010850e+00 -1.845921809535512548e+00 -1.847164922500932782e+00 -1.840852240106486626e+00
-1.197681064602930778e+00 -1.273785859988299851e+00 -1.389939220811621912e+00 -1.794063317456626505e+00 -2.001262350393345102e+00 -1.994505676912294412e+00 -1.875443572772456990e+00
-1.288451817169808944e+00 -1.361029282796024198e+00 -1.396588551021034963e+00 -1.624885452362892835e+00 -1.856701969657459816e+00 -1.848632186057343807e+00 -1.825695623948362600e+00
-9.494199683425750269e-01 -1.185338543202522521e+00 -1.464837930390366250e+00 -1.773298569306562600e+00 -1.803923783072092002e+00 -1.816261314759574308e+00 -1.834497467813655636e+00
-1.217385659146394294e+00 -1.122101766413037272e+00 -1.236354286880699371e+00 -1.500491476350465092e+00 -1.610429463740116640e+00 -1.793691500016967755e+00 -1.848438324508415942e+00
-1.007963524823243251e+00 -1.222116801478875026e+00 -1.425712952163344927e+00 -1.680735214736051919e+00 -2.040941201976388619e+00 -1.988306915673711650e+00 -1.929854860268875649e+00
-1.213022126145815616e+00 -1.321247207686432112e+00 -1.378836133063890967e+00 -1.666698671935551435e+00 -1.985560128116089063e+00 -1.922142864379738691e+00 -1.884208488428581685e+00
-1.200151093954446413e+00 -1.231068885524882806e+00 -1.238124241339840337e+00 -1.472316436535515471e+00 -1.997831593235665171e+00 -1.956561154289623072e+00 -1.892871487254582208e+00
-1.278885448218566090e+00 -1.396073636142328045e+00 -1.631046593814523327e+00 -1.821105226821378986e+00 -1.984683783047658245e+00 -1.902479279398261891e+00 -1.875741246771166493e+00
-1.236911351799140135e+00 -1.230492430654402058e+00 -1.381906052234121107e+00 -1.505274051415423475e+00 -1.934747691495355637e+00 -1.891736030104240074e+00 -1.856083102708232957e+00
-1.444018658786960341e+00 -1.245195471811908705e+00 -1.194911952103027808e+00 -1.429864635755118130e+00 -1.689624453360206946e+00 -1.809216723107661462e+00 -1.838631943842453653e+00
-1.117189711953524567e+00 -1.137753782586644169e+00 -1.533151857817161678e+00 -1.587990112923092001e+00 -1.812537952255799834e+00 -1.859348870896176287e+00 -1.825873250149818716e+00
-1.316748893747009097e+00 -1.356057712225686940e+00 -1.562327614052997582e+00 -1.534741999655264033e+00 -1.862784261865586766e+00 -1.904706201349277706e+00 -1.854293335535334375e+00
-1.193727300680009318e+00 -1.160241762118801478e+00 -1.508331479472314607e+00 -1.835069970896799463e+00 -1.815928739245193047e+00 -1.866913573121660619e+00 -1.873320804401439776e+00
-1.334535594341069276e+00 -1.159051450048464549e+00 -1.303098803758691915e+00 -1.519030039678467503e+00 -1.683157086891011955e+00 -1.899287045214197889e+00 -1.888001496132394319e+00
-1.214117751302382642e+00 -1.279312422959561601e+00 -1.495126700354930449e+00 -1.833784575537988903e+00 -1.988787854262897614e+00 -1.902929532913035793e+00 -1.885431291623035133e+00
-1.416958388707904248e+00 -1.442619380855876710e+00 -1.583898001374396181e+00 -1.845963491310761206e+00 -1.896335201911875323e+00 -1.937614157563473327e+00 -1.869162639284978944e+00
-1.260368959346931161e+00 -1.210348680507229879e+00 -1.282029321969814672e+00 -1.593767141373791052e+00 -1.804890151140643884e+00 -1.782616671177080114e+00 -1.819664558670926580e+00
-1.384730274668567240e+00 -1.369572989299526089e+00 -1.346812112226903668e+00 -1.992393636032055770e+00 -2.029706088367332129e+00 -1.976063320553545610e+00 -1.875413428414489658e+00
-1.072805440288779444e+00 -1.303168646244525331e+00 -1.352767846428854615e+00 -1.746869374772256123e+00 -1.940507549369477891e+00 -1.850080828229734742e+00 -1.857644608030998068e+00
-1.173889802228395451e+00 -1.336086945134567827e+00 -1.381973867221109931e+00 -1.591114577144735698e+00 -1.900514252776441815e+00 -1.888443315538200773e+00 -1.882198061808439515e+00
-1.141480230190866640e+00 -1.338671723200329788e+00 -1.468312521742914933e+00 -1.527250344424653683e+00 -1.710956765638749655e+00 -1.811863489820006334e+00 -1.862011148443341924e+00
-1.223219278566241464e+00 -1.422547479738707210e+00 -1.510610748657692071e+00 -1.770735648519437877e+00 -1.732927224084560347e+00 -1.764697522431774690e+00 -1.843503231536926412e+00
-1.337421658771304811e+00 -1.231718771689217728e+00 -1.358505938116265632e+00 -1.686700876435704766e+00 -1.776135544480987649e+00 -1.825298209646156078e+00 -1.899446971444070709e+00
-1.179050254905906536e+00 -1.356950990370669574e+00 -1.327967714147826106e+00 -1.780607402022225561e+00 -1.744740438159763984e+00 -1.816217436277558051e+00 -1.882166315498146503e+00
-1.305054876336073644e+00 -1.364803082232623588e+00 -1.431294486307503444e+00 -1.433088502393273567e+00 -1.645044268236126150e+00 -1.760842383683385304e+00 -1.841520190659466261e+00
-1.197091880797815922e+00 -1.379764929373289428e+00 -1.207930157518324110e+00 -1.477836102290510656e+00 -1.749450702108391820e+00 -1.812190545011813647e+00 -1.871904228847123708e+00
-1.321749465430140269e+00 -1.421329941126911134e+00 -1.353339781575406908e+00 -1.822562633309502189e+00 -1.896798396516396146e+00 -1.949821683274625572e+00 -1.913628496442984606e+00
-1.213245121878296473e+00 -1.461507950261760946e+00 -1.762465558592312576e+00 -1.498055369020062422e+00 -1.838651236465855821e+00 -1.859481164457822189e+00 -1.844811630542246395e+00
-1.193424810546436454e+00 -1.269760055290905854e+00 -1.292573678126841541e+00 -1.580924860582806790e+00 -1.780355040514243647e+00 -1.926035034767442422e+00 -1.897073199356598572e+00
-1.335397495515146638e+00 -1.414194456648331544e+00 -1.397320286239152498e+00 -1.645132501532584612e+00 -1.921432309100628455e+00 -1.828213688688545169e+00 -1.859029918535223702e+00
-1.234775812482702184e+00 -1.147577116198067237e+00 -1.348654863374501467e+00 -1.572678163482961633e+00 -1.797143204054111987e+00 -1.838519369418030180e+00 -1.860337524383483876e+00
-1.181999027805879621e+00 -1.294559276752561328e+00 -1.422223042633346868e+00 -1.515718620128150285e+00 -1.689310883694252752e+00 -1.821611542665955152e+00 -1.850331537208755206e+00
-1.216995888332982556e+00 -1.424428144878478797e+00 -1.415289230256716824e+00 -1.756752317595863477e+00 -1.881993171704105183e+00 -1.800355949523041010e+00 -1.869246684088851307e+00
-1.211839311596234925e+00 -1.206527929790873310e+00 -1.323842994733318346e+00 -1.526661849087823652e+00 -1.732236052095333045e+00 -1.769404887070654908e+00 -1.863688988848579919e+00
-1.259325268330686143e+00 -1.476305468269226706e+00 -1.692063278963016781e+00 -1.702593857757539464e+00 -2.032878649416371974e+00 -1.918530250542518134e+00 -1.851129658124651245e+00
-1.144054474063316507e+00 -1.233921065504584913e+00 -1.357999406390609565e+00 -1.668974786585520675e+00 -1.871197449824617554e+00 -1.865730609143541496e+00 -1.880627095465388532e+00
-1.362676832483897371e+00 -1.404864775621701423e+00 -1.375370017873427386e+00 -1.665326537857691136e+00 -1.922004291863612213e+00 -1.906509612024678946e+00 -1.860872409799556815e+00
-1.325368803668595108e+00 -1.288267552154780393e+00 -1.195829942403042967e+00 -1.654146565732039775e+00 -1.993429131963875278e+00 -1.861083464355878014e+00 -1.847566074364146882e+00
-1.227736146575269416e+00 -1.454491914173522638e+00 -1.523008592255780114e+00 -1.542059882154523054e+00 -1.721679750447087986e+00 -1.896709464542948975e+00 -1.844901988651935776e+00
-1.271765358653949241e+00 -1.476459241643878872e+00 -1.575590597938146153e+00 -1.640940438547954239e+00 -1.708916474519420747e+00 -1.781037818870559786e+00 -1.863999313866521401e+00
-1.088049645387952236e+00 -1.105625892379517694e+00 -1.601215793885744532e+00 -1.505894324141554108e+00 -1.758968047661955358e+00 -1.926618966205359218e+00 -1.867348195975472303e+00
-1.363661421990595590e+00 -1.230863892606430365e+00 -1.311127694025348456e+00 -1.565480196991289041e+00 -1.851741309934994195e+00 -1.873336905150606579e+00 -1.851717452850438539e+00
