(-1.866417143835772+0j)
-1.599824502748076194e+00 -1.981011605564742428e+00 -2.049402374415116856e+00 -1.969528427691201733e+00 -1.865124325167059727e+00 -1.872634955640056109e+00 -1.865957858150580462e+00
-1.616566383376359939e+00 -1.351698957441989757e+00 -1.628663203682143790e+00 -1.913228010446446969e+00 -1.896149398168152977e+00 -1.845097442309342028e+00 -1.864820468874897053e+00
-1.410422145925334103e+00 -1.672249651695695061e+00 -2.004634995241146189e+00 -1.936205538240230117e+00 -1.910879918078300932e+00 -1.869454630635003500e+00 -1.863460404747391497e+00
-1.372843416282929496e+00 -1.658204208098771781e+00 -1.993192748927938851e+00 -1.885910678456800937e+00 -1.876247865425007433e+00 -1.865967900201660479e+00 -1.862018740908001124e+00
-1.751925961486582306e+00 -1.596230401383569752e+00 -1.956998106326727438e+00 -1.820086657597530966e+00 -1.822469320391830960e+00 -1.826795863485050964e+00 -1.859960544580046893e+00
-1.392274025437212792e+00 -1.504809646777051091e+00 -1.731513594789875210e+00 -1.815367663781103369e+00 -1.828628440698214508e+00 -1.838225118423782778e+00 -1.869519999241945118e+00
-1.527111012279607882e+00 -1.601169484817898336e+00 -1.770099327981931481e+00 -1.875807237952089368e+00 -1.856744723722805190e+00 -1.857453749317280245e+00 -1.854963556203101716e+00
-1.651335844175803924e+00 -1.754767385650896960e+00 -1.479785288702175405e+00 -1.740969991024317931e+00 -1.853067946703592872e+00 -1.864107252953821181e+00 -1.869569907539126552e+00
-1.570406681234562951e+00 -1.935957405419868049e+00 -1.855916364424334386e+00 -1.768362203088091666e+00 -1.852562628669894185e+00 -1.879270864342714287e+00 -1.866720183835662406e+00
-1.178098691418423272e+00 -1.633668478171257599e+00 -1.963368752655680893e+00 -1.950558088012321445e+00 -1.835561424440895539e+00 -1.847736315974359389e+00 -1.858221098105572899e+00
-1.873524954324749192e+00 -2.049888871257754097e+00 -2.004353225300668395e+00 -1.811016966921369598e+00 -1.805557258999429093e+00 -1.834822013163547094e+00 -1.865538822553381770e+00
-1.643662427082547728e+00 -1.508779386740192852e+00 -1.852468192295866567e+00 -1.859597916384693850e+00 -1.921695043054226115e+00 -1.865016431903107730e+00 -1.866649812732132929e+00
-1.379358034266708888e+00 -1.343446791164379039e+00 -1.682631616253243090e+00 -1.908892582428199480e+00 -1.862375313001879640e+00 -1.870123733650981279e+00 -1.881446519982610477e+00
-1.888430726987064157e+00 -1.429606285331733284e+00 -1.869634295422512915e+00 -1.983357269836742098e+00 -1.858620251185716832e+00 -1.867239519131688397e+00 -1.857209884335663030e+00
-1.409408174792877499e+00 -1.483731618313517409e+00 -1.621389435910536969e+00 -1.863787224667710518e+00 -1.845913867057107804e+00 -1.866248894970742533e+00 -1.861517802498796614e+00
-1.300081975625445141e+00 -1.724080979301293226e+00 -1.837162064790777150e+00 -1.824486171011082902e+00 -1.850069723488503959e+00 -1.838495989297384003e+00 -1.859613912051948592e+00
-1.454049429282493922e+00 -1.404699582562309867e+00 -1.816688868249985100e+00 -1.804010377140255139e+00 -1.845056405109848363e+00 -1.879043113848949620e+00 -1.876324874050864899e+00
-1.431238755621032865e+00 -1.671934600014057803e+00 -1.842389669683677234e+00 -1.926183874906860272e+00 -1.871141247313193867e+00 -1.884800609713956243e+00 -1.872359280296866046e+00
-1.050277415022706773e+00 -1.628649450417840150e+00 -2.003776849639888447e+00 -1.977933017259140502e+00 -1.867820363312234111e+00 -1.853782393177738186e+00 -1.854748670962295121e+00
-1.479788124702613672e+00 -1.936829861963972554e+00 -1.838581274493792606e+00 -1.819665130956096943e+00 -1.843756563985930130e+00 -1.850701060443645130e+00 -1.866093366157363320e+00
-1.737760422196294119e+00 -2.137362567647025813e+00 -1.999645708170262326e+00 -1.875672189887130026e+00 -1.873290980828242080e+00 -1.835705480077367335e+00 -1.853995503800382583e+00
-1.146906959278628291e+00 -1.572949074403161118e+00 -1.793806020109699473e+00 -1.816670713455783348e+00 -1.838170039881518836e+00 -1.834803657270909438e+00 -1.856790492932256953e+00
-1.588578704111605955e+00 -1.946013592255281699e+00 -1.900061899777859331e+00 -1.822389551961356435e+00 -1.812896789475779258e+00 -1.839185568036003415e+00 -1.872625080626812988e+00
-1.547251936788548665e+00 -1.755602104766057048e+00 -1.781285142482565087e+00 -1.830110712519817939e+00 -1.920047744001115664e+00 -1.861403707187695211e+00 -1.865792731126997506e+00
-1.501507656268740165e+00 -1.150448989208763706e+00 -1.662156036151191785e+00 -1.833774022116608116e+00 -1.885442988663440289e+00 -1.866580067840620583e+00 -1.864270799327268247e+00
-1.483859814615104744e+00 -1.534903638850190433e+00 -1.691444872901855412e+00 -1.798387750308551913e+00 -1.889059804855069746e+00 -1.897569685758359714e+00 -1.866188883657967867e+00
-1.227543556562100902e+00 -1.643441705572229239e+00 -1.825445706475762542e+00 -1.939313334539678024e+00 -1.841589912808189400e+00 -1.867361539210250720e+00 -1.856651820483499193e+00
-1.569719739939551495e+00 -2.126122336216718978e+00 -1.860042086307565290e+00 -1.909329925831000141e+00 -1.858527589207025210e+00 -1.849007019765973148e+00 -1.866056193266507179e+00
-1.265022715159030975e+00 -1.723672226988766321e+00 -1.824149481779032689e+00 -1.898257031213270274e+00 -1.923893597903156616e+00 -1.929282060140345312e+00 -1.890751035710894312e+00
-9.854694728734137987e-01 -1.480011981095690876e+00 -1.651108382211813996e+00 -1.800647228343341677e+00 -1.891411196432265296e+00 -1.883246537816429367e+00 -1.871603913398537156e+00
-1.706828544016580240e+00 -1.633124657066411967e+00 -1.852853148411053752e+00 -1.898459236904786795e+00 -1.875667332788474306e+00 -1.855049806238989962e+00 -1.865419041423303836e+00
-1.520430056346990133e+00 -1.621643246463271737e+00 -1.793177293539643502e+00 -1.866574546726592621e+00 -1.884037287682734263e+00 -1.850961863203326674e+00 -1.864543392427848501e+00
-1.058002765991953531e+00 -1.043978220694369741e+00 -1.610509744510110863e+00 -1.797357710903108696e+00 -1.876898751707165358e+00 -1.864790679296628007e+00 -1.861914268912196135e+00
-1.609349934501108415e+00 -1.757796370791915308e+00 -1.714341463530198340e+00 -1.881706344072420656e+00 -1.881620186580228893e+00 -1.863342209615962197e+00 -1.873956628452650541e+00
-1.269136494203176868e+00 -1.690345241530261555e+00 -1.952120164258358326e+00 -1.953790055180038898e+00 -1.902896123610076096e+00 -1.865566510106654974e+00 -1.863213600411943283e+00
-1.396580948616042983e+00 -1.711360873691277096e+00 -1.585986548003790020e+00 -1.783622993035411053e+00 -1.827046936830009294e+00 -1.867485028963115079e+00 -1.865277117990159939e+00
-1.581445703807638159e+00 -1.895268076437715887e+00 -1.986256312935151591e+00 -1.800087987601196815e+00 -1.867578005990536028e+00 -1.870770103101460746e+00 -1.860398086587633948e+00
-1.604250171691110616e+00 -1.812814064333295061e+00 -1.822259070290980887e+00 -1.866757621144066404e+00 -1.852192238551588988e+00 -1.866001635782802204e+00 -1.873023525052323279e+00
-1.770075886098602114e+00 -1.870808839091430809e+00 -1.963293001349177169e+00 -1.947525936357812792e+00 -1.917287940647277367e+00 -1.887296145094361055e+00 -1.884634772420966442e+00
-1.632077188262067491e+00 -1.877905868911323495e+00 -1.837031748625105987e+00 -1.780080841548639103e+00 -1.863078250149836412e+00 -1.869553623539389697e+00 -1.878147473993886374e+00
-7.295935953199154111e-01 -1.478046392253138386e+00 -1.937059697243743939e+00 -1.921047296193860943e+00 -1.914406204823672741e+00 -1.881510736492888691e+00 -1.851379526723798241e+00
-1.209240454129678843e+00 -1.190028336681939747e+00 -1.732346913878899386e+00 -1.831521374270021152e+00 -1.884786121268192005e+00 -1.875492511216393599e+00 -1.843705942604797254e+00
-1.699801487572913494e+00 -1.436051957560746217e+00 -1.626724619261646909e+00 -1.878032208016270577e+00 -1.835912982522482917e+00 -1.854302887893075624e+00 -1.873598835316240052e+00
-1.085854371184596712e+00 -1.856570754560000758e+00 -1.901408617000351464e+00 -1.955552017743208859e+00 -1.899692723388738402e+00 -1.878486991362942726e+00 -1.871890100976492777e+00
-1.485083557013564093e+00 -1.777005298296230773e+00 -2.091498820032029471e+00 -2.004367380553092381e+00 -1.892615108642022648e+00 -1.878241396942887942e+00 -1.871316854235550275e+00
-1.613955176932054369e+00 -1.931851715100337152e+00 -1.927525063234206026e+00 -1.948685212659123422e+00 -1.831368813623324154e+00 -1.865295524472974975e+00 -1.850507844678948688e+00
-1.765779635931830294e+00 -1.648607286036248398e+00 -1.848336571955587093e+00 -1.817456251771766507e+00 -1.851031304911026965e+00 -1.833489878919539073e+00 -1.859908422031375297e+00
-1.174801014440443270e+00 -1.849142071913501884e+00 -2.031849441780721133e+00 -2.000148112999828420e+00 -1.887471294211005901e+00 -1.874960833407506744e+00 -1.881653189227034728e+00
-1.443603451219275691e+00 -1.675825710355764997e+00 -1.998317975013805148e+00 -1.975257470011133165e+00 -1.895379006218575135e+00 -1.891118370146149363e+00 -1.855286179551632442e+00
-1.739734660901173458e+00 -1.780773499424120221e+00 -1.842171618293966251e+00 -1.772145480717440602e+00 -1.825938734454730206e+00 -1.842593631563264944e+00 -1.852786594829881395e+00
