(-1.866417143835772+0j)
-1.320215264356035201e+00 -1.447070880017837347e+00 -1.533535553920875927e+00 -1.741752918632527791e+00 -1.881104895888553452e+00 -1.932079184436888530e+00 -1.854960005639688658e+00
-1.164045146760991356e+00 -1.286313411771706328e+00 -1.372252751374998248e+00 -1.667427860521174310e+00 -1.925850226753209160e+00 -1.720890978044699704e+00 -1.871638715985575629e+00
-9.145644696076158375e-01 -1.327278874705203116e+00 -1.684058548749441275e+00 -1.726670455738345211e+00 -1.788922782438696180e+00 -1.943546345892299243e+00 -1.882600382232903824e+00
-1.088653391330621778e+00 -1.097359605049510467e+00 -1.333209622946625927e+00 -1.758643571596792077e+00 -1.770791199420149287e+00 -1.836104432410640364e+00 -1.836549371089238658e+00
-1.128453924772392813e+00 -1.292131215704826808e+00 -1.193625255106353755e+00 -1.712555696064623323e+00 -1.913426050539571044e+00 -1.761102985043097036e+00 -1.882459784276942827e+00
-1.195783231889027576e+00 -1.234032151894645768e+00 -1.386346270220997434e+00 -1.651462367733637970e+00 -1.564663133501644099e+00 -1.817754501829488945e+00 -1.838088917970867708e+00
-1.133613296172043761e+00 -1.601912111904248093e+00 -1.346035892913286292e+00 -1.721430834577038826e+00 -1.420734801967642902e+00 -1.996385198955340501e+00 -1.920208125597385518e+00
-1.171472936949087496e+00 -1.662428484367710624e+00 -1.538547694492254037e+00 -1.463783717126711181e+00 -1.679887533414089251e+00 -1.879899421935551151e+00 -1.942654166601501364e+00
-1.300013937983187207e+00 -1.281603315450218439e+00 -1.461152401836533610e+00 -1.466016092869261378e+00 -1.846590248281658297e+00 -1.874282684802457410e+00 -1.895031598760951175e+00
-1.311104966127458749e+00 -1.143182041809364335e+00 -1.423509006854331460e+00 -1.761742951035390803e+00 -1.546596625090844279e+00 -1.801747857786536899e+00 -1.850800596655343799e+00
-1.350190679525173465e+00 -1.536030150548839623e+00 -1.603976267915653509e+00 -1.708189376918536118e+00 -1.495878116291576188e+00 -1.946476440844725264e+00 -1.823047483581179407e+00
-1.390500614102091248e+00 -1.415457271877810896e+00 -1.527735463596107568e+00 -1.463023552341767619e+00 -1.689719795266157787e+00 -1.963313850543840333e+00 -1.908023201878344954e+00
-9.999519456164986941e-01 -1.492126729188416379e+00 -1.425252667210928914e+00 -1.496180644633064105e+00 -1.672037191288535896e+00 -1.879813791325176231e+00 -1.852357053294613642e+00
-1.375084420641296656e+00 -1.253707170700254503e+00 -1.648594778354274482e+00 -1.678174018596066741e+00 -1.848917400855740079e+00 -1.951649335499182403e+00 -1.879445506780253794e+00
-1.139132133642593248e+00 -1.278182537701480381e+00 -1.553936045615183614e+00 -1.427779145042857856e+00 -1.752090655242374950e+00 -1.851500488909082698e+00 -1.933869286785645514e+00
-1.127540185974343023e+00 -1.308198536586352656e+00 -1.330434343620578108e+00 -1.648524858914126590e+00 -1.656198671014053048e+00 -1.897036827345957022e+00 -1.876324405710273258e+00
-9.468658930060085410e-01 -1.438233273561600800e+00 -1.330687089015703650e+00 -1.764125520406378822e+00 -1.736330668682882328e+00 -1.837088188740535255e+00 -1.933777706140090036e+00
-1.308721951042688403e+00 -1.391937043021742593e+00 -1.742929007467088676e+00 -1.558883069768969953e+00 -1.882600375642758284e+00 -1.949734354895752642e+00 -1.945576181343471323e+00
-1.266604520251656929e+00 -1.473235920443077163e+00 -1.390408150077461880e+00 -1.590667245391874873e+00 -1.597590704104705939e+00 -1.747531217975045070e+00 -1.831072023066513843e+00
-1.119774086311451589e+00 -1.200291470954958584e+00 -1.482294079708448287e+00 -1.491583858077223823e+00 -1.823467891723333789e+00 -1.838681098285549709e+00 -1.828033402731033430e+00
-1.207772026196711757e+00 -1.185124251092015246e+00 -1.388593232228831020e+00 -1.584384882461175259e+00 -1.911719123022995737e+00 -1.940922636247725874e+00 -1.889947118870230591e+00
-1.067710141298758186e+00 -1.296191771221975042e+00 -1.046573401985172458e+00 -1.658992106732227745e+00 -1.713086840178805303e+00 -1.843493793194552310e+00 -1.885314995689110651e+00
-1.159783336645995755e+00 -1.299244509891129828e+00 -1.293733042826975321e+00 -1.639478361212419300e+00 -1.907903155897634928e+00 -1.898934119907147666e+00 -1.868774014899204472e+00
-1.321468337239637414e+00 -1.319614804629182903e+00 -1.368070561663506268e+00 -1.717550915205754425e+00 -1.795490762512940819e+00 -1.952211554447795150e+00 -1.850794999988238487e+00
-1.257100140595005744e+00 -1.279220360050974614e+00 -1.699444969258062432e+00 -1.707847797239755661e+00 -1.658501896880549165e+00 -1.844749887310645153e+00 -1.864381140599831621e+00
-1.250394722046136664e+00 -1.443183322439083760e+00 -1.879977060328595018e+00 -1.452755526690395982e+00 -1.575298370695815020e+00 -1.802704014094282048e+00 -1.831648089458202788e+00
-1.306530089211775492e+00 -1.455618442522445655e+00 -1.612238841150914537e+00 -1.837715369320843228e+00 -1.677312000423022198e+00 -1.926287389167452568e+00 -1.877186997786071121e+00
-1.129643097848875177e+00 -1.191247556569486665e+00 -1.112603733488169544e+00 -1.682933344553608768e+00 -1.670428661760029687e+00 -1.882275373150532172e+00 -1.830423117687627332e+00
-1.195478303181335411e+00 -1.490878070179741721e+00 -1.600626169524998588e+00 -1.884271381682036228e+00 -1.778730952258329001e+00 -1.797682652479368759e+00 -1.943244143325030038e+00
-1.138026854450711278e+00 -1.197576360691370745e+00 -1.618895137304267706e+00 -1.682534007357504802e+00 -1.823061427548385183e+00 -1.815627348859353507e+00 -1.867684425543071569e+00
-1.278880725168671351e+00 -1.052583299290627439e+00 -1.403933918817746651e+00 -1.587198465515719414e+00 -1.857519268771971044e+00 -1.929225055104786923e+00 -1.821540174530709377e+00
-1.259232494025661842e+00 -1.306499562556757255e+00 -1.306812252244540229e+00 -1.670562919975318694e+00 -1.938522037569321954e+00 -1.784776432080421360e+00 -1.874517584837420703e+00
-1.132943958356802616e+00 -1.400200794784012492e+00 -1.369398066692925742e+00 -1.412833595546133525e+00 -1.944388624851972169e+00 -1.884850068200386586e+00 -1.903472888050947498e+00
-1.200843514442571980e+00 -1.425265386306910909e+00 -1.484342766869202190e+00 -1.443574331717355719e+00 -1.658144154373202506e+00 -1.958416695498564675e+00 -1.825185071168281548e+00
-1.311257735558418958e+00 -1.242566438762245706e+00 -1.343066985428464921e+00 -1.432964816925687668e+00 -1.526441040839450647e+00 -1.869816150138300159e+00 -1.880695616664148417e+00
-1.383251896432797334e+00 -1.508500882740393845e+00 -1.509514817002369114e+00 -1.428651751534475434e+00 -1.786887604439837185e+00 -1.831357847436376751e+00 -1.870693149419499823e+00
-1.175898468420527809e+00 -1.632508192923717960e+00 -1.403295387797262261e+00 -1.452267905205820719e+00 -1.730856552199928178e+00 -1.841206356300775004e+00 -1.923758436747083689e+00
-1.303597044567225804e+00 -1.407079094610524272e+00 -1.501940094459437880e+00 -1.554123175912599075e+00 -1.902743460436415290e+00 -1.848908349998641842e+00 -1.911978001377094616e+00
-1.167589831704308523e+00 -1.565604528945640617e+00 -1.681680212614545811e+00 -1.702973897985712970e+00 -1.618333055675119425e+00 -1.872691427310184897e+00 -1.892440505430002862e+00
-1.209451039597885469e+00 -1.169524858585367033e+00 -1.248857108296436813e+00 -1.798603482748479365e+00 -1.762457199448012712e+00 -1.886403820207635640e+00 -1.869805959355206104e+00
-1.301274306363321642e+00 -1.337203203935851015e+00 -1.267238347111139030e+00 -1.393995871535418374e+00 -1.790148689425709705e+00 -1.843349565984525373e+00 -1.834244403200419926e+00
-1.210156388463749844e+00 -1.507523350996003764e+00 -1.529934602460952586e+00 -1.656654811146220041e+00 -1.618337145246222519e+00 -1.916276712941881399e+00 -1.840499752774373388e+00
-1.307096316726687579e+00 -1.261374148473155765e+00 -1.412417518201089628e+00 -1.591756693928414679e+00 -1.673834959430317237e+00 -1.960820752862541205e+00 -1.854732617418943796e+00
-1.362050303745679258e+00 -1.677636870482460685e+00 -1.411254116370920020e+00 -1.607346330648145472e+00 -1.799435450439583306e+00 -1.809455991153460008e+00 -1.905596681756716926e+00
-1.355374668799029125e+00 -1.303397719555966727e+00 -1.308603641665008421e+00 -1.682849218021979842e+00 -1.760891873551723830e+00 -1.964983957456637231e+00 -1.851302371708381855e+00
-1.054205653516244956e+00 -1.536081263137122566e+00 -1.690454725336306696e+00 -1.732193950044067732e+00 -1.857319742127382600e+00 -1.909512777411842777e+00 -1.883929184299125481e+00
-1.332909842616430751e+00 -9.491193052633966065e-01 -1.417783371298385831e+00 -1.567543687243537986e+00 -1.577121450260877467e+00 -1.694813544381966075e+00 -1.863880498424552279e+00
-1.337109508002367608e+00 -1.374325506293693433e+00 -1.555165164303244696e+00 -1.696430066365081313e+00 -1.647351149972132944e+00 -1.898952841753062781e+00 -1.873174134190804807e+00
-1.125536704518809605e+00 -1.226973241368257028e+00 -1.385083298024462950e+00 -1.533240030350670136e+00 -1.537347291978984343e+00 -1.968098755690205870e+00 -1.790006012785301470e+00
-1.191509206442086910e+00 -1.300086328991661988e+00 -1.439025091869434725e+00 -1.392985499879696665e+00 -1.581477071922247291e+00 -1.799977981800961579e+00 -1.804630632093077169e+00
