(-1.866417143835772+0j)
-8.567619593966842029e-01 -1.644245250284127158e+00 -1.703985604352399985e+00 -1.861443694475334087e+00 -1.856672781156602170e+00 -1.844857591332969893e+00 -1.864490421130932551e+00
-1.354650770915817315e+00 -1.732643741433550488e+00 -1.849714124499483692e+00 -1.923054508095710213e+00 -1.816769514959579945e+00 -1.902076047879456944e+00 -1.862253403206763469e+00
-5.894726698604416670e-01 -1.667297531427720747e+00 -1.960024033459367931e+00 -1.827451622605722026e+00 -1.920643796264005942e+00 -1.837695914365707450e+00 -1.855337317447682377e+00
-1.154757384531104325e+00 -1.558399377831133803e+00 -2.085204335923450447e+00 -1.984824141533888531e+00 -1.923700185516849182e+00 -1.834593309264541006e+00 -1.871061416944308498e+00
-8.857459881460734152e-01 -1.695362968921247937e+00 -1.954760842573082247e+00 -1.817436522489357609e+00 -1.850111899804014914e+00 -1.890029918209426008e+00 -1.860858080346113219e+00
-1.501149340239907426e+00 -1.589500922009795980e+00 -1.874053474687303211e+00 -1.789485544311232301e+00 -1.873906149766529028e+00 -1.848280741772216018e+00 -1.861092894641144913e+00
-1.074841306193810464e+00 -1.674703260126507942e+00 -1.866537766924927677e+00 -1.914179336443543988e+00 -1.818725990988674157e+00 -1.838523562183347559e+00 -1.878336597867604318e+00
-1.297295310837953686e+00 -1.679050429359077334e+00 -2.063366645310720671e+00 -1.868213473937288205e+00 -1.861230430458171492e+00 -1.853116535266503107e+00 -1.867519617120612541e+00
-7.839834309291145997e-01 -1.416144548791899327e+00 -1.967908528228907494e+00 -1.898907233281832196e+00 -1.843141492377254664e+00 -1.864722035812313106e+00 -1.871911376829226148e+00
-8.607805549135890688e-01 -1.505432956207287232e+00 -2.097206931161936794e+00 -2.004107306446770487e+00 -1.929124056625046935e+00 -1.881466350994910552e+00 -1.862764103084051825e+00
-1.526828846843861776e+00 -1.417896506727677863e+00 -1.697578295494627909e+00 -1.738951814312680311e+00 -1.886482218963130064e+00 -1.892830368937109764e+00 -1.861524014339698496e+00
-1.382542904670235551e+00 -1.768097619565301315e+00 -1.970607716117216190e+00 -1.886851488828876100e+00 -1.895888637694186807e+00 -1.847269134598461537e+00 -1.863279547995386309e+00
-1.249221732129574880e+00 -1.288529700545305356e+00 -1.910323894034244407e+00 -1.768863603547336627e+00 -1.946715141606573996e+00 -1.825194144358236681e+00 -1.872962493571637133e+00
-1.055042547768819228e+00 -1.398252341247980368e+00 -1.769839201618092606e+00 -1.953568517576453889e+00 -1.825380616453437410e+00 -1.837660710929182706e+00 -1.853070150896580337e+00
-9.344534039563218153e-01 -1.330648894112986591e+00 -1.986048149945141672e+00 -1.778148377212959819e+00 -1.882178785645964192e+00 -1.904617461843857384e+00 -1.868052469078206990e+00
-8.617446197782663297e-01 -1.599163797850567725e+00 -1.909041129501063416e+00 -1.886402802560116276e+00 -1.835787630577003338e+00 -1.880682496806283410e+00 -1.883582387941297842e+00
-9.571698336495298998e-01 -1.623209512343159133e+00 -1.780938030560957230e+00 -1.851586357711039632e+00 -1.871358100777231304e+00 -1.856387744251145611e+00 -1.859138007103339874e+00
-8.902145493991682201e-01 -1.526349606719223040e+00 -1.916863073745087798e+00 -1.872641044672166410e+00 -1.897189359423109511e+00 -1.866088029892263300e+00 -1.867752084528475853e+00
-1.477090613629165494e+00 -1.525097906108064949e+00 -2.009949944710318626e+00 -1.763182944783047157e+00 -1.928883071346463307e+00 -1.888397689204639462e+00 -1.852816841535197545e+00
-1.155553466035521559e+00 -1.568996548874343588e+00 -1.869766560402806199e+00 -1.841486566397601665e+00 -1.889875926458476352e+00 -1.866767529245223045e+00 -1.854979125756759384e+00
-1.423875568305981831e+00 -1.445003300498223453e+00 -1.958025488751179433e+00 -1.900771761059452336e+00 -1.837294405412451370e+00 -1.853481131039160346e+00 -1.871634220852980146e+00
-1.443220091762187574e+00 -1.656177798911242505e+00 -1.897909773229241592e+00 -1.865738826706646147e+00 -1.885346225002296316e+00 -1.893026670756758900e+00 -1.859318730372089057e+00
-1.491450196132666717e+00 -1.481008497804935375e+00 -1.996143376685335369e+00 -2.045706729413061531e+00 -1.810805672296330160e+00 -1.853632257846004716e+00 -1.871244006935353310e+00
-1.337382014127888041e+00 -1.811447516079535802e+00 -1.636067607755083086e+00 -1.874252966000620635e+00 -1.930182311664772055e+00 -1.851955066858732568e+00 -1.850235555594332837e+00
-9.712122107323866160e-01 -1.605566190158143058e+00 -1.903237972819730617e+00 -1.821390373227959714e+00 -1.853905045058501955e+00 -1.871168822452686564e+00 -1.855101090547000009e+00
-1.444244523876374142e+00 -1.341934737249668164e+00 -1.716549314895340128e+00 -1.927968153023489339e+00 -1.797043421688384601e+00 -1.857230166846271846e+00 -1.874152959134963492e+00
-1.209373514249161952e+00 -1.452662456926493650e+00 -1.718585387992297875e+00 -1.814016444265463823e+00 -1.904896761958298823e+00 -1.859673513067411577e+00 -1.871308500816582843e+00
-1.444678692223509309e+00 -1.628741205429393935e+00 -1.837370549463382741e+00 -1.831863302972195573e+00 -1.839781034185799191e+00 -1.864026709156278994e+00 -1.878198992756561214e+00
-1.045425746518743093e+00 -1.645248916507960901e+00 -1.828392444425546159e+00 -1.916412643073418298e+00 -1.872474145963341163e+00 -1.874158187290051458e+00 -1.872111156485127159e+00
-1.587552815840146625e+00 -1.689679297919553180e+00 -1.832284107433030718e+00 -1.870099739401845262e+00 -1.851508262855389164e+00 -1.869716655143486728e+00 -1.880614710928503186e+00
-1.090424714766922598e+00 -1.388536533911751469e+00 -1.730109161971459031e+00 -1.792414948740160163e+00 -1.838175177395970472e+00 -1.857714215420448234e+00 -1.851552043817688453e+00
-1.627194440625984395e+00 -1.256370523609767309e+00 -1.766065656184738319e+00 -1.951299818129355934e+00 -1.914745402197081781e+00 -1.836217734090133780e+00 -1.868738399318726540e+00
-7.978853695688177261e-01 -1.543395758097786619e+00 -1.809376919653731930e+00 -1.805309935074283390e+00 -1.863197450004153932e+00 -1.846518592849003104e+00 -1.867548308477373631e+00
-9.883569195884581715e-01 -1.687392433155816107e+00 -1.689977219536522135e+00 -1.782755498686793727e+00 -1.895817687735765311e+00 -1.864206136389320978e+00 -1.861583960673062865e+00
-9.422055821742381099e-01 -1.737302632866163599e+00 -1.998554537719322344e+00 -1.831916706796404171e+00 -1.807755901025040357e+00 -1.867024945165984828e+00 -1.863289359609388463e+00
-1.145978458221537544e+00 -1.655001975983374507e+00 -1.913401563816889750e+00 -1.798205780053148128e+00 -1.877098647433143253e+00 -1.875610651517798377e+00 -1.866418385241943589e+00
-1.530863405896535134e+00 -1.307106120283503037e+00 -1.858487969108749027e+00 -1.804157193342360799e+00 -1.871710377995281949e+00 -1.869526605907333661e+00 -1.867512260118116441e+00
-1.223212742771766059e+00 -1.766246213640024099e+00 -1.830243134701074137e+00 -1.817227108654711154e+00 -1.902526832671468826e+00 -1.859743517198793050e+00 -1.855947400860747720e+00
-1.533101972909880262e+00 -1.739780704154077373e+00 -1.836316395993271566e+00 -1.895533860507087498e+00 -1.841029623916252245e+00 -1.857704485025397645e+00 -1.862448110827305658e+00
-1.221971712853434866e+00 -1.646853170014399126e+00 -1.888327398063942120e+00 -1.958041189473597843e+00 -1.858206702584062286e+00 -1.866904131825188662e+00 -1.872529433317318137e+00
-1.102550151881353413e+00 -1.565677126850700152e+00 -1.739081813999350690e+00 -1.871548741462189192e+00 -1.877034587038251878e+00 -1.836835905992805884e+00 -1.879003167753892978e+00
-1.364520176830899656e+00 -1.605027476859708591e+00 -1.782114255003173664e+00 -1.810481290338641802e+00 -1.902573965507664999e+00 -1.834436701850040041e+00 -1.880704486916142448e+00
-1.282693838338868630e+00 -1.417634772006871824e+00 -1.775648683456122479e+00 -1.874162528552163032e+00 -1.870108506846886343e+00 -1.853354572885077101e+00 -1.850964206726460448e+00
-1.368128641947739421e+00 -1.588515825293411066e+00 -1.974770041132956955e+00 -1.804091615013074579e+00 -1.828902767513801653e+00 -1.861487796794089267e+00 -1.885661850416513019e+00
-1.281139596709786721e+00 -1.650581358465190274e+00 -1.817919916229221666e+00 -1.895977510657099296e+00 -1.861563559571412174e+00 -1.886438659948996843e+00 -1.864813322162579334e+00
-9.886651462336054630e-01 -1.423605819843438702e+00 -1.901866240693198762e+00 -1.804042476208597368e+00 -1.852432710189975573e+00 -1.911564980506646361e+00 -1.882787819759069503e+00
-1.224366923434601073e+00 -1.705028407914336519e+00 -1.991392060053484903e+00 -1.886052961494350200e+00 -1.866378664472839510e+00 -1.835750223156065619e+00 -1.871996371239658785e+00
-1.214613285048071756e+00 -1.542655339779343882e+00 -1.888995334323110509e+00 -1.932175280010052232e+00 -1.929955915307842051e+00 -1.828371126868594931e+00 -1.878077985117622362e+00
-1.380473679250155516e+00 -1.326474753264923256e+00 -1.930955258141152653e+00 -1.916576523870166193e+00 -1.919603175998978006e+00 -1.881278058645184936e+00 -1.882504681677222180e+00
-1.369851219797595610e+00 -1.803466877987365047e+00 -2.046279813553261384e+00 -1.786436720197068784e+00 -1.814645479156929531e+00 -1.850394376455002377e+00 -1.862839454058903055e+00
