(-1.897780645989873+0j)
-1.464481739663349380e+00 -2.054723555622673281e+00 -2.164232536422074027e+00 -1.965695061972748459e+00 -1.867889341023857730e+00 -1.878079102960013458e+00 -1.900886021241344537e+00
-1.362542814305555794e+00 -1.923980129807573158e+00 -1.793943925194107392e+00 -1.853196427098509513e+00 -1.873360874255986630e+00 -1.875503404553038544e+00 -1.878524401945008249e+00
-1.456441523105704849e+00 -1.818800113437853749e+00 -1.823207563174845003e+00 -1.925902424657930379e+00 -1.893316939914021724e+00 -1.908921753641188879e+00 -1.912711821055880002e+00
-1.383655008433101186e+00 -1.765083184017188112e+00 -1.924713644005123792e+00 -1.906779602130444395e+00 -1.846396391038536589e+00 -1.888383974195380510e+00 -1.880124569162777703e+00
-1.713028378472510216e+00 -1.580762760597557381e+00 -1.922994342621589192e+00 -1.928526126116239414e+00 -1.946694678063100481e+00 -1.936131608906672685e+00 -1.915258662235350018e+00
-1.879019653454603533e+00 -1.867274548632393616e+00 -1.878549432628703997e+00 -1.901180182174854183e+00 -1.916179617231317023e+00 -1.894351478274108880e+00 -1.899091329760967506e+00
-1.801508284693140505e+00 -1.597180462214681462e+00 -1.924272705061118582e+00 -1.942865002771245742e+00 -1.881911504113825018e+00 -1.893102144530764308e+00 -1.895570930586696123e+00
-1.574336601982293526e+00 -1.830685178741300989e+00 -1.961171413266139973e+00 -1.855380671030075090e+00 -1.898926465334390912e+00 -1.870149341854370428e+00 -1.884586835048201792e+00
-1.587941017472465521e+00 -1.937477654637818514e+00 -2.092836551680182566e+00 -1.955716227097305193e+00 -1.930506315550879703e+00 -1.913804268818787069e+00 -1.898456066149958987e+00
-1.629949428237532638e+00 -1.770596520357200276e+00 -1.791304986117079778e+00 -1.824706167753093133e+00 -1.907089233931419825e+00 -1.892230661387167778e+00 -1.900733831894425130e+00
-1.493173275543603129e+00 -1.583885185874936097e+00 -1.643737934061450634e+00 -1.681623709319660875e+00 -1.850447697870523989e+00 -1.904711708694553529e+00 -1.907737906590685650e+00
-1.629857859280886334e+00 -1.872184946141488338e+00 -1.786584140692430100e+00 -1.942223381973472218e+00 -1.923999470736699857e+00 -1.882697165160484465e+00 -1.887190657918073944e+00
-1.795647327620552458e+00 -1.864588950490765340e+00 -1.899538004159825100e+00 -1.812191420668981978e+00 -1.872039316400703868e+00 -1.854466071235586266e+00 -1.883986319446176116e+00
-1.426806092715269259e+00 -1.745872823808826801e+00 -1.901785868808684832e+00 -1.900608356099348972e+00 -1.897358822323593319e+00 -1.882911540195631783e+00 -1.890701268742498886e+00
-1.553605216387508259e+00 -1.652219932531340252e+00 -1.899788358477639827e+00 -1.974622795451834278e+00 -1.922332151034515713e+00 -1.906263531040231385e+00 -1.896675675853954912e+00
-1.456060215198593966e+00 -1.621502377884032509e+00 -1.679623164200643615e+00 -1.888369499154916697e+00 -1.888838873864687518e+00 -1.901721796767144923e+00 -1.904237885521113727e+00
-1.625294927719579174e+00 -1.864600860925010206e+00 -2.038370075605577370e+00 -1.924478129200786203e+00 -1.877799995862512228e+00 -1.863061819153431609e+00 -1.876665741161548162e+00
-1.620705999730321256e+00 -1.747503846060545207e+00 -1.709113994846984230e+00 -1.851293669457422020e+00 -1.899112393532372378e+00 -1.916737054642696947e+00 -1.896600419108008140e+00
-1.618413850361324569e+00 -1.654589827124047119e+00 -1.812653672366880908e+00 -1.861952899716013965e+00 -1.902360069771091622e+00 -1.879997160038725523e+00 -1.899730977622416495e+00
-1.774128194083457899e+00 -1.753882322673625538e+00 -1.798334945123662543e+00 -1.876452331670537044e+00 -1.918966159464770893e+00 -1.899884391862571631e+00 -1.899322060546179580e+00
-1.006828031662306167e+00 -1.334825946547268494e+00 -1.822618575363343041e+00 -1.816725051663286461e+00 -1.818841145242617863e+00 -1.860075985775265117e+00 -1.885723173518103479e+00
-1.770706266630903247e+00 -1.822899041311574209e+00 -1.847377530778948840e+00 -1.854352986146544202e+00 -1.873757545664348712e+00 -1.906142649501907371e+00 -1.895703587673303492e+00
-1.741732454709430389e+00 -1.717418434536778893e+00 -1.995587929777223213e+00 -1.905840513135146796e+00 -1.930734082438521515e+00 -1.873847027656839082e+00 -1.888578673599118130e+00
-1.329610903099070152e+00 -1.570075488978245559e+00 -1.833545278012662427e+00 -1.910204905827768362e+00 -1.908768115232001517e+00 -1.927969558580543197e+00 -1.896676773743676936e+00
-1.767249376368636771e+00 -1.751797906256051807e+00 -1.774154397539734473e+00 -1.866443115840839440e+00 -1.866674577908310040e+00 -1.891461317760415817e+00 -1.885320935708446610e+00
-1.669488273927468125e+00 -1.759140800809296579e+00 -1.946999797569243018e+00 -1.892452020544684643e+00 -1.879910625752468256e+00 -1.884517019020638617e+00 -1.891540538400390270e+00
-1.412212226006366311e+00 -1.653430045359214562e+00 -1.672526359249019823e+00 -1.858880313806607676e+00 -1.870759299349660676e+00 -1.897003322287222904e+00 -1.899803005151082136e+00
-1.832500122514551189e+00 -1.996460392125164907e+00 -1.848327070016846596e+00 -1.828855150422414866e+00 -1.884033723431918661e+00 -1.906326813756597405e+00 -1.894624063234819467e+00
-1.569441259632829322e+00 -1.728330144408328328e+00 -1.855439742355744492e+00 -1.898826983064747731e+00 -1.890405882703565243e+00 -1.886401358764544067e+00 -1.885399182494412962e+00
-1.565387953704613588e+00 -1.719732151013517063e+00 -1.946537898585577908e+00 -1.877765729287815155e+00 -1.925296991699372740e+00 -1.912255850257116307e+00 -1.902794113452929814e+00
-1.583830657145421927e+00 -1.880517625790096403e+00 -1.828924944679264364e+00 -1.894147573939087614e+00 -1.937996300068246081e+00 -1.917127779060991744e+00 -1.897047382737829135e+00
-1.901929719392036588e+00 -1.634391080192250989e+00 -1.857448377216012414e+00 -1.902796645222166738e+00 -1.940255058166461488e+00 -1.925461022896230112e+00 -1.908133593374027104e+00
-1.777456187682273425e+00 -2.018270528988060697e+00 -1.706399538375957592e+00 -1.958051523774279268e+00 -1.896254404372010427e+00 -1.922372164410557138e+00 -1.907032722179702988e+00
-1.970184128602109119e+00 -2.063044931283545047e+00 -2.077061120571737085e+00 -1.848711635109226759e+00 -1.858310766346878751e+00 -1.909740834045511759e+00 -1.892572822609995153e+00
-1.213034866699037373e+00 -1.530007818532173047e+00 -1.893341457702850672e+00 -1.812202947469026437e+00 -1.814732731904753260e+00 -1.872614891669692527e+00 -1.884930010946581636e+00
-1.932032632888628365e+00 -1.857374473887055455e+00 -1.877060417154075012e+00 -1.822293475904031901e+00 -1.902147202775823720e+00 -1.899656510999052195e+00 -1.903827522204735168e+00
-1.565996784048225843e+00 -1.979396474679438800e+00 -1.917868595732728609e+00 -1.945963320669091834e+00 -1.893234434697339541e+00 -1.893720494112246744e+00 -1.888806167508330969e+00
-1.787280571761014514e+00 -1.987994343889598614e+00 -1.969317105674271318e+00 -1.936608397426470729e+00 -1.966210248606700794e+00 -1.885828108938525371e+00 -1.891274816834223493e+00
-1.471504096008472207e+00 -1.821077870064187643e+00 -1.876250689199944865e+00 -1.815619020078641288e+00 -1.890328738649747597e+00 -1.901143402405329974e+00 -1.901692774102462069e+00
-1.634920119024746210e+00 -1.780634763414742139e+00 -2.023785386416995458e+00 -1.974770268084796276e+00 -1.883767820688627026e+00 -1.889936135161248032e+00 -1.906960721188455388e+00
-1.628145347305355095e+00 -1.543741936181095786e+00 -1.949552972004457763e+00 -1.949444391555424705e+00 -1.956770390309557683e+00 -1.890063906816328076e+00 -1.900536996311514626e+00
-1.333048223291016576e+00 -1.804073858860952839e+00 -1.980726186532954403e+00 -2.007288820694582920e+00 -1.977774880996309381e+00 -1.910423495027901097e+00 -1.905429398995978518e+00
-8.940329641721471710e-01 -1.488662748967714444e+00 -1.880556027256128582e+00 -1.883320808913153899e+00 -1.920200424977053455e+00 -1.903197847209526339e+00 -1.899916463960140245e+00
-1.589181190173044156e+00 -1.975438392526118747e+00 -2.064385355529474442e+00 -1.958431220522401262e+00 -1.900364182816987491e+00 -1.886962810486082720e+00 -1.901341890304084181e+00
-1.462508141760517244e+00 -1.757846822459537606e+00 -1.875176977451460392e+00 -1.894534983710877363e+00 -1.929108000065413941e+00 -1.929810653132578047e+00 -1.909430610921559079e+00
-1.360853749162865167e+00 -1.807403969701959268e+00 -1.862578183546823585e+00 -1.861132320518453120e+00 -1.903051282841750957e+00 -1.885542910279959017e+00 -1.891776106382910161e+00
-1.539747619345464447e+00 -1.613202895928081970e+00 -1.671975369491254249e+00 -1.895914623529236787e+00 -1.923940540953867462e+00 -1.907086473720116304e+00 -1.905990055644627645e+00
-1.214886176490580061e+00 -1.587265608884370849e+00 -1.835787285335702901e+00 -1.905157072088754955e+00 -1.868418362409892231e+00 -1.906460182744685650e+00 -1.901893268448353158e+00
-1.497491104778076565e+00 -1.622993456696240955e+00 -2.109160160381111204e+00 -2.080548364106116210e+00 -1.897880590099365605e+00 -1.907998310799125186e+00 -1.902792871795909058e+00
-1.873412007520992129e+00 -1.598477935000048422e+00 -2.072491741589655767e+00 -2.023529927853226162e+00 -1.928940691410549801e+00 -1.891301430043049958e+00 -1.909663414592395858e+00
