(-1.897780645989873+0j)
-1.670731000311287184e+00 -2.061293293251248215e+00 -2.051324843530606401e+00 -1.873588850128711236e+00 -1.921788518499129017e+00 -1.892785347458533440e+00 -1.908589296299058935e+00
-1.744911198908746464e+00 -2.355262037089665306e+00 -1.895283285056893252e+00 -2.012955890040522000e+00 -1.848250207183814497e+00 -1.905505846888242649e+00 -1.903875016818609378e+00
-1.642738181061199176e+00 -1.769987680876361935e+00 -2.041061380522241286e+00 -1.919217109426269552e+00 -1.942644851948605478e+00 -1.904885891899849248e+00 -1.891631181836309183e+00
-1.161909882534559735e+00 -1.713993337888158441e+00 -1.886041115777673083e+00 -1.855527449412985419e+00 -1.925963429136544169e+00 -1.902379370735584496e+00 -1.906365336097030516e+00
-1.725062830742047248e+00 -1.492466767889719215e+00 -1.750181027542806245e+00 -1.840947631572309895e+00 -1.923050896964205503e+00 -1.898825306578405092e+00 -1.865296820787492482e+00
-8.562123861562027649e-01 -1.606238028105018145e+00 -1.760774897815640117e+00 -1.785148153000435833e+00 -1.980338913173711024e+00 -1.888457222255778500e+00 -1.897969088292165152e+00
-1.409356116603933451e+00 -1.997564599574303212e+00 -1.867801707358258900e+00 -1.908965265263519395e+00 -1.823037992720998313e+00 -1.906827699218721417e+00 -1.894894004429241718e+00
-1.607481034892200622e+00 -2.209651068562965115e+00 -1.830314132952101991e+00 -1.867713404692581847e+00 -1.980232288402111962e+00 -1.910218944157119791e+00 -1.893423521466682580e+00
-1.316262316801404042e+00 -2.071292287878463867e+00 -1.886715654913130091e+00 -1.987956071741877828e+00 -1.928996771765873808e+00 -1.888059065360038868e+00 -1.892564714261519399e+00
-7.989807273087756734e-01 -1.951343721545239607e+00 -1.920530370633324324e+00 -2.020844885881248665e+00 -1.887772178072585127e+00 -1.916918680432028399e+00 -1.916546097628621492e+00
-1.648683949916413649e+00 -1.936051065987703268e+00 -1.979354496820777909e+00 -1.773888690115801303e+00 -1.838493338940442978e+00 -1.925499961830893225e+00 -1.896609555273746306e+00
-1.786484609609306773e+00 -1.756130629194233794e+00 -1.777035458111396959e+00 -2.082789499769874819e+00 -1.926855805720202985e+00 -1.922630059895295673e+00 -1.889796970646792973e+00
-1.225072791975762909e+00 -1.889439143528864662e+00 -2.170063231644146828e+00 -1.942848550016297970e+00 -1.926763277456575274e+00 -1.921683996724295573e+00 -1.886715065048169215e+00
-1.388357430823078165e+00 -2.275127895378564080e+00 -1.871546765675386581e+00 -1.815265037028222839e+00 -1.915152520903451450e+00 -1.896516155427009576e+00 -1.902270618059092477e+00
-1.279542002886524088e+00 -2.099542404157694442e+00 -1.694260125729464050e+00 -1.856345025016586936e+00 -1.951686651729099164e+00 -1.865961544119021376e+00 -1.900071454273778215e+00
-1.922889442846578589e+00 -1.807705724277584469e+00 -1.933457467433821408e+00 -1.984235171191756963e+00 -1.879705760243926882e+00 -1.895147298894383159e+00 -1.904429644437796831e+00
-1.814398072201552914e+00 -1.612587563716948225e+00 -1.692059226204067013e+00 -1.872208560725014515e+00 -1.868382409169954128e+00 -1.898410645535250740e+00 -1.907041412614461917e+00
-1.844471222513179853e+00 -2.131137795328575724e+00 -2.185010247064368194e+00 -1.821794503706952728e+00 -1.926843096278698653e+00 -1.855707681034631573e+00 -1.896011311559431700e+00
-1.329867075619790562e+00 -1.637758719807304253e+00 -2.018934514013816184e+00 -1.898879188168081988e+00 -1.858744368339601882e+00 -1.879507216348217824e+00 -1.887545073723946309e+00
-1.345166600693342041e+00 -1.635556723770241971e+00 -1.837331414444717481e+00 -1.870005189446490412e+00 -1.842628874771645497e+00 -1.906722944182568602e+00 -1.912696754924329667e+00
-1.830649383838341748e+00 -1.974407041289384157e+00 -1.834926418809795345e+00 -1.902740595928000378e+00 -1.926412007794576997e+00 -1.928611513162105329e+00 -1.896075770330024612e+00
-1.292958895381836504e+00 -2.053145792406125381e+00 -1.993550606467759945e+00 -2.069785330898064935e+00 -1.878047745744790831e+00 -1.913180072593911873e+00 -1.898055418785267401e+00
-1.418509226193344741e+00 -2.002065315667103995e+00 -1.615572367198518267e+00 -1.979037143140194743e+00 -1.892640092731346479e+00 -1.910986053214161151e+00 -1.867416672476071238e+00
-1.728251587314018289e+00 -2.254125827568783880e+00 -1.747099283295176164e+00 -1.784036218733513923e+00 -1.965547827854437823e+00 -1.911459695196001896e+00 -1.883894709248066679e+00
-1.449178691733467916e+00 -2.205537833444980222e+00 -2.142499877712140233e+00 -1.811608114345311105e+00 -1.932237643332381571e+00 -1.891114371928280358e+00 -1.887694307062247390e+00
-1.354300383411153774e+00 -1.491874985777003948e+00 -1.828061382996570616e+00 -1.847699420982751306e+00 -1.930046614900623680e+00 -1.856653303472385108e+00 -1.892231012388619682e+00
-1.681084451741170049e+00 -1.592388463492635298e+00 -1.898105554772002490e+00 -1.883800316245592743e+00 -1.940363537691830009e+00 -1.884142576276812919e+00 -1.910671173450810167e+00
-1.269026108557130827e+00 -2.222022637186978233e+00 -1.940113907776154889e+00 -1.851866271263478136e+00 -1.877561549509169758e+00 -1.928180957849883637e+00 -1.898075814655714399e+00
-1.901062569970424443e+00 -1.753584372347226417e+00 -1.896344555415491850e+00 -1.886580798872054654e+00 -1.860043040891597776e+00 -1.910659423156378489e+00 -1.908238335183638279e+00
-1.695717724072999477e+00 -1.933938354968769868e+00 -1.698873438700594818e+00 -2.002913068650896022e+00 -1.915004885368101206e+00 -1.884585409312180992e+00 -1.892509756292861667e+00
-1.441591047784790858e+00 -1.711952571330981332e+00 -2.036606111330377722e+00 -1.937806251547532943e+00 -1.926011939319011601e+00 -1.936456448016753207e+00 -1.902435042141939814e+00
-1.487406458174614254e+00 -1.813554701790514700e+00 -2.027498316837134773e+00 -1.916412789047526877e+00 -1.910223518845030277e+00 -1.902657001731628883e+00 -1.907265545020520703e+00
-9.668485194332344657e-01 -1.730491114672470410e+00 -1.905775741122070155e+00 -1.772804391095883947e+00 -1.840486415387083907e+00 -1.902665488816194017e+00 -1.880074704874573399e+00
-1.556115074151527500e+00 -1.563543836987849822e+00 -1.785376597947128552e+00 -1.875653081087408136e+00 -1.884042250021082943e+00 -1.881706802264992096e+00 -1.903439311605128470e+00
-1.279826817805771899e+00 -2.055514974400407091e+00 -1.778924218582977668e+00 -1.919757071355332911e+00 -1.956603557070417665e+00 -1.946093089927359410e+00 -1.898824508824499713e+00
-1.868328179728151905e+00 -1.790139602157175380e+00 -1.884591351033209072e+00 -1.860272643382637092e+00 -1.885317839943197571e+00 -1.882067982664016537e+00 -1.893620117812854442e+00
-1.587761767656716616e+00 -1.868561091506532712e+00 -1.714466293648331474e+00 -1.955364604281367491e+00 -1.851992995470725267e+00 -1.911680055213613283e+00 -1.897156178100967816e+00
-1.295287025929326319e+00 -1.488295969873685287e+00 -1.851314560171225976e+00 -1.891138924380287190e+00 -1.899502066057100258e+00 -1.929039830539428735e+00 -1.880456760085290391e+00
-1.917117361425906719e+00 -2.052077730898940633e+00 -1.807927397311959172e+00 -1.915460302749365074e+00 -1.866148923213100996e+00 -1.910786941746953405e+00 -1.909401938220144146e+00
-1.414282251282236169e+00 -2.170279142035044906e+00 -1.835108192471250232e+00 -1.732855168136955726e+00 -1.915095606805243156e+00 -1.917923430728211365e+00 -1.895996325404988303e+00
-1.781473584998298110e+00 -2.338699233531623456e+00 -1.945376160526007148e+00 -1.927781227976983036e+00 -1.860911187381311116e+00 -1.904805219669585492e+00 -1.892140900822944616e+00
-1.794837820879004120e+00 -2.215746181816118821e+00 -1.905198438019480189e+00 -1.899038558349119832e+00 -1.947053262157086628e+00 -1.876395990910943556e+00 -1.888093696581436554e+00
-1.296610496335388607e+00 -1.921799843049529333e+00 -1.854406683921095977e+00 -1.798939123411971375e+00 -1.837820856816533066e+00 -1.900878073178469796e+00 -1.906163737305967665e+00
-1.691677614491835069e+00 -1.959563882502279863e+00 -2.246443618245089535e+00 -1.839472226353075168e+00 -1.921061491037209024e+00 -1.882722549324181704e+00 -1.894300940229785679e+00
-1.513655586745851878e+00 -1.853062531953973080e+00 -1.891005633329243985e+00 -1.956460203113988605e+00 -1.966813191403811834e+00 -1.915376784912368624e+00 -1.881596046249582210e+00
-1.633535386096954811e+00 -1.998597313046474921e+00 -1.940139673647982788e+00 -1.872699670755725299e+00 -1.909911351150764380e+00 -1.859432583882793866e+00 -1.901596463942125670e+00
-1.597633233943563269e+00 -1.780436560361421172e+00 -1.881034763426817857e+00 -1.931465648069344621e+00 -1.900106792555918300e+00 -1.918601676359326991e+00 -1.905797304520364444e+00
-2.063627016914729939e+00 -1.974455043865122716e+00 -1.952693830012488085e+00 -1.811565662449394321e+00 -1.917552227792835851e+00 -1.886285482392286550e+00 -1.892353296234506210e+00
-1.491769514799185625e+00 -2.158997109971230621e+00 -1.624898630044746328e+00 -1.938295414971026087e+00 -1.890743489881984374e+00 -1.913889307321332556e+00 -1.891737464381120448e+00
-1.599074024882958245e+00 -2.129372775566475973e+00 -1.869715708729370096e+00 -1.723639667365437500e+00 -1.892367438468678165e+00 -1.859902536180228161e+00 -1.898942346676447901e+00
