(-1.897780645989873+0j)
-8.129479786155138221e-01 -1.489092115087349733e+00 -1.572292806510819929e+00 -1.550427213213975364e+00 -1.728554618119362285e+00 -1.946610480646989050e+00 -1.855197776220866457e+00
-6.666157243702526269e-01 -1.583493992141462137e+00 -1.337105114519118398e+00 -1.623181623212369917e+00 -1.846142967508060284e+00 -1.858107619146041944e+00 -1.857234502615550342e+00
-1.256617895559532183e+00 -1.698801098751972827e+00 -1.590495659924352712e+00 -1.805239975007120190e+00 -1.791727235730470102e+00 -1.905950551234005141e+00 -1.898542718130689089e+00
-1.138754720248470464e+00 -1.506008999668359660e+00 -1.703969932107719742e+00 -1.786322416802636370e+00 -1.883869143481902819e+00 -1.797300250671233890e+00 -1.898801737956986813e+00
-9.812681193553159931e-01 -1.721504098853518849e+00 -1.867914555387737874e+00 -1.859421990298273819e+00 -1.827830336508658782e+00 -1.891365789366611372e+00 -1.918747129700361986e+00
-1.546516857998567307e+00 -1.552740614255846197e+00 -1.745678746707209683e+00 -1.631743805314220808e+00 -1.751662457466609979e+00 -1.954745808687182507e+00 -1.850949376287651438e+00
-1.100030930689586350e+00 -1.491998589312562906e+00 -1.736610377970235319e+00 -1.604764048987299629e+00 -1.799293276127745367e+00 -1.789538195972335544e+00 -1.859727642795873770e+00
-9.511237632672963072e-01 -1.445435742160762871e+00 -1.458350335704233780e+00 -1.553463223589190978e+00 -1.977153057920465251e+00 -1.872608129477598915e+00 -1.928624709612561272e+00
-1.461745903885509845e+00 -1.593091739450004596e+00 -1.555440937163371062e+00 -1.741107008947009760e+00 -1.750935252735378755e+00 -1.930482727113493890e+00 -1.874620508070415692e+00
-1.187663130574902581e+00 -1.536380465121726102e+00 -1.382022142508038343e+00 -1.532330153228958602e+00 -1.789289695576891548e+00 -1.897419376240442546e+00 -1.969597374411721891e+00
-9.151761232464704632e-01 -1.392398639091090073e+00 -1.690142716451367821e+00 -1.465679595856717476e+00 -1.789032491364572319e+00 -1.794381339110061591e+00 -1.937156087860020026e+00
-1.050632819844082633e+00 -1.384059558177663796e+00 -1.532260775813244047e+00 -1.960815031963301092e+00 -1.929561767425037377e+00 -1.975881600619701750e+00 -1.856990429456403469e+00
-1.594457210615211062e+00 -1.733065838301437012e+00 -1.661743124334666089e+00 -1.745990098312223626e+00 -1.866889650355968655e+00 -2.001431192214180754e+00 -1.926095764755546336e+00
-1.108828713970328339e+00 -1.295962699273381702e+00 -1.564693907520942506e+00 -1.571452631773277098e+00 -2.015601136178299946e+00 -2.007400855424174235e+00 -1.864255194088946466e+00
-1.230581494627297268e+00 -1.203542471117714285e+00 -1.299815500143044256e+00 -1.805251170710166608e+00 -1.916621717587449591e+00 -1.995640116980978984e+00 -1.857404658678307285e+00
-9.935145112327938843e-01 -1.357326146072240558e+00 -1.583133631245264183e+00 -1.818976889622309079e+00 -1.875226292598088484e+00 -2.006091486936480983e+00 -1.942576535539268789e+00
-7.595454934516451262e-01 -1.360104254110134470e+00 -1.526213883692663975e+00 -1.864719420405549055e+00 -1.793434049453310308e+00 -1.803595565971966019e+00 -1.890983989223561590e+00
-1.061549242090257250e+00 -1.190578290904530823e+00 -1.358346658940932983e+00 -1.623659265881447933e+00 -1.693287777741950606e+00 -1.985821965992020655e+00 -1.897401168750334932e+00
-1.137035311626208856e+00 -1.460559605870623390e+00 -1.667913249129737707e+00 -1.728448168610245972e+00 -1.722150118033328514e+00 -1.935902045625610635e+00 -1.894880222257719016e+00
-8.746566381372424814e-01 -1.608346575244756549e+00 -1.335712427206206865e+00 -1.401065906933836036e+00 -1.858849056697726709e+00 -1.781341702269715777e+00 -1.917051389756125435e+00
-9.428741781456755344e-01 -1.456989365603449604e+00 -1.450311220677984236e+00 -1.625864259924814093e+00 -1.786735008764964494e+00 -1.957932952187331654e+00 -1.855570449974277114e+00
-1.054483437756357445e+00 -1.578896578648791849e+00 -1.372971486186898016e+00 -1.669613053501896704e+00 -1.800433653096310094e+00 -1.889710516831741627e+00 -1.912085035988319248e+00
-9.131195121001784987e-01 -1.314737791796142918e+00 -1.522109504240007460e+00 -1.381023512623393401e+00 -1.762841949586809953e+00 -1.941224528319862142e+00 -1.933583811151580623e+00
-1.066636310602207871e+00 -1.164298235640329304e+00 -1.722944727812899313e+00 -1.690287565616827692e+00 -1.819180408010373284e+00 -1.904548774938419342e+00 -1.869040379814581598e+00
-1.588392377260016142e+00 -1.591210514188859282e+00 -1.523168375065424796e+00 -1.766049839547250588e+00 -1.766069600913435345e+00 -1.918666877184538100e+00 -1.898414193309062581e+00
-1.334358033859910364e+00 -1.604200315536855825e+00 -1.537791603717654887e+00 -1.696368463645088198e+00 -1.679469136515768568e+00 -1.853776702949978095e+00 -1.885599791471216147e+00
-1.510695322869595847e+00 -1.101060536265501710e+00 -1.227650450141600347e+00 -1.847836661898410782e+00 -1.656979350951475416e+00 -1.898885894691023424e+00 -1.937507498116435078e+00
-1.032155203192496984e+00 -1.511663152548879951e+00 -1.406575616611513091e+00 -1.775284564033968060e+00 -1.954130403697244667e+00 -1.863876515307468118e+00 -1.960061284582843122e+00
-1.368002804711256015e+00 -1.420273771239717764e+00 -1.568793647089949506e+00 -1.509566452830223948e+00 -1.800515337234961155e+00 -1.944478367857975787e+00 -1.892821863645161473e+00
-7.984960927620639026e-01 -1.417378317488437123e+00 -1.215341340477883891e+00 -1.718000566373666826e+00 -2.027430218203013279e+00 -1.925514005368546222e+00 -1.896993370710757798e+00
-1.494201004293500779e+00 -1.467405507608112281e+00 -1.586044569187015973e+00 -1.506736221824052979e+00 -1.717501409127314194e+00 -1.884987857236282149e+00 -1.884874858254832031e+00
-9.700907602716639655e-01 -1.278674627025852661e+00 -1.579359473849215822e+00 -1.551450139729104727e+00 -1.869703487771950723e+00 -1.934352642351610196e+00 -1.907086123436832814e+00
-1.139819857742058629e+00 -1.303604238782019475e+00 -1.303095055408270309e+00 -1.900145686146403001e+00 -1.922471282641815105e+00 -1.953768649299094662e+00 -1.860207219540532142e+00
-1.235828513039117782e+00 -1.367866556023348501e+00 -1.698109605472269523e+00 -1.813578677289107821e+00 -1.855742377629458151e+00 -1.881797903396547955e+00 -1.915855310524917421e+00
-1.170255396407219983e+00 -1.151766632817556424e+00 -1.460460687238791078e+00 -1.804111507197460273e+00 -1.681437830211536921e+00 -1.897790408222006953e+00 -1.857486028778527754e+00
-1.075671362324808422e+00 -1.451458181238970635e+00 -1.437402555365778323e+00 -1.628815228137426185e+00 -1.714135377795033888e+00 -1.887598568477230287e+00 -1.876479851631477569e+00
-1.365644455557395887e+00 -1.443749325251251214e+00 -1.394141955906669894e+00 -1.610734357125738203e+00 -1.975279023244786547e+00 -1.930631303831602974e+00 -1.938451975542839545e+00
-8.123658542061685806e-01 -1.626497990552100870e+00 -1.410408872387086454e+00 -1.647820426414694062e+00 -1.857278610461419843e+00 -1.883307014450991357e+00 -1.923194343690409092e+00
-9.543246469525880071e-01 -1.516994374373127563e+00 -1.457544599304657851e+00 -1.767665671702461028e+00 -1.819571117954532635e+00 -1.899173857573286162e+00 -1.911757033272264206e+00
-1.126018520462852113e+00 -1.600243115685633377e+00 -1.365073353755136720e+00 -1.650838445883339389e+00 -1.852575188389547156e+00 -1.813995263284477577e+00 -1.897742336451746059e+00
-9.660988913751152873e-01 -1.563128021605884488e+00 -1.498119483533865814e+00 -1.810494267502011700e+00 -1.851484305211376746e+00 -1.969365226272725256e+00 -1.967873402293731644e+00
-1.168629715916030376e+00 -1.829100416482690949e+00 -1.782735327432777961e+00 -1.686230195467833592e+00 -1.863316604877603311e+00 -1.735624039679075192e+00 -1.871326799814090336e+00
-1.251981511481397469e+00 -1.484218083525735921e+00 -1.578357166090529784e+00 -1.819991286934076413e+00 -1.838996419042705277e+00 -1.869475928831356049e+00 -1.881627913226670890e+00
-1.005841472603043352e+00 -1.275439754210302201e+00 -1.760068680053590517e+00 -1.722708204977202007e+00 -1.843195498026872325e+00 -1.828504235114669862e+00 -1.888666141104647700e+00
-9.930399170730703773e-01 -1.373455487491848537e+00 -1.494211755483441095e+00 -1.714391498008404291e+00 -1.833224589278890537e+00 -1.894960651994500367e+00 -1.877668950451344632e+00
-1.355414955923329057e+00 -1.734274996803987001e+00 -1.426240426830256425e+00 -1.779417137281319006e+00 -1.871981346842928051e+00 -1.893140157201332219e+00 -1.876714581627534351e+00
-1.138637604502056089e+00 -1.350269642776638301e+00 -1.483105330441062852e+00 -1.682416888026454949e+00 -1.932611972809730183e+00 -1.788623892401607129e+00 -1.859595524065873695e+00
-1.322858791148117774e+00 -1.794415481899508169e+00 -1.329221413578480560e+00 -1.697420005469588045e+00 -1.793779043577190313e+00 -1.885434038776251819e+00 -1.941635635672537497e+00
-1.011618780190446820e+00 -1.390078104328131836e+00 -1.393010043772631601e+00 -1.896174498523659269e+00 -1.748426343026053598e+00 -2.017913760428974967e+00 -1.885694292092853441e+00
-1.069383932450554742e+00 -1.467998516056158609e+00 -1.564183843408333274e+00 -1.460823634918633651e+00 -1.858850351975012360e+00 -1.972604170907176657e+00 -1.877678751766274523e+00
