(-1.897780645989873+0j)
-1.429894530791065543e+00 -1.530332475679807125e+00 -1.329866245162019123e+00 -1.656656054589386029e+00 -2.061293473033787294e+00 -2.010417233569951279e+00 -1.928625188961387460e+00
-1.510545794387345930e+00 -1.591926616176787546e+00 -1.570096343243820636e+00 -1.575501902804212317e+00 -1.621487526550755121e+00 -1.865833012544883651e+00 -1.912636765781504655e+00
-1.484329103743633915e+00 -1.467254392959955744e+00 -1.520376343675177822e+00 -1.762179956484487331e+00 -1.802846955219808311e+00 -1.856201489296955165e+00 -1.863484792508840249e+00
-1.505277620701279906e+00 -1.414198421882646439e+00 -1.560597630053203400e+00 -1.764780092931543587e+00 -2.024737620234411395e+00 -2.045534950778877814e+00 -1.966302830167007132e+00
-1.530289324833051356e+00 -1.410093361244719290e+00 -1.520677800826446546e+00 -1.811876618875096323e+00 -1.825457126162439270e+00 -1.889730025404602110e+00 -1.906846929432830295e+00
-1.479039660576959792e+00 -1.462309191249089757e+00 -1.545599855874124628e+00 -1.658417796247512621e+00 -1.948693727265337960e+00 -1.947697459252248908e+00 -1.927185941556269322e+00
-1.296702697851553676e+00 -1.390960200907792377e+00 -1.354888977920343907e+00 -1.552048732134734932e+00 -1.668820140965534105e+00 -1.881139977301469646e+00 -1.906688733018351956e+00
-1.350367848994347808e+00 -1.446885645961361044e+00 -1.473734888356437622e+00 -1.574581533574341385e+00 -1.793916241513452414e+00 -1.938599853291018027e+00 -1.923355493871003796e+00
-1.400272687752736944e+00 -1.357807027587440096e+00 -1.432935039462307492e+00 -1.869075650826896862e+00 -1.990207009817647199e+00 -1.853376165529481367e+00 -1.852959979148028458e+00
-1.371563974750953596e+00 -1.536474341550595923e+00 -1.435622447415661807e+00 -1.547579433734942223e+00 -1.636062341052305413e+00 -1.881823497674448120e+00 -1.905637006416209811e+00
-1.499205294326541926e+00 -1.584154758385258654e+00 -1.561096848499113454e+00 -1.914923129401353785e+00 -1.945875589816656426e+00 -1.889721018362256144e+00 -1.856196153269733529e+00
-1.386824718958511671e+00 -1.486537894900280543e+00 -1.427743402028038622e+00 -1.835894175758177038e+00 -1.949108124013973153e+00 -2.007292324001147321e+00 -1.902480312061707313e+00
-1.210007854805835281e+00 -1.559478266382282818e+00 -1.761060528444587048e+00 -1.900978646895374435e+00 -1.875595083008640307e+00 -1.885537626257796973e+00 -1.867945343949211967e+00
-1.403494928152142052e+00 -1.382914648240837430e+00 -1.378128302855280429e+00 -1.584252730474262183e+00 -1.750558088590652206e+00 -1.951088916354803748e+00 -1.974646459457586545e+00
-1.386902234900971642e+00 -1.207788504975746635e+00 -1.374746435960584545e+00 -1.615794199975181922e+00 -1.830623468171941770e+00 -1.853154819103838946e+00 -1.927611844850154466e+00
-1.284807061239048309e+00 -1.314845999698956991e+00 -1.397140133397435813e+00 -1.612985370411992747e+00 -1.734341277899324796e+00 -1.812889561625984358e+00 -1.878978997104668425e+00
-1.446121568632027898e+00 -1.414449160036709063e+00 -1.663017014672735439e+00 -1.656683046988969288e+00 -1.830490250915523198e+00 -1.762572043141358735e+00 -1.871150732365561176e+00
-1.285494650124558547e+00 -1.290288857524145794e+00 -1.444920161317166718e+00 -1.746639784190603617e+00 -1.971629326273808047e+00 -1.926847092596331468e+00 -1.968205286729585168e+00
-1.376154116533032212e+00 -1.342983349715992869e+00 -1.560855236886346420e+00 -1.525403425365181587e+00 -1.802679212307103152e+00 -1.930330877834799175e+00 -1.963797674977186380e+00
-1.408579934615127982e+00 -1.502664766323602352e+00 -1.576342393912498530e+00 -1.847120621750744762e+00 -1.821078813618685288e+00 -1.945674365080799939e+00 -1.928674008128721917e+00
-1.508402820337954919e+00 -1.481964627923499256e+00 -1.457558352438648619e+00 -1.542399292388246357e+00 -1.689059361653996394e+00 -1.805232364572565640e+00 -1.890679949268502913e+00
-1.262116466373157442e+00 -1.491448442656123863e+00 -1.498893602397789460e+00 -1.397890533144859671e+00 -1.613515095867317894e+00 -1.799804655545303111e+00 -1.857221952678413279e+00
-1.414498083264925210e+00 -1.571280718889051631e+00 -1.603464815901858298e+00 -1.753772723564507086e+00 -1.988518004678510698e+00 -1.955365567933166737e+00 -1.931098880997295320e+00
-1.369481259287613328e+00 -1.565380006544687674e+00 -1.507126949754686862e+00 -1.734353427832533434e+00 -1.632691019902903884e+00 -1.868453905195291753e+00 -1.915712304252461529e+00
-1.483047783588665292e+00 -1.406420033249773827e+00 -1.486636001503751192e+00 -1.381377994934699149e+00 -1.687324152213155459e+00 -1.765163245895172262e+00 -1.853790797639695898e+00
-1.446444363186941473e+00 -1.561046764875136938e+00 -1.726488504663858947e+00 -1.789365879398285841e+00 -2.008319860401535983e+00 -1.929608989668889496e+00 -1.963804854477125161e+00
-1.369425682844148007e+00 -1.497880881665965447e+00 -1.911709014797457362e+00 -2.026851093077533417e+00 -2.116798596630139251e+00 -1.986645748244507015e+00 -1.902077722738756194e+00
-1.496100552513438764e+00 -1.376630511463850848e+00 -1.347640663723606913e+00 -1.547512543983418087e+00 -1.767476765715061404e+00 -1.802337965842294221e+00 -1.861424921057421633e+00
-1.251653870626070475e+00 -1.463605509948088912e+00 -1.473683653269087124e+00 -1.670643797223047899e+00 -1.772139261408165911e+00 -1.802717906536742465e+00 -1.884785483971555653e+00
-1.396576532088029898e+00 -1.408423167192615066e+00 -1.380546926295395993e+00 -1.674581041870936371e+00 -1.627488381015422592e+00 -1.768626088395838458e+00 -1.866506069412082081e+00
-1.265194712868035420e+00 -1.421987676970386971e+00 -1.403556966406330986e+00 -1.605050048906317528e+00 -1.784108029168109066e+00 -1.881007677869978245e+00 -1.916554365119364611e+00
-1.524154310184884009e+00 -1.422212685266927013e+00 -1.566196319563952777e+00 -1.820839512268781046e+00 -1.904829174972575201e+00 -2.008100993336551010e+00 -1.927916150466170153e+00
-1.285863997957223503e+00 -1.477872021441726247e+00 -1.551220965203923052e+00 -1.860176662981456452e+00 -2.048914885049180956e+00 -2.023963235047461673e+00 -1.905962942502917423e+00
-1.345819208057392746e+00 -1.511362461827811865e+00 -1.929834995228161043e+00 -1.991685207562261528e+00 -1.989540937944139110e+00 -1.876519283772722035e+00 -1.902898220555861553e+00
-1.325924856915258854e+00 -1.466937406012297940e+00 -1.377920563987373948e+00 -1.311995382056605708e+00 -1.763657261734061787e+00 -1.892279286269081373e+00 -1.874729554238380613e+00
-1.166377170255627371e+00 -1.387916685843613163e+00 -1.387980316050970275e+00 -1.582661745273676202e+00 -1.813282307990423892e+00 -1.942301542961022420e+00 -1.946447555753197722e+00
-1.271040738307154916e+00 -1.374203258234898639e+00 -1.658586956805894630e+00 -1.932721100200538666e+00 -1.937994331195318720e+00 -1.989713683375906816e+00 -1.903502074199594052e+00
-1.396128122087461287e+00 -1.597724517333623862e+00 -1.536711255006706134e+00 -1.654819388624977350e+00 -1.673337752560642100e+00 -1.859071817270579130e+00 -1.856714096740183617e+00
-1.594124947990528174e+00 -1.566071924854669284e+00 -1.530300734246592853e+00 -1.722821534434479496e+00 -1.914056310160152208e+00 -2.008005392697348679e+00 -1.918901520995709653e+00
-1.491410418713134511e+00 -1.518419184966411262e+00 -1.681257449936337744e+00 -1.573529670165993544e+00 -1.632717042337288316e+00 -1.746890208214888496e+00 -1.881070814020067372e+00
-1.572336413046593107e+00 -1.476973563418167101e+00 -1.570958255345855203e+00 -1.962151748834612297e+00 -1.867578810650080801e+00 -1.856332396921884342e+00 -1.862244283034885317e+00
-1.292854476937389085e+00 -1.393522049682352604e+00 -1.708871956654853808e+00 -1.785301635327289915e+00 -1.837817876126227823e+00 -1.885513425701743184e+00 -1.860907447077600363e+00
-1.355291822119381262e+00 -1.295421304603518786e+00 -1.607338308407522565e+00 -1.759104393341782702e+00 -1.731988767984607547e+00 -1.777104218685329862e+00 -1.842487796314616455e+00
-1.427527305645427624e+00 -1.700594805850677904e+00 -1.669939904835757716e+00 -1.820526464774526287e+00 -1.705011434714991836e+00 -1.906195014658734088e+00 -1.952486616187545820e+00
-1.176306525987200091e+00 -1.206503094358587047e+00 -1.375568773864911609e+00 -1.473095435386338359e+00 -1.831913090257450527e+00 -1.810611284279471711e+00 -1.864520494784459803e+00
-1.365488253354536496e+00 -1.515768550462130548e+00 -1.398634859338719449e+00 -1.605806225709851542e+00 -1.878423698243290252e+00 -1.891398578146758380e+00 -1.869108729426900428e+00
-1.261147219460833302e+00 -1.328593664567526922e+00 -1.398774290900010708e+00 -1.544228034598725818e+00 -1.660410066267203000e+00 -1.898539088253407225e+00 -1.910739439277294727e+00
-1.283693922151302402e+00 -1.352539543474658101e+00 -1.260636771070738460e+00 -1.609265393184994730e+00 -1.916676975951255635e+00 -2.027362384957927866e+00 -1.945376287240581537e+00
-1.487059088074427438e+00 -1.669879470385991382e+00 -1.561007830879585390e+00 -1.751322114336196778e+00 -2.078472449187905191e+00 -1.987025933375660358e+00 -1.918685162593610549e+00
-1.455244403152277766e+00 -1.434585369817174660e+00 -1.625219796871300471e+00 -1.695883802506807481e+00 -1.893641771187129397e+00 -1.876453991766805940e+00 -1.903548832753581888e+00
