(-1.897780645989873+0j)
-1.270009863783968074e+00 -1.832454216234787436e+00 -1.823598433062795676e+00 -1.850934141829720936e+00 -1.939112279145055684e+00 -1.885507693824350461e+00 -1.894464534135313905e+00
-1.674162342357217614e+00 -1.723992531159532104e+00 -1.762244652998337546e+00 -1.846720291956534865e+00 -1.908199341154117379e+00 -1.876492543865149631e+00 -1.909117855451500256e+00
-1.573739517997326143e+00 -1.700687438860748912e+00 -1.807092984409495395e+00 -1.890050606670675482e+00 -1.892903553285936846e+00 -1.947740727682699680e+00 -1.898174884775230886e+00
-1.465441393710569695e+00 -1.827940905595762500e+00 -1.874720378431938173e+00 -1.945347464767593237e+00 -1.836922418126661016e+00 -1.898254654114914564e+00 -1.904521645289806830e+00
-1.146200972610635693e+00 -1.905785020592069889e+00 -1.638336333830779701e+00 -1.871600147699705508e+00 -1.850509068246031452e+00 -1.904804748252259872e+00 -1.888648351792680202e+00
-1.556166084291676466e+00 -1.399074810170854555e+00 -1.906806400174692051e+00 -1.828099384662438487e+00 -1.860377102226194346e+00 -1.869376701922730755e+00 -1.890080152843419237e+00
-1.497130233964392598e+00 -1.874215417688239071e+00 -1.728443657872744676e+00 -1.855023217293109372e+00 -1.878980030529199041e+00 -1.914587762675369120e+00 -1.900466399842672072e+00
-1.477944937068986775e+00 -2.304759871850552422e+00 -1.871568557407766065e+00 -1.875456454705574316e+00 -1.947837116347630904e+00 -1.862457149224398423e+00 -1.892049925471988914e+00
-1.686285047280051907e+00 -1.869959119081530563e+00 -1.894756637449393377e+00 -1.875877231323887395e+00 -1.865274061529758498e+00 -1.915769155999451856e+00 -1.882090283986020296e+00
-1.664281771138228505e+00 -1.795693811321968703e+00 -2.108133604405516781e+00 -1.824467049049406597e+00 -1.907839936968489525e+00 -1.896409461800484531e+00 -1.887005287006793042e+00
-1.494596390064906410e+00 -1.514794131353681017e+00 -1.727355403521813271e+00 -1.757550707500442844e+00 -1.865360914204082343e+00 -1.889897206071161184e+00 -1.909199055630310671e+00
-1.598028860408399421e+00 -1.434333196506861974e+00 -2.119722068240020185e+00 -1.904782612706907630e+00 -1.893818474021013776e+00 -1.930312701102970596e+00 -1.906165158410990434e+00
-1.557685243037260525e+00 -1.910534852239601955e+00 -1.645715795935953851e+00 -1.854119946957884402e+00 -1.909167477938077839e+00 -1.890050867516397615e+00 -1.889958303690873143e+00
-1.527485124969052865e+00 -1.523548691412132117e+00 -1.918742402562472416e+00 -1.840001038168319170e+00 -1.868948245664479924e+00 -1.889543611382920707e+00 -1.884237705604542290e+00
-1.571060471270775416e+00 -2.153907040088648195e+00 -2.114508952394699826e+00 -1.933310295465502593e+00 -1.928903947475124614e+00 -1.913128775129395720e+00 -1.899135749421633435e+00
-1.683901026938258827e+00 -2.050244862057756912e+00 -1.912226299841160992e+00 -1.972367390602404180e+00 -1.868799654920974662e+00 -1.920895600317388929e+00 -1.893788505089563312e+00
-1.666964912735991788e+00 -2.086873635881420164e+00 -1.834778401927354086e+00 -1.887305959982462422e+00 -1.878858428052765372e+00 -1.906524575562879686e+00 -1.894226406598174650e+00
-1.297319697020937301e+00 -1.419672146832144932e+00 -1.718629363649779584e+00 -1.791105974215642993e+00 -1.955103251288673682e+00 -1.887165790373873886e+00 -1.911908173744887307e+00
-1.361198418914489672e+00 -1.978846169442069147e+00 -1.961964123380507408e+00 -1.808536569323798471e+00 -1.886642846213635538e+00 -1.899393820193461035e+00 -1.915311899746241275e+00
-1.590586838181097695e+00 -1.805948157804791121e+00 -2.045955853096793398e+00 -1.899210659090849074e+00 -1.912300295499643088e+00 -1.884021363948450434e+00 -1.871236704468062895e+00
-1.503750361891823095e+00 -1.687608548151724674e+00 -1.947343976985526970e+00 -1.975851496048242728e+00 -1.821245964271905216e+00 -1.902399507423421232e+00 -1.906704845597356091e+00
-1.680255162459355800e+00 -1.560051434870882048e+00 -1.827696129199850361e+00 -1.841817332337422730e+00 -1.871907308251035129e+00 -1.891518880660463697e+00 -1.914685867606428005e+00
-1.793232020488364498e+00 -1.742297499637133429e+00 -1.821196443979024249e+00 -1.842362461740631563e+00 -1.913391622440851592e+00 -1.895776533930957797e+00 -1.904954326694017208e+00
-1.612509447044601973e+00 -1.901037908289946898e+00 -2.042810140623085857e+00 -1.910265864284969028e+00 -1.953782691333552979e+00 -1.895477166176574801e+00 -1.900027886006642852e+00
-1.328732584118629934e+00 -1.879328300193384926e+00 -1.849498845247866896e+00 -1.952220062913996301e+00 -1.915118756505017839e+00 -1.888677508537670580e+00 -1.914211191583996552e+00
-1.655013609884020687e+00 -1.775028637274843168e+00 -1.965149639213764843e+00 -1.889227709553070955e+00 -1.875230044982336919e+00 -1.914035467704235716e+00 -1.882873976146578920e+00
-1.562633843337857265e+00 -1.707320153390142092e+00 -1.642250578614476098e+00 -1.907918887430644306e+00 -1.826044096739924072e+00 -1.900987627382331180e+00 -1.886474804257731508e+00
-1.499607504414569803e+00 -1.807225539826276650e+00 -2.054610152426318503e+00 -1.845468702489926782e+00 -1.875899769884971091e+00 -1.903320578077309477e+00 -1.896260772209973355e+00
-1.634573631616322853e+00 -1.800231585720246885e+00 -1.925046261220472177e+00 -1.857150930458315807e+00 -1.908050502280666638e+00 -1.910567645430907291e+00 -1.868849213268415577e+00
-1.478607848409626779e+00 -1.749293040044738401e+00 -1.921954117383394500e+00 -1.963370578473360828e+00 -1.901020349803578480e+00 -1.891603192007346834e+00 -1.888162610081344894e+00
-1.521802680567168720e+00 -1.838812957472994558e+00 -1.643931261832752178e+00 -1.884768071164446557e+00 -1.897777371583957873e+00 -1.894656457863859389e+00 -1.889722847850320520e+00
-1.578723932202063640e+00 -1.688950301028678158e+00 -1.834575517048422588e+00 -1.858732561430712416e+00 -1.899338448846950467e+00 -1.887594192034991458e+00 -1.913071628437398308e+00
-1.895880135715752424e+00 -1.310533744952541602e+00 -1.778401486028716061e+00 -1.960430618655661039e+00 -1.911545542821813992e+00 -1.913009300984233274e+00 -1.901702274688318983e+00
-1.470268451282050082e+00 -1.696850184767155101e+00 -1.872974251216843911e+00 -1.929462211450936326e+00 -1.989077452934290724e+00 -1.926008499026970799e+00 -1.899149802974831713e+00
-1.449719606711709741e+00 -1.790099403379512122e+00 -1.918562351513664499e+00 -1.873393508333523361e+00 -1.879658414079464990e+00 -1.905057476541301753e+00 -1.886581826129455353e+00
-1.557470619172186321e+00 -2.025236187234558560e+00 -1.882348707125953036e+00 -1.746946048971267595e+00 -1.846123172071540086e+00 -1.931926459509065941e+00 -1.907189470522839381e+00
-1.396376366661383095e+00 -1.809872959061220365e+00 -1.961305506655203867e+00 -1.896256675528660285e+00 -1.851814279242013583e+00 -1.908337138024302826e+00 -1.891047355262716057e+00
-1.471889018013992301e+00 -1.664985351039501849e+00 -1.913244298068922822e+00 -1.899082960532906927e+00 -1.873727793817931087e+00 -1.905274154850221446e+00 -1.904710273125423736e+00
-1.391897511677470334e+00 -2.132918352103372328e+00 -1.893793790804083610e+00 -1.837977544954688902e+00 -1.815520439412214637e+00 -1.905336290138126554e+00 -1.884287296494604025e+00
-1.242297174770931267e+00 -1.785539676386333596e+00 -1.994163728836949145e+00 -1.806682713223169756e+00 -1.886496532137648563e+00 -1.877277015786031233e+00 -1.913623056265973066e+00
-1.703135256303749845e+00 -1.715347449057683216e+00 -2.059055729032970739e+00 -1.937403900175130200e+00 -1.936272211004516963e+00 -1.907036199725855585e+00 -1.900775357525092524e+00
-1.475143940150266175e+00 -1.733499559365974330e+00 -1.844069181083346720e+00 -1.856173086781741866e+00 -1.837316173858008828e+00 -1.912995174537610144e+00 -1.916306268698425130e+00
-1.278140838702074955e+00 -1.817314062172915801e+00 -1.899630655043540006e+00 -1.864744137166184812e+00 -1.879191402775295394e+00 -1.887660272464386946e+00 -1.897494777881159500e+00
-1.540377867193908568e+00 -1.685779919751316136e+00 -1.833538889871730859e+00 -1.910083680052802713e+00 -1.925038249379409150e+00 -1.889236559665836035e+00 -1.898690472845821819e+00
-1.764763392645043005e+00 -1.895200410340851072e+00 -2.129147139748226891e+00 -1.861748602459413426e+00 -1.886080006906506679e+00 -1.896078611456691432e+00 -1.902666203924977983e+00
-1.608029848279882934e+00 -1.918454580860401215e+00 -1.854486254682280677e+00 -1.812327625735443037e+00 -1.875916600474067719e+00 -1.914085821845941338e+00 -1.875589834539378220e+00
-1.602667216931183969e+00 -1.713971006552041931e+00 -1.660886033122247030e+00 -1.883107098419799286e+00 -1.914020406795980955e+00 -1.917540230337868357e+00 -1.897472091872597355e+00
-1.374039693429326192e+00 -1.618432850627375963e+00 -2.029277374499510955e+00 -1.842964671958789769e+00 -1.819898769097100022e+00 -1.898435432861300010e+00 -1.893948761700846806e+00
-1.625487604691991050e+00 -1.685365397419752664e+00 -1.569350355872617842e+00 -1.825033629286678227e+00 -1.911924139009583579e+00 -1.899281287988583866e+00 -1.879245499940088715e+00
-1.763065374158742316e+00 -2.215819466968363738e+00 -1.869559511513144034e+00 -1.833570619469430341e+00 -1.886619488532441213e+00 -1.910003784232002566e+00 -1.880591569277452635e+00
