(-1.897780645989873+0j)
-1.737535559379668193e+00 -1.820275516073822653e+00 -1.708472705288803350e+00 -1.952191351082148252e+00 -1.871960271323035219e+00 -1.907803733391306933e+00 -1.897492210747501851e+00
-9.485785728142893669e-01 -1.858981838857069135e+00 -1.889288781860487987e+00 -2.057058898260929247e+00 -1.875120431371104734e+00 -1.918382763463889251e+00 -1.899883077427392930e+00
-1.482075199741363702e+00 -1.694192749522707153e+00 -2.004786525259345087e+00 -1.940533239667340260e+00 -1.837191409951238974e+00 -1.905203082468837295e+00 -1.917058103710460149e+00
-1.457697617517435873e+00 -1.998254120546207879e+00 -1.845260248314410934e+00 -1.908168910900600590e+00 -1.922224644600706522e+00 -1.932456125654154144e+00 -1.919491607485769080e+00
-1.601992760028595253e+00 -1.977830522362001187e+00 -1.821385622801270365e+00 -2.063569104378222718e+00 -1.913696908234844285e+00 -1.870043633409103734e+00 -1.890823070296367536e+00
-1.543779680309711910e+00 -1.826272465298773628e+00 -2.001635327456706914e+00 -1.858893915004674824e+00 -1.892894429299224468e+00 -1.896659550804188576e+00 -1.918059167005136123e+00
-1.319931874157368457e+00 -2.280586244602436530e+00 -2.051644955680165694e+00 -1.966325092356754123e+00 -1.935262872076293439e+00 -1.883812308537526459e+00 -1.900413936109908830e+00
-1.959480820430759440e+00 -1.533255075833259262e+00 -1.913978609065368097e+00 -1.768224306248164179e+00 -1.892371824517641077e+00 -1.918604338291353795e+00 -1.881677491235683508e+00
-2.013340712608557848e+00 -1.689932563185561287e+00 -1.737277057007625025e+00 -1.961803104189783431e+00 -1.877032556781877526e+00 -1.914947166077627161e+00 -1.910841979424059200e+00
-1.814340600642148305e+00 -1.862936350360743010e+00 -1.673809524051693032e+00 -1.902764540051032682e+00 -1.947654994057235633e+00 -1.894297564816960877e+00 -1.907120616025653970e+00
-1.744647993482554504e+00 -1.743006054528163817e+00 -1.720761819877955068e+00 -1.808588521119650627e+00 -1.882861226451008285e+00 -1.892528309801607245e+00 -1.897963647138966259e+00
-1.603238310879615547e+00 -1.713164983686796816e+00 -1.990293838794205517e+00 -1.879967383259186331e+00 -1.906761736357994064e+00 -1.909565256277990564e+00 -1.889717187284047251e+00
-1.347309998212218751e+00 -1.822595233131964143e+00 -1.823138992720186202e+00 -1.767413384430092549e+00 -1.888842088875952063e+00 -1.909338075195951667e+00 -1.881255214455407554e+00
-1.536042932289609197e+00 -1.320224446421735864e+00 -1.750607421074010572e+00 -1.954454729074416752e+00 -1.913473865000306029e+00 -1.903687100370454299e+00 -1.916837385776513081e+00
-1.696902648051346718e+00 -1.997264380969677511e+00 -1.872696200701629676e+00 -1.922918838591092694e+00 -1.869004418995625860e+00 -1.889980066578275775e+00 -1.894000576848898554e+00
-1.528919959802399475e+00 -1.629174053487108420e+00 -2.105608438319661602e+00 -1.825215933716868966e+00 -1.891129959853734555e+00 -1.856516333965399612e+00 -1.894619708570316696e+00
-1.253361387168176355e+00 -1.811115997925383692e+00 -1.962026450902920605e+00 -1.845998551376883956e+00 -1.910895067336521480e+00 -1.921024388967757623e+00 -1.895150245044856518e+00
-1.785228590814645910e+00 -1.732391513059835297e+00 -1.885411308701069544e+00 -1.926705117846522874e+00 -1.865732710787701532e+00 -1.933160297064919764e+00 -1.884782526540747405e+00
-1.585857801529212852e+00 -1.979318906093246344e+00 -1.749732059552709496e+00 -2.069005882315631872e+00 -1.891523225525838292e+00 -1.906356289189709896e+00 -1.905911316139948575e+00
-2.042635708789072080e+00 -1.728260943678172401e+00 -1.990033574583343290e+00 -1.739993396089365429e+00 -1.907023181383666000e+00 -1.875005247544557774e+00 -1.903786349457438742e+00
-1.982935143933316269e+00 -2.125962068622236245e+00 -1.864627624396207883e+00 -1.938329279490730084e+00 -1.865044918332734003e+00 -1.893936410122119884e+00 -1.890872498373939115e+00
-1.728125724281767139e+00 -2.062043255566427202e+00 -2.068404874520410885e+00 -1.805289065331277865e+00 -1.828935320332893077e+00 -1.915323661778497666e+00 -1.905548819797448390e+00
-1.665596297494682965e+00 -1.788212311084834027e+00 -1.672652999976817823e+00 -1.966259101325861680e+00 -1.941955411687380506e+00 -1.902292025671103559e+00 -1.908449966655568764e+00
-1.814113500471413953e+00 -1.688231430184750081e+00 -2.020352554837453685e+00 -1.834520595334241388e+00 -1.947576680308160446e+00 -1.913168696360307841e+00 -1.912726707560112205e+00
-1.248358127924639183e+00 -1.989040456920494471e+00 -1.836419603109820997e+00 -1.840015766019701182e+00 -1.868648410112061953e+00 -1.938509112336881834e+00 -1.906370990398627452e+00
-1.531516563613855020e+00 -1.626296389558868016e+00 -1.894684924993986996e+00 -2.038985627664715139e+00 -1.900002305265040992e+00 -1.929189127097614254e+00 -1.921669148709257424e+00
-1.525069153480935746e+00 -1.943393021905007956e+00 -1.739276822795391197e+00 -1.884598849657741715e+00 -1.974163257781296199e+00 -1.906229676147911611e+00 -1.896931437938303322e+00
-1.706705335738705198e+00 -2.307646134738158938e+00 -1.761995619259099755e+00 -1.860781692403360665e+00 -1.936514571315830047e+00 -1.923077028457540916e+00 -1.894331625872799130e+00
-1.752144506704287785e+00 -1.735246106616310957e+00 -2.109084398993038789e+00 -1.979488379791340069e+00 -1.839057902066043582e+00 -1.883242164396474516e+00 -1.896991805906927286e+00
-1.509965615400347128e+00 -1.848799287620995102e+00 -1.904634014206778803e+00 -1.893921962772941336e+00 -1.888227003062738163e+00 -1.892065124478851557e+00 -1.891639195562075937e+00
-1.971749859705830499e+00 -2.469788269899254374e+00 -2.001623631025770678e+00 -1.871080226087346476e+00 -1.860476559813221353e+00 -1.927936132591262952e+00 -1.905154285373689138e+00
-1.925442573205015773e+00 -1.644776448779703415e+00 -1.971133588564384809e+00 -1.858198600794234157e+00 -1.938002166144077165e+00 -1.899628700156054339e+00 -1.904628461875556900e+00
-1.775756747841855443e+00 -2.213375215304283827e+00 -1.745951862981004910e+00 -1.794462989510681616e+00 -1.899783706760452828e+00 -1.890846532352773224e+00 -1.907517169635094767e+00
-1.815625471061544705e+00 -1.898446991737870793e+00 -1.892274384201497961e+00 -2.032941305483814798e+00 -1.955910791733805887e+00 -1.922904806126912947e+00 -1.883605491516435748e+00
-1.293710877559610450e+00 -1.673191269291097516e+00 -1.604986477094469954e+00 -1.892213263790523348e+00 -1.962027601454056969e+00 -1.868386199556521410e+00 -1.901031380299061713e+00
-1.858984361483088987e+00 -2.095967931172365795e+00 -2.145779485240574047e+00 -1.850234752828650242e+00 -1.928603869662980586e+00 -1.908013451464209087e+00 -1.899729979627528209e+00
-1.502986977308794270e+00 -1.721239241950437426e+00 -1.947651734625254427e+00 -1.851774731180434008e+00 -1.866940399986938059e+00 -1.912708345393122622e+00 -1.894152608051624664e+00
-1.560275440003576541e+00 -2.046350102275074967e+00 -1.851837169001371963e+00 -1.841351496068693416e+00 -1.874047437995470355e+00 -1.868678664441060677e+00 -1.896511908981411976e+00
-1.657161784190756215e+00 -1.846434777231104940e+00 -2.205317952998859354e+00 -1.925027121533474439e+00 -1.904612979589764388e+00 -1.937372372707891310e+00 -1.894693866316281339e+00
-1.496078594413382978e+00 -2.001736830165294023e+00 -1.874835600943834724e+00 -1.771813707429284790e+00 -1.915290704463809668e+00 -1.892370589081406873e+00 -1.899330752247055276e+00
-1.662206845786268428e+00 -1.642806406477564263e+00 -1.999181058020976565e+00 -1.859139859829267216e+00 -1.924785262928318641e+00 -1.880639877372368041e+00 -1.896942155108740202e+00
-1.636009685811348646e+00 -1.957850330011394080e+00 -1.986390009859068329e+00 -1.985954565841124619e+00 -1.929371397215971617e+00 -1.924238326796947840e+00 -1.897772919256149438e+00
-1.501268399863952663e+00 -1.962781271490419588e+00 -1.991134177296189467e+00 -1.718069265170672377e+00 -1.845759138818445777e+00 -1.882584768440735967e+00 -1.898787465415212150e+00
-1.747479859148063142e+00 -2.066751377350599217e+00 -1.689977457046107023e+00 -1.844597759725806529e+00 -1.874637103839228880e+00 -1.883035800025283812e+00 -1.885154796023896351e+00
-1.890735379641397707e+00 -2.073769268630969442e+00 -1.878349749929151269e+00 -1.799323916808916124e+00 -1.914015350357058054e+00 -1.888723080404528076e+00 -1.886316783350052706e+00
-1.959322437487568624e+00 -1.266913784777475183e+00 -1.954879955453588725e+00 -1.957540775641028796e+00 -1.925067935628328453e+00 -1.906656292541122788e+00 -1.902158954024289583e+00
-1.425087624213858817e+00 -1.853383189143247733e+00 -2.203138164950902755e+00 -1.969271591469571092e+00 -1.875431379507572327e+00 -1.861191617554998512e+00 -1.907512356315063329e+00
-1.662274293055605590e+00 -2.102216739163322856e+00 -2.140521899633353264e+00 -1.902765761688498092e+00 -1.826195907151076492e+00 -1.855930768653057505e+00 -1.908976925548141690e+00
-1.415552256770724160e+00 -1.965213176725514099e+00 -1.773608674729028722e+00 -1.933392042098813324e+00 -1.921445066364598331e+00 -1.922476691385494929e+00 -1.891586506315460436e+00
-1.691578200750015748e+00 -2.128469503713631639e+00 -1.902977089887961659e+00 -2.040863220833341707e+00 -1.892227318651920065e+00 -1.880590727278222296e+00 -1.889808924076973762e+00
