(-0.07252412651091489+1.3877787807814457e-17j)
-1.243033332126183832e-01 -9.598394404485349751e-02 3.791930565419640575e-03 -7.878387933755856554e-02 -7.138026078211842651e-02 -1.521291671077306673e-01
1.855354633855380714e-02 2.900889691140107196e-03 -2.541675251214760567e-01 -1.250259846356568949e-01 -1.226758714307047554e-01 -3.364955044994609457e-02
-2.083156026293915830e-01 1.176916178237288890e-02 -9.286321559237040169e-02 1.472435338100808178e-02 -1.088261655104992565e-01 -7.283373994130029616e-02
-4.712245697314744741e-01 -2.048424067531677273e-01 -3.833859721907564855e-02 -4.097366127901978794e-02 -8.002127410354603620e-02 -1.695286571692605770e-02
-1.712543302832463532e-01 -2.006916442103993253e-02 -4.690070429363146776e-04 1.757688473189619738e-02 -9.494088541517772817e-02 -1.002884911307239113e-01
-1.038438350408546762e-01 -1.860273352193451690e-01 -8.117232894940179522e-02 -7.147897326248710270e-02 -6.995466820030400712e-02 -1.476233021019588976e-01
-1.688324237543990525e-01 -1.080867372900704698e-02 -9.465037860292338512e-02 -8.711610734273718404e-02 6.345634443778933043e-03 -8.341881072618388682e-02
1.503554859491448292e-01 -7.200923086051104482e-02 -8.481753762716279232e-02 4.854590496674966726e-02 -1.269960724932035490e-01 -4.313855869689227351e-02
4.073309360957205749e-03 -1.104811084882441202e-01 4.070403043995161202e-02 -1.081821637223247812e-01 -1.953535914917132466e-01 -1.509937169950041069e-01
-2.106819729262069951e-01 -1.852806892364441960e-02 -1.276528414868488837e-01 -1.342603104486946863e-01 -1.323039014335811725e-01 -1.562992509154485510e-01
-1.270155162904435531e-01 3.096683894518992286e-02 2.450690019990268975e-02 -1.004103016053529696e-01 -1.620481249708879412e-01 1.946917580685762761e-02
1.514656391003268033e-03 -1.183402042192532311e-01 -5.613363959940866066e-02 -1.864701379676814152e-03 -1.232481287217667282e-01 -1.314011064092266423e-01
-1.081916536366405932e-02 -6.111018420767991288e-02 -7.585311965817256863e-02 -6.779317876799660636e-02 -4.732831144846610938e-02 -6.229454108868895390e-03
-1.384685568802949129e-01 -4.742990416597508974e-03 -7.619650521479462424e-03 -2.042797537173333122e-01 2.122707741651212038e-02 -1.806049431612324896e-01
-8.943923117358096309e-02 -1.223223385452368583e-01 9.257747172924234158e-02 -1.286487971618970050e-01 -4.949734733200730069e-02 -3.972824898169163843e-02
-8.975961427084566679e-03 1.693269048991252745e-03 7.376548579657765670e-02 -6.677398090749603332e-02 -3.301282411597986771e-02 -6.453784966817814606e-02
-1.028337405083544764e-01 1.739706146439912171e-02 -5.090249836457495791e-02 -4.472364969236153343e-02 -1.119188958818950752e-01 -1.178618607523955475e-02
-1.875581553493639031e-01 -2.687380354095575963e-01 1.173090282338716539e-02 -9.593236642005552317e-02 -6.177529721020411091e-02 8.688380888588642659e-03
4.682541965098220571e-02 8.583319991145982319e-02 1.245058398079746526e-02 -1.477421773364772095e-01 -1.920669842123491622e-02 -8.382356181963390718e-02
9.365369331368030015e-02 -1.394842292183398613e-01 -1.044313705348938609e-01 -8.358028688563573505e-02 -1.067072603708820872e-01 -7.724299129619673077e-02
