(-0.07252412651091489+1.3877787807814457e-17j)
-5.097273586182990979e-01 1.951745266023593300e-02 -9.207500935819888654e-02 -6.239634369536734004e-02 -9.124878747184889116e-02 -9.430540883152715992e-02
2.288636826621538167e-01 -6.745885906343263017e-02 -1.250167219109613037e-02 -1.584782987848943892e-01 -1.289379289450236221e-01 -1.111107488980458136e-01
1.933579062852988639e-02 1.541443481046558261e-01 -1.720485154752686707e-01 -7.571049756515639551e-02 -1.188460154202456293e-01 -5.420083629885757981e-02
1.629605030131492382e-02 -1.289181920552731064e-01 -7.088565200401297783e-03 6.975629441359668115e-03 -5.690809069041304069e-02 -8.761654924171405345e-02
-5.323705621270832244e-01 -2.063595098761999702e-01 1.573656795989399060e-02 -1.096817809148470380e-01 -7.148825338957547071e-02 -9.686422887428050577e-02
2.282792141137385267e-03 -2.072497148086868690e-01 -6.358752447010854181e-02 -3.236299730185077106e-02 -1.248067714981843102e-01 -6.829120530159188407e-02
1.394516169537983741e-01 -9.400362312475549209e-02 -3.047117915605362937e-02 -4.604766239146294848e-02 -1.146662676176697787e-01 -1.063885344589415444e-01
-2.231898519076370990e-01 -4.837971426818708787e-02 -6.013337429768735726e-02 -1.903091089253193535e-02 -8.836652986491680406e-03 -4.116952274906283959e-02
1.166110357754005789e-01 -4.419391543000181916e-02 7.505688262064584559e-02 -9.053657901976491784e-02 -1.252326306347134877e-01 -1.019008119031479809e-01
-1.037839670293840000e-02 -1.407077420971999948e-01 -3.569772422706184167e-02 -8.345130447872162183e-03 -1.211390485506904369e-01 -1.040255568905829042e-01
6.451105842078050379e-02 -1.340269646629782541e-01 -4.847185360991579373e-02 -3.556458188881900240e-02 -3.876630275570745049e-02 -2.122739270904025477e-02
7.814887002539389060e-02 -1.655606869787754898e-01 -4.184800269722603605e-02 -9.037060887418646438e-02 -8.043826175543655754e-02 -1.141310928614818615e-01
-5.887653621149960270e-02 -1.631187769780438890e-01 -9.184152505422135682e-02 -1.588440217670348265e-01 -1.069196748816519660e-01 -5.575267470194343600e-02
2.904069565011633269e-01 1.587340611903340359e-01 -1.000904706771188479e-01 9.098430763407469590e-02 -1.297121231572702094e-01 -1.001659644200987159e-01
1.393401602808339024e-01 9.509756899617152759e-03 3.859522714389236608e-02 -3.796604536325329238e-02 -9.938962228895534268e-02 -4.533919686798999760e-02
-9.348925057595330879e-02 -1.862509058117937100e-01 -6.383162228230745971e-02 -4.719610051745697088e-02 -7.349726117992544383e-02 -7.552516960488231401e-02
-8.893645221603831141e-02 -1.319494547419206021e-01 3.146062325054287817e-02 -1.659668803919904789e-01 -1.960815506203892888e-01 -7.780778578290990788e-02
-9.278417109192364787e-02 -1.204385847957448741e-01 -5.819875483236869318e-03 -6.159114773290462475e-02 -6.506949648420307097e-02 -1.049671396016296221e-01
4.813075355076364970e-01 -4.993037654687643156e-04 -6.899326995502223780e-02 -1.326216356177219446e-01 -1.256663942050574301e-01 -6.252526934534345660e-02
-1.788099603132818627e-01 -9.104815242403696551e-03 -9.389838253972652982e-02 -4.804249808401136329e-02 -1.023676742106831433e-01 -6.380636866248201589e-02
