1.7659303166536044 0 0 0 0 0 0 0 0
0.2733032176419831 3 0 0 0 0 0 0 0
0.07824520461527967 0 3 0 0 0 0 0 0
-0.27212422700701033 0 0 3 0 0 0 0 0
-0.9723288450210104 0 0 0 3 0 0 0 0
0.2733032176419832 0 0 0 0 3 0 0 0
0.07824520461527956 0 0 0 0 0 3 0 0
-0.2721242270070104 0 0 0 0 0 0 3 0
-0.9723288450210105 0 0 0 0 0 0 0 3
0.09735688021992767 3 3 0 0 0 0 0 0
-0.002959969833685055 1 3 1 0 0 0 0 0
-0.002959969833685055 2 3 2 0 0 0 0 0
0.11522602155185777 3 0 3 0 0 0 0 0
0.1455947187537049 3 0 0 3 0 0 0 0
0.15460042072284463 3 0 0 0 3 0 0 0
0.1351394108197606 3 0 0 0 0 3 0 0
0.1420890837249505 3 0 0 0 0 0 3 0
0.1686601921234736 3 0 0 0 0 0 0 3
0.10348698327614606 0 3 3 0 0 0 0 0
-0.03027612198309207 0 1 3 1 0 0 0 0
-0.03027612198309207 0 2 3 2 0 0 0 0
0.1236836953331035 0 3 0 3 0 0 0 0
0.1351394108197606 0 3 0 0 3 0 0 0
0.13975710090141166 0 3 0 0 0 3 0 0
0.13895214084826862 0 3 0 0 0 0 3 0
0.14860865729423522 0 3 0 0 0 0 0 3
0.12068165820823577 0 0 3 3 0 0 0 0
0.1420890837249505 0 0 3 0 3 0 0 0
0.13895214084826862 0 0 3 0 0 3 0 0
0.14788886360154613 0 0 3 0 0 0 3 0
0.15936950226152513 0 0 3 0 0 0 0 3
0.1686601921234736 0 0 0 3 3 0 0 0
0.14860865729423522 0 0 0 3 0 3 0 0
0.15936950226152513 0 0 0 3 0 0 3 0
0.20177012103173114 0 0 0 3 0 0 0 3
0.09735688021992767 0 0 0 0 3 3 0 0
-0.0029599698336850444 0 0 0 0 1 3 1 0
-0.0029599698336850444 0 0 0 0 2 3 2 0
0.11522602155185777 0 0 0 0 3 0 3 0
0.1455947187537049 0 0 0 0 3 0 0 3
0.10348698327614606 0 0 0 0 0 3 3 0
-0.030276121983092066 0 0 0 0 0 1 3 1
-0.030276121983092066 0 0 0 0 0 2 3 2
0.1236836953331035 0 0 0 0 0 3 0 3
0.12068165820823577 0 0 0 0 0 0 3 3
0.014075154946333986 3 1 3 1 0 0 0 0
0.014075154946333986 3 2 3 2 0 0 0 0
0.028587187687490384 1 0 1 0 0 0 0 0
0.028587187687490384 2 0 2 0 0 0 0 0
0.027444215891328352 1 1 1 1 0 0 0 0
0.01199733580723783 1 1 2 2 0 0 0 0
0.015446880084090517 1 2 2 1 0 0 0 0
0.015446880084090517 2 1 1 2 0 0 0 0
0.01199733580723783 2 2 1 1 0 0 0 0
0.027444215891328352 2 2 2 2 0 0 0 0
0.01770455397534952 1 3 1 3 0 0 0 0
0.01770455397534952 2 3 2 3 0 0 0 0
0.02606667193581097 3 0 0 0 1 3 1 0
0.02606667193581097 3 0 0 0 2 3 2 0
0.037782530599832956 1 1 0 0 1 1 0 0
0.037782530599832956 1 1 0 0 2 2 0 0
0.037782530599832956 2 2 0 0 1 1 0 0
0.037782530599832956 2 2 0 0 2 2 0 0
-0.012959902783533131 1 1 0 0 1 3 3 1
-0.012959902783533131 1 1 0 0 2 3 3 2
-0.012959902783533131 2 2 0 0 1 3 3 1
-0.012959902783533131 2 2 0 0 2 3 3 2
0.02606667193581097 1 3 1 0 3 0 0 0
0.02606667193581097 2 3 2 0 3 0 0 0
0.026863062173092717 1 3 1 0 1 3 1 0
0.026863062173092717 1 3 1 0 2 3 2 0
0.026863062173092717 2 3 2 0 1 3 1 0
0.026863062173092717 2 3 2 0 2 3 2 0
-0.012959902783533133 1 3 3 1 1 1 0 0
-0.012959902783533133 1 3 3 1 2 2 0 0
-0.012959902783533133 2 3 3 2 1 1 0 0
-0.012959902783533133 2 3 3 2 2 2 0 0
0.023065473369768705 1 3 3 1 1 3 3 1
0.023065473369768705 1 3 3 1 2 3 3 2
0.023065473369768705 2 3 3 2 1 3 3 1
0.023065473369768705 2 3 3 2 2 3 3 2
0.027035057729867112 3 0 0 0 0 1 3 1
0.027035057729867112 3 0 0 0 0 2 3 2
0.027315272227897387 1 1 0 0 0 1 1 0
0.027315272227897387 1 1 0 0 0 2 2 0
0.027315272227897387 2 2 0 0 0 1 1 0
0.027315272227897387 2 2 0 0 0 2 2 0
0.001271915459592993 1 3 1 0 0 3 0 0
0.001271915459592993 2 3 2 0 0 3 0 0
0.022736855705158213 1 3 1 0 0 1 3 1
0.022736855705158213 1 3 1 0 0 2 3 2
0.022736855705158213 2 3 2 0 0 1 3 1
0.022736855705158213 2 3 2 0 0 2 3 2
0.007289975621067702 1 3 3 1 0 1 1 0
0.007289975621067702 1 3 3 1 0 2 2 0
0.007289975621067702 2 3 3 2 0 1 1 0
0.007289975621067702 2 3 3 2 0 2 2 0
0.03473419151239605 1 1 0 0 0 0 1 1
0.03473419151239605 1 1 0 0 0 0 2 2
0.03473419151239605 2 2 0 0 0 0 1 1
0.03473419151239605 2 2 0 0 0 0 2 2
0.010116018588359475 1 3 1 0 0 0 3 0
0.010116018588359475 2 3 2 0 0 0 3 0
-0.013360618029947303 1 3 3 1 0 0 1 1
-0.013360618029947303 1 3 3 1 0 0 2 2
-0.013360618029947303 2 3 3 2 0 0 1 1
-0.013360618029947303 2 3 3 2 0 0 2 2
0.031065172005296782 1 3 1 0 0 0 0 3
0.031065172005296782 2 3 2 0 0 0 0 3
0.03494027825811256 0 1 0 1 0 0 0 0
0.03494027825811256 0 2 0 2 0 0 0 0
0.001271915459592993 0 3 0 0 1 3 1 0
0.001271915459592993 0 3 0 0 2 3 2 0
0.027315272227897387 0 1 1 0 1 1 0 0
0.027315272227897387 0 1 1 0 2 2 0 0
0.027315272227897387 0 2 2 0 1 1 0 0
0.027315272227897387 0 2 2 0 2 2 0 0
0.007289975621067701 0 1 1 0 1 3 3 1
0.007289975621067701 0 1 1 0 2 3 3 2
0.007289975621067701 0 2 2 0 1 3 3 1
0.007289975621067701 0 2 2 0 2 3 3 2
0.027035057729867116 0 1 3 1 3 0 0 0
0.027035057729867116 0 2 3 2 3 0 0 0
0.022736855705158213 0 1 3 1 1 3 1 0
0.022736855705158213 0 1 3 1 2 3 2 0
0.022736855705158213 0 2 3 2 1 3 1 0
0.022736855705158213 0 2 3 2 2 3 2 0
0.0069233508744713 0 3 0 0 0 1 3 1
0.0069233508744713 0 3 0 0 0 2 3 2
0.03546515757212258 0 1 1 0 0 1 1 0
0.03546515757212258 0 1 1 0 0 2 2 0
0.03546515757212258 0 2 2 0 0 1 1 0
0.03546515757212258 0 2 2 0 0 2 2 0
0.0069233508744713 0 1 3 1 0 3 0 0
0.0069233508744713 0 2 3 2 0 3 0 0
0.024924961961131725 0 1 3 1 0 1 3 1
0.024924961961131725 0 1 3 1 0 2 3 2
0.024924961961131725 0 2 3 2 0 1 3 1
0.024924961961131725 0 2 3 2 0 2 3 2
0.025942409434641503 0 1 1 0 0 0 1 1
0.025942409434641503 0 1 1 0 0 0 2 2
0.025942409434641503 0 2 2 0 0 0 1 1
0.025942409434641503 0 2 2 0 0 0 2 2
0.008997868823471034 0 1 3 1 0 0 3 0
0.008997868823471034 0 2 3 2 0 0 3 0
0.03437154635712257 0 1 3 1 0 0 0 3
0.03437154635712257 0 2 3 2 0 0 0 3
0.010116018588359473 0 0 3 0 1 3 1 0
0.010116018588359473 0 0 3 0 2 3 2 0
0.03473419151239605 0 0 1 1 1 1 0 0
0.03473419151239605 0 0 1 1 2 2 0 0
0.03473419151239605 0 0 2 2 1 1 0 0
0.03473419151239605 0 0 2 2 2 2 0 0
-0.013360618029947303 0 0 1 1 1 3 3 1
-0.013360618029947303 0 0 1 1 2 3 3 2
-0.013360618029947303 0 0 2 2 1 3 3 1
-0.013360618029947303 0 0 2 2 2 3 3 2
0.008997868823471034 0 0 3 0 0 1 3 1
0.008997868823471034 0 0 3 0 0 2 3 2
0.025942409434641503 0 0 1 1 0 1 1 0
0.025942409434641503 0 0 1 1 0 2 2 0
0.025942409434641503 0 0 2 2 0 1 1 0
0.025942409434641503 0 0 2 2 0 2 2 0
0.03868784405328935 0 0 1 1 0 0 1 1
0.03868784405328935 0 0 1 1 0 0 2 2
0.03868784405328935 0 0 2 2 0 0 1 1
0.03868784405328935 0 0 2 2 0 0 2 2
0.03106517200529678 0 0 0 3 1 3 1 0
0.03106517200529678 0 0 0 3 2 3 2 0
0.03437154635712257 0 0 0 3 0 1 3 1
0.03437154635712257 0 0 0 3 0 2 3 2
0.014075154946333986 0 0 0 0 3 1 3 1
0.014075154946333986 0 0 0 0 3 2 3 2
0.028587187687490384 0 0 0 0 1 0 1 0
0.028587187687490384 0 0 0 0 2 0 2 0
0.027444215891328352 0 0 0 0 1 1 1 1
0.01199733580723783 0 0 0 0 1 1 2 2
0.015446880084090517 0 0 0 0 1 2 2 1
0.015446880084090517 0 0 0 0 2 1 1 2
0.01199733580723783 0 0 0 0 2 2 1 1
0.027444215891328352 0 0 0 0 2 2 2 2
0.01770455397534952 0 0 0 0 1 3 1 3
0.01770455397534952 0 0 0 0 2 3 2 3
0.03494027825811256 0 0 0 0 0 1 0 1
0.03494027825811256 0 0 0 0 0 2 0 2
