(-0.10744104583984611+2.7755575615628914e-17j)
2.668288202265886699e+00 -3.607541367076229077e-01 -5.794329683944993148e-01 -8.571576680242068424e-02 1.166768388984154581e-02 -6.892738897071340465e-02 -4.714952345093098574e-02
-6.663428405816869127e-01 -8.613351053085915865e-01 -8.140965852044093620e-02 2.089679390914612467e-01 -7.919569905797022025e-02 -2.522514607890441463e-02 -6.035552556845000249e-02
1.331796125499401073e+00 -4.910332675213568976e-01 8.948447616287150130e-02 -3.157152213878989810e-01 -6.231895461436956496e-02 -1.307890755985912368e-01 -1.007216801170933151e-01
-2.194828159014972968e+00 -5.777465301815868370e-01 1.416455772465384788e-01 -3.993326927713470864e-01 -9.634928679883636438e-02 -1.474633305218911172e-01 -1.572221926284313176e-01
-3.593474056620695745e+00 -5.494165767196794725e-01 -1.244221500500411470e-02 2.691974601165454950e-01 -1.491150874792585290e-01 -7.897815278549633056e-02 -1.276435518569011551e-01
-4.817868110845718865e-01 7.718477386533640905e-01 5.114752074649828173e-02 -7.607832749304821451e-04 -2.405387641366127094e-01 -1.040894151487418984e-01 -1.208468124398764110e-01
1.483754619218714099e+00 -2.125221712742130509e-01 -3.029760771999984170e-01 -9.085589288380527262e-02 -8.588539660038260748e-02 -1.357795210321210144e-01 -9.071964392012790701e-02
-1.216866199926766479e+00 8.149860188101687442e-01 2.385395312865203066e-01 -1.148437272731662462e-01 -1.981086396119066950e-01 -4.419058683689891520e-02 -1.480972460806309343e-01
1.676316640526297752e-01 -1.552689275633852006e-01 -1.460670304398779817e-01 -6.275740172225544034e-02 -1.448388279035847659e-02 4.534762103544670575e-03 -6.118536282262113102e-02
-2.713626831677087736e+00 -4.308729884799383791e-03 -1.841990099899559752e-02 -8.258776365007489129e-02 -1.842820993268236285e-01 -1.002546693783658849e-01 -1.847596813731068044e-01
-7.286605791188349723e-01 2.732845623605076879e-01 2.751102510827081460e-01 -1.658356519784640881e-01 -3.022256655477574272e-01 -7.612805909576142449e-02 -9.274438250105324077e-02
3.274782277984907841e-01 -1.373980097877230300e+00 -5.997950243066236808e-01 -4.241538020457036318e-02 -1.570984194039154735e-01 -2.311237272574681312e-01 -1.747758439296623056e-01
-2.523585117512844977e+00 -4.991154804984440085e-01 2.232907511895121933e-01 -2.746899972187927252e-01 -7.682029707234397375e-02 -1.238704845258703779e-01 -1.004813892059974734e-01
-1.232531506622182915e+00 -1.188835699020386993e+00 -5.302303014133408210e-01 1.889234726389859287e-01 1.075567673682794323e-01 -8.864229070202458982e-02 -1.198032229960102335e-01
-4.846606298184774619e-01 -1.425811625191665710e+00 -1.088643201113011771e-01 -1.792032473262673842e-01 -2.960215353884759759e-01 -2.081716434648706038e-02 -1.102533512004587046e-01
-1.094327458825359978e+00 -4.827565147303458648e-01 8.757199978526766793e-02 -1.730253708328627626e-01 -1.130273879889262256e-01 -1.384330522131346497e-01 -1.249079159097991887e-01
-1.043285603197508626e+00 1.246644140271092160e+00 -3.315587797908644552e-01 -5.715326018725572776e-01 1.236694348224442463e-01 -1.427322815865091077e-01 -8.961047695947482739e-02
-9.233642374403687736e-01 9.007636028318721788e-01 -1.742094041738558030e-01 -8.748821391490782529e-02 -6.334595964685887926e-02 -2.332398037024135951e-02 -7.228256212441752648e-02
-3.849933447495692551e-01 -1.616712398701239506e+00 -1.156686096829410815e+00 -1.456240197116709101e-01 -4.059378341604052975e-02 -1.367085905179329652e-01 -9.936735948323846546e-02
-2.025332014924987600e+00 -1.199449702442659360e+00 2.937096666382987831e-02 -5.964159153773749278e-01 -1.841395974608436015e-01 -9.848207712985423967e-02 -1.832189874884791181e-01
-4.831474159283868919e-02 1.017877633320074526e+00 -4.290631536170438354e-01 -5.616264907959958586e-02 -5.473257300484343779e-02 -1.569039121849014340e-01 -1.681371563483682607e-01
-1.327141316368810164e+00 -9.346451162672884116e-01 -4.286047203113176884e-01 2.487228174027572292e-01 -1.441426637473975647e-01 -7.008658413405657872e-02 -7.800223142658957443e-02
-4.027506387503694274e-01 9.664275143221969788e-01 6.045780080450018357e-01 2.088723999376937424e-02 -2.875213945228703993e-01 -2.258104500902596012e-01 -1.128782511620043671e-01
-1.323813766087991395e+00 2.987713370816288627e+00 -2.806946574192875632e-02 -2.729039362407348346e-01 1.102614982296469537e-01 -3.786406879140422066e-02 -1.473990452626452730e-01
-1.987653119708270577e-01 2.314695829588774845e-01 1.396579029770226021e-01 3.941873471087268266e-01 -2.681860264544410066e-01 -1.963205272617377928e-01 -1.200969824633692229e-01
-1.787168966156779393e-01 -1.406291657273061046e+00 3.046827728944006553e-01 -3.495304407305391825e-01 -5.820727703782874185e-02 -7.434681828922143354e-02 -8.045087320124119645e-02
5.661118958931626866e-01 -3.096453030125685402e-01 7.402328718941419972e-03 -1.430071135811863126e-01 -2.607515760003752403e-01 -1.170566713428759231e-01 -1.659266445068298401e-01
4.168383648476251535e-01 3.843057158875716750e-01 -1.952267578873454756e-01 -2.840400892432897173e-01 3.990433803311255190e-02 -4.502858746646939969e-02 -9.788682439199428154e-02
-4.558122268972131241e-01 8.552001250708030078e-01 -2.284304919956660906e-01 -5.016565708942934965e-01 -4.757988709861837862e-02 -5.211324530123387366e-02 -1.042548906322855740e-01
-1.568595981690686925e+00 -8.711771448678298224e-01 -6.037417652826715386e-01 -2.262618879835073538e-01 -1.588399330458191427e-01 -5.719702251845995566e-02 -8.168671332121901774e-02
-1.816957573571730711e+00 -1.217424639983383239e+00 5.328564547141984020e-01 6.570939600738703867e-02 -1.230831307056327317e-01 -6.430680994660933902e-02 -1.337185240110659590e-01
-1.544116755993593548e+00 7.005277319385003754e-01 -1.634548491701360573e-01 2.381333412032135277e-01 7.232103873798018112e-02 -4.285301088850987372e-02 -1.380623894550167263e-01
-6.611660988874847877e-01 -5.925310452788596915e-01 1.306013517895027454e-01 -6.366159133886744037e-01 5.335486526734767310e-03 -2.819004573718908446e-01 -1.252576591380152593e-01
-1.374074896140555557e+00 -8.649731674759446598e-01 8.169901604106995230e-02 -4.736444907623754697e-01 -4.709110429403696729e-01 -1.551987105595795113e-02 -2.734448481377804718e-02
-1.311566169849295305e+00 -9.459395577383129528e-01 5.242338598613049960e-01 1.330256842782844007e-01 -7.905684029496976017e-02 -1.152290044099976429e-01 -9.757530747373469038e-02
1.259922851550129730e+00 -3.152642172307659196e-01 -4.935002718850629577e-01 -4.767124103622924491e-02 -1.118940998646363039e-01 -1.337174806783978653e-01 -9.610104165925675845e-02
-1.971279203468436991e+00 -1.921896151661433294e-01 7.200036896913275530e-01 -6.140178788459158543e-01 -1.213189228099538497e-01 3.865327882030938911e-02 -1.035827746532554661e-01
4.892103485606197344e-01 1.567620281153051798e-01 -2.245475335469043487e-01 -5.582061840042562562e-02 -5.831543621241117026e-02 -1.762796786790679637e-02 -7.454327185296594216e-02
6.484958729723379056e-01 2.740951109468126035e-02 -2.640532074728393352e-01 -1.732408336254959991e-01 5.104256322273090229e-02 -1.795944206397847298e-01 -9.119132457486106569e-02
-3.871968844220132322e+00 5.576971065382594350e-01 -2.855485075297012343e-02 -5.625228827511540297e-01 -3.316659009752803700e-01 -1.133899032801080897e-01 -1.349159889043906879e-01
-7.590322705418282023e-01 -2.366384858671434499e-01 -3.367684372270207671e-01 -2.241867797348132407e-01 9.968569799796730968e-02 -9.431542696356276512e-02 -1.456679526255876544e-01
-6.017480341543605116e-01 -1.758560364704517820e+00 -6.209823175877924317e-01 -3.144915146934246231e-01 -6.728548100326348091e-02 -6.560757505330189199e-02 -1.368463220286855464e-01
-4.619831096433076878e-01 8.112876021356663081e-01 1.118768256086783153e-01 1.407306582822254737e-01 -2.110528265911423007e-01 -7.278666721890603153e-02 -7.877908298491601014e-02
-1.035682345115484404e+00 1.106596323914634361e+00 2.653210420492153609e-01 -1.806493030935818200e-01 -2.221152805328126811e-01 -9.897258758550753210e-02 -9.982492645178234203e-02
-6.058910193175744974e-01 -8.686689324785930033e-01 -7.902965101458427899e-01 7.765101401681648308e-02 -7.975444423067565292e-02 -2.035155093123536540e-01 -8.636056842723752180e-02
-2.168172476280059602e+00 1.555365766499942515e+00 8.840884117717240365e-01 3.296245265842308036e-01 -1.863385827737755462e-01 -1.152224641452017917e-01 -6.364441899503625599e-02
8.847128027523137872e-01 4.343726635079042664e-02 -3.679986330114826121e-01 2.353613057025623900e-01 5.448242830271560200e-02 -1.242308121007528465e-01 -9.744088992422481055e-02
-2.970590505956479666e-01 -3.817833081340157864e-02 -6.371206490171489323e-01 -1.406779264419213971e-02 -3.431526240155760576e-02 -2.549976775113836913e-01 -1.297444294875296500e-01
-2.483064103833250158e+00 -9.295564719062432424e-01 -1.087892880736947010e+00 4.314311728628603126e-02 1.124260965772033716e-03 -8.036858386181339187e-02 -8.547335976098702215e-02
-1.265168246072954361e-01 -1.296099850776502027e+00 -4.696453643020762625e-01 3.001432500200266196e-01 -3.592993771120847057e-01 -3.522045907518833729e-02 -9.985309715849385870e-02
