(-0.10744104583984611+2.7755575615628914e-17j)
-3.114046911020112773e+00 2.507383830650480316e-01 -8.367551128611576683e-01 -3.424081822378539641e-01 3.362122645959275680e-02 8.258091726048022441e-04 -1.202699704462009966e-01
-6.730213720325965987e-01 -6.603540428012117935e-01 9.098059571496555642e-02 -7.121683309320187005e-02 -2.765701807994183081e-01 -7.619828024337402250e-02 -1.042927794834975219e-01
-3.254520996432414215e+00 -1.722281072137587854e+00 -2.671606881015884394e-01 -6.061490268624472044e-01 3.143860926533864619e-02 -1.584140018238441583e-01 -7.791839064762107192e-02
1.555055102494062647e+00 -5.832776168051676535e-01 4.417499945355563007e-01 -3.304743634502452787e-01 -3.694680859804427842e-01 -1.747164454091218733e-01 -6.938574130982674837e-02
1.365322808440275315e+00 9.286433681592243250e-01 8.959111078245546311e-02 -1.653382599047150958e-01 -1.607026892190313305e-01 -1.692723277872567322e-01 -1.242568006582892848e-01
1.031043243695767053e+00 -9.071158073571119473e-01 -2.199724210196867535e-01 -3.206842552646945732e-01 -4.850410186040274296e-02 -1.287014496670684516e-01 -1.790461428566754443e-01
-1.009034232784320695e+00 -4.656247572059981632e-01 -7.203616997355138940e-01 -2.220092169400938731e-01 -9.042703111442829123e-02 -1.863099683923710448e-01 -1.056031575238834397e-01
3.255739442929341365e+00 -1.361816040467296318e+00 1.249336171580005816e-01 -5.045148758125399535e-01 -1.399104826616726915e-01 -1.616079468418053777e-01 -1.900947377453902354e-01
-1.459796603579974539e+00 1.251547569660527826e+00 -4.937713265699732457e-01 -5.476671654801070765e-01 -9.478323924382578425e-02 -1.898806229743858764e-01 -1.314974486648763652e-01
-2.350696661997130121e+00 1.465105014174707732e+00 6.850288514725115796e-01 2.427286915034554682e-01 -1.374829092007366083e-01 -1.596121949944904472e-01 -2.191160834365321608e-02
-1.049155650457553213e+00 -2.416734434106670715e-01 4.163505331390604525e-02 8.231928778218322584e-03 -2.651822233836603759e-02 -6.026115269330334367e-03 -1.127364445604656651e-01
-2.100200621274413149e-01 -2.045093551987995806e+00 -6.863870115851502529e-01 -2.483781869681674082e-01 -1.328552747103652065e-01 -1.246798810294899307e-01 -4.396412299020516223e-02
-4.633399968446035855e-01 1.371842113105533389e+00 -6.550381820493673679e-01 -3.817706539922355313e-01 -1.215552945364436754e-01 -2.320902584146979086e-01 -9.340359144022139515e-02
7.050408727357989624e-01 4.614592204919851226e-02 1.179164305493266285e-01 3.427117265799444756e-01 -9.096914355769883387e-02 -1.141581767741905173e-01 -7.312639573768417445e-02
2.278946361619974270e-01 2.153236315686271329e-01 -1.241565650562729939e+00 -2.260375467022357754e-01 -2.529463120335448956e-01 -9.516271624425545750e-02 -1.096387359219785640e-01
-2.804034135993786148e+00 8.568034141539140336e-01 2.374638880159296583e-01 -4.656447098879772373e-01 -2.104775039771391854e-01 -1.992086191260883654e-01 -2.157459541287370663e-01
1.285912167942372397e+00 1.702253044309234520e+00 -7.628587848995688203e-02 -3.718651281699766886e-02 -1.688164656161711130e-01 -1.571854520101388097e-01 -1.062460726694649804e-01
2.650168071126819402e+00 -1.370362332205837586e+00 -9.246716256194063011e-01 -3.786315742245434102e-01 1.466313847735944975e-01 -6.040581171525799542e-02 -9.165446944440966415e-02
-1.085423391196704168e+00 -1.363889761163452619e+00 4.925017029082559006e-01 1.419903730017848253e-01 -3.420843739288023100e-01 -1.273351401872541422e-01 -7.235619794479142275e-02
4.742604672628981666e-01 2.840318416060703122e-01 -2.434358602682739348e-01 8.526338043694997593e-02 -1.787603771488660287e-01 -6.507763385076406615e-02 -1.183066223188243005e-01
