(-0.10744104583984611+2.7755575615628914e-17j)
2.310273528444942048e+00 9.629179435245660557e-01 -2.508374100126203876e-01 -3.491030804870455251e-01 6.446309881727535496e-03 -1.077493400192737760e-01 -9.481646252331321634e-02
-1.895104059086268056e-01 -2.162626138411948507e+00 9.859540345858799903e-02 -2.043588677034533230e-01 -7.326922449817810379e-02 -1.853706420033887914e-01 -1.132625246049143442e-01
-2.289940665857550073e+00 -1.847410839657273929e+00 1.243356143055234508e-01 -2.041206437694621789e-01 -9.807151503140376647e-02 -6.630265240131302806e-02 -9.581154199120198167e-02
2.345072741856844889e+00 1.933991392818722899e+00 1.035597892159658029e+00 2.814225904406377765e-01 5.460257951948507826e-02 -4.523574381484996021e-02 -6.973704717548911969e-02
1.511376184300733838e+00 9.316919175594015612e-02 -2.423433336927775239e-01 -7.257539067544871436e-02 -2.062618442501566729e-01 -1.246855918048383194e-01 -1.418291576590548220e-01
-2.303752329495407647e+00 -2.500469240817454253e+00 -2.627250617811560662e-01 2.739073895356719524e-02 -1.447080919814290045e-01 -1.754405687148890280e-01 -1.203725752327426124e-01
1.788892618666122925e+00 1.800563027576905228e-01 -7.292829298895858736e-01 -3.069118870367908425e-01 -4.591722986017018893e-02 6.083821183941046096e-03 -7.690848980197037554e-02
2.402988078668851557e+00 6.378317814047249623e-01 -8.041311951505432098e-01 -3.817177708332691877e-01 -2.455724355006052850e-01 -1.202559401574610776e-01 -1.509448486045824878e-01
2.189771649163334999e+00 1.110209824418489699e+00 -2.908485528834390266e-01 -4.842794129997093910e-02 -2.570943651502544114e-02 -6.280083283294202179e-02 -8.561260852295907164e-02
-1.186148417780862774e+00 -1.318541508366122050e+00 -9.384244224341455887e-01 -5.615368973148258114e-01 -3.604536305100264348e-01 -2.589581495364251529e-01 -1.694521073191433691e-01
-2.184919918906094438e-01 1.117144456768646987e-01 2.544726210933331290e-01 -1.264293826488905037e-01 -1.893765367712842151e-01 2.078766360584516359e-03 -1.281577235870356157e-01
-5.995318782330661955e-01 -1.833523783897913761e-01 -1.119172377445095123e-01 6.252312035668422530e-03 1.610151166747532669e-01 -1.058947061029997805e-01 -7.230996703321465602e-02
-6.161496889994481085e-01 3.264147993537636072e-01 -4.355753877888954850e-01 1.485760708675436248e-01 1.852865367754336356e-01 3.012814475914518675e-02 -1.137873507087384384e-01
-2.254817512587170114e+00 -1.598482864303551132e+00 -8.418492700401758455e-01 -6.400790939681443303e-01 -2.365649027859394737e-01 -1.130635334462839203e-01 -1.047972068918006927e-01
-4.118539474739839612e-01 -1.767649760409535364e+00 -6.274060895153003026e-01 -6.545447221319592446e-01 -2.377711065380720135e-01 -1.662297728709759836e-01 -1.385796364734762920e-01
3.203664986599593645e-01 -4.263619700524016176e-01 -5.705450870793762341e-01 -1.255541326981115813e-01 -2.563797399075686823e-01 -1.287869745121208165e-01 -7.003316132067557986e-02
-8.793305977705647702e-01 2.467609650319696757e-01 1.129397796031534895e-01 -4.320696768357470963e-02 2.269247231377177765e-02 -1.864441429654685456e-01 -1.448695481892186276e-01
-2.231947241255467507e+00 -6.124509711137164913e-01 5.194041956215468270e-01 -1.319310373968825278e-01 -1.087865534851184812e-01 -1.602404034916781461e-01 -1.388628621386953921e-01
-6.371773815829087084e-01 3.775657864071226277e-01 -5.507876332240420059e-01 -2.630816584572627237e-01 -8.313966938650307892e-02 -9.346812182454533602e-03 -7.562974376535469556e-02
1.552771047870197041e+00 5.396628735892563533e-01 1.279977751035412670e-01 1.221615586945716259e-01 -6.113806224472337347e-02 -7.626798393529671261e-02 -1.118609913322556604e-01
