(-0.2862812728576336+2.7755575615628914e-17j)
-1.067750173394825142e+00 7.986900751859500325e-01 2.480691274460085360e-01 1.188464301412283930e-01 -4.127892620387805245e-01 -5.293210433695240136e-01 -3.123671698467050395e-01
-3.407700448620620826e-01 -2.879324361498008855e+00 -1.013341092440382119e-01 -1.354313420741237450e-01 -1.974519051977107753e-01 -4.644763610574106361e-01 -2.638516702584040585e-01
1.031644277076302130e+00 -1.658199797376485041e+00 1.792557195316063778e-01 -2.357872518599509748e-01 -1.357595036816918455e-01 -5.571916366944245080e-01 -2.555398737501337059e-01
4.338308365859814941e+00 -2.919808547578757185e+00 1.671038550297218317e-01 9.254660549064919195e-01 -2.075499348304038483e-02 -8.748194214262093593e-02 -3.841242363989189057e-01
2.193237342611754903e-01 -3.468263665288981445e-02 -1.107154619546449059e-01 -1.490692923068517750e+00 1.679359656406223533e-02 -2.467047994795672772e-01 -2.554448127243953426e-01
2.206662596216325767e+00 3.867422944752766378e-01 -1.373738555809893347e+00 -6.133331978046078214e-01 -4.979904158803050152e-01 -2.745652718125105585e-01 -2.850896374399349842e-01
-2.275345481633127331e+00 -1.725258311471923767e+00 -1.471339773518905325e+00 3.234476774824137646e-01 -2.933803501635381950e-01 -3.638517208185670926e-01 -2.118052916221540571e-01
5.684849147465568242e-01 -1.637504206217712976e+00 -9.471819866559745282e-01 -6.915375761233022445e-01 -3.319966788618923248e-01 -3.822232383005024214e-01 -2.010869804261675720e-01
-5.071497610094767294e-01 2.504089824176245926e+00 1.630387871657450749e-01 -2.943292123683830530e-01 -9.464882988646117212e-03 -1.037332413276504245e-01 -3.051509848808048320e-01
4.116183709006765667e+00 1.708959045023183521e+00 -1.141716441875836097e+00 2.421201228517386173e-02 -7.765602358884776679e-01 -3.590832722639614172e-01 -2.915246839160036130e-01
1.102240108491586490e+00 2.552766314025258332e+00 -5.940167103192020570e-02 -1.343257099996463699e+00 -6.295257644954073140e-01 -2.176686934482473523e-01 -4.085704660912192754e-01
-2.057215743028384392e+00 5.868841538181823747e-01 -4.979066914153117418e-01 -1.001664664864995835e+00 3.255747214943255363e-02 -2.734416028957400435e-01 -3.038122513991101670e-01
1.426375120989797463e+00 6.984170242413625940e-02 -1.040598008179126843e+00 -4.588443765396191809e-01 -1.292258065193881145e-01 -4.675132983420596799e-01 -4.552528158547974879e-01
-1.515704883991952023e+00 -6.193149882557866803e-01 -5.313151874343569059e-01 -6.034907577514142529e-01 8.580312326974012804e-02 -5.777234683467546983e-01 -3.375533862117950923e-01
-8.298351018237026810e-01 2.871900278297405240e+00 -1.978590688880139392e-01 -1.336473783858709741e+00 -9.705616464644116481e-02 -3.773901170554709861e-01 -4.825502075307912531e-01
-1.271912924757482521e+00 -4.326347753287423936e-01 8.824448681726142496e-01 -5.144610855760352042e-01 -8.240789675655331159e-01 -2.377108045997685382e-01 -2.851860881136214498e-01
-6.981634413357171720e-01 2.035631988196050735e+00 -9.789168476047336309e-01 -3.855780663762319316e-01 -4.255251837476785592e-01 -5.905071403885816528e-01 -3.181780658279694252e-01
4.423887721857023836e-01 -3.302561759242723660e-01 1.996180349338596838e-01 -5.470929506127579778e-01 -5.093875338568860656e-01 -2.788192564219836855e-01 -3.195882846896436202e-01
3.647858228760334942e+00 -2.909076573698548884e+00 2.172290609804442829e-01 -5.405945143037277356e-02 -4.069887979449517967e-01 -2.731410515246593951e-01 -2.374453559213126619e-01
3.068981646300404931e-01 7.082084855959950298e-01 1.946435373682706693e+00 -3.223555948471154009e-01 -6.824019172171489345e-01 -2.031684565403817921e-01 -1.784348081384873330e-01
2.783253993271003424e+00 2.119197609380326919e-01 -2.274856950610331385e-01 -8.919465136082478374e-01 7.993900985731680620e-02 -2.277164002992137781e-01 -3.892326954125776006e-01
1.307911766740655013e+00 6.990272457797052086e-01 -2.755561397164493442e+00 -7.392411788804479356e-01 -2.919595539886834512e-01 -4.941713005561085836e-01 -1.914868336031577967e-01
-1.028176590627704723e+00 -1.598724391885854246e+00 -1.184880641539161727e+00 -1.126595363526055493e+00 -4.180138101445758370e-01 -1.726403723917213084e-01 -3.601184313345218158e-01
2.858984916234225793e+00 -4.311940687092356006e-01 -7.198175310768888391e-01 -5.712383482983006688e-01 -4.343215426393142176e-01 -9.873295656142344612e-02 -2.861357778261681140e-01
-2.400419022681626657e+00 -4.032262134540993692e-01 -3.785375562047038622e-01 -1.269289668360310319e+00 -6.537420817801197215e-01 -8.738848344806965374e-02 -2.975966705475113772e-01
-6.524240192028627483e-01 1.988597497325136576e+00 -1.481633422566065728e-01 -4.509014492917443606e-01 -8.651749552685461531e-02 -2.562084210877149659e-01 -2.893803998466114025e-01
-2.456149728955900613e-01 -6.452908985784232554e-01 -1.229289264493174660e-02 -7.460433045229339921e-01 -3.054538733853460197e-01 -2.195197810801041705e-02 -2.516283803240418893e-01
-1.470940820905878965e+00 2.242075087645543530e+00 -1.589065511229481864e-01 -3.023230222954832458e-01 -4.542320881059784821e-01 -3.773840612677509254e-01 -2.383286446402832215e-01
2.459138847238040437e+00 2.024045475577558761e+00 -1.471448776221656873e-01 -1.536792308414237918e-01 -7.510780633572397558e-02 -2.471670259561966343e-01 -3.004087618767534718e-01
2.279123766786045557e+00 -2.447858823788649829e+00 -2.580218715528677098e-01 7.604703046224552399e-01 -6.736299742321993911e-02 -3.770642011667006965e-01 -3.642555406625370140e-01
-3.337939491718923790e+00 3.454139375383710187e-01 -1.053969341250366565e+00 -5.001553609068687400e-01 9.135139363622193920e-02 -3.504012936605720996e-01 -2.389280832391232345e-01
-7.332779413607910524e-01 -2.955617930158274120e-01 -3.335818693119719791e-01 -4.279756780556169815e-01 -1.776567130700033581e-01 -2.792652258558265266e-01 -2.567727619192658461e-01
1.138496707632261629e+00 -9.016384351919188855e-01 9.587848379991872338e-01 -8.886698946408734257e-01 -1.453742282257704244e-01 -2.554936070824523897e-01 -2.465022874770962658e-01
1.500388536965724606e+00 1.424325391865688684e-01 7.494637235678699994e-02 6.642067945392735595e-01 -1.561132949050741681e-01 -4.418180808421970918e-01 -2.295877851130319891e-01
2.370451979450153512e+00 -5.637648122146520224e-01 -4.629492834035057180e-01 -7.148449371194556257e-01 -2.305926050682822470e-01 -1.038844613256846294e-01 -3.098107214277982524e-01
-3.855192338966541010e-01 -1.930221179060862990e+00 -1.176356897677920121e-01 -5.942961207860220085e-01 -3.612247545352177402e-01 -1.264646822110403190e-01 -1.849738602555945910e-01
-5.623025429674265441e-01 2.589508672175014903e-01 -4.907903786227857390e-01 3.072628760030990946e-01 6.599706918491432539e-04 -3.795030631786666109e-01 -3.563670843298483715e-01
-1.639527752496039437e+00 -1.288537099259197571e+00 -4.259912658156135290e-01 -1.860906665706081320e-01 -2.687914988034477703e-01 -2.042827327514322167e-01 -1.258251588538331078e-01
1.117616815487362025e+00 2.303415752264129868e+00 -7.481974441986042335e-01 -1.863618197474195548e-02 -4.028394903799555893e-01 -6.313569677276012482e-02 -3.151944779804450869e-01
1.792218724678396935e+00 -2.160069896332941775e-01 -1.040405104297947192e+00 6.069425560361746408e-03 -4.810272531512334027e-01 -3.452556403806397722e-01 -3.713851991092740890e-01
1.259569156960489211e+00 -1.193885589080465603e+00 -1.192286983227645258e+00 -3.828072316954638232e-01 -2.457270428119296968e-01 -2.304392818384433383e-01 -2.918072434921359926e-01
1.947681005209256078e-01 -8.342243979373781260e-01 2.896732519309697107e-01 -8.287699755968165327e-01 -2.630591243209158270e-01 -7.034252341628995930e-01 -3.698333980007454946e-01
3.126735254416330712e+00 8.808611684031922295e-02 4.958581923850868822e-01 -6.611324665240827514e-01 -1.641384088362755067e-01 -2.481323642829334208e-01 -2.552689413347481451e-01
1.691850622688160444e+00 -3.362507691447421898e+00 -2.337579804715420040e-02 -8.870107959046340529e-01 -4.078946156054197303e-01 -3.597920125389829082e-01 -3.003246331550447623e-01
2.861488837977420374e+00 2.008792858848204244e+00 1.615825864778655863e+00 -1.154635615832157569e+00 -6.957012201397122508e-01 -1.490860797849819508e-01 -3.285776337659548352e-01
-2.478064025078354327e+00 -3.249057942960804191e+00 -4.742568387584839007e-01 9.434384825885022696e-01 5.704707775480585830e-02 -2.208866790603479235e-01 -4.088288893300652260e-01
1.994683642197752960e+00 -2.346532968672712993e+00 4.162163190219935194e-01 -3.359128435494718179e-01 -1.003587957278850168e-01 -1.139241684227550178e-01 -2.632306631365155525e-01
-2.189627098556362395e+00 1.297369979413601104e+00 -6.125332419863875888e-01 -2.651962968105003871e-01 -1.134047112886510666e-01 -2.998278995491458765e-02 -2.567809908816598430e-01
-2.412215869859729855e-01 -2.406257375066824800e+00 4.057231888736161363e-01 -6.931162903150478449e-01 -2.221219636529357389e-01 -3.708829331277029850e-01 -2.006085523461611231e-01
-2.980768338475211277e+00 -4.138539824551441981e+00 -4.645733406481107330e-01 -1.003517759553826938e+00 -3.792042357621378534e-01 -2.350846650764394641e-01 -3.721754637483637440e-01
