(-0.2862812728576336+2.7755575615628914e-17j)
2.795046003653011368e+00 2.162881672033860336e-01 1.870902901956243980e+00 -1.036042013881361523e+00 -2.006926516669416960e-01 -3.288276206192561890e-01 -2.890905129564202980e-01
-2.445746564718517035e+00 2.480155820632880648e+00 -8.128916995327538642e-01 -3.970497953014279213e-01 -1.110336759658868133e-01 -1.669120860911048054e-01 -2.936843621193888643e-01
-2.613079440461208769e+00 9.767377029391988152e-01 5.625593688541494219e-02 -7.213987297123325426e-01 -2.412618789695210320e-02 -5.241587325120402596e-01 -2.054996650514031575e-01
-2.874697239525439429e-02 3.031902272343908855e+00 1.112667761908587627e+00 -9.568169356924317581e-01 -5.169260170024191359e-01 -3.254821922082402896e-02 -2.961332544724573079e-01
-2.085601235034267642e+00 1.312400957562779524e+00 -8.588741753750581687e-01 -1.137120530481274816e+00 -5.982580321506947296e-02 -2.307774495042665130e-01 -2.861172057308750682e-01
3.436450260274269475e+00 2.470421571383472514e+00 6.763933692592414282e-01 -2.923683077809262620e-01 -4.707195620063953090e-02 -1.623520779121855329e-01 -2.813515134828806774e-01
1.945761597003495158e+00 3.629231106139620966e-01 -1.199017007955795133e+00 3.895864198978840620e-02 -2.455638206715604344e-01 -1.571792925257569085e-01 -2.820932143222179000e-01
1.904299730046139782e-01 -5.410242185863057829e-01 4.996226935473284669e-01 -4.617295302762876030e-01 -5.783653605703354961e-01 -2.732778137812823527e-01 -4.503310489356091573e-01
-1.035477055482817210e+00 -8.731673753286852691e-01 -1.190871727569307481e+00 -3.147459358276957775e-02 -2.500573796167304685e-02 -2.079932921917413413e-01 -3.512775930403210789e-01
4.947768831509882781e-02 -2.272078256889127346e+00 -8.041982066910452476e-03 -1.797836664216709290e-02 -3.757747350795483943e-01 -4.058202470312654020e-01 -2.878259134529695951e-01
4.707162731115962728e+00 -8.131988316076550483e-01 -2.056994905951088359e+00 -9.364421741700447166e-01 -2.780241806987199249e-01 -3.869617889579769765e-02 -2.300275005016299834e-01
7.484363258658459639e-01 -4.451576926008959934e-01 -7.649850477654919212e-01 2.233742229602675711e-01 -1.778155443576672212e-01 -1.983402823542372018e-01 -3.002282510062065368e-01
-1.879296820374527222e-01 1.410143262760848781e+00 -5.311278131621390841e-01 -8.446805313318752617e-01 -2.422802275606096567e-01 -2.500998209825993635e-01 -2.407809306659918214e-01
9.721509012234011426e-02 -2.492680055012546081e+00 -2.738519765398379491e-01 1.383104991469694123e-02 -1.834878214417476616e-01 -1.227656933800366224e-01 -3.284757654805468552e-01
3.499215973124434775e+00 2.359593172997523358e-02 4.114146946243458780e-01 -5.945785387928002041e-01 -5.954677184010513935e-01 -4.735160249548107103e-01 -4.024118999056720547e-01
1.459244442365687400e+00 -3.608462001604423319e-01 -4.191496389819447943e-01 -5.780651244466979977e-01 -1.954075965901415635e-01 -9.724055574934634127e-02 -2.594607150734777323e-01
-6.918746857979482523e-02 1.987851430807004327e+00 1.089387653718552285e+00 -3.700104824476709853e-01 -4.288428519849832865e-01 -1.758678638700948704e-01 -2.359092616047093471e-01
-7.878854509958608254e-01 1.567575914112831204e-01 5.804128324966082442e-01 1.788414242120718589e-01 -1.678619435235915724e-01 -1.701578550484459940e-01 -2.988593276414068800e-01
1.189779974686258290e+00 -3.278962439772806103e+00 -2.340499755842158913e-01 -2.376653397724091954e-01 -5.797647720235329372e-01 -3.497145211376545548e-01 -2.577544357039861511e-01
2.798523337803392463e-01 2.184562107215714200e+00 -3.412738704565459469e-01 5.825479217370840290e-01 -3.166723931363361055e-01 -2.500034281548417781e-01 -2.628082337986020756e-01
