(-0.2862812728576336+2.7755575615628914e-17j)
6.666599093821159450e-01 -2.777460568401486363e+00 -5.787473272621170839e-01 -8.347703583049059795e-01 -8.394795160598021999e-01 -4.324284308839135837e-01 -3.463011059524131463e-01
-1.352002259668678708e+00 -1.946699044286879232e+00 -9.888234263442344796e-01 -3.123519656404797340e-01 -5.960783473216052508e-02 -2.541116348013183757e-01 -2.458096073668331605e-01
-1.067586342464552196e+00 -2.358903986666410491e-01 -2.730070866541092212e-01 -6.308611895776433665e-01 -6.240862355640811598e-01 -6.147902747494767839e-01 -3.564413092907679492e-01
-3.361780132940083154e-01 1.252008626192497420e+00 -7.097699731994582262e-01 -6.473033549028310851e-01 -2.392740281370946409e-01 -3.547823097003276471e-01 -2.490297223271943361e-01
-6.939919318656860847e-01 -3.597275838472742127e-01 -1.071336575915764699e+00 -2.916749922548191876e-01 -2.884738870074413652e-01 -1.069124782001984603e-01 -1.425956172992541848e-01
4.130646316244445115e-01 7.222076740771543601e-01 -1.455051772528121568e+00 -9.337932414198830688e-01 -4.269947634377255774e-01 -2.706361918270459022e-01 -1.985523732788888329e-01
-1.149495372719258945e+00 8.781692432770547008e-01 1.781861990581124378e+00 9.717327100887322988e-01 4.161674608866785530e-01 7.098656472260034267e-02 -3.734973711587546985e-01
-1.035908665796736905e+00 -4.886750552688434723e-01 8.103126956551882643e-01 6.920884576506234342e-01 4.592726652134817567e-01 7.125224473657185142e-02 -1.633823749610594789e-01
1.680332256968244398e+00 -1.758833313213568728e+00 1.080067426044133139e-01 3.912642158680661453e-01 -1.275781165045239418e-02 -1.603128737447844787e-01 -2.929159327380604916e-01
1.370522107413912671e+00 -4.652748693294572746e-04 -1.967260619170797309e+00 -5.665328915718248481e-01 -8.343407711623182510e-02 -1.195619903751868607e-01 -2.748492221604782459e-01
-1.038446712235645553e+00 -3.035490676957684819e+00 5.822261437105200610e-01 8.174026115875124843e-01 -4.326090885709895639e-01 -2.852763098608039893e-01 -2.654867918570461005e-01
2.300036049495087553e+00 3.424917805267355231e+00 8.484478619410180666e-01 -5.294944072225898912e-01 -4.079823235152664207e-01 -3.065520813845743486e-01 -3.099793840747935847e-01
1.907790086317752820e+00 1.699001291425196847e+00 -1.828478230301849194e+00 -4.379764238576044910e-01 -3.717085425768231755e-01 -5.568207246815062295e-01 -4.568385040065068292e-01
-1.294918407592010601e+00 4.192617154330674500e-01 -3.206829625349252311e-01 5.182131378595482563e-01 -3.235737709020043429e-01 -4.021207759770969448e-01 -3.808709459443271328e-01
-5.482364310148896136e-03 -4.182015947513093024e-02 2.447541039574943345e-01 2.936072509484480286e-02 -4.955815727134987858e-01 -3.067641993817178392e-01 -2.634767617878353008e-01
-6.933039126010701603e-01 -1.833282735427759436e+00 -1.536324537306520632e+00 -2.965943018835747180e-01 -1.059478853878854654e-01 -2.685554097386758654e-01 -2.633372278263824695e-01
4.205134204459328728e-01 -1.272262966512450744e+00 -4.111743629906485786e-01 -3.475735673533276726e-01 -1.197287415437943980e-01 -3.160782400579396079e-01 -2.803356857611284947e-01
-9.772802350877731747e-01 -7.692054456455396649e-02 9.217345287946552279e-01 2.138307825039778842e-01 1.004752259694370042e-01 -2.892278904130225481e-01 -2.380578063803411581e-01
-2.047245793090683552e+00 -2.296723555280836937e+00 2.616478023251129770e-01 2.372818411020900797e-01 2.269883873678735509e-01 3.681968748021147153e-02 -2.402334874351117200e-01
-1.000993628355856258e+00 -2.440696826588594437e+00 -1.167061121947577274e+00 -4.318682553488696618e-02 -6.588961494450845668e-03 -2.178875861408788861e-01 -2.665641266966661815e-01
