(-0.3410284372655433+0j)
5.474729443671106921e+00 4.262866394432164974e+00 -4.204083788659496612e+00 1.270941083141892136e-01 -3.564379951028064930e-01 -3.759440568397430793e-01 -3.495612787384932973e-01
3.721002848440636140e-02 5.827343180763104868e-01 5.830843924127957045e+00 3.731386712742060796e-01 -1.491936945046043572e+00 -4.819082400919676434e-01 -4.029043956552580408e-01
9.686672888859866326e-01 -8.260026233942607377e+00 -3.019356508894841085e+00 -5.943636636943160356e-01 -1.147358140043583719e+00 -4.009882526369500377e-01 -3.850008076607396301e-01
-7.448945037834568961e-01 -1.317044747974999153e+00 4.904121597637690205e-02 -1.856487023853883533e+00 -1.876133551819788359e+00 -1.611762987369380618e-01 -1.880520852577229896e-01
2.239944810238883033e+00 1.001632467787107572e+00 3.625193318223645100e-01 1.961178556491248726e-01 -1.545082322508570249e-01 6.800892130095892441e-02 -1.308310319910663821e-01
1.988899967386408729e+00 6.245505375326341202e-01 -2.260259750529438616e+00 -1.487327948327691329e-01 6.450371555287170988e-01 -2.664444017607650039e-01 -2.936734988854938083e-02
3.533714858692255767e+00 6.354931026701449159e-01 -1.442899199705033109e+00 -1.191018299755488341e+00 -1.779362962848211938e+00 1.879097417045450663e-02 -3.147223847531721574e-01
1.672495764381139560e+00 2.219511010783266070e-01 3.326381810467819999e+00 -5.412120776756181861e-01 -3.617997451460719383e-01 6.140413757303942593e-02 -2.449968387085504906e-01
-7.368558872793586900e-01 1.009245791035864981e+00 -1.888387509621244797e+00 -1.328610239403531068e+00 -5.524293339332810859e-01 -2.534282744464287918e-01 -3.248736047865248278e-01
2.972626172442449644e-01 -2.920361287018945706e+00 -2.664455935929325392e+00 6.976713107444281192e-01 -1.158236181467884318e-01 -5.222439522117999777e-01 -1.930813494752275927e-01
4.485989250665394223e+00 3.704965173870868433e+00 5.442714358973761435e-01 -1.674889715817440949e+00 3.489806185961951135e-01 -3.056416392090117728e-01 -1.929784414228740558e-02
5.363217414756062951e+00 -1.136605808723190947e+00 6.668873662908949562e-01 3.059512169290490302e-01 -5.046573938349501187e-01 -3.390086829652330103e-01 1.343293053308523000e-01
1.734453745252930279e+00 -5.744399334796403522e+00 -2.360894080646149806e+00 7.543768293766148769e-01 -8.334412627782097349e-01 -6.212209413670151115e-01 -3.351150449964985789e-01
9.232354452067400574e-01 -5.221528797393980348e+00 -1.287194358811539985e+00 -2.401846292128372529e+00 -1.119866848981537544e+00 -2.677455197492759620e-01 -5.662886265431827937e-01
-6.860991626047329817e+00 -2.829678780167558472e+00 -2.074012356653419875e+00 -5.053347415494250372e-01 -7.553093487503484971e-01 -2.721493234466401123e-01 -2.263930315163324991e-01
1.301109250429552944e-01 5.238748122879675506e+00 1.523804299761115089e-01 7.719303963266499480e-01 -4.763911556904409927e-01 -1.426083474200929846e-01 -5.629235136476830048e-01
3.674834527647732330e+00 -8.538086926178680702e-01 -2.684559033771300118e+00 -1.396232375244230717e-01 -1.044034708084643048e+00 -6.465058841080005836e-01 -2.319159723540502593e-01
5.457927237066678927e+00 3.295109162571978612e+00 1.994789940955128404e+00 -3.645244359530918077e-01 -2.672018079388209788e-01 -2.887326085152046584e-01 -2.912139474010827511e-01
2.091914961566499809e+00 3.756124706004963176e+00 1.590102488795854141e+00 4.835831817484693707e-01 6.041833943404490564e-02 -4.170605007827571376e-01 -3.031512055396698990e-01
9.038867960979526384e-01 -2.679838958994476883e+00 8.311598949903346023e-01 -7.332861573583894232e-01 9.252099394341628535e-01 -2.605437657599084522e-01 -3.449375592652854650e-01
