(-0.3410284372655433+0j)
-1.915032178624571424e+00 -1.412215551488820164e+00 4.186041396125242287e+00 -1.370259710663303654e+00 5.886286048948120159e-02 -4.012968881703549151e-01 -4.298948338793801005e-01
-1.006798136068668414e+00 6.375540941638840664e+00 3.733308768758625273e-01 1.152483104324682817e+00 -2.308051967604960453e-01 1.513866721423997586e-01 -2.819993482455462885e-01
-1.629514123105629153e+00 -1.214836421264275934e+00 3.986389178616042361e+00 -2.076975922709530131e+00 5.792730780271618807e-01 -9.594879473416539906e-02 -3.373995043296688090e-01
-6.057825227014788094e-01 5.066810077394761080e-01 -3.725862864248512540e-01 6.969925671649205290e-01 -1.389324959692793682e-01 -3.107093429956442332e-01 -9.618722990553321139e-01
-3.623598594833709274e+00 -2.574729479765692552e+00 2.909849305176695378e+00 1.640166268044513487e+00 -1.136755368431979329e+00 -1.100694063084628471e-01 -3.834599847099829928e-01
-2.528532414231269954e+00 1.707481416817391739e+00 3.117654640996613491e+00 -6.772983714656811705e-01 -1.105940437655383635e+00 2.531731709950836295e-01 -3.140660258893934742e-01
-1.068573859411610094e+00 6.279992289371341130e-01 -2.374966266473362619e+00 2.525175486617188270e-01 -4.710639332000880752e-03 -3.827303621805973055e-01 -6.989871702302269396e-01
1.506793327636782864e+00 -2.613279436446575676e+00 -1.189349625576259228e+00 -2.797667665345881377e-02 -1.020807135444869562e+00 -7.076734329268208334e-01 -4.921205624640543341e-01
2.002128658746196610e+00 -2.657077754217031629e+00 -4.679963132218165178e+00 9.492831703700561619e-01 -3.734854343297686619e-01 -5.401828097821804731e-01 -3.900637453862706439e-01
-1.424228756486284553e+00 -3.732026147543921812e+00 -3.660930453880611335e+00 -1.408725473365090020e+00 1.968748806514167837e-01 -4.237312058990398977e-01 -5.430689708144798011e-01
-1.035942959522050177e+00 2.999256868006174859e+00 -3.114255454004782209e+00 2.719236306316543672e-01 2.161624480387956959e-01 -5.831351405444553659e-01 -1.578426046507894753e-01
-2.090894527046506024e+00 -3.716288201053880247e+00 9.972556986592016059e-01 -5.427497599413486640e-01 -6.308704989701314769e-01 -7.945577743570270135e-01 -3.584490280472123480e-01
3.815372406853855036e+00 -3.172904941918922805e+00 -3.027518996021708819e+00 -1.970388014806461641e+00 -1.000096023116183286e+00 -3.583793698749519474e-01 -9.489159086947862587e-02
2.208063583059456381e+00 -2.034945214416732817e+00 1.515364479907022055e+00 8.346570728408657658e-01 -2.275953582960146271e-01 -4.896892522508303758e-01 -3.302547032423994722e-01
4.311308447582130610e-01 -3.499948215992405576e+00 -1.818755749178142977e+00 1.132878631677083359e-01 -9.544695650495211847e-01 -8.356185005633776086e-01 -5.820089780714099437e-01
2.379376293472470483e+00 -6.022993103338540877e+00 2.387338334590826783e+00 2.080286909455674182e-01 -9.637246723147139260e-01 -4.155877399418324014e-01 -4.750104313049212656e-01
3.383065869003184511e-01 -6.178203619145891112e-01 -1.237792089699521814e+00 -1.243546829049681390e+00 -1.364600371713650340e+00 -2.919995330637743525e-01 -2.716134706781296870e-01
9.362953563932964185e-01 -3.530806811694650715e+00 -6.458340812048016133e+00 -4.281823012252221061e-01 -3.197051561729468555e-02 1.273001608204609170e-01 -1.686257052057187344e-01
2.362855178345184104e+00 -3.075054391953452981e+00 3.503333852103509116e+00 -4.780618286174400655e-01 -4.515594974462335820e-01 -9.240576258631847395e-01 -3.731844066061658083e-01
-1.845370552991292545e-01 6.052003399134786576e+00 1.753465609145644227e-02 -5.073634224093039879e-01 3.745132675939940592e-01 1.438895233884416314e-01 -4.130625610507645540e-01
-3.375604430027884462e+00 -2.049033041197148908e+00 1.816781432852246914e+00 -4.310749570245711038e-01 -5.124446164254945479e-01 -5.527082657626438689e-01 -3.818197916313466056e-01
7.842239871837510812e-01 -5.270174915459163500e+00 -3.652776995319961806e+00 2.439568987975710090e+00 5.497677636792659694e-03 -7.245702743698432258e-01 -4.059775589576974375e-01
-3.167860735638930780e+00 -3.473194907197533876e+00 -4.641901919565740720e+00 -1.547587689667893063e-01 -1.273869240043937090e+00 -9.034770267936760302e-01 -6.277149962725949717e-01
1.047004812573677057e+00 -3.149279437288763361e-01 -1.416729493866025535e+00 -1.033163571639750478e+00 -1.912768312054834441e-01 -3.125370751407362535e-01 -3.317379334588314022e-01
-8.608763643768267970e-01 -2.754570053882785974e+00 1.986944051110305587e+00 -4.297702651701826859e-01 -8.102684456640522892e-03 -7.612496996991469089e-02 -3.086132483323985598e-01
1.277220152792454932e+00 2.524913433137176977e+00 -5.375403316306844204e+00 -9.697604619974686813e-02 2.166027851430319950e-01 -4.973175490804101484e-01 -4.635167210178158664e-02
-3.800301553418462541e-01 -3.877354483005708286e-01 -6.628599377944838444e+00 9.745453690717686968e-02 -8.205037520805944506e-01 -5.673724433052889093e-01 -4.667178191743419635e-01
-1.132081115444057762e+00 6.664127407679171888e+00 1.743276159776694367e-01 2.279927817997950967e-01 -3.494266424212491007e-01 -2.526885218639365327e-01 8.107999362315743141e-02
-6.497069734931898433e-01 3.009796914229045495e+00 1.819330046383260679e-01 -7.548503502757358818e-02 4.040327382979528315e-01 -5.498032310177560777e-01 -2.339565111489332327e-01
3.527463304105600272e+00 -1.132105501008810133e+00 -2.361566079709161770e+00 8.234798627229737988e-01 1.173801237688587573e-01 3.657384368856001489e-01 -4.553762019302571851e-01
1.919179782037200521e+00 -8.114710255994315169e-01 -4.266938112722042931e-01 1.493481453838598094e+00 -6.374057697731820848e-01 -6.487195538005146034e-01 -4.984976154239914026e-01
-1.157022151790402908e+00 1.114490774170465492e+00 3.047544356305698976e+00 -2.229976847799770567e+00 -1.289016198847431571e+00 -6.184342348487732455e-01 -4.543323738856911431e-01
3.214687898272167832e+00 5.732812486649477846e-01 2.469854017144954561e-01 1.494694297573288644e+00 -1.449229252392892353e-01 4.918338326801708488e-02 -3.729938902339532403e-01
1.726678790040552913e+00 2.415103028361377024e+00 6.222458856034911889e+00 -4.430743146797674892e-01 -1.142292469005185662e+00 -5.946950542774011028e-01 -4.864916187513210755e-01
-3.214381822002577049e+00 3.506923971052553490e+00 -1.530198377970278134e+00 -1.949674805282979762e+00 3.016183099003123536e-01 -4.324360017521844402e-01 -2.670477623642198983e-01
-4.934668613039587537e-03 -4.988315921899737493e-01 -1.138340865401529900e+00 -5.038006317358219022e-01 -1.453113783850825458e+00 2.754872805909192729e-02 -5.626725290427267989e-01
-6.098234650461255013e-01 -1.894552819014131417e+00 5.672656479426532172e+00 1.778250849365440089e+00 -1.317539649749616792e+00 3.423787711498171848e-01 -2.338461220402935359e-01
-2.054165282319520891e+00 -4.266551896230518642e-02 1.185868935123784773e+00 -3.138605183622197536e+00 -8.440506387891221207e-01 -3.190067074616306231e-01 -1.770555571825415536e-02
-6.279293517686399539e-01 6.706133377715102206e-01 1.214874916002153249e+00 -1.254322050718383874e+00 -5.817888420357927304e-01 -9.440287882436173561e-01 -2.374511374838241817e-01
-1.078015183574818403e+00 -2.838706643259266915e+00 -8.959169080340898539e-01 5.301903636219955640e-01 -7.474100196492883263e-02 -5.726813685358208561e-01 -4.315675039069698515e-01
2.924389072532414424e+00 -1.674235238501341261e+00 -3.634080573813685877e+00 1.085404331442800130e+00 -4.125035704310329177e-01 -5.769899106497307084e-01 -4.154096869220795796e-01
-6.380826303762592300e-01 -1.272082135864669450e+00 -2.955415590171326379e+00 -1.229363884827678444e+00 -1.340101967409865757e+00 -2.905601028687359033e-01 -4.035508813057475663e-01
1.746736533897401245e+00 2.176144333989507018e-01 -8.379029495060790200e-01 -1.811299395173115334e+00 -6.734529571218130783e-01 -1.534504577905292794e-02 -1.730696311687056621e-01
-1.442567774720963758e+00 -3.501723990366732320e+00 4.150489828425258931e-01 6.645911743601695676e-02 2.788175492585279747e-01 -3.079573946284042130e-01 -4.188263679062583789e-01
-3.595902599355859763e+00 2.958838145014491605e+00 -2.566323125540919570e+00 -1.336842501329277066e+00 1.796121611256010553e+00 -3.044259681645077320e-01 -3.794810486964534935e-01
1.387107071111875367e+00 -1.505962238382201113e+00 -1.557581505674650257e+00 7.260891525199121288e-01 -1.314846428859477445e-01 -5.507935686854913832e-02 -4.894100270940386910e-01
1.659735158269804778e+00 -1.285894439448942217e+00 -4.003613246349786436e-01 -3.984065214359866491e-01 -7.457931465499569867e-01 5.392589992946562188e-02 -2.770230402842843720e-01
-1.558787679477148247e+00 -1.249018846456865228e+00 1.727680004818046955e+00 -1.545964194772639466e+00 -4.730875157552721921e-01 -2.410534717914707414e-01 -6.220826272847675975e-01
-1.513869030670172089e+00 2.209331741438460561e-01 5.268786452457501213e-01 -1.433503619498885939e-01 -4.251593898157706164e-01 5.313653896655740061e-01 -4.732436858050270700e-01
-9.113452673918559510e-01 5.318724048936267490e-01 -2.420418384974925896e+00 -5.555728458985534912e-01 -7.366685344735935947e-01 3.071394471861144809e-02 -2.452321626109336128e-01
