(-0.3410284372655433+0j)
1.201233413780767645e+00 5.188211792974736225e-01 -1.446909444404752554e+00 5.737674495010605114e-01 3.072674441230067305e-02 -5.172620086206359824e-01 -4.741182563982849762e-01
-2.806259894444748326e+00 1.275573848645680908e+00 -2.435752860544205145e+00 -2.263390691105498842e+00 -2.710570492447954005e-01 -2.074864398114042441e-01 -1.763292183561084858e-01
2.709165090259702868e+00 5.281518612477442698e-01 4.939891210139441213e+00 1.559441341136886816e+00 -4.012210225036424438e-01 -8.053316793146063635e-01 -2.800048277617401826e-01
3.648467102288801112e+00 -6.819082335757818969e-01 -2.792759579487442689e+00 4.615079989545518568e-01 2.744059327263882048e-02 -4.464401118192016238e-01 -1.240581487006323647e-01
7.987452092453208863e-01 -1.734215574508374047e+00 2.667344045612197317e-02 7.557814330172734074e-01 6.989106044804024309e-01 -2.282934607653183123e-01 -6.271364931198559756e-01
-6.329638328335618347e-02 -9.503852629194298185e-01 -4.067308094912166716e+00 -8.483022989679414039e-01 -5.390296709811625009e-01 -4.666287161200867173e-01 -5.076871774816131833e-01
1.582936434867321385e+00 -1.354624140988784919e+00 -2.950891564063011341e+00 -9.690620126202982298e-01 -1.982486690203678625e-01 8.592647794751218093e-02 -1.472062306033410373e-01
-5.699811921023345551e-01 -1.756950078426059658e+00 -7.820315723321055179e-01 -1.057307610283592325e+00 -8.724250063171152814e-01 -4.935012347712590675e-01 -4.542796813738756434e-01
3.511751400794083100e+00 2.243309449469037542e+00 2.531791501342385953e+00 1.404728094979847963e+00 5.413521466280824673e-02 -3.081728190740014028e-01 -1.316574380592772098e-01
-1.163330280497224312e+00 -5.630977083037453923e+00 -3.650289918340112738e+00 -2.219876178282838897e+00 -1.944121968703900194e-01 -1.230277884724588766e+00 -5.425327696635651176e-01
-2.022984641621467627e+00 -4.825561957719323836e+00 -2.851645670054762771e+00 -1.415817503224277241e+00 -4.846383738122507223e-01 -4.693746356725578828e-01 -2.955098815052667471e-01
1.218580214253785154e+00 -5.587001031674483364e-01 6.810125927343639862e-01 6.493545902503249367e-01 4.725144654352373963e-01 -3.233106587123460995e-01 -2.809007513578828386e-01
-2.573545762710446549e+00 -7.033167617723323772e-01 2.816105933644268422e+00 -2.813236374686236552e-01 2.128675908110717607e-01 6.121958237119979884e-01 -1.611498427001669675e-01
2.881856958648982836e-01 -1.089809150228570722e+00 -1.992128400123720944e+00 8.033559031391592775e-01 1.546560144884574495e-01 -3.946574540904904671e-01 -3.507423065244298366e-01
-1.891626520500560460e+00 -7.062926332901804383e-01 -9.486014454574329680e-01 -5.864656118089786041e-01 -5.405589127612127065e-01 -3.588496032399792757e-01 -3.408088560336082762e-01
2.864201614615460745e+00 -6.780778862835729059e-01 -2.668969214303118953e+00 -4.206548718061434711e-01 -1.226173706876424463e+00 -5.822988549942160752e-01 -2.756357139458944783e-01
1.600551161807007183e+00 -3.888107944336050448e+00 -2.923096839935921398e+00 -2.179688978871394678e+00 -5.760454699781341059e-01 -3.494837667206834864e-01 -5.236714003865137190e-01
-7.386756970792046628e-01 -2.252668874274650790e+00 4.905051298210636457e-01 1.005331020285091581e+00 4.951425609632451597e-01 -3.724619926734396014e-01 -4.230763370054837491e-01
-1.761638613722011248e+00 1.848920637923612720e+00 9.961063942456772624e-01 1.691653588345557457e-01 7.971570551546691696e-01 1.034366914735957987e-01 -2.776562979840034862e-01
1.482343816478372212e+00 3.054650213854632756e+00 -1.528949133879402122e+00 -3.862125067299835290e-01 -1.260321666413499297e+00 -4.338957156777952795e-01 -4.006813227298611224e-01
