(-0.6306184351844184-5.551115123125783e-17j)
9.773218562076431137e-01 -7.897981926972467370e+00 -1.309259736731212209e+00 -1.023699403858331358e+00 9.066245408918720550e-01 -3.775416934495306465e-01 -7.467312895361895020e-01
-5.585890952651997310e-01 -1.488085747265408321e+00 6.179505061461993964e-01 1.068700709902003609e+00 -1.558262300775565601e+00 -5.804273589518277321e-01 -8.180860625576986678e-01
-4.195834679632711506e+00 -9.908854560938115341e+00 -1.267626604769019893e+00 -8.165523470467388467e-01 -1.599987761236204564e+00 -1.244267550397498923e+00 -1.251104603676561178e+00
6.473696092632337251e-01 -5.181784377130494335e+00 -2.280038991105522772e+00 6.532674644976793621e-01 -6.732802600063941822e-01 -4.813038479963345773e-01 -1.152348196989869455e+00
2.004844859724108641e+00 -3.932258734498532693e+00 -1.525221199466225919e+00 5.698938124104231395e-01 1.924927807612316077e-01 -1.509009931758093392e+00 -5.873040587368572041e-01
-1.107285435381239358e+00 2.430752748399094720e+00 -3.457895188458612878e+00 -3.041871003309625454e+00 -4.564591605724059309e-01 -1.298196336621289193e+00 -6.243412412024822167e-02
7.833041899004942188e-01 -5.081209465920099255e+00 -3.223759210945439602e+00 -7.013654571248041369e-01 -3.018560814214689803e+00 -1.053514664162129577e+00 -1.111714113030287443e+00
-2.070883030236306266e-01 2.345014899333456970e+00 1.639763962382807971e+00 2.057315721194293623e+00 4.780897463846361384e-01 -3.074355467677166720e-01 -5.928188419156650291e-01
-3.345434072054208841e+00 -6.614078131568705388e+00 -3.261308057317753750e+00 -2.668544905250175070e+00 -1.092955897190355241e+00 -8.259867176038384606e-01 -6.124042695218807619e-01
8.289209720562294992e-01 -1.492853346747514687e+00 3.319800107831640257e-01 -4.593251519460479493e+00 2.190943223393193029e-01 -1.193215757635054608e+00 -3.460843182767735504e-01
-1.358845311447037574e+00 8.786331664801782182e+00 -7.391873684223877472e-01 -2.548785383224092538e+00 -1.651601746540206861e+00 4.637304453930705672e-01 -6.053096588293641611e-01
-1.866700970953288907e+00 -2.185092850229236827e+00 1.806208884821091654e-01 2.142541395474065968e+00 8.027361079126302812e-01 -1.669553153943062473e-01 -4.991159706670305618e-01
2.176392256816489290e+00 -5.824074312016882082e+00 1.999851908791609734e-02 -3.324351796593371322e+00 1.487735712925397635e+00 -3.687075287097418830e-01 -9.678473893219536883e-01
-1.187021585362046938e+00 -4.756494554950221776e+00 -4.363267870637790757e+00 5.442055155225744567e-01 1.271230528093704848e+00 -3.187056813867236715e-01 -1.166752811373113152e+00
-4.449558770835764676e+00 -6.147084204451509493e+00 -8.801895391916119138e+00 -4.852361270640823676e+00 1.985084544291793263e+00 -2.320989962250445959e+00 -2.964328805234489606e-01
-3.428990399117622712e+00 -5.823410706615313792e+00 3.308792286161220897e+00 -1.373103170969730003e-01 -1.574911793794717241e+00 -2.129452614360345386e+00 -1.034085428577408594e+00
1.550015122018504332e+00 -2.883912356899946960e+00 -9.372265808756662153e+00 9.454816004283794761e-01 -9.000078190551882296e-01 -1.065134842472815313e+00 -4.908708939604077837e-01
1.963374466972321875e+00 -2.215794778376393825e+00 -4.003017049129207194e+00 2.291872969082981104e+00 -2.317221932280643659e-01 -6.442004336379227869e-01 -6.796716694616562471e-01
1.724184711401103742e+00 -8.665883686459061597e-01 5.559802913111487221e+00 -8.890404255479147366e-01 -2.030957869708597041e+00 3.629902685806160600e-01 -4.915135446335303082e-01
-2.787869463327783404e+00 -5.689360554925690039e+00 -6.475747311620705382e+00 -3.420509389772977027e+00 1.145578422030717913e+00 -7.000098799094527369e-01 -3.018274735206035175e-01
