(-0.6306184351844184-5.551115123125783e-17j)
4.668011519952543487e-01 -7.917373870475231890e+00 -7.384349727170644861e+00 -1.668801067213103062e+00 -1.818631048257061344e+00 -1.205282099757362113e+00 -1.031933498101182956e+00
9.451607150999956630e-01 -1.609513015103034794e+00 -4.037220625176069611e+00 4.075963507976569034e+00 -4.450017994909765684e-01 -1.643952702447790459e+00 -4.664722381005525498e-01
3.289272697760991182e+00 -2.625795232909007848e-01 -6.740182865337634333e+00 6.473378677364998168e+00 -2.902111475035332067e+00 -9.814631482454478917e-01 -6.528503999798004331e-01
-2.851637763802758130e+00 -9.152919227616922171e-02 1.131951881955835848e+00 6.304069929541434192e+00 6.815651972647512880e-01 -2.458662409610863908e-01 -6.785979235189643077e-01
2.027991025242021461e+00 -5.671639941599775803e+00 3.706126399028101481e+00 -4.906112971706341419e+00 -3.098831202879792079e-01 -3.371135545983890425e-01 -5.921687201661555155e-01
-1.091552376786732115e+00 -7.286626176792316834e+00 1.182321497336508848e-01 -2.626701324717463315e+00 -6.098090249853972411e-01 -1.958707911887017428e+00 -4.871402932833159283e-01
-1.022386461500286892e+00 -2.840679575833137793e+00 -1.899006498052066449e+00 3.092830170766173392e+00 1.234570974745536676e+00 -1.113292072848154346e+00 -1.250802767982123642e+00
-2.421337315526850276e+00 -1.977476184136112147e+00 4.930405392205827186e-01 1.864260581790360805e+00 -2.996482295461815326e+00 -4.168106480075938203e-01 4.570886223942869364e-01
3.076986509402969805e+00 -2.997732363217476159e+00 -3.135196023328704396e+00 -1.999166025943269753e+00 -8.822791669118192903e-01 -1.248135737457235495e+00 -6.224401137880750667e-01
3.086418841311709294e+00 2.159401443832302259e-01 -1.960271393323512745e+00 -1.762493563168601729e-01 -2.937718173191829596e+00 5.998830368337244867e-02 -8.311048551273739760e-01
-1.026613674517247832e+00 1.911418309891302458e+00 -1.164197068908920052e+00 1.134401795016003467e+00 -3.160024326811234907e+00 -1.251661815450160198e+00 -3.634103741666092624e-01
-3.157790939669737451e+00 -1.438914038930644956e+00 -3.412518988182675184e+00 -2.387119717699135446e+00 8.507840368249395269e-01 -5.928533615705862125e-01 -4.953071657186102761e-01
2.602316533295353729e+00 -8.292007244717529701e+00 2.279258591027585990e+00 -3.477054338270276990e+00 -3.125472253808862622e+00 -6.894428099642782026e-01 -4.879368390186609727e-01
1.123356662435676112e+00 -7.886210681040539683e-01 3.024537982482192522e+00 2.562289261315173317e+00 -2.310697393486908779e-02 -9.340367630887647099e-01 -5.768326140738165853e-01
-2.060222121298223019e+00 1.219543601719498965e-01 4.053015155697553773e+00 -1.289151233551602438e+00 -2.905486991736773383e+00 -1.393328559909296827e+00 -5.305306737175489173e-01
-2.400799684593604599e+00 5.222454417851639663e-01 2.594924669537495898e+00 3.900971462624795549e+00 -1.456371049149981056e+00 -9.532716253310864474e-01 -2.217966953654262885e-01
1.232955156402176788e+00 3.457456342490436096e+00 -3.144219153798265776e+00 -1.836573240305926058e+00 -7.008426815894797102e-01 -1.250075830222658002e+00 -1.065287703176331924e+00
-4.964002878141240416e+00 5.071593643342271029e+00 -6.968202205847022768e-01 -5.213167526568970978e+00 -2.345555308074901646e+00 -1.446371851363243977e+00 -8.434549036823220103e-01
-9.705488145414511436e-01 -8.824559622170664142e+00 -3.489604849882668169e+00 -2.747418054264952669e+00 -1.386836920994600098e+00 4.435616817696437508e-02 -1.069495351085822499e+00
6.478231339542399603e-01 2.438370104326357257e-01 -2.589757983932924890e-01 -2.668521979823717860e+00 -1.153670130076497768e+00 -6.413260008655951028e-01 -2.129680712136670095e-01
5.117897292246027519e-01 -3.768130767018715854e+00 -5.104233964344836672e+00 3.945761552760884694e+00 -6.640912148538007376e-01 -6.808384762039858540e-01 -5.946578887644294875e-01
1.158076954806649850e+00 1.431710590386937598e+00 1.719271252088235391e+00 -4.849104870261094824e+00 -1.231904793354357652e+00 -7.730068826191719422e-01 -1.253539249089955510e+00
-3.055493051265742110e+00 -5.978884216954809538e-01 5.752739554902168706e-01 -2.115587467969331836e+00 -1.988885312192947064e+00 8.685808773861480869e-01 -1.127646462572609698e+00
3.064186099339947678e+00 -3.379342084185460671e+00 3.278823951633776268e+00 3.078403806956184208e-01 2.827258900322517032e+00 -5.649406355824150294e-01 3.164759064571037728e-01
-2.405730875756097564e+00 -2.534130130598104269e-02 8.661164953954794132e-01 4.581908012854507106e+00 -5.645545345193165865e-01 -9.689771058562535178e-01 -1.198846332970851636e+00
1.505500453345917533e+00 4.777846356795449445e+00 3.683698820976517574e+00 -1.707520440718431010e+00 -1.542900908883436673e+00 2.520710418718059009e-01 -3.327370904973956933e-01
2.585904564228536096e+00 1.248540440226699966e+00 1.080399636508081684e+00 -1.219554964912828998e+00 -4.752347634731761139e-01 7.123860965253193955e-02 -8.933187520858572039e-01
1.349110662714857911e+00 -1.383807431500236329e-01 -1.152927350785559080e+00 -1.639141252340382993e+00 -1.140299472135480191e-01 -1.007442403274997483e-01 -5.931636724345197287e-01
1.431056868130051729e+00 -3.930795460314479683e+00 -1.613200236313289571e+00 2.046298441016544789e+00 -6.631995038007969245e-02 2.687212698524862331e-01 -4.108857239418514662e-01
-2.856037738995663156e-01 2.751405265322376170e+00 -1.941685290918804041e+00 -9.853288693062889347e-01 -1.224532010975055263e+00 -2.380866255817613575e-01 -1.378790896271875344e+00
3.760461320013568365e-01 -2.087817055872920768e+00 6.038166890180405311e-01 4.546795115419132727e-01 -4.967945786143195819e-01 -3.311352114054599283e-01 -3.037510256055024338e-01
-3.112727351591556779e+00 -3.224229178378390070e+00 -1.404956711494670385e+00 -2.889484400843270184e-01 -2.815727224053490740e+00 -9.083328677588031752e-01 -1.045624869660514378e+00
3.920373040661126129e+00 4.371663036026113502e+00 1.580365868952868236e-01 -4.475690482670643178e+00 -2.737250746070540308e-01 -1.467455496934128023e+00 -6.839682439717837958e-01
2.125263231579878620e-01 -1.404382240265450665e+00 4.165053217044632383e+00 -8.809321334281177140e-01 -1.271706922507694904e+00 1.658872105270840502e-01 -1.947091034229223583e-01
1.855735120704128605e+00 -4.098336265884306440e-01 -2.372979466423209782e+00 -5.991542552144579759e-01 -3.050332162529460600e+00 -6.284597622257168670e-01 -1.606412195646488295e-01
-2.172911527285800393e+00 1.965571776076137089e+00 -6.972526330505962378e+00 -4.576219843574044432e+00 -2.194917705493736049e-02 1.456093540767952332e-01 -2.299292008713553215e-01
-1.539361893638871548e+00 2.416329917608893152e-01 -2.999581980614421273e+00 3.918659007373727743e+00 -2.275748373648629475e-01 -1.002136319376965456e+00 -5.027203652563284608e-01
2.131649240655925759e+00 -4.192040570682213030e+00 9.342466472001760280e+00 -4.218894438047480655e+00 -2.380738253503480895e+00 -2.606567216373533724e-01 -7.542896033904130659e-01
-1.951343489001114540e+00 -3.582524360279889297e+00 2.562167731873049026e-01 5.866183426974482806e+00 -4.195213261603301658e-01 -1.158164088672376080e+00 -8.509810464175244782e-01
1.693748283087157303e+00 -1.645377260499488736e+00 4.012286418196453042e+00 -8.065132429665489155e-01 -2.317053475750354696e+00 -1.206296482664149100e-01 -5.884347230426070219e-01
2.733227996470916077e-01 -1.225933040647059213e+00 -1.791590123380184973e+00 2.293718838096717505e+00 -1.514816096236925036e+00 -3.679731099669873717e-02 -1.158872325413386140e+00
3.239805490233097718e+00 -5.774594844342446631e-01 1.050770478751570591e+00 3.427447606279959036e+00 -1.126662939951646569e+00 -8.189616443596346995e-01 -8.688549758968493464e-01
3.329597134100786615e+00 -2.325675116863206160e+00 4.646840228096454695e+00 2.580800636386230362e+00 3.733922584898058394e-01 -3.007093890628080579e-02 -7.075962314576631496e-01
-1.353319645470593136e+00 -2.570884712756282386e+00 -6.933169639951386465e-01 -1.187314400209991794e+00 -8.752092152653183355e-02 2.122636696531304268e-01 -8.642620785631919267e-01
-2.938392895375674829e+00 1.877236596543009339e+00 -2.613544310474678611e-01 -1.208457323886577672e+00 -2.208110470791417868e+00 -2.252651166037983876e-01 -7.266091014708413454e-01
-3.121050111896277901e+00 1.263932670114651602e+00 3.920208452539962973e+00 7.003486966440349015e-02 1.491986781431306364e+00 -1.029719145060151053e+00 -1.724838775800506152e+00
-3.430501299074054433e+00 2.701291107476128328e+00 -5.411009721389276272e+00 1.614791572232057826e+00 -3.138396207861474663e-01 1.216494461996986631e+00 -1.217164689329167881e+00
-1.620899503422949528e-01 -7.840904384317425979e+00 4.696423620778404917e+00 -5.872056347030330414e+00 -1.516218605634380490e+00 -1.009751387235048758e+00 3.648267780374392366e-01
-2.110606331182077189e-01 -3.649169431918358519e+00 -4.712310197284902635e+00 -7.901564684817128370e-01 -9.819208641989300990e-01 -1.965230005893561671e+00 -5.869350903140906350e-01
-3.281497164718548465e+00 -2.157601241587987939e+00 -7.156499944368021282e+00 1.469397984805450807e+00 -2.982569052379024477e+00 -9.809986815335334231e-01 -8.825794692333146507e-01
