-0.2590937461465087 0 0 0 0 0 0
-0.1099152952769291 0 0 0 0 3 0
-0.0264165160287783 0 0 0 0 0 3
0.0385569768277313 0 0 0 0 3 3
-0.1717058445671292 0 0 0 3 0 0
0.0458344495488032 0 0 0 3 0 3
0.0445677685019102 0 0 0 0 2 2
-0.0060365315683766 0 0 0 3 2 2
0.0445677685019102 0 0 0 0 1 1
-0.0060365315683766 0 0 0 3 1 1
-0.0264165160287783 0 0 3 0 0 0
0.0955484699291534 0 0 3 0 0 3
0.0269060201141504 0 0 3 0 2 2
0.0269060201141504 0 0 3 0 1 1
0.0445677685019101 0 2 2 0 0 0
0.0269060201141504 0 2 2 0 0 3
0.0445677685019101 0 1 1 0 0 0
0.0269060201141504 0 1 1 0 0 3
0.0244012986362704 0 2 2 0 2 2
0.0244012986362704 0 1 1 0 2 2
0.0244012986362704 0 2 2 0 1 1
0.0244012986362704 0 1 1 0 1 1
0.0058289641528033 2 3 2 2 3 2
0.0058289641528033 1 3 1 2 3 2
0.0058289641528033 2 3 2 1 3 1
0.0058289641528033 1 3 1 1 3 1
-0.1099152952769291 0 3 0 0 0 0
0.0629582754640018 0 3 0 0 0 3
0.0010442828513939 0 3 0 0 2 2
0.0010442828513939 0 3 0 0 1 1
0.0066329622715661 2 2 0 2 3 2
0.0066329622715661 1 1 0 2 3 2
0.0066329622715661 2 2 0 1 3 1
0.0066329622715661 1 1 0 1 3 1
-0.1717058445671292 3 0 0 0 0 0
0.0516634137016066 3 0 0 0 0 3
-0.0126694938399428 3 0 0 0 2 2
-0.0126694938399428 3 0 0 0 1 1
0.0534509484161163 0 0 0 3 3 0
0.0629582754640018 0 0 3 0 3 0
0.0010442828513939 0 2 2 0 3 0
0.0010442828513939 0 1 1 0 3 0
0.0066329622715661 2 3 2 2 2 0
0.0066329622715661 1 3 1 2 2 0
0.0066329622715661 2 3 2 1 1 0
0.0066329622715661 1 3 1 1 1 0
0.0699662929336839 0 3 0 0 3 0
0.0097939462453705 2 2 0 2 2 0
0.0097939462453705 1 1 0 2 2 0
0.0097939462453705 2 2 0 1 1 0
0.0097939462453705 1 1 0 1 1 0
0.0632448946614868 3 0 0 0 3 0
0.0516634137016065 0 0 3 3 0 0
-0.0126694938399427 0 2 2 3 0 0
-0.0126694938399427 0 1 1 3 0 0
0.0632448946614868 0 3 0 3 0 0
0.0782363777898524 3 0 0 3 0 0
0.0385569768277313 0 3 3 0 0 0
0.0458344495488032 3 0 3 0 0 0
-0.0060365315683766 3 2 2 0 0 0
-0.0060365315683766 3 1 1 0 0 0
0.0534509484161163 3 3 0 0 0 0
