-0.3133243221966407 0 0 0 0 0 0
-0.1414370049446543 0 0 0 0 3 0
0.0031535845664021 0 0 0 0 0 3
0.0451707031495807 0 0 0 0 3 3
-0.1739426077244769 0 0 0 3 0 0
0.0525246005873811 0 0 0 3 0 3
0.0272185156150101 0 0 0 0 2 2
7.20942357735e-05 0 0 0 3 2 2
0.0272185156150101 0 0 0 0 1 1
7.20942357735e-05 0 0 0 3 1 1
0.0031535845664021 0 0 3 0 0 0
0.1072194856002862 0 0 3 0 0 3
0.0174415192033183 0 0 3 0 2 2
0.0174415192033183 0 0 3 0 1 1
0.02721851561501 0 2 2 0 0 0
0.0174415192033183 0 2 2 0 0 3
0.02721851561501 0 1 1 0 0 0
0.0174415192033183 0 1 1 0 0 3
0.0080825918316569 0 2 2 0 2 2
0.0080825918316569 0 1 1 0 2 2
0.0080825918316569 0 2 2 0 1 1
0.0080825918316569 0 1 1 0 1 1
0.0052123117208707 2 3 2 2 3 2
0.0052123117208707 1 3 1 2 3 2
0.0052123117208707 2 3 2 1 3 1
0.0052123117208707 1 3 1 1 3 1
-0.1414370049446542 0 3 0 0 0 0
0.0532532949812375 0 3 0 0 0 3
-0.0045109072028154 0 3 0 0 2 2
-0.0045109072028154 0 3 0 0 1 1
0.0054102731612002 2 2 0 2 3 2
0.0054102731612002 1 1 0 2 3 2
0.0054102731612002 2 2 0 1 3 1
0.0054102731612002 1 1 0 1 3 1
-0.173942607724477 3 0 0 0 0 0
0.0577369123082518 3 0 0 0 0 3
-0.0053381789254267 3 0 0 0 2 2
-0.0053381789254267 3 0 0 0 1 1
0.0587132464057562 0 0 0 3 3 0
0.0532532949812375 0 0 3 0 3 0
-0.0045109072028154 0 2 2 0 3 0
-0.0045109072028154 0 1 1 0 3 0
0.0054102731612002 2 3 2 2 2 0
0.0054102731612002 1 3 1 2 2 0
0.0054102731612002 2 3 2 1 1 0
0.0054102731612002 1 3 1 1 1 0
0.0794378746318194 0 3 0 0 3 0
0.0103293163521069 2 2 0 2 2 0
0.0103293163521069 1 1 0 2 2 0
0.0103293163521069 2 2 0 1 1 0
0.0103293163521069 1 1 0 1 1 0
0.0690425627578631 3 0 0 0 3 0
0.0577369123082517 0 0 3 3 0 0
-0.0053381789254267 0 2 2 3 0 0
-0.0053381789254267 0 1 1 3 0 0
0.0690425627578631 0 3 0 3 0 0
0.0782363777898524 3 0 0 3 0 0
0.0451707031495807 0 3 3 0 0 0
0.0525246005873811 3 0 3 0 0 0
7.20942357735e-05 3 2 2 0 0 0
7.20942357735e-05 3 1 1 0 0 0
0.0587132464057562 3 3 0 0 0 0
