-0.4600743356856181 0 0 0 0 0 0
-0.1457163207398486 0 0 0 0 3 0
0.0266940136005609 0 0 0 0 0 3
0.0526365153024496 0 0 0 0 3 3
-0.1616534714645357 0 0 0 3 0 0
0.0616872046793007 0 0 0 3 0 3
0.0120804753860724 0 0 0 0 2 2
0.0033773476180266 0 0 0 3 2 2
0.0120804753860724 0 0 0 0 1 1
0.0033773476180266 0 0 0 3 1 1
0.0266940136005609 0 0 3 0 0 0
0.1218277416831092 0 0 3 0 0 3
0.012144898067817 0 0 3 0 2 2
0.012144898067817 0 0 3 0 1 1
0.0120804753860724 0 2 2 0 0 0
0.012144898067817 0 2 2 0 0 3
0.0120804753860724 0 1 1 0 0 0
0.012144898067817 0 1 1 0 0 3
0.0032659958952037 0 2 2 0 2 2
0.0032659958952037 0 1 1 0 2 2
0.0032659958952037 0 2 2 0 1 1
0.0032659958952037 0 1 1 0 1 1
0.0058556684173848 2 3 2 2 3 2
0.0058556684173848 1 3 1 2 3 2
0.0058556684173848 2 3 2 1 3 1
0.0058556684173848 1 3 1 1 3 1
-0.1457163207398486 0 3 0 0 0 0
0.0559025111976534 0 3 0 0 0 3
-0.0018710430187573 0 3 0 0 2 2
-0.0018710430187573 0 3 0 0 1 1
0.0048192231783801 2 2 0 2 3 2
0.0048192231783801 1 1 0 2 3 2
0.0048192231783801 2 2 0 1 3 1
0.0048192231783801 1 1 0 1 3 1
-0.1616534714645358 3 0 0 0 0 0
0.0675428730966855 3 0 0 0 0 3
-0.0014418755603535 3 0 0 0 2 2
-0.0014418755603535 3 0 0 0 1 1
0.060178662297051 0 0 0 3 3 0
0.0559025111976534 0 0 3 0 3 0
-0.0018710430187573 0 2 2 0 3 0
-0.0018710430187573 0 1 1 0 3 0
0.0048192231783801 2 3 2 2 2 0
0.0048192231783801 1 3 1 2 2 0
0.0048192231783801 2 3 2 1 1 0
0.0048192231783801 1 3 1 1 1 0
0.0844705678692407 0 3 0 0 3 0
0.0103191739053401 2 2 0 2 2 0
0.0103191739053401 1 1 0 2 2 0
0.0103191739053401 2 2 0 1 1 0
0.0103191739053401 1 1 0 1 1 0
0.0704978362023911 3 0 0 0 3 0
0.0675428730966855 0 0 3 3 0 0
-0.0014418755603535 0 2 2 3 0 0
-0.0014418755603535 0 1 1 3 0 0
0.0704978362023911 0 3 0 3 0 0
0.0782363777898523 3 0 0 3 0 0
0.0526365153024496 0 3 3 0 0 0
0.0616872046793007 3 0 3 0 0 0
0.0033773476180266 3 2 2 0 0 0
0.0033773476180266 3 1 1 0 0 0
0.060178662297051 3 3 0 0 0 0
