-0.5017718212189343 0 0 0 0 0 0
-0.1433289442763074 0 0 0 0 3 0
0.0298336510584352 0 0 0 0 0 3
0.0546515905991007 0 0 0 0 3 3
-0.156777234322185 0 0 0 3 0 0
0.0639016562340079 0 0 0 3 0 3
0.0096517747301131 0 0 0 0 2 2
0.0038470443697462 0 0 0 3 2 2
0.0096517747301131 0 0 0 0 1 1
0.0038470443697462 0 0 0 3 1 1
0.0298336510584353 0 0 3 0 0 0
0.1253251622217087 0 0 3 0 0 3
0.0113435857978041 0 0 3 0 2 2
0.0113435857978041 0 0 3 0 1 1
0.0096517747301131 0 2 2 0 0 0
0.0113435857978041 0 2 2 0 0 3
0.0096517747301131 0 1 1 0 0 0
0.0113435857978041 0 1 1 0 0 3
0.0028399960927153 0 2 2 0 2 2
0.0028399960927153 0 1 1 0 2 2
0.0028399960927153 0 2 2 0 1 1
0.0028399960927153 0 1 1 0 1 1
0.0061444450068574 2 3 2 2 3 2
0.0061444450068574 1 3 1 2 3 2
0.0061444450068574 2 3 2 1 3 1
0.0061444450068574 1 3 1 1 3 1
-0.1433289442763073 0 3 0 0 0 0
0.057491586691816 0 3 0 0 0 3
-0.0012064648136352 0 3 0 0 2 2
-0.0012064648136352 0 3 0 0 1 1
0.004795844678469 2 2 0 2 3 2
0.004795844678469 1 1 0 2 3 2
0.004795844678469 2 2 0 1 3 1
0.004795844678469 1 1 0 1 3 1
-0.1567772343221851 3 0 0 0 0 0
0.0700461012408653 3 0 0 0 0 3
-0.0009488003087228 3 0 0 0 2 2
-0.0009488003087228 3 0 0 0 1 1
0.0602509914543781 0 0 0 3 3 0
0.057491586691816 0 0 3 0 3 0
-0.0012064648136352 0 2 2 0 3 0
-0.0012064648136352 0 1 1 0 3 0
0.004795844678469 2 3 2 2 2 0
0.004795844678469 1 3 1 2 2 0
0.004795844678469 2 3 2 1 1 0
0.004795844678469 1 3 1 1 1 0
0.0848712642161494 0 3 0 0 3 0
0.0103491183611229 2 2 0 2 2 0
0.0103491183611229 1 1 0 2 2 0
0.0103491183611229 2 2 0 1 1 0
0.0103491183611229 1 1 0 1 1 0
0.070600109815501 3 0 0 0 3 0
0.0700461012408652 0 0 3 3 0 0
-0.0009488003087228 0 2 2 3 0 0
-0.0009488003087228 0 1 1 3 0 0
0.070600109815501 0 3 0 3 0 0
0.0782363777898523 3 0 0 3 0 0
0.0546515905991007 0 3 3 0 0 0
0.0639016562340079 3 0 3 0 0 0
0.0038470443697462 3 2 2 0 0 0
0.0038470443697462 3 1 1 0 0 0
0.0602509914543781 3 3 0 0 0 0
