-0.5433533061384216 0 0 0 0 0 0
-0.1393055316823593 0 0 0 0 3 0
0.0301678317886453 0 0 0 0 0 3
0.0568717557775642 0 0 0 0 3 3
-0.1511004568561755 0 0 0 3 0 0
0.0661526108944154 0 0 0 3 0 3
0.007359671695502 0 0 0 0 2 2
0.0042685285307054 0 0 0 3 2 2
0.007359671695502 0 0 0 0 1 1
0.0042685285307054 0 0 0 3 1 1
0.0301678317886453 0 0 3 0 0 0
0.1287192104746891 0 0 3 0 0 3
0.0105842332063449 0 0 3 0 2 2
0.0105842332063449 0 0 3 0 1 1
0.007359671695502 0 2 2 0 0 0
0.0105842332063449 0 2 2 0 0 3
0.007359671695502 0 1 1 0 0 0
0.0105842332063449 0 1 1 0 0 3
0.0025462655806009 0 2 2 0 2 2
0.0025462655806009 0 1 1 0 2 2
0.0025462655806009 0 2 2 0 1 1
0.0025462655806009 0 1 1 0 1 1
0.0064536240051063 2 3 2 2 3 2
0.0064536240051063 1 3 1 2 3 2
0.0064536240051063 2 3 2 1 3 1
0.0064536240051063 1 3 1 1 3 1
-0.1393055316823593 0 3 0 0 0 0
0.059418021358165 0 3 0 0 0 3
-0.0004978908440829 0 3 0 0 2 2
-0.0004978908440829 0 3 0 0 1 1
0.004814620189347 2 2 0 2 3 2
0.004814620189347 1 1 0 2 3 2
0.004814620189347 2 2 0 1 3 1
0.004814620189347 1 1 0 1 3 1
-0.1511004568561755 3 0 0 0 0 0
0.0726062348995218 3 0 0 0 0 3
-0.0005460916586416 3 0 0 0 2 2
-0.0005460916586416 3 0 0 0 1 1
0.0602307240852765 0 0 0 3 3 0
0.059418021358165 0 0 3 0 3 0
-0.0004978908440829 0 2 2 0 3 0
-0.0004978908440829 0 1 1 0 3 0
0.004814620189347 2 3 2 2 2 0
0.004814620189347 1 3 1 2 2 0
0.004814620189347 2 3 2 1 1 0
0.004814620189347 1 3 1 1 1 0
0.0849867709132302 0 3 0 0 3 0
0.0104335591299948 2 2 0 2 2 0
0.0104335591299948 1 1 0 2 2 0
0.0104335591299948 2 2 0 1 1 0
0.0104335591299948 1 1 0 1 1 0
0.0706642832152713 3 0 0 0 3 0
0.0726062348995217 0 0 3 3 0 0
-0.0005460916586416 0 2 2 3 0 0
-0.0005460916586416 0 1 1 3 0 0
0.0706642832152713 0 3 0 3 0 0
0.0782363777898524 3 0 0 3 0 0
0.0568717557775642 0 3 3 0 0 0
0.0661526108944154 3 0 3 0 0 0
0.0042685285307054 3 2 2 0 0 0
0.0042685285307054 3 1 1 0 0 0
0.0602307240852765 3 3 0 0 0 0
