-0.420762699652379 0 0 0 0 0 0
-0.146786281353304 0 0 0 0 3 0
0.0222222664632719 0 0 0 0 0 3
0.0507810750296434 0 0 0 0 3 3
-0.165711789173326 0 0 0 3 0 0
0.0595195779134296 0 0 0 3 0 3
0.01480146223792 0 0 0 0 2 2
0.0028309677542645 0 0 0 3 2 2
0.01480146223792 0 0 0 0 1 1
0.0028309677542645 0 0 0 3 1 1
0.0222222664632718 0 0 3 0 0 0
0.1184033281733304 0 0 3 0 0 3
0.0130494374076367 0 0 3 0 2 2
0.0130494374076367 0 0 3 0 1 1
0.0148014622379199 0 2 2 0 0 0
0.0130494374076367 0 2 2 0 0 3
0.0148014622379199 0 1 1 0 0 0
0.0130494374076367 0 1 1 0 0 3
0.0038566840571268 0 2 2 0 2 2
0.0038566840571268 0 1 1 0 2 2
0.0038566840571268 0 2 2 0 1 1
0.0038566840571268 0 1 1 0 1 1
0.0056030015837523 2 3 2 2 3 2
0.0056030015837523 1 3 1 2 3 2
0.0056030015837523 2 3 2 1 3 1
0.0056030015837523 1 3 1 1 3 1
-0.146786281353304 0 3 0 0 0 0
0.0546377590867703 0 3 0 0 0 3
-0.0025316902080504 0 3 0 0 2 2
-0.0025316902080504 0 3 0 0 1 1
0.0048822589500787 2 2 0 2 3 2
0.0048822589500787 1 1 0 2 3 2
0.0048822589500787 2 2 0 1 3 1
0.0048822589500787 1 1 0 1 3 1
-0.1657117891733261 3 0 0 0 0 0
0.0651225794971819 3 0 0 0 0 3
-0.0020512911958142 3 0 0 0 2 2
-0.0020512911958142 3 0 0 0 1 1
0.0600236375090772 0 0 0 3 3 0
0.0546377590867703 0 0 3 0 3 0
-0.0025316902080504 0 2 2 0 3 0
-0.0025316902080504 0 1 1 0 3 0
0.0048822589500787 2 3 2 2 2 0
0.0048822589500787 1 3 1 2 2 0
0.0048822589500787 2 3 2 1 1 0
0.0048822589500787 1 3 1 1 1 0
0.0838165337452393 0 3 0 0 3 0
0.010320767490157 2 2 0 2 2 0
0.010320767490157 1 1 0 2 2 0
0.010320767490157 2 2 0 1 1 0
0.010320767490157 1 1 0 1 1 0
0.0703444049992342 3 0 0 0 3 0
0.0651225794971819 0 0 3 3 0 0
-0.0020512911958142 0 2 2 3 0 0
-0.0020512911958142 0 1 1 3 0 0
0.0703444049992342 0 3 0 3 0 0
0.0782363777898523 3 0 0 3 0 0
0.0507810750296434 0 3 3 0 0 0
0.0595195779134296 3 0 3 0 0 0
0.0028309677542645 3 2 2 0 0 0
0.0028309677542645 3 1 1 0 0 0
0.0600236375090772 3 3 0 0 0 0
