-0.325466465354696 0 0 0 0 0 0
-0.1431131945152398 0 0 0 0 3 0
0.0060839004545153 0 0 0 0 0 3
0.0459075556658401 0 0 0 0 3 3
-0.1732918589681939 0 0 0 3 0 0
0.0534455373150319 0 0 0 3 0 3
0.0251591827333991 0 0 0 0 2 2
0.0005617666267805 0 0 0 3 2 2
0.0251591827333991 0 0 0 0 1 1
0.0005617666267805 0 0 0 3 1 1
0.0060839004545153 0 0 3 0 0 0
0.1087263723931197 0 0 3 0 0 3
0.016652964025982 0 0 3 0 2 2
0.016652964025982 0 0 3 0 1 1
0.0251591827333991 0 2 2 0 0 0
0.016652964025982 0 2 2 0 0 3
0.0251591827333991 0 1 1 0 0 0
0.016652964025982 0 1 1 0 0 3
0.0071737264378285 0 2 2 0 2 2
0.0071737264378285 0 1 1 0 2 2
0.0071737264378285 0 2 2 0 1 1
0.0071737264378285 0 1 1 0 1 1
0.0052132245324862 2 3 2 2 3 2
0.0052132245324862 1 3 1 2 3 2
0.0052132245324862 2 3 2 1 3 1
0.0052132245324862 1 3 1 1 3 1
-0.1431131945152398 0 3 0 0 0 0
0.0530812821036686 0 3 0 0 0 3
-0.0043240828684952 0 3 0 0 2 2
-0.0043240828684952 0 3 0 0 1 1
0.0053056633247919 2 2 0 2 3 2
0.0053056633247919 1 1 0 2 3 2
0.0053056633247919 2 2 0 1 3 1
0.0053056633247919 1 1 0 1 3 1
-0.173291858968194 3 0 0 0 0 0
0.0586587618475181 3 0 0 0 0 3
-0.0047438966980115 3 0 0 0 2 2
-0.0047438966980115 3 0 0 0 1 1
0.0589956982888398 0 0 0 3 3 0
0.0530812821036686 0 0 3 0 3 0
-0.0043240828684952 0 2 2 0 3 0
-0.0043240828684952 0 1 1 0 3 0
0.0053056633247919 2 3 2 2 2 0
0.0053056633247919 1 3 1 2 2 0
0.0053056633247919 2 3 2 1 1 0
0.0053056633247919 1 3 1 1 1 0
0.08029285920833 0 3 0 0 3 0
0.0103420475008774 2 2 0 2 2 0
0.0103420475008774 1 1 0 2 2 0
0.0103420475008774 2 2 0 1 1 0
0.0103420475008774 1 1 0 1 1 0
0.0693377457897171 3 0 0 0 3 0
0.058658761847518 0 0 3 3 0 0
-0.0047438966980114 0 2 2 3 0 0
-0.0047438966980114 0 1 1 3 0 0
0.0693377457897171 0 3 0 3 0 0
0.0782363777898523 3 0 0 3 0 0
0.0459075556658401 0 3 3 0 0 0
0.0534455373150319 3 0 3 0 0 0
0.0005617666267805 3 2 2 0 0 0
0.0005617666267805 3 1 1 0 0 0
0.0589956982888398 3 3 0 0 0 0
