-0.2710408768756235 0 0 0 0 0 0
-0.1272630291827706 0 0 0 0 3 0
-0.0127775940880306 0 0 0 0 0 3
0.0415849374547019 0 0 0 0 3 3
-0.174519890960095 0 0 0 3 0 0
0.0484399119519488 0 0 0 3 0 3
0.0380660866990529 0 0 0 0 2 2
-0.0029793829164245 0 0 0 3 2 2
0.0380660866990529 0 0 0 0 1 1
-0.0029793829164245 0 0 0 3 1 1
-0.0127775940880306 0 0 3 0 0 0
0.1002448864184968 0 0 3 0 0 3
0.0223833467003282 0 0 3 0 2 2
0.0223833467003282 0 0 3 0 1 1
0.0380660866990529 0 2 2 0 0 0
0.0223833467003282 0 2 2 0 0 3
0.0380660866990529 0 1 1 0 0 0
0.0223833467003282 0 1 1 0 0 3
0.0152575777459361 0 2 2 0 2 2
0.0152575777459361 0 1 1 0 2 2
0.0152575777459361 0 2 2 0 1 1
0.0152575777459361 0 1 1 0 1 1
0.0054586463239559 2 3 2 2 3 2
0.0054586463239559 1 3 1 2 3 2
0.0054586463239559 2 3 2 1 3 1
0.0054586463239559 1 3 1 1 3 1
-0.1272630291827706 0 3 0 0 0 0
0.056842515200638 0 3 0 0 0 3
-0.003663424458308 0 3 0 0 2 2
-0.003663424458308 0 3 0 0 1 1
0.0060605547960599 2 2 0 2 3 2
0.0060605547960599 1 1 0 2 3 2
0.0060605547960599 2 2 0 1 3 1
0.0060605547960599 1 1 0 1 3 1
-0.1745198909600951 3 0 0 0 0 0
0.0538985582759047 3 0 0 0 0 3
-0.0090399377124844 3 0 0 0 2 2
-0.0090399377124844 3 0 0 0 1 1
0.0564736378377027 0 0 0 3 3 0
0.056842515200638 0 0 3 0 3 0
-0.003663424458308 0 2 2 0 3 0
-0.003663424458308 0 1 1 0 3 0
0.0060605547960599 2 3 2 2 2 0
0.0060605547960599 1 3 1 2 2 0
0.0060605547960599 2 3 2 1 1 0
0.0060605547960599 1 3 1 1 1 0
0.0740028003037867 0 3 0 0 3 0
0.0101257218540413 2 2 0 2 2 0
0.0101257218540413 1 1 0 2 2 0
0.0101257218540413 2 2 0 1 1 0
0.0101257218540413 1 1 0 1 1 0
0.066599359691744 3 0 0 0 3 0
0.0538985582759047 0 0 3 3 0 0
-0.0090399377124843 0 2 2 3 0 0
-0.0090399377124843 0 1 1 3 0 0
0.066599359691744 0 3 0 3 0 0
0.0782363777898524 3 0 0 3 0 0
0.0415849374547019 0 3 3 0 0 0
0.0484399119519488 3 0 3 0 0 0
-0.0029793829164245 3 2 2 0 0 0
-0.0029793829164245 3 1 1 0 0 0
0.0564736378377027 3 3 0 0 0 0
