-0.2841112092239529 0 0 0 0 0 0
-0.1341510860507062 0 0 0 0 3 0
-0.0061446055657987 0 0 0 0 0 3
0.0430194233945021 0 0 0 0 3 3
-0.1748461996479506 0 0 0 3 0 0
0.0499645430121459 0 0 0 3 0 3
0.0337670303373709 0 0 0 0 2 2
-0.0016342104681489 0 0 0 3 2 2
0.0337670303373709 0 0 0 0 1 1
-0.0016342104681489 0 0 0 3 1 1
-0.0061446055657987 0 0 3 0 0 0
0.1029124289882856 0 0 3 0 0 3
0.0202237630997403 0 0 3 0 2 2
0.0202237630997403 0 0 3 0 1 1
0.0337670303373709 0 2 2 0 0 0
0.0202237630997403 0 2 2 0 0 3
0.0337670303373709 0 1 1 0 0 0
0.0202237630997403 0 1 1 0 0 3
0.0117956414440919 0 2 2 0 2 2
0.0117956414440919 0 1 1 0 2 2
0.0117956414440919 0 2 2 0 1 1
0.0117956414440919 0 1 1 0 1 1
0.0053163829563036 2 3 2 2 3 2
0.0053163829563036 1 3 1 2 3 2
0.0053163829563036 2 3 2 1 3 1
0.0053163829563036 1 3 1 1 3 1
-0.1341510860507062 0 3 0 0 0 0
0.054815064838594 0 3 0 0 0 3
-0.0044958815543533 0 3 0 0 2 2
-0.0044958815543533 0 3 0 0 1 1
0.0057790272647563 2 2 0 2 3 2
0.0057790272647563 1 1 0 2 3 2
0.0057790272647563 2 2 0 1 3 1
0.0057790272647563 1 1 0 1 3 1
-0.1748461996479505 3 0 0 0 0 0
0.0552809259684495 3 0 0 0 0 3
-0.0074132377329052 3 0 0 0 2 2
-0.0074132377329052 3 0 0 0 1 1
0.0575635260237207 0 0 0 3 3 0
0.054815064838594 0 0 3 0 3 0
-0.0044958815543533 0 2 2 0 3 0
-0.0044958815543533 0 1 1 0 3 0
0.0057790272647563 2 3 2 2 2 0
0.0057790272647563 1 3 1 2 2 0
0.0057790272647563 2 3 2 1 1 0
0.0057790272647563 1 3 1 1 1 0
0.0763586663220589 0 3 0 0 3 0
0.0102367500652002 2 2 0 2 2 0
0.0102367500652002 1 1 0 2 2 0
0.0102367500652002 2 2 0 1 1 0
0.0102367500652002 1 1 0 1 1 0
0.0678002760889209 3 0 0 0 3 0
0.0552809259684495 0 0 3 3 0 0
-0.0074132377329052 0 2 2 3 0 0
-0.0074132377329052 0 1 1 3 0 0
0.0678002760889209 0 3 0 3 0 0
0.0782363777898523 3 0 0 3 0 0
0.0430194233945021 0 3 3 0 0 0
0.0499645430121459 3 0 3 0 0 0
-0.0016342104681489 3 2 2 0 0 0
-0.0016342104681489 3 1 1 0 0 0
0.0575635260237207 3 3 0 0 0 0
