(0.47913018916467026+2.7755575615628914e-17j)
-9.354543045884476660e-02 2.164537186943761016e-01 3.217753668792855959e-01 1.411988249258644967e-01 3.905264715880184534e-01 2.429411776860752603e-01
4.998611965926257894e-01 3.898973018006393620e-01 3.065440473040464617e-02 4.636391447443943270e-01 5.721899133660607317e-01 4.918424590946516850e-01
-2.902839463042050094e-01 1.074605568247813503e+00 8.844954926371483284e-01 1.008987517837017789e+00 9.202089329539411278e-01 7.413264767116498621e-01
1.755005845513274987e-01 5.391806882795767419e-02 3.895340876016338272e-01 4.398103922240523822e-01 4.791555833871294912e-01 4.886295362903254613e-01
1.433156591331034679e+00 5.711425195904396013e-01 8.140005336654462242e-01 8.451836832822094969e-01 6.007635980395917841e-01 6.348853787152323180e-01
-2.843873020687041064e-01 5.012198431211782879e-01 5.104847051193160956e-01 6.915274021863400122e-01 4.532389264068951151e-01 4.180968127546217383e-01
1.954928890838858235e+00 -8.582271368756903829e-02 8.076625384140623254e-02 4.644572853554966296e-01 3.838601624004036039e-01 1.758043000086436103e-01
6.961770823763689942e-01 7.461777630354755608e-01 2.806714971948411907e-01 4.588688893313767059e-01 4.571476370488569141e-01 4.828154227663007392e-01
1.867494774219314424e+00 3.971239351989795385e-01 4.086760235768734928e-01 6.150230700721368571e-01 3.964335529910293920e-01 1.541571460686568806e-01
7.136438802775078027e-01 3.832312320213934753e-01 7.614733227032958185e-01 9.752279719586898210e-01 5.425959540398187508e-01 5.893153132766680846e-01
2.342626406365572178e-01 9.032038749139469080e-02 2.258507690045506999e-01 2.085424944451224893e-01 3.039248787261888962e-01 4.657231037105797333e-01
-1.818284431677659463e-01 -1.105037353352724544e-02 -2.197152884402130968e-01 4.742936244902019871e-02 1.554046580260202703e-01 2.129375559244799931e-01
1.963408923691143615e+00 1.468310221820359196e+00 1.462739023540798211e+00 1.650378567076278280e+00 1.059671392628364961e+00 7.539370974586077079e-01
6.344682692014087522e-01 3.226449004338396986e-01 1.054882696626424643e-01 6.600845526418891440e-01 5.585317313304840603e-01 5.877503103983006127e-01
-3.456864428075330231e-01 5.723226891422369400e-01 5.611362770055680071e-01 3.324343594823392367e-01 4.878478698438353245e-01 5.143637579607039934e-01
6.661955793686827887e-01 7.502412343597844036e-01 4.099374104871821856e-01 8.991510400140210191e-01 3.880503418369534718e-01 4.096734472558946627e-01
2.325768859126458921e+00 1.191162211890979705e+00 6.640967688796012292e-01 5.590970421407688296e-01 3.855054955431928554e-01 4.084489597098312497e-01
-1.255624400469067536e-01 9.225927745364658206e-01 9.107024798225431539e-01 3.206817885071446272e-01 5.197811328613933801e-01 3.696653347835368586e-01
-1.143207066528265425e+00 1.210655706640168944e-01 1.265664842421152514e-01 1.882917159847826150e-01 2.469477915556456127e-01 1.784721345220721400e-01
3.795008105628309147e-01 6.055956827182945590e-01 2.937586914609544575e-01 6.630761172435530870e-01 1.615172919020616826e-01 7.703112849838533727e-02
