(0.47913018916467026+2.7755575615628914e-17j)
2.052793351788979148e+00 2.162002123431519540e-01 3.605443335079365763e-01 -1.594718436303341480e-01 3.014366414998171928e-01 3.079269500689200689e-01
5.379632452552240984e-01 8.729771031304571494e-02 4.369165750420874739e-01 2.196324108665015928e-01 1.600837834124857195e-01 4.569093259941443552e-01
2.634321460935050041e+00 1.261288407377112231e+00 8.184692041185999412e-02 1.246463975936337211e-02 3.996735161267001568e-01 7.106437928046827057e-01
-3.125887533040025978e-01 4.056994630396127954e-01 4.059295521163445164e-01 9.061094011320597330e-01 5.925525671052521703e-01 7.390862376711452297e-01
1.705678404611568499e+00 6.112190585319330349e-01 4.198511059612319851e-01 5.680939562819035116e-01 5.263274866714695577e-01 7.085714360843130555e-01
2.225773789857046214e+00 4.651170521432068106e-01 7.346065730088077173e-01 -3.198830658504573515e-02 1.242122068562239445e-01 4.960436601454280559e-01
-8.915446129052100321e-01 6.942160882488814799e-01 1.061780592403380463e-01 3.177564780338356654e-01 2.351408055473276915e-01 5.143703328178195200e-01
9.663861309549299783e-01 -7.759874574506803180e-03 2.580760156048450549e-01 3.614504246855722580e-01 7.799907711355469342e-01 4.585720816764495833e-01
-3.716449723719856824e-01 6.686246058594214059e-01 -7.802424096234808482e-02 8.797796878728521008e-01 3.424755994243853796e-01 4.925034618328157920e-01
1.944030412957207465e+00 1.020544026476833732e+00 5.878304449193240133e-01 8.132800722096418244e-01 4.724292849095112490e-01 5.734516443333735891e-01
3.261144608975469206e-01 -3.860119738038681782e-03 5.263350005501929996e-01 9.019785605746635238e-01 2.267818801795926653e-01 7.117977249889828606e-02
7.520145531156691154e-01 1.154303024154742507e+00 5.784582575359991097e-01 7.460006592113707091e-01 3.396399670990446484e-01 6.140644311721003001e-01
-1.861664374047181658e+00 6.285261430347037770e-01 9.182648160751908373e-01 9.739707824037184825e-01 6.798935178631339005e-01 3.162495059383093610e-01
8.955784282449803513e-01 2.441401293054347166e-01 8.420205224130330457e-01 2.975913938247189416e-01 9.310168407607792851e-01 6.368597174834560448e-01
-3.339984686874161030e-02 -1.075704558859303522e-02 5.252983826107385790e-01 9.889608579237941788e-01 4.208101948043896923e-01 5.604637554743062688e-01
1.348715590450131341e+00 -2.873401639929649698e-01 3.109574052287730206e-01 4.144256319743055972e-01 3.105195915302947918e-01 7.813449351298330514e-01
-1.059806511708921706e+00 -1.664423833945938291e-03 2.895934322208689182e-01 1.013557036604776640e-01 4.951891377617056444e-01 6.184335683321201538e-01
1.394357330247912197e+00 -6.114634337036803924e-01 2.144387779963596585e-01 3.456213236267349220e-01 5.357153810098733704e-01 2.458389674354429788e-01
1.075495517637167359e-01 9.961832383414148673e-01 1.322533769727519126e-01 7.021273339443935280e-01 2.779003884169059524e-01 7.658892435621025285e-01
1.473426311312554526e-01 5.485565865049597534e-01 6.817525285660790413e-01 1.220322895115077549e-01 6.175557827604722938e-01 5.319846092074287380e-01
