(0.47913018916467026+2.7755575615628914e-17j)
1.609989926977126729e+00 -1.735517448980683219e-01 5.414465680846445306e-01 8.603372641550350863e-01 4.639960671871821707e-01 4.227382639675229536e-01
3.825521893243568478e-02 1.544343091308793214e+00 1.217199302757865143e+00 1.069653306020679873e+00 5.731461446910506297e-01 3.343331030495929612e-01
2.109602932091561023e+00 -1.017959299622802488e-01 8.664119821634980179e-01 8.534137172937481530e-01 3.584785632126616939e-01 4.331185698716826793e-01
1.518783238592943119e-01 4.992810727090676304e-01 2.205981025714328359e-01 8.415248293132011614e-01 8.103771782352261477e-01 1.119775783359229671e+00
-5.187216904748466195e-01 1.073149467137198165e+00 4.403179226746998243e-01 8.720972552463850391e-01 -1.069546421775043193e-01 3.545251379955060012e-01
-1.085753269815118022e-01 -1.106021702759740766e-01 8.672724427159226313e-01 5.209831962066171496e-01 8.114133661112127305e-01 4.166033302064749977e-01
1.714274175016806012e+00 1.195797665157395384e+00 -8.242547704586661306e-02 6.824991367903085471e-02 6.400794153234423689e-01 5.817555743521820588e-01
1.417613973843523167e+00 8.890608903905933280e-01 1.327399867928161781e+00 8.450916017295967420e-01 2.421597315100591508e-01 5.926607065137576846e-01
1.733626481063068603e+00 3.135497848790940179e-01 2.495442288946563003e-01 -1.900518163045041842e-01 9.117316981984154023e-03 4.379473582072687110e-01
1.908567756141687499e-01 1.300090944503918752e-02 2.455426470162188624e-01 3.186355991203672078e-01 4.859247211641766762e-01 6.613456540553054319e-01
1.363567750515892296e+00 -1.930590269841358508e-01 6.956041143835123286e-01 7.466173883254336729e-01 5.497267017163750547e-01 3.003387626332095772e-01
9.616877579624606709e-02 9.085217696158426337e-01 -3.779592622465780677e-02 1.505518921906418006e-01 2.356223412951328755e-01 6.850034874874380009e-01
7.899093344210972312e-02 9.204850421776369362e-01 1.590371552181046644e+00 3.104550746684887064e-01 8.661865197757142587e-01 6.570449924052500501e-01
1.068120615214094293e+00 1.532811399789571150e+00 9.417091546317453155e-01 8.672390875330432403e-01 5.278853154274418813e-01 3.842763489690596557e-01
-7.807777004382088215e-01 1.973600386426891173e+00 6.628228541515860384e-01 3.133426313312231981e-01 5.406583783322487236e-01 4.242203343520523084e-01
-1.624951336688291503e+00 5.861839060323759121e-01 3.681372485487088286e-01 6.271024554968286369e-01 3.255221782806500541e-01 5.044925366489928509e-01
3.348329412460192778e+00 5.279315428910043018e-01 4.593682775106917027e-01 2.896870298890985018e-01 7.692716452786365622e-01 4.472006121228181974e-01
4.457013055255643758e-02 7.320309059434052523e-01 6.517070933460469284e-01 2.842153627343564914e-01 2.230585260553463178e-01 7.035893924059168913e-01
1.283511650258673198e+00 1.039472085668961876e+00 1.412930714294851620e-01 7.531983721263104670e-01 6.786147509505328079e-01 5.677777357193584118e-01
1.806010422484748856e+00 2.181550978373283933e-01 1.435237413248159122e+00 3.871971140082943741e-01 7.743963959997439694e-01 7.233480964534659829e-01
