(-1.967560309920378+0j)
-1.622834859967490662e+00 -1.498338314877739386e+00 -1.630551218786808310e+00 -1.971681602087312912e+00 -1.820435269375055620e+00 -2.004101162210151443e+00 -1.944627766277888581e+00
-1.569233087664626547e+00 -1.612208846345931645e+00 -1.833785867873871656e+00 -2.015813449808359969e+00 -1.815626004322233644e+00 -1.927625986935095792e+00 -1.911182994564991855e+00
-1.760279325521837634e+00 -1.569198087645226281e+00 -1.516930942571798946e+00 -1.540590731026925120e+00 -1.843135481745909354e+00 -1.913896270992607285e+00 -1.979675851076915905e+00
-1.647537138289862035e+00 -1.584544854625931087e+00 -1.599209286148276288e+00 -1.746422646130785017e+00 -1.851193451993498273e+00 -1.933487044914776742e+00 -1.927572452638207867e+00
-1.332796622680689769e+00 -1.662657192672314377e+00 -1.473512787850143280e+00 -1.945365059205873770e+00 -1.954093743582848264e+00 -1.958311231103659455e+00 -1.924945879216116928e+00
-1.748956726974939091e+00 -1.758205253582082683e+00 -1.937756242284604857e+00 -1.891300326583887692e+00 -1.997483200560979499e+00 -2.050921018620458725e+00 -1.986225741794422239e+00
-1.811411237413762532e+00 -1.679690742380798074e+00 -1.640482844692884967e+00 -1.769411403404676397e+00 -1.830398382954891545e+00 -1.863626354310877309e+00 -1.950774889675590096e+00
-1.665820672924903878e+00 -1.645850568552128079e+00 -1.544098042202840304e+00 -1.622524332199257291e+00 -1.823220476032560544e+00 -1.964754546187335915e+00 -1.921704564737754417e+00
-1.359428759260150832e+00 -1.583950368909969431e+00 -1.534849659459620153e+00 -1.650548245873400877e+00 -1.916305248442996767e+00 -1.973318731389493985e+00 -1.986862573236217289e+00
-1.700698507591499986e+00 -1.597293774502400288e+00 -1.813116805664799713e+00 -1.740884311632130199e+00 -1.864373257724796673e+00 -1.929076477765206299e+00 -1.997920475857162037e+00
-1.766969053824084979e+00 -1.727150078801448441e+00 -1.934455899755598729e+00 -2.105414722015227724e+00 -2.202369313743152368e+00 -2.025914289178954775e+00 -2.041550986079245789e+00
-1.759590266585000951e+00 -1.513098169282077965e+00 -1.635959070217520184e+00 -1.981362558412937958e+00 -1.785915003837376336e+00 -1.908837809595445467e+00 -1.920922634113885863e+00
-1.661337657168080462e+00 -1.707923490727125237e+00 -1.677888121294499602e+00 -1.965321870200190890e+00 -2.079193666626591330e+00 -1.928076600841518218e+00 -1.971556945555526408e+00
-1.573381533883086547e+00 -1.643067713276129105e+00 -1.625496382856589594e+00 -1.577405616065025828e+00 -1.980756077930768688e+00 -1.785037194914948833e+00 -1.934769956604084129e+00
-1.660752244463565397e+00 -1.632759469104190675e+00 -1.679552813115925858e+00 -1.722666172102394810e+00 -1.883716990045166240e+00 -1.915525203601260440e+00 -1.945009879857889423e+00
-1.923891946360258398e+00 -1.774041588330852903e+00 -1.860250172308256733e+00 -1.893575732197141370e+00 -1.763436148778023238e+00 -1.940066379996127299e+00 -1.985505153223620756e+00
-1.522983118863034502e+00 -1.489341352836041299e+00 -1.845185937759679096e+00 -1.659098923891801025e+00 -1.837018073554600894e+00 -2.007529650502752894e+00 -2.005441104646278561e+00
-1.698462515421551355e+00 -1.777211623688337072e+00 -1.718313357719527534e+00 -1.884115315560020321e+00 -1.890336244808685340e+00 -2.060544892744397671e+00 -1.977331837677063442e+00
-1.706026491635534104e+00 -1.724015636309461419e+00 -1.753120386059320301e+00 -1.922037444155091812e+00 -1.976074202231146826e+00 -1.998232643219443938e+00 -2.018741322323953646e+00
-1.399385820182406537e+00 -1.622366448581400222e+00 -1.779005872013812217e+00 -1.889031302660146405e+00 -2.022334958686292872e+00 -1.864279055940794905e+00 -1.912872510489019628e+00
-1.674820733350966595e+00 -1.541714229392454172e+00 -1.645843160207322686e+00 -2.065673496751978533e+00 -2.185216399004072940e+00 -1.967337174743110983e+00 -1.883666978358712552e+00
-1.626760261311304800e+00 -1.649258492292573930e+00 -1.754998833938998359e+00 -1.713455757198933727e+00 -1.928440887764124589e+00 -2.137010005804867774e+00 -2.009502063875519884e+00
-1.614458819478270968e+00 -1.626400465613981883e+00 -1.920781444278836680e+00 -1.633017008479581644e+00 -1.954620485645053751e+00 -1.925998629643464133e+00 -1.953365755201815546e+00
-1.765340329936946118e+00 -1.759203968326206624e+00 -1.892344850632623920e+00 -1.955980219203977466e+00 -2.061180219558452542e+00 -1.903302975181872192e+00 -2.006193253479006344e+00
-1.554893000863323493e+00 -1.668479366338885939e+00 -1.500015553839582960e+00 -1.812826360970365203e+00 -2.032330405673352658e+00 -1.977676387395709057e+00 -1.966419978107609046e+00
-1.666732855463157081e+00 -1.585083118077384778e+00 -1.792718425435524399e+00 -1.877026394862340908e+00 -1.782124617865662453e+00 -1.904540447456567254e+00 -1.944396664362697535e+00
-1.537636449647869386e+00 -1.412868133545015281e+00 -1.747975095735030626e+00 -1.881467442224649789e+00 -1.645577334371675970e+00 -1.934629190531248488e+00 -1.932617320948356809e+00
-1.734515586302943335e+00 -1.675427046388757280e+00 -1.681994917303347048e+00 -1.822953384862150195e+00 -1.787866239192989148e+00 -1.829213403731257737e+00 -1.906897104332454518e+00
-1.654814292916594098e+00 -1.548798367194434533e+00 -1.613952998746276180e+00 -1.976899936686658643e+00 -2.003076254889859520e+00 -2.157694747851778505e+00 -2.019573350769337416e+00
-1.708239692103493024e+00 -1.565972871016381829e+00 -1.756149336714151632e+00 -1.850072302672983060e+00 -1.988350666921800736e+00 -1.873219338416510116e+00 -1.889160800274351626e+00
-1.722866083966784423e+00 -1.768907370449692484e+00 -1.829791205039292823e+00 -1.721090755618204016e+00 -1.642865627201911094e+00 -1.946479191211980986e+00 -1.977950983404521468e+00
-1.564844299187212684e+00 -1.549404317704775158e+00 -1.738522562737850219e+00 -1.705336249181234942e+00 -1.703101798508299236e+00 -1.971574259801078810e+00 -1.937767587406805214e+00
-1.640294178725293817e+00 -1.489979220462283926e+00 -1.686245392037233337e+00 -1.864252387447025150e+00 -1.865444253508605987e+00 -1.889540603341488989e+00 -2.038433600522239875e+00
-1.741327489022037156e+00 -1.742580256934372684e+00 -1.664600466183933314e+00 -1.834998764894232748e+00 -1.832001289201413918e+00 -2.061111451161289132e+00 -1.959312782780396667e+00
-1.734805348422427063e+00 -1.629001352177148698e+00 -1.370208309010704006e+00 -1.593973822881642466e+00 -1.906562806223167428e+00 -1.911992601439008066e+00 -1.979117148704958806e+00
-1.596430939544147609e+00 -1.517462582178628949e+00 -1.352525819166590759e+00 -1.523634807804321589e+00 -1.713387034108823315e+00 -1.929947620521238694e+00 -1.962954999864789496e+00
-1.483653026790267671e+00 -1.490889770546827364e+00 -1.538900917183477102e+00 -1.559520464215748081e+00 -1.903836606337079296e+00 -1.897291602478386574e+00 -1.981488104687364915e+00
-1.588543205658540902e+00 -1.628434688036638045e+00 -1.732877771232599340e+00 -1.519593355964548698e+00 -1.596371024497518221e+00 -1.875072573157973155e+00 -1.996611594697798919e+00
-1.754404305479059900e+00 -1.691816793784997497e+00 -1.711021581409871928e+00 -1.660430831987504741e+00 -1.818093686132359998e+00 -1.857839241401543440e+00 -1.970376865256386223e+00
-1.680195286321068071e+00 -1.818297705134940045e+00 -1.874617858385213331e+00 -2.018287785929450351e+00 -1.859837783673213396e+00 -1.817414694139227738e+00 -1.983942574435103134e+00
-1.493458574771252545e+00 -1.680679565683545373e+00 -1.834158004199577086e+00 -1.767213547762759074e+00 -1.801631128491906431e+00 -1.966976918616939907e+00 -1.913624507097172023e+00
-1.688995523229679385e+00 -1.769212233769016818e+00 -1.597378627979334054e+00 -1.824606887975440239e+00 -1.750410401247249670e+00 -1.889156655421649678e+00 -1.979732577194748266e+00
-1.596686550783758873e+00 -1.712897806670355960e+00 -1.680553422828096721e+00 -1.768607259080584138e+00 -2.200883928621768071e+00 -2.145688748537086354e+00 -2.046931937063175333e+00
-1.572670107213607782e+00 -1.718971392613633409e+00 -1.787934659340232324e+00 -1.594380698078017744e+00 -1.604441217643417517e+00 -1.838346269603532868e+00 -2.006297327409940046e+00
-1.526415058477216924e+00 -1.680786691260695687e+00 -1.723382573771855775e+00 -1.928597873453673728e+00 -1.951971565626499538e+00 -2.049052639395716913e+00 -1.953568764367750621e+00
-1.553468287729793174e+00 -1.725087131860493006e+00 -1.774421545805506817e+00 -1.848603508484716329e+00 -1.927184389926167141e+00 -1.983343241268524570e+00 -2.011843736618970091e+00
-1.484741822788559373e+00 -1.697221443901305804e+00 -1.681461635401686694e+00 -1.645883662838020012e+00 -2.006372841000189755e+00 -2.069370030189077614e+00 -1.966399251852765095e+00
-1.712759782515663742e+00 -1.625260628099485238e+00 -1.561956458134698522e+00 -1.844356814707885484e+00 -1.964524048388190280e+00 -2.060309636616614704e+00 -1.952028902706239410e+00
-1.582728500605372624e+00 -1.757862167096017725e+00 -1.746570303669746416e+00 -1.595355353551714650e+00 -1.593782791445431890e+00 -1.919214945577508491e+00 -1.966033040468905480e+00
-1.712860728327579185e+00 -1.545519952936764252e+00 -1.629925204286879925e+00 -1.536880619023507144e+00 -1.704518179288002200e+00 -1.835992137508317690e+00 -1.875706060892205596e+00
