(-1.967560309920378+0j)
-2.270519639168542270e+00 -1.946955416322068366e+00 -1.737456499582902492e+00 -1.997660416764279523e+00 -1.987739351784614250e+00 -1.946153447343280440e+00 -1.964041067641709493e+00
-2.371045378538144455e+00 -1.977511440755221894e+00 -1.908699967297764033e+00 -1.905630466503425602e+00 -1.971737493160279353e+00 -1.971324442236367602e+00 -1.957035804948161317e+00
-1.601586401803295256e+00 -1.941813990944614821e+00 -1.821807216217073311e+00 -2.092107031043908272e+00 -2.028792703579071599e+00 -2.005048741194216610e+00 -1.960225349021676333e+00
-2.023173921168635481e+00 -2.125749085637513858e+00 -1.959449743020884149e+00 -1.948873685057737726e+00 -1.982475880055209583e+00 -1.968239215698716515e+00 -1.975403884858535131e+00
-9.456654566677508145e-01 -2.480627322310195559e+00 -1.880626625084092396e+00 -2.136318404593531728e+00 -2.007974682494585217e+00 -1.977175448610345887e+00 -1.977476384287346178e+00
-2.192994546692325297e+00 -1.958225124319332711e+00 -2.120794456371404735e+00 -1.839772836087149255e+00 -1.971535212560869166e+00 -1.998371342226243685e+00 -1.970696774730009038e+00
-1.951218801915651557e+00 -1.830277778658229604e+00 -1.919336701177362325e+00 -1.908541096675723914e+00 -1.990314824217277012e+00 -1.991973181398257298e+00 -1.968703815949309766e+00
-1.008307724384546189e+00 -1.703323946456508864e+00 -1.990978437572608950e+00 -2.125183453504456033e+00 -1.925780633289569055e+00 -1.966530927162607023e+00 -1.969591079686508150e+00
-2.202190666598192070e+00 -1.797582236326737526e+00 -2.028146057790599421e+00 -1.899539107328568122e+00 -1.935802372058080811e+00 -1.992467478143658877e+00 -1.965535789735236571e+00
-1.976369464618856098e+00 -2.165708526466556094e+00 -1.928388793021944325e+00 -2.106426311951290931e+00 -1.977336451678596063e+00 -1.955648336635628315e+00 -1.962632537390036180e+00
-1.655607528143403284e+00 -1.779079751634503825e+00 -1.895429147783968649e+00 -1.937848002369240819e+00 -1.883723744272896017e+00 -1.945095760838361443e+00 -1.968485894314065288e+00
-1.998342857707514630e+00 -2.059412030100530089e+00 -1.820996790199453708e+00 -2.095804368659074157e+00 -1.952429686554554289e+00 -1.997885974314671964e+00 -1.955332788469047678e+00
-1.216312474528400189e+00 -1.656285282939023107e+00 -2.039274816421670522e+00 -1.988568087951360530e+00 -2.003562578142418005e+00 -1.987573782714629589e+00 -1.970654879808295901e+00
-1.848895569087035895e+00 -2.148272201349709754e+00 -2.106261946402655294e+00 -1.982020150155863858e+00 -1.988333027836312050e+00 -1.965541159020331552e+00 -1.958264977850143751e+00
-1.750893218281863284e+00 -1.729643479158983421e+00 -2.189538840021921118e+00 -2.001770153960947596e+00 -1.978304055908979953e+00 -1.968334296073725342e+00 -1.962875306280458032e+00
-1.715303667326309789e+00 -1.995182961139739808e+00 -1.896432019569761485e+00 -1.999633630681775909e+00 -1.991085931800726572e+00 -1.986244190597724613e+00 -1.971935647613361819e+00
-1.277170858809786314e+00 -2.311386957894049576e+00 -2.024380683173318651e+00 -1.931048416663879941e+00 -1.981221695840060582e+00 -1.953119373067048414e+00 -1.961374895904884230e+00
-1.491684329195017478e+00 -2.156909481484521329e+00 -1.642722173969429322e+00 -2.011781560768007182e+00 -1.930801377122413509e+00 -1.933201566042247244e+00 -1.973578960721887654e+00
-1.506159670428909525e+00 -2.093743938230243629e+00 -1.754729765938407127e+00 -1.917277416801304923e+00 -1.966093679445999109e+00 -1.978228641001144261e+00 -1.948438322552198398e+00
-1.456064723744818323e+00 -1.831126224655671209e+00 -2.114249120841611429e+00 -1.918470322566211195e+00 -1.981979902593152820e+00 -2.021520269923418933e+00 -1.967865235153278158e+00
-1.694092002231994076e+00 -1.985614709287209179e+00 -1.968891758151297022e+00 -2.045809501355748239e+00 -1.951821421206324292e+00 -1.970763347358789774e+00 -1.991068430702004566e+00
-1.623507607309270462e+00 -1.875483713203630165e+00 -1.648142046869599087e+00 -1.876840178753953259e+00 -1.990682197437517065e+00 -1.963139981064221384e+00 -1.975176344501655912e+00
-2.378599053299032207e+00 -2.129158266689219481e+00 -1.731322109320904135e+00 -1.903376388770169125e+00 -1.951774782186037394e+00 -1.949951167006493069e+00 -1.981810980507124897e+00
-1.819962675561543897e+00 -1.735972190046355834e+00 -1.940911765052639737e+00 -1.945052095485682253e+00 -1.981520915492102963e+00 -1.936794587444151450e+00 -1.973016475149953486e+00
-1.245030284548238164e+00 -2.213813858574261495e+00 -2.039311513014297361e+00 -1.953413124829082914e+00 -1.984204556944649811e+00 -1.956144220903331288e+00 -1.985892287664588585e+00
-1.635608615406924926e+00 -1.901402319460007817e+00 -1.858242761065362236e+00 -1.945673427533244348e+00 -1.943113680938087562e+00 -1.950862650300655865e+00 -1.981700043255722354e+00
-2.138419370432842026e+00 -1.887601171843533265e+00 -1.956288582953208177e+00 -1.981815074998214188e+00 -1.962171908994709835e+00 -1.969360610596536665e+00 -1.969353067459395978e+00
-1.650453636284285874e+00 -2.664862961445762402e+00 -1.947637875439058863e+00 -1.957345033903170828e+00 -1.954856868638163103e+00 -1.966745567920605398e+00 -1.952297214471821363e+00
-1.998045168029296992e+00 -1.339031381608449589e+00 -2.019166678400059034e+00 -1.902302599155876406e+00 -2.025530551114327338e+00 -1.978957537788589960e+00 -1.986510653682756367e+00
-1.106127266791098851e+00 -2.208631886767220109e+00 -2.156826873590146576e+00 -1.902014892949599911e+00 -1.920486748750531492e+00 -1.997571505280484105e+00 -1.965509564691226174e+00
-1.789986119871552539e+00 -1.962857180376710975e+00 -2.238979735296959817e+00 -1.992516387559701174e+00 -1.984146787063946205e+00 -1.917121352990881267e+00 -1.972639641261094701e+00
-1.955963623217016778e+00 -1.864158496794754427e+00 -1.908036157068787375e+00 -1.912698109215263287e+00 -2.016414783667620725e+00 -1.973551376840117610e+00 -1.961042695386385759e+00
-1.601603885248436665e+00 -1.863985796248069704e+00 -1.766427869425420516e+00 -1.942029690261390940e+00 -1.973465243390334134e+00 -1.971922595144998569e+00 -1.967625816018614637e+00
-1.997061882113269293e+00 -1.695271752724677228e+00 -1.715345617149196977e+00 -2.000388510507639772e+00 -1.951866315627104997e+00 -1.995180059645371040e+00 -1.973415544980128944e+00
-1.593059425214341296e+00 -2.057112924950724953e+00 -2.201605134517512496e+00 -2.036546658630957296e+00 -1.971401928760377231e+00 -1.963705256914127784e+00 -1.970610984794378906e+00
-2.082018031899655064e+00 -1.830848640365385194e+00 -2.143505002122930492e+00 -1.861658974714099024e+00 -1.954552576824334587e+00 -1.987328845757933005e+00 -1.980191556327740132e+00
-1.844645957505911316e+00 -1.902219893334307521e+00 -2.154253033436801523e+00 -1.957679702076975170e+00 -1.979169743638504730e+00 -1.969464326204328541e+00 -1.963897763498737792e+00
-1.425309925824070234e+00 -2.071800619376990227e+00 -2.010946102616644637e+00 -1.827830655425208839e+00 -1.958257560389895069e+00 -1.988489195572230805e+00 -1.975664842537707688e+00
-1.922506693017832724e+00 -1.936778040203555928e+00 -1.935265334502854984e+00 -2.232502167856082131e+00 -2.009556253256096880e+00 -1.971440776747276802e+00 -1.957680862705346359e+00
-2.345523172228272557e+00 -1.868370872860116050e+00 -2.040930619914014699e+00 -2.118530624665369011e+00 -1.998144011165022382e+00 -1.950687201299843077e+00 -1.963098866127528597e+00
-2.092204003133889767e+00 -2.168061498473196735e+00 -2.025018164971565060e+00 -1.919654776914391014e+00 -1.977313347660526022e+00 -1.999740462929308293e+00 -1.982389846182955884e+00
-1.346364560066653837e+00 -2.190419808649212374e+00 -2.112132878606975517e+00 -2.090068768224130125e+00 -1.939686359786042757e+00 -1.957059489413817133e+00 -1.956054928539395998e+00
-1.853138055723466238e+00 -2.154970351081825441e+00 -1.905481798604395038e+00 -2.073131203064311201e+00 -2.043797623345953607e+00 -1.953765668149656021e+00 -1.955464258288148294e+00
-1.801042509577051032e+00 -1.902935043633659840e+00 -2.021928257763165426e+00 -2.069602618851970277e+00 -1.995156308199331985e+00 -1.939696207771993475e+00 -1.976040084275519693e+00
-1.953695955953425267e+00 -1.446792402827444812e+00 -1.925414171774056937e+00 -1.994278137038368426e+00 -1.974204475207686826e+00 -1.950947346784486225e+00 -1.970018808355443962e+00
-1.571578220583420560e+00 -2.330479827281155103e+00 -2.094570515346417139e+00 -1.876703093741438622e+00 -1.922390998396492634e+00 -1.972534021677896821e+00 -1.961125032616907848e+00
-2.200257113189386438e+00 -1.895251172370091552e+00 -1.852216514905185019e+00 -1.974157719544767264e+00 -1.967235793779263497e+00 -1.994652528708824812e+00 -1.969121070104616233e+00
-1.667876062026136363e+00 -1.686841338927353551e+00 -1.830545666790557524e+00 -2.024393534043583909e+00 -1.922734936748549783e+00 -1.986118581699744867e+00 -1.970092178994092835e+00
-2.318724583288425123e+00 -1.390658915759707570e+00 -1.835273559043278269e+00 -1.936573487536846994e+00 -1.987234048895758054e+00 -1.963573645724835615e+00 -1.985679257590994062e+00
-1.585027674160810029e+00 -1.914065549097907049e+00 -1.647080681280594927e+00 -1.994727435784959368e+00 -2.004342590912520095e+00 -1.968692012773887168e+00 -1.971756141809190011e+00
