(-1.967560309920378+0j)
-1.918490032598001882e+00 -1.855473809357587101e+00 -2.083476045555489264e+00 -2.066340995707586448e+00 -1.961577932990203443e+00 -1.968684846671394428e+00 -1.977651416993504441e+00
-1.419097163878220158e+00 -2.131920012624855865e+00 -1.784546882678318624e+00 -1.983459877042152320e+00 -1.976364678530114327e+00 -1.951344150561613811e+00 -1.969996686347566195e+00
-1.382352072502055274e+00 -1.688278758906775590e+00 -2.053867698881625792e+00 -1.964613541604114388e+00 -1.962443138409225574e+00 -1.985696291038068440e+00 -1.965200735718374281e+00
-2.113788673235911464e+00 -1.872027224776763976e+00 -2.011294884364622781e+00 -2.011321043611100201e+00 -1.966615351420610613e+00 -2.001701481330851351e+00 -1.951987972365325508e+00
-2.101378547106020456e+00 -2.202561913722844267e+00 -1.987464523894200807e+00 -1.857348929009763339e+00 -1.986360788440229452e+00 -1.990783645968365656e+00 -1.963895088596503857e+00
-1.884447249170236871e+00 -1.739631074971972780e+00 -1.895172953874002530e+00 -1.797801599679491158e+00 -2.036233451130676109e+00 -1.944384219484280418e+00 -1.985475755807600828e+00
-1.816555644384072465e+00 -2.032417131226575080e+00 -1.873914485801981167e+00 -1.948523705499597414e+00 -2.009441378692669922e+00 -1.935140742182867246e+00 -1.973964199529362196e+00
-1.548828502852168665e+00 -1.412397096264398133e+00 -1.885595588577618997e+00 -1.989064670054296213e+00 -1.978977082589983949e+00 -1.973704770116106788e+00 -1.982770035449345380e+00
-2.049715297591084173e+00 -1.817645637126550362e+00 -2.155677318494271688e+00 -1.949458354093711154e+00 -1.945399826013027189e+00 -1.981184864227685249e+00 -1.954233314723253567e+00
-2.033096434520309082e+00 -1.829845710100802991e+00 -1.827704034099039809e+00 -1.973612866076409178e+00 -1.949308496195269136e+00 -1.956273983793594073e+00 -1.968109865567786665e+00
-1.916574458833522066e+00 -1.521367430875605109e+00 -2.059544429036064273e+00 -2.065648916592907725e+00 -1.959571134866684217e+00 -1.962478754657058566e+00 -1.960201527714200864e+00
-1.707330808019507540e+00 -2.081419515552279442e+00 -2.087265269927140565e+00 -1.961681229350192401e+00 -1.982953534373570470e+00 -1.945972956179236935e+00 -1.962291108748798418e+00
-2.184086319689183320e+00 -2.144297616268751039e+00 -1.843202393167917563e+00 -1.887906268177113489e+00 -1.935124685647767961e+00 -1.948442901359139112e+00 -1.951066638812451792e+00
-1.307362479419109880e+00 -1.581889334243920864e+00 -1.853292686646197396e+00 -1.913222963843014934e+00 -1.877571095053842232e+00 -1.978692951656938925e+00 -1.968332078224583448e+00
-2.019556242752420516e+00 -1.661574462483843106e+00 -1.977888082479600129e+00 -1.939975984840016876e+00 -2.004240955171795235e+00 -1.942495055495665479e+00 -1.988268741084310287e+00
-8.351948901401418102e-01 -2.087836609262404775e+00 -2.010205707450069212e+00 -1.893187950571470157e+00 -2.024070287454880379e+00 -1.979522111396294415e+00 -1.980511384604292546e+00
-1.711323885631995445e+00 -1.963421615246983887e+00 -1.934333992772444333e+00 -1.912802685869517738e+00 -1.952562586232846176e+00 -1.947918664878397710e+00 -1.978398345575187234e+00
-1.459697484358675190e+00 -1.989274105407470072e+00 -1.953860319023672520e+00 -1.962015219886747985e+00 -1.984518795966405902e+00 -1.963433603112416215e+00 -1.969478989953757919e+00
-1.489203832262042004e+00 -1.863578570577667293e+00 -1.883597816884082343e+00 -2.063235929656240586e+00 -1.956118755386432317e+00 -1.986833016009142971e+00 -1.964377339584193027e+00
-2.241615470348512495e+00 -1.887621799119061361e+00 -1.822543082167172646e+00 -2.158253127954262496e+00 -1.970971425319964832e+00 -1.946021123398555375e+00 -1.966776934783876163e+00
-1.836909271088687845e+00 -1.864608180905392931e+00 -2.046612157704678303e+00 -1.967243373072862900e+00 -1.942273709663330905e+00 -1.976341560369346828e+00 -1.958399058625301947e+00
-2.146388114921776058e+00 -1.829972347624174711e+00 -2.047727333944444617e+00 -1.967966022790471170e+00 -1.977377726536818647e+00 -1.949699674474595579e+00 -1.965506308021835791e+00
-1.246963088473973968e+00 -1.991454478574802067e+00 -2.007607672240819596e+00 -1.849516556319186655e+00 -1.950916416971721246e+00 -1.952473312115544868e+00 -1.971246872838634756e+00
-1.488542523926355887e+00 -2.170992971205821576e+00 -2.100800738942040446e+00 -1.922298981049401778e+00 -2.002828569108796586e+00 -1.978482756763022765e+00 -1.972200361711758054e+00
-1.504405897307143025e+00 -2.293359309094131326e+00 -1.672118882615715396e+00 -1.990785626305366929e+00 -1.999274527678294389e+00 -1.956786852664809340e+00 -1.960199878333495516e+00
-1.788104461451541782e+00 -1.810010666560674553e+00 -1.849208127572156357e+00 -2.020596523803106948e+00 -1.973495275545352312e+00 -1.990504128456576760e+00 -1.965713344561341502e+00
-2.068978339666023736e+00 -2.124829552584504899e+00 -1.785296797729052809e+00 -1.969765489368805689e+00 -1.964426925952379888e+00 -1.954133355647861503e+00 -1.952054825494977219e+00
-1.761180628301450835e+00 -2.034491129519222063e+00 -1.738469632056106828e+00 -1.986526528270449399e+00 -1.974872677039735569e+00 -1.951425407531313327e+00 -1.961872763100002803e+00
-1.531595023269029188e+00 -1.981577583567031287e+00 -2.000285802897450615e+00 -1.972531660721383195e+00 -1.997574021802065003e+00 -1.972474015146263193e+00 -1.957897461264916483e+00
-2.436515831578908831e+00 -1.827100320305731440e+00 -1.884910799899617739e+00 -2.094814801449610187e+00 -1.972138275014402087e+00 -1.942872264022595274e+00 -1.969254404179371587e+00
-1.561364513094250395e+00 -2.054969391418621338e+00 -1.773162921186756780e+00 -2.057284045305279641e+00 -1.974740276302406228e+00 -1.951170056617324011e+00 -1.976615161892153028e+00
-2.025491108830200560e+00 -1.716003173096577239e+00 -2.264334311523378496e+00 -1.829246631647561072e+00 -1.967150669048496114e+00 -2.003440064276798438e+00 -1.972365597641912993e+00
-1.725659961183006130e+00 -1.733277908935032974e+00 -1.889874168505691898e+00 -1.885245219928712190e+00 -1.990942586037864448e+00 -1.975155576019009818e+00 -1.952207917664544601e+00
-2.024743576786097066e+00 -1.933245250088228673e+00 -2.007033402665427957e+00 -1.991028922018321268e+00 -1.979342056018426943e+00 -1.962568194740812011e+00 -1.946625002381823899e+00
-2.613143122837326082e+00 -1.971337271982365191e+00 -1.892424108714685804e+00 -2.052082390978934523e+00 -1.996372442069235698e+00 -1.965336431625724245e+00 -1.978631826453560727e+00
-1.484886000460127420e+00 -1.971083732752583861e+00 -1.916005791245504852e+00 -1.858745562035964971e+00 -2.002931327181153520e+00 -1.966416828839550934e+00 -1.983877667230918407e+00
-1.955869521582202175e+00 -1.756091131915298975e+00 -1.945691647240649136e+00 -1.901102088211785501e+00 -2.000134065687899643e+00 -1.976443211285652035e+00 -1.965218864426588219e+00
-1.279025422815925683e+00 -1.635871780728290537e+00 -1.870103115147504491e+00 -1.874601144723189616e+00 -1.916235219380392207e+00 -1.943808255061636014e+00 -1.959888971952737702e+00
-1.852595474046371038e+00 -2.185235759659354571e+00 -1.904031924505045437e+00 -1.957143629888458802e+00 -2.008324894257622617e+00 -2.012832951480652444e+00 -1.963419414625914516e+00
-1.448482108979772587e+00 -2.172346090297683219e+00 -1.915601398253651944e+00 -2.005872007767933063e+00 -1.893811583718863822e+00 -1.982321633199513711e+00 -1.965905269998726057e+00
-9.957917498172932369e-01 -2.170022653250815559e+00 -2.048848755485559892e+00 -2.010073387597966388e+00 -1.988131697004211551e+00 -1.968968864718448897e+00 -1.957389503823342869e+00
-1.631516004551010646e+00 -2.028656848428253667e+00 -1.726387177532289208e+00 -1.955647905701803246e+00 -1.976090132234889163e+00 -1.973191357804392032e+00 -1.954851727209033330e+00
-2.118447658524365451e+00 -2.038368243571619942e+00 -2.100839828323323388e+00 -1.926726898822642697e+00 -1.963636794415901665e+00 -1.933955095300728066e+00 -1.957548346584654153e+00
-1.921040653953732136e+00 -1.970909730129482673e+00 -2.163565477895486922e+00 -2.048890313203875824e+00 -1.980357281820054993e+00 -1.947168279122462931e+00 -1.963895290784801073e+00
-1.523925017506845059e+00 -2.025471128114336494e+00 -1.824395603052168191e+00 -1.971745009026850903e+00 -2.007033580308172915e+00 -1.951171003844954344e+00 -1.979427321212867463e+00
-1.680397755343946642e+00 -1.780270126144314791e+00 -1.859343421977073252e+00 -1.912538610930608396e+00 -2.011482910397786483e+00 -1.980028138525062209e+00 -1.963370561285994631e+00
-1.817754842885515032e+00 -2.191338284381825652e+00 -1.980522765282666242e+00 -1.930318853372171573e+00 -1.995069074867386272e+00 -1.962931879481487840e+00 -1.971902412728454790e+00
-1.448302686819205487e+00 -2.335785497803668953e+00 -2.196625680599641584e+00 -1.971756834947418602e+00 -1.976555077378711056e+00 -1.972245762959085269e+00 -1.960112105263648541e+00
-2.107403356242723014e+00 -2.014115392942501082e+00 -2.180250773319143853e+00 -2.057606044893923958e+00 -2.005714264923780910e+00 -1.963968480024947061e+00 -1.979009160151549596e+00
-1.972245141399918689e+00 -2.168462423087430313e+00 -1.963910173418563554e+00 -2.011331052364664806e+00 -1.942972955790579936e+00 -1.966499829742890837e+00 -1.966639218046158488e+00
