(-1.967560309920378+0j)
-1.471684902088520541e+00 -1.659273335909600577e+00 -1.778801857692454691e+00 -1.744054037688982817e+00 -1.792091113179355766e+00 -2.049824703406931015e+00 -1.981699912436097444e+00
-1.525346222509918359e+00 -1.703585994863708653e+00 -1.702342224239870472e+00 -1.567452353842291757e+00 -2.075751893661138325e+00 -2.011362109590980829e+00 -1.918561516352007112e+00
-1.512626574627452314e+00 -1.790656630736245924e+00 -1.525985455667893120e+00 -1.864080954187221639e+00 -2.088776922782630052e+00 -1.885864208068151804e+00 -1.946959581501689129e+00
-1.633645275485033910e+00 -1.837456008644792194e+00 -1.631259916495649609e+00 -1.893223420093033571e+00 -2.038922065282316343e+00 -2.047686139113285453e+00 -1.992996110096925344e+00
-1.418820368950807431e+00 -1.755960864312535730e+00 -1.978603851156223392e+00 -1.942974250864812680e+00 -2.065759766005241360e+00 -1.932696197059101895e+00 -1.914001353506532555e+00
-1.603321881873948751e+00 -1.929264010305906440e+00 -1.819744798034973687e+00 -2.016791386221588933e+00 -2.091043719032536163e+00 -1.931493318800141301e+00 -1.913912847793220129e+00
-1.434138645654523758e+00 -1.718976711871642138e+00 -1.636574448382940306e+00 -1.863744879033658819e+00 -2.017664710766957192e+00 -1.930046343989064717e+00 -1.986141889967653951e+00
-1.642780349936740825e+00 -1.468597172089405323e+00 -1.613024616459121319e+00 -1.864708292849970750e+00 -1.763590480199468180e+00 -1.930052957564222016e+00 -1.963039514642760164e+00
-1.486626274313404217e+00 -1.933974026431745097e+00 -2.038131306187382030e+00 -1.989464804303055834e+00 -1.970839557011273113e+00 -1.938535858044120985e+00 -1.925936601045631580e+00
-1.498602134703634237e+00 -1.653400062920359570e+00 -1.945017928654907635e+00 -1.960230742294006401e+00 -2.044988601253290739e+00 -2.007554006256635937e+00 -1.977353867681784561e+00
-1.744879309224595776e+00 -1.785543299854785104e+00 -1.762155466620294764e+00 -1.942600342524212431e+00 -1.904045796084966824e+00 -1.990885231646175813e+00 -1.963863852322063952e+00
-1.464067008381572998e+00 -1.444194123404355157e+00 -1.703702537224869751e+00 -1.966899928754280991e+00 -1.931327554409017155e+00 -1.951318968370330698e+00 -1.988531570163597939e+00
-1.566086670183824969e+00 -1.525117896598354061e+00 -1.715968906666351490e+00 -1.833357475622632293e+00 -1.804119092602621155e+00 -1.885982287809891966e+00 -1.940233041970241157e+00
-1.673554517780217576e+00 -1.724046663560600656e+00 -2.070726515838497761e+00 -1.937459304715225539e+00 -2.009379076975043255e+00 -2.021187777261430618e+00 -1.962526542286089359e+00
-1.497502157679889256e+00 -1.381573588357630777e+00 -1.863373867039055387e+00 -2.037795728857705768e+00 -2.062505652961426073e+00 -1.891846011752297274e+00 -2.040069718461595905e+00
-1.605262436526755376e+00 -1.484041050347076673e+00 -1.606128030015252506e+00 -1.955327391354506839e+00 -1.925556460924304547e+00 -1.919762671017287925e+00 -1.968648046430133691e+00
-1.340304452685546099e+00 -1.686730604545513712e+00 -1.594208133660913518e+00 -1.662483745125589163e+00 -2.182613533506811976e+00 -1.910678535784765764e+00 -1.951209368372845976e+00
-1.374771137395199405e+00 -1.785857823087439566e+00 -1.514930800295315461e+00 -1.947175140394324933e+00 -1.902214820999676759e+00 -1.895900391619104175e+00 -1.951275956413677903e+00
-1.278237964050663145e+00 -1.584635921766037070e+00 -1.618759006795944089e+00 -1.973982974313943872e+00 -1.954691521282738043e+00 -1.970123889961736152e+00 -2.012324654176211425e+00
-1.545044272007606079e+00 -1.368492220639980994e+00 -1.604382509370445131e+00 -1.775823987286566208e+00 -1.831218386005080800e+00 -1.966798813651257083e+00 -1.953132097712054538e+00
-1.565704346190852414e+00 -1.447101925708558223e+00 -1.612182016044811039e+00 -1.629875137645318661e+00 -1.935151166546478452e+00 -1.930883028561030113e+00 -1.987773090170469770e+00
-1.396705253580472483e+00 -1.590650903811058781e+00 -1.611140214401367121e+00 -1.928514558871434748e+00 -1.846568224061281738e+00 -2.003317411757809641e+00 -1.936456092287486719e+00
-1.185891131990838065e+00 -1.688084684033055893e+00 -1.771928047521143412e+00 -1.557219963604149493e+00 -1.890686361781641844e+00 -2.013310562701513540e+00 -1.984461214117810846e+00
-1.277997251061589123e+00 -1.696523990897682577e+00 -1.594940438393301907e+00 -1.800691714360211915e+00 -1.876607218796957133e+00 -1.994798766298346404e+00 -2.009377641830704775e+00
-1.203632272562907612e+00 -1.375324125479035597e+00 -1.742293216350301099e+00 -1.837321303520517368e+00 -1.909516043127206686e+00 -2.031712562299121672e+00 -1.943517905059734652e+00
-1.231933593045738462e+00 -1.443272381088302803e+00 -1.588818407135102806e+00 -1.730596828337974902e+00 -1.997241502233306099e+00 -1.978661580896998506e+00 -1.929496978056276069e+00
-1.615597927052961680e+00 -1.864673252023847372e+00 -1.859964564605197435e+00 -1.714327608299827332e+00 -2.005763937822178100e+00 -1.946197683365005204e+00 -1.985478749622886507e+00
-1.354380664742277585e+00 -1.568408477649243737e+00 -1.703201194344378333e+00 -1.805196791240735621e+00 -1.945610224260272192e+00 -2.112711663382745186e+00 -1.988913598059390386e+00
-1.300229061384164497e+00 -1.326143527048079251e+00 -1.726106904021541322e+00 -1.970486373317258844e+00 -1.632017648107781049e+00 -1.891508576357788352e+00 -2.004246889864702119e+00
-1.572098559462717482e+00 -1.483722503515688462e+00 -1.713616993329578841e+00 -1.781497079984512677e+00 -2.027903960238478742e+00 -1.949169724198847264e+00 -1.997114660065770542e+00
-1.610590351810547549e+00 -1.742903400387710411e+00 -1.847541193731423448e+00 -1.947159127210467133e+00 -1.958601407536448624e+00 -1.872908526142059049e+00 -1.944101140321440546e+00
-2.063739519502095554e+00 -1.731247469956880281e+00 -1.834249582139608536e+00 -1.782072454233197822e+00 -2.020822945443357277e+00 -2.052987602665957034e+00 -2.032836524393481170e+00
-1.171882485175125499e+00 -1.801758904454336285e+00 -1.631561520913384911e+00 -1.894390246539102707e+00 -1.983116780944812696e+00 -2.013295088579277525e+00 -1.991519862258662732e+00
-1.508240361339042934e+00 -1.379611693697455621e+00 -1.862439216899947958e+00 -1.957229673369880185e+00 -2.070289574158396206e+00 -2.116401431535158473e+00 -1.924536530631570042e+00
-1.435137224299815717e+00 -1.584859895341557579e+00 -1.694737120217864934e+00 -1.817642879123739341e+00 -1.978270445629580765e+00 -1.786801205415788463e+00 -1.935464106843236554e+00
-1.494855831528683066e+00 -1.740832835575997883e+00 -1.841496498244197921e+00 -1.749183340277131737e+00 -2.097334913150577407e+00 -1.982308963850029304e+00 -1.957484401038167121e+00
-1.502184104938522724e+00 -1.795274954775455178e+00 -1.734702302632940896e+00 -1.974882677392264974e+00 -1.956794078618212085e+00 -1.983524961579090418e+00 -1.998994467381590034e+00
-1.220335011980403950e+00 -1.822619602293959140e+00 -1.837803525174010577e+00 -1.954868044990077935e+00 -2.020284872365166073e+00 -1.946977255716313859e+00 -1.944975494107211489e+00
-1.671867198158527579e+00 -1.698738250437833885e+00 -1.959403587565533122e+00 -1.772552740603442256e+00 -2.104947324363330985e+00 -1.908041035787021000e+00 -1.938166035092489192e+00
-9.371714410481095658e-01 -1.481177848352055237e+00 -1.437509683177530695e+00 -1.871551566338553130e+00 -2.137107672285539550e+00 -2.003802442233050485e+00 -1.937292177946935645e+00
-1.789884437959511132e+00 -1.598818361553690615e+00 -1.747950322229249620e+00 -1.928975978663896473e+00 -1.906604518403000936e+00 -1.993717298794200454e+00 -2.006310578893759633e+00
-1.457894430376150963e+00 -1.477997610741867973e+00 -1.572274869093898797e+00 -1.700146487229444947e+00 -1.821240024826538129e+00 -2.025377655090613516e+00 -2.003663468982760598e+00
-1.518814875370924078e+00 -1.532665427558423943e+00 -1.945110593164229407e+00 -1.849770325638660839e+00 -1.829848785195745897e+00 -1.933886391831004747e+00 -2.044292463990283082e+00
-1.584615610177515954e+00 -1.735832218563990503e+00 -1.726558275176792279e+00 -1.923589073526950299e+00 -1.989294693096532951e+00 -1.991214206229956041e+00 -1.981088651259533595e+00
-1.776104093977689313e+00 -1.473751971051925569e+00 -1.555206249276367192e+00 -1.740000856236264104e+00 -2.001889348252497314e+00 -1.946080745214334939e+00 -1.918888794070461090e+00
-1.703780831140731422e+00 -1.611188976415505625e+00 -1.833846238167755160e+00 -2.102058444617750599e+00 -1.977201971252770418e+00 -1.980236023252867072e+00 -1.944273842249661488e+00
-1.866658814703888947e+00 -1.581636879636671544e+00 -1.692640908354788198e+00 -1.961961003140226589e+00 -2.043088745435881037e+00 -1.983261534898962841e+00 -2.008932863868988061e+00
-1.696177152813828082e+00 -1.737979763268102662e+00 -1.728695646446500866e+00 -1.907812901916585702e+00 -1.912070209319798764e+00 -1.820211435604742523e+00 -2.007754501452623686e+00
-1.514233294035201682e+00 -1.614076842291777503e+00 -1.671034205140811579e+00 -1.709170281431371841e+00 -2.078094297586015493e+00 -1.965306717345946197e+00 -1.930974691715635849e+00
-1.553970510061032151e+00 -1.430363984405843336e+00 -1.742190574662445313e+00 -1.871121011499556452e+00 -1.851340416705743008e+00 -1.961248811237029210e+00 -1.975007032932595719e+00
