(-1.967560309920378+0j)
-1.690683470577911685e+00 -1.860959337536065572e+00 -1.995629985997495748e+00 -1.989201141121180294e+00 -1.958725175595882328e+00 -1.960336901584798674e+00 -1.959646531512034162e+00
-1.781164006221824581e+00 -2.281239198975632654e+00 -1.985765520709847243e+00 -2.038159761212678056e+00 -1.983077698587054183e+00 -1.944554371651945557e+00 -1.943878923962533589e+00
-1.539337089282153181e+00 -1.750581791476287119e+00 -1.996326507716505327e+00 -1.872045027001076223e+00 -1.907898910923808700e+00 -1.965928297974741001e+00 -1.960430457226395085e+00
-2.167678620673223033e+00 -1.874836664932908237e+00 -1.909556678306018052e+00 -1.972547326514346056e+00 -1.967993687058508856e+00 -1.959064002791092829e+00 -1.978120997365199640e+00
-1.340121177159766308e+00 -1.379043448240190761e+00 -1.738718154920539716e+00 -1.860212247628858506e+00 -1.897110403408232226e+00 -1.968394745164251836e+00 -1.959018040178906794e+00
-1.355558729960931297e+00 -1.714206877820186659e+00 -1.935899204591674305e+00 -1.951253260785920540e+00 -1.946442598831774395e+00 -1.947074829085297498e+00 -1.951532480579227791e+00
-2.235638533631456148e+00 -1.905130609861984015e+00 -1.859605110727276411e+00 -1.995571742575510177e+00 -1.966207605335631436e+00 -1.958872705088767763e+00 -1.953339561742382990e+00
-1.667359681719532416e+00 -1.952328739860587747e+00 -1.950018434193435013e+00 -1.956554601332975540e+00 -1.917936633500314070e+00 -1.939627954916181896e+00 -1.960243391689313608e+00
-1.987742731027424492e+00 -1.933281477275231364e+00 -2.136508953435817482e+00 -1.973866708850465335e+00 -1.939835016796594758e+00 -1.954140442124733923e+00 -1.962739534569788002e+00
-1.674421916906402075e+00 -1.820370745082038111e+00 -1.984836919218136542e+00 -1.913363991204572123e+00 -1.941353915390716445e+00 -1.980200720736444486e+00 -1.981429062786239648e+00
-1.255106420548309121e+00 -1.974195446381014518e+00 -1.841733772586264140e+00 -1.891735601441572712e+00 -1.918535701928913095e+00 -1.961285239111332235e+00 -1.969190126863723966e+00
-1.779302823824765678e+00 -1.844807931643038135e+00 -1.996094503186527591e+00 -2.054058424608300903e+00 -2.005830836920424076e+00 -1.981892781632095923e+00 -1.976144109826867945e+00
-1.726973189095637018e+00 -1.832516129397260718e+00 -1.789252954402983153e+00 -1.910150058845265564e+00 -1.991619514777700717e+00 -1.929527377323769999e+00 -1.957592169896866796e+00
-1.771608190527750981e+00 -1.995379011996134322e+00 -1.968175001092991705e+00 -2.023233201917097546e+00 -1.951284931582637938e+00 -1.986387160542715691e+00 -1.969731268054342399e+00
-1.627452857368483663e+00 -2.024752629729526632e+00 -1.994406730809698658e+00 -2.066522000220535560e+00 -1.966061350728967039e+00 -1.932448318945830357e+00 -1.970017865880909991e+00
-1.991474766543732455e+00 -1.856362332769318391e+00 -1.975144142354797738e+00 -1.912452355199203424e+00 -1.926248406355733023e+00 -1.944440048601025595e+00 -1.955662380224493457e+00
-1.760381266160494063e+00 -2.053693409530189307e+00 -1.989960214777246383e+00 -2.010698153512541886e+00 -2.023203084247186645e+00 -1.987138742279886072e+00 -1.971020065109854613e+00
-1.885229809714042082e+00 -1.867019284431596038e+00 -1.804724870643049428e+00 -1.851619598045964210e+00 -1.970909568225758024e+00 -1.976928941297556586e+00 -1.971605257868721983e+00
-1.657314799316743192e+00 -1.803852788807640328e+00 -2.031743556622436664e+00 -1.965718563686759568e+00 -1.952653683196410750e+00 -1.977822736300351325e+00 -1.970306171175630672e+00
-2.022487364145016286e+00 -1.882997651199108669e+00 -2.012571618351036484e+00 -1.962996640183122476e+00 -1.924567708216979423e+00 -1.961938636649824819e+00 -1.954607340577899421e+00
-2.034999837407875489e+00 -1.991312846683522819e+00 -2.054201560854494346e+00 -2.122863993464501497e+00 -2.024322282461207045e+00 -1.992206528569861357e+00 -1.967770299111673893e+00
-1.645309501352969495e+00 -1.623919129388654570e+00 -1.699944281771553545e+00 -1.866171306590545420e+00 -1.893499860937989610e+00 -1.958177461402388131e+00 -1.963810565084936455e+00
-1.446166823474835716e+00 -1.683097953863764040e+00 -1.849468375929386399e+00 -1.908374883655778120e+00 -1.964520806661187891e+00 -1.958924160487372834e+00 -1.971158561238789630e+00
-1.575008434081940134e+00 -1.914438394679220945e+00 -2.139599424281603213e+00 -2.003651993112512741e+00 -1.942190830394403100e+00 -1.970547289249772183e+00 -1.952938242649026268e+00
-1.825586055255016049e+00 -1.993277229353460855e+00 -2.110781652594999169e+00 -1.910376397051134489e+00 -1.943435814102867365e+00 -1.940446311285355607e+00 -1.956171832395628751e+00
-1.043764399227803397e+00 -1.609857007324487110e+00 -1.832678396947010846e+00 -1.873794966719741106e+00 -1.924381814019808346e+00 -1.950518871974979529e+00 -1.950623613072440588e+00
-1.963302975470160527e+00 -2.177026376871467495e+00 -2.096741397391377326e+00 -2.047715049623906047e+00 -1.976749950192802308e+00 -1.981350374712143925e+00 -1.977276978691910658e+00
-2.034960630538960924e+00 -1.987244949126808713e+00 -1.932459952969868278e+00 -2.000101036402817556e+00 -1.943691900269848727e+00 -1.940682068661093496e+00 -1.962516399185666449e+00
-1.618401125174297128e+00 -1.486705054139076498e+00 -1.790670802591471711e+00 -1.853770730143855072e+00 -1.905654078855806066e+00 -1.961748898279949138e+00 -1.957838455448147830e+00
-1.623586867810722367e+00 -1.865577384269659023e+00 -2.001151367064678332e+00 -2.045266506345917890e+00 -1.998784810030549197e+00 -1.978877782381476713e+00 -1.964434937178876961e+00
-1.724603268565531033e+00 -1.801879227779860315e+00 -1.875626302039488102e+00 -1.968355195861851481e+00 -1.901967705868319758e+00 -1.948540851646114236e+00 -1.963998445256862624e+00
-8.190824760288477613e-01 -1.497861869202351759e+00 -1.744627145057953355e+00 -1.814742837999452796e+00 -1.878854848741184025e+00 -1.953192586421375498e+00 -1.962915168565885216e+00
-1.297650820882327860e+00 -1.833301892792416954e+00 -1.915204923030695561e+00 -1.935936994398616218e+00 -1.951751273819453791e+00 -1.963663809127414339e+00 -1.964599076407324452e+00
-1.697585780997964200e+00 -1.852602766945085744e+00 -1.924265532364789255e+00 -1.997994868166737215e+00 -1.959102573819796689e+00 -1.955820326660066444e+00 -1.965594696125844365e+00
-1.913758994042087380e+00 -2.126581844744457328e+00 -1.787426561187394736e+00 -1.955004362330368783e+00 -1.936228185231958943e+00 -1.960555889348463365e+00 -1.955256843802592570e+00
-1.812521810928215071e+00 -2.094693769019794427e+00 -1.903739216780500731e+00 -1.914817448686028989e+00 -1.988681008601649314e+00 -1.974319577682449589e+00 -1.963661888568638325e+00
-1.873470597036494656e+00 -2.017241800941262930e+00 -1.833761332241027997e+00 -1.970024207006969785e+00 -1.926060567711992189e+00 -1.938956125494785798e+00 -1.972525351799178095e+00
-1.699853187527013532e+00 -1.834696933553473297e+00 -1.726191319823951797e+00 -1.934997476282626083e+00 -2.001209513092667258e+00 -1.970988180684880353e+00 -1.952804066799322058e+00
-1.788373322176257441e+00 -1.659902111541057046e+00 -1.667708421456946866e+00 -1.856513671940251520e+00 -1.936331123416457967e+00 -1.989399850327398411e+00 -1.972300139725351009e+00
-1.903497365520968154e+00 -1.902525606949891035e+00 -2.170756245240321292e+00 -2.166131419579380157e+00 -2.036365849681350149e+00 -1.984139664959840177e+00 -1.965765340833425467e+00
-1.742421632981167257e+00 -1.924452036388839105e+00 -2.020004053636295538e+00 -1.997613278815330462e+00 -1.959352768848913406e+00 -1.934434922461795381e+00 -1.964210659769721090e+00
-2.314635021217696931e+00 -2.618471167383493281e+00 -2.119558140860078765e+00 -2.019059099054329565e+00 -1.995349111692984900e+00 -1.969080819642906599e+00 -1.964653984789161978e+00
-1.544315980432927171e+00 -1.914061030441113198e+00 -1.973774643301305920e+00 -1.909175747323664352e+00 -1.984991345800545481e+00 -1.949457003043737258e+00 -1.975362756358375771e+00
-1.752094623730315881e+00 -2.079893446064302154e+00 -1.940273876707828027e+00 -1.947236290458122188e+00 -1.968057218951477338e+00 -1.944502144469931304e+00 -1.954354753435841419e+00
-1.335814212696697201e+00 -1.875930020710723678e+00 -2.119527131034943501e+00 -1.986813053564697062e+00 -1.977905407827851292e+00 -1.970591891855500544e+00 -1.950270423282492338e+00
-1.952442564969494532e+00 -1.789777529072427598e+00 -1.899286126004422481e+00 -1.891968607657551260e+00 -1.925737506302219959e+00 -1.952593421799067031e+00 -1.960634564272042413e+00
-1.464319300857563899e+00 -1.588948131947636178e+00 -1.699618536645868261e+00 -1.966913181212166295e+00 -1.943155745751243835e+00 -1.948203969934945601e+00 -1.961394139516089874e+00
-1.812250343974143307e+00 -1.872706773097584598e+00 -1.897642327086456193e+00 -1.868334778962972509e+00 -1.961648348250796481e+00 -1.964775410632056740e+00 -1.957444466020065832e+00
-1.674101375765300270e+00 -1.705928318802882426e+00 -2.052994673618393495e+00 -1.962665609554612445e+00 -1.972751120993730067e+00 -1.976893564034046813e+00 -1.974258121217478790e+00
-1.537918972555242014e+00 -1.681720354763676539e+00 -1.829660219966956491e+00 -1.851150868609694466e+00 -1.958533742373699038e+00 -1.965532788376635809e+00 -1.957169564180967214e+00
