(-1.967560309920378+0j)
-1.819102815342709123e+00 -1.968442695881270410e+00 -1.852799093060937263e+00 -2.015899917036070743e+00 -2.023925749747612635e+00 -1.981319183589882682e+00 -1.954914079932386528e+00
-1.757967087602093859e+00 -2.035235974403221348e+00 -1.990142790691601826e+00 -1.934950893254605786e+00 -1.906447853160305517e+00 -1.990782859829062668e+00 -1.980700172900422995e+00
-1.628288298282261071e+00 -2.141709908223681236e+00 -2.027223143015647544e+00 -2.034646402451740776e+00 -2.049514532886652418e+00 -1.932417128438101761e+00 -1.969694307767030139e+00
-1.351399443795734623e+00 -1.553896497355221396e+00 -1.963450310881513339e+00 -1.965056587850760872e+00 -2.002505505691609677e+00 -1.974748728770758799e+00 -1.965558940904181817e+00
-1.520910103304032424e+00 -1.907710953755272110e+00 -1.957886998934207590e+00 -2.086137604890372366e+00 -2.020278219190887015e+00 -1.943682476117351676e+00 -1.969776342791844437e+00
-1.588038381024503565e+00 -1.645822308411543089e+00 -1.883076298321070263e+00 -2.073761200368072544e+00 -1.952155108208192935e+00 -1.951723308047357719e+00 -1.969991560026152388e+00
-1.874471836432994643e+00 -2.002593121757643146e+00 -1.694144924695541565e+00 -1.856290181751599766e+00 -1.990460283888579873e+00 -1.975512195020475925e+00 -1.936675230334284681e+00
-1.241026933550231082e+00 -1.688047713168005171e+00 -2.005300035651150559e+00 -2.049233553010560094e+00 -1.924496333003504756e+00 -1.968397208017780731e+00 -1.957744850343450471e+00
-1.940369295767382818e+00 -1.966045661894476382e+00 -1.703200944088537394e+00 -2.003954274128592949e+00 -1.960054956676535509e+00 -2.025727888769616847e+00 -1.972020536007074165e+00
-2.073171435373669880e+00 -1.872190566940588274e+00 -2.040884452114074321e+00 -2.109268406326813228e+00 -1.959750021297923528e+00 -1.978724691663540591e+00 -1.966962442798300126e+00
-1.764492889589075464e+00 -1.972085433352865902e+00 -2.030140996762234806e+00 -1.977271780191140804e+00 -2.000883686799118433e+00 -1.974181859774084780e+00 -1.958852140528398067e+00
-1.795685848709420718e+00 -1.732424001935378044e+00 -2.151288046088864370e+00 -1.966845090293900755e+00 -1.978125239320819739e+00 -1.984191601882345113e+00 -1.969803466093867028e+00
-1.692563103227117782e+00 -1.810373336541900358e+00 -2.059015465643431853e+00 -2.005243679067440610e+00 -2.032538058859306496e+00 -1.934721468340002026e+00 -1.981806751016620849e+00
-1.719742600861703830e+00 -1.892551200515293797e+00 -2.135274612245854797e+00 -2.074921749143137539e+00 -2.006307686811480639e+00 -1.961192469151696427e+00 -1.960225644126610822e+00
-1.758337564733314373e+00 -1.847375509476169686e+00 -1.784117656481978065e+00 -2.013242151228394228e+00 -1.964352148483825777e+00 -1.980462994479714300e+00 -1.960336127662311689e+00
-1.529552063133639672e+00 -2.144949086353225454e+00 -2.096159318417594175e+00 -1.995407158326529595e+00 -1.983287915804650359e+00 -1.985687985571551240e+00 -1.977027915328419594e+00
-1.592911077351234717e+00 -1.931648258560320297e+00 -1.996373734037916403e+00 -1.848584069350875048e+00 -1.995585811713243674e+00 -1.957823284421771781e+00 -1.967891992733084239e+00
-1.848347483290402549e+00 -2.033206091359255563e+00 -2.160028432828931422e+00 -1.921083826231148484e+00 -1.993711778068429030e+00 -1.980018690555689354e+00 -1.970706221522938062e+00
-1.573370487461806189e+00 -1.785725955098650175e+00 -1.918484401527867700e+00 -1.973937311542977691e+00 -1.982788011164257291e+00 -1.947772004083976549e+00 -1.940971947639156703e+00
-1.400817591840446408e+00 -1.868186033065885043e+00 -1.994898749667742166e+00 -1.982730146360739409e+00 -2.015556653321872282e+00 -1.963307790052024604e+00 -1.954277919605108105e+00
-1.445998770381610399e+00 -1.794350920039911035e+00 -2.027631581753149170e+00 -2.034416180790013406e+00 -1.991071189905534888e+00 -1.987492709107659072e+00 -1.964441073484095135e+00
-2.146982963479734607e+00 -1.722527291473646471e+00 -1.972161959501298023e+00 -1.960124721774309853e+00 -1.938300869109069957e+00 -1.982781159865003584e+00 -1.972409786136172016e+00
-1.554751349818195516e+00 -1.535707014239536594e+00 -1.763542301109440880e+00 -2.053877217022212598e+00 -1.999963819685451449e+00 -1.950800753716409153e+00 -1.965707189876571892e+00
-1.949368390763359660e+00 -1.606584857538115640e+00 -2.052391396860017370e+00 -1.943901109851171594e+00 -2.001697677662765074e+00 -1.982790749437058908e+00 -1.950315978984212606e+00
-1.959998452341334296e+00 -1.899141666176306309e+00 -2.028667712858901240e+00 -1.980344403973409717e+00 -1.924306713231624055e+00 -1.964435000358986549e+00 -1.958962412670679054e+00
-1.699851714194078989e+00 -1.974703670726110305e+00 -2.006687272495547347e+00 -1.993027360705017736e+00 -2.010168963154386645e+00 -1.966958844994696864e+00 -1.948624040375700250e+00
-2.023101693937292112e+00 -1.834836450851890399e+00 -2.027438950946619300e+00 -1.998139362883671888e+00 -1.963429352320561927e+00 -1.978546700753774035e+00 -1.976289336890129977e+00
-1.553651891859164857e+00 -2.006287813706239209e+00 -1.890876630853697060e+00 -1.825003823426192273e+00 -2.010547623769998182e+00 -1.967410339187670276e+00 -1.966053287617923084e+00
-1.971293347553905173e+00 -2.400506721915934616e+00 -1.800630150109757022e+00 -1.883996506068911669e+00 -1.962759520797779267e+00 -1.948287968277717441e+00 -1.965395899184251949e+00
-1.569576644688419176e+00 -1.624896262850665574e+00 -2.015770786265870917e+00 -2.064706942639467524e+00 -2.028423371650399432e+00 -1.957960554915092244e+00 -1.967641318134815132e+00
-1.643896169334370327e+00 -1.992751743438452516e+00 -1.912202830067283532e+00 -2.057315603433695017e+00 -1.950532786716717037e+00 -1.979241934933162250e+00 -1.951977631469009378e+00
-1.550804314809361539e+00 -2.043180269973460472e+00 -1.846019387179139493e+00 -2.000729519259222489e+00 -1.981753793131899366e+00 -1.949010175193920169e+00 -1.969815904194666789e+00
-1.658023131531013661e+00 -2.167046284120841548e+00 -1.848827015240700922e+00 -1.922964868053264720e+00 -1.961023517776484759e+00 -1.950908577755632534e+00 -1.977465581144096207e+00
-1.809549020621872284e+00 -1.672239317456255758e+00 -2.074749014392193835e+00 -1.889305321516309588e+00 -1.950263680938604471e+00 -1.969220885412477751e+00 -1.977714026425274607e+00
-1.805674449542586268e+00 -1.596989395324934335e+00 -1.940448040491672632e+00 -2.009145233364859617e+00 -1.964926171671991462e+00 -1.952523044572204380e+00 -1.958822059309933472e+00
-2.050899154260664048e+00 -2.261464358297950561e+00 -1.936174350779965359e+00 -1.933109924750085806e+00 -2.000551779122464069e+00 -1.955462331087267636e+00 -1.957774109722279832e+00
-1.680295015629987176e+00 -1.888652431294673306e+00 -1.987170981173828954e+00 -1.972683942010037494e+00 -1.991304810700567751e+00 -1.979746258377386381e+00 -1.971832755369921530e+00
-1.833270999333342477e+00 -1.921535775525593071e+00 -1.922866285143702836e+00 -1.982648713770567728e+00 -2.010045301764985304e+00 -1.990278484846371265e+00 -1.969966795339614940e+00
-1.790514608858363443e+00 -1.854642459296254486e+00 -2.048642791198630686e+00 -1.984516314704283246e+00 -1.969178171053423076e+00 -1.956250265734525318e+00 -1.978076411193020467e+00
-1.849555257461237723e+00 -1.426393817260081853e+00 -2.134690804800042141e+00 -1.986488615856752959e+00 -1.985552543822691751e+00 -1.982287746072309176e+00 -1.972642239010921505e+00
-1.586134712741249508e+00 -1.961368858255319036e+00 -2.041099348587913642e+00 -2.038520430286556273e+00 -1.994503918007580978e+00 -1.944276180746612459e+00 -1.975864883175078690e+00
-1.635745018500117443e+00 -1.829690134006368485e+00 -2.009935746543847213e+00 -1.985419659096010259e+00 -1.972889071005274220e+00 -1.972465870270752708e+00 -1.960167421727603054e+00
-1.479163537199692957e+00 -1.602450560032701921e+00 -1.902330118480354493e+00 -1.848854462448238589e+00 -1.977348347711911147e+00 -1.958103133978444488e+00 -1.975841830853232617e+00
-1.481064950912323264e+00 -1.899284706315913951e+00 -1.898024421365326342e+00 -1.930091851554780913e+00 -1.969101955944115190e+00 -1.958006203261515754e+00 -1.973099053685383186e+00
-1.588684640284749872e+00 -1.989894075480589608e+00 -2.117132510717157245e+00 -1.781456324199203411e+00 -1.937793251376691561e+00 -1.956539200544219481e+00 -1.951488726289060782e+00
-1.716470172497867708e+00 -1.841785234550092021e+00 -1.866100946008507178e+00 -2.025021910263148150e+00 -1.989381865240579028e+00 -1.938283046517291108e+00 -1.984504332790323344e+00
-1.564342062247439991e+00 -2.250752813089112792e+00 -1.989322961774327547e+00 -1.923989408264553003e+00 -1.888249479573376854e+00 -1.958379324462225846e+00 -1.944658231718242813e+00
-1.714513694421547996e+00 -1.982287034485329613e+00 -1.696706647613955177e+00 -1.948333238208818985e+00 -1.966789501725118905e+00 -1.972198602974150283e+00 -1.976132200266722760e+00
-1.707402334584259052e+00 -1.807211991331291401e+00 -1.779742222912452654e+00 -1.923380119115317699e+00 -1.991456580163148748e+00 -1.987908489070627116e+00 -1.972491433116634552e+00
-1.603242615589771436e+00 -1.489825930748567062e+00 -2.024286798056391667e+00 -1.820468322422054142e+00 -1.988392317270031073e+00 -1.946634148639891260e+00 -1.948882757895592288e+00
