0.002916 0 0 0 0
-0.002734 0 0 0 1
0.001020 0 0 0 2
-0.002805 0 0 0 3
-0.001450 0 0 1 0
0.002196 0 0 1 1
0.002186 0 0 1 2
-0.001669 0 0 1 3
0.002386 0 0 2 0
0.000199 0 0 2 1
-0.001528 0 0 2 2
0.002084 0 0 2 3
0.000567 0 0 3 0
-0.000311 0 0 3 1
-0.002433 0 0 3 2
0.001282 0 0 3 3
-0.003466 0 1 0 0
0.003828 0 1 0 1
-0.002509 0 1 0 2
0.003473 0 1 0 3
0.002122 0 1 1 0
-0.001502 0 1 1 1
-0.001393 0 1 1 2
-0.000130 0 1 1 3
0.002810 0 1 2 0
-0.001325 0 1 2 1
0.002483 0 1 2 2
0.003399 0 1 2 3
0.002294 0 1 3 0
0.003859 0 1 3 1
-0.000901 0 1 3 2
-0.000493 0 1 3 3
0.000752 0 2 0 0
0.002448 0 2 0 1
-0.000633 0 2 0 2
0.001204 0 2 0 3
0.003668 0 2 1 0
0.003720 0 2 1 1
-0.002345 0 2 1 2
-0.002111 0 2 1 3
0.003832 0 2 2 0
-0.000310 0 2 2 1
0.003550 0 2 2 2
0.001026 0 2 2 3
0.001507 0 2 3 0
0.000384 0 2 3 1
0.003403 0 2 3 2
-0.001458 0 2 3 3
-0.003901 0 3 0 0
-0.003674 0 3 0 1
0.003197 0 3 0 2
0.001980 0 3 0 3
0.002328 0 3 1 0
0.002046 0 3 1 1
0.000310 0 3 1 2
0.001066 0 3 1 3
-0.003452 0 3 2 0
-0.001884 0 3 2 1
-0.001869 0 3 2 2
0.000272 0 3 2 3
0.000698 0 3 3 0
0.000479 0 3 3 1
0.002680 0 3 3 2
-0.001174 0 3 3 3
0.000429 1 0 0 0
-0.001367 1 0 0 1
0.003419 1 0 0 2
-0.000580 1 0 0 3
0.001741 1 0 1 0
0.003217 1 0 1 1
0.003748 1 0 1 2
0.001749 1 0 1 3
0.001336 1 0 2 0
-0.003759 1 0 2 1
-0.003038 1 0 2 2
0.002641 1 0 2 3
0.000042 1 0 3 0
-0.000274 1 0 3 1
0.002259 1 0 3 2
-0.001150 1 0 3 3
-0.000321 1 1 0 0
0.000821 1 1 0 1
-0.003583 1 1 0 2
-0.000743 1 1 0 3
0.001127 1 1 1 0
-0.000131 1 1 1 1
-0.000571 1 1 1 2
0.000906 1 1 1 3
-0.000485 1 1 2 0
0.001826 1 1 2 1
0.000541 1 1 2 2
0.001976 1 1 2 3
-0.002330 1 1 3 0
0.003362 1 1 3 1
-0.000672 1 1 3 2
0.002806 1 1 3 3
-0.002079 1 2 0 0
0.001058 1 2 0 1
-0.001440 1 2 0 2
0.000169 1 2 0 3
0.003492 1 2 1 0
-0.003099 1 2 1 1
-0.003865 1 2 1 2
-0.000844 1 2 1 3
-0.001454 1 2 2 0
-0.001775 1 2 2 1
0.001346 1 2 2 2
-0.003502 1 2 2 3
0.003198 1 2 3 0
0.002623 1 2 3 1
0.001102 1 2 3 2
-0.002968 1 2 3 3
0.000682 1 3 0 0
-0.001381 1 3 0 1
0.002391 1 3 0 2
-0.003500 1 3 0 3
0.002649 1 3 1 0
-0.003221 1 3 1 1
0.000761 1 3 1 2
0.003665 1 3 1 3
-0.001194 1 3 2 0
-0.002417 1 3 2 1
0.001207 1 3 2 2
-0.003368 1 3 2 3
-0.003821 1 3 3 0
-0.000032 1 3 3 1
-0.000664 1 3 3 2
0.002155 1 3 3 3
-0.000948 2 0 0 0
-0.002586 2 0 0 1
-0.001950 2 0 0 2
-0.002395 2 0 0 3
0.002871 2 0 1 0
0.001283 2 0 1 1
0.003574 2 0 1 2
-0.002510 2 0 1 3
-0.000309 2 0 2 0
-0.000056 2 0 2 1
-0.002836 2 0 2 2
0.001562 2 0 2 3
0.000515 2 0 3 0
0.003482 2 0 3 1
0.000337 2 0 3 2
-0.003831 2 0 3 3
-0.001477 2 1 0 0
0.000709 2 1 0 1
-0.000269 2 1 0 2
-0.003876 2 1 0 3
-0.001964 2 1 1 0
0.003694 2 1 1 1
0.002451 2 1 1 2
-0.000377 2 1 1 3
0.003094 2 1 2 0
0.000143 2 1 2 1
0.001290 2 1 2 2
-0.002767 2 1 2 3
-0.000799 2 1 3 0
0.002278 2 1 3 1
0.002216 2 1 3 2
-0.001050 2 1 3 3
-0.003234 2 2 0 0
-0.002566 2 2 0 1
-0.002671 2 2 0 2
0.002243 2 2 0 3
-0.003181 2 2 1 0
0.003520 2 2 1 1
0.003024 2 2 1 2
-0.000840 2 2 1 3
0.002374 2 2 2 0
0.003777 2 2 2 1
-0.000861 2 2 2 2
0.002277 2 2 2 3
-0.002331 2 2 3 0
-0.000023 2 2 3 1
-0.003005 2 2 3 2
-0.003447 2 2 3 3
-0.002016 2 3 0 0
0.003673 2 3 0 1
0.002000 2 3 0 2
0.002928 2 3 0 3
-0.003229 2 3 1 0
-0.003663 2 3 1 1
-0.003001 2 3 1 2
0.003268 2 3 1 3
-0.000372 2 3 2 0
-0.002249 2 3 2 1
-0.002035 2 3 2 2
-0.003660 2 3 2 3
-0.002344 2 3 3 0
-0.002181 2 3 3 1
0.000878 2 3 3 2
0.003199 2 3 3 3
0.002132 3 0 0 0
0.003223 3 0 0 1
-0.000115 3 0 0 2
0.000216 3 0 0 3
-0.000066 3 0 1 0
-0.001684 3 0 1 1
-0.001165 3 0 1 2
-0.003346 3 0 1 3
-0.002098 3 0 2 0
-0.003815 3 0 2 1
0.001015 3 0 2 2
-0.000734 3 0 2 3
-0.001348 3 0 3 0
-0.003436 3 0 3 1
0.002980 3 0 3 2
0.002519 3 0 3 3
-0.002909 3 1 0 0
0.000243 3 1 0 1
0.001168 3 1 0 2
-0.001230 3 1 0 3
-0.001248 3 1 1 0
-0.001026 3 1 1 1
-0.003742 3 1 1 2
0.000574 3 1 1 3
0.002347 3 1 2 0
-0.003130 3 1 2 1
0.000095 3 1 2 2
0.003229 3 1 2 3
0.000701 3 1 3 0
0.001805 3 1 3 1
0.001251 3 1 3 2
0.003278 3 1 3 3
-0.000242 3 2 0 0
-0.000910 3 2 0 1
0.001614 3 2 0 2
0.002830 3 2 0 3
0.001779 3 2 1 0
-0.001478 3 2 1 1
-0.001750 3 2 1 2
0.003039 3 2 1 3
0.001210 3 2 2 0
-0.000507 3 2 2 1
-0.003004 3 2 2 2
-0.001934 3 2 2 3
-0.001181 3 2 3 0
-0.003071 3 2 3 1
0.002683 3 2 3 2
-0.001935 3 2 3 3
-0.001808 3 3 0 0
-0.000164 3 3 0 1
-0.001786 3 3 0 2
-0.001213 3 3 0 3
-0.000095 3 3 1 0
-0.003702 3 3 1 1
-0.000305 3 3 1 2
0.002728 3 3 1 3
-0.000941 3 3 2 0
-0.002686 3 3 2 1
0.001041 3 3 2 2
-0.001824 3 3 2 3
-0.001417 3 3 3 0
-0.000412 3 3 3 1
0.001806 3 3 3 2
-0.001165 3 3 3 3
