0.000017 0 0 0 0 0 0
-0.000123 0 0 0 0 0 1
-0.000164 0 0 0 0 0 2
-0.000204 0 0 0 0 0 3
-0.000003 0 0 0 0 1 0
0.000233 0 0 0 0 1 1
-0.000192 0 0 0 0 1 2
0.000236 0 0 0 0 1 3
0.000025 0 0 0 0 2 0
0.000113 0 0 0 0 2 1
-0.000151 0 0 0 0 2 2
-0.000216 0 0 0 0 2 3
-0.000058 0 0 0 0 3 0
-0.000066 0 0 0 0 3 1
0.000229 0 0 0 0 3 2
-0.000069 0 0 0 0 3 3
0.000178 0 0 0 1 0 0
-0.000141 0 0 0 1 0 1
0.000190 0 0 0 1 0 2
0.000116 0 0 0 1 0 3
-0.000052 0 0 0 1 1 0
0.000044 0 0 0 1 1 1
0.000123 0 0 0 1 1 2
0.000044 0 0 0 1 1 3
-0.000183 0 0 0 1 2 0
-0.000195 0 0 0 1 2 1
-0.000156 0 0 0 1 2 2
0.000025 0 0 0 1 2 3
-0.000056 0 0 0 1 3 0
-0.000022 0 0 0 1 3 1
-0.000138 0 0 0 1 3 2
0.000239 0 0 0 1 3 3
0.000211 0 0 0 2 0 0
0.000025 0 0 0 2 0 1
-0.000036 0 0 0 2 0 2
-0.000183 0 0 0 2 0 3
0.000199 0 0 0 2 1 0
0.000043 0 0 0 2 1 1
-0.000119 0 0 0 2 1 2
0.000121 0 0 0 2 1 3
0.000049 0 0 0 2 2 0
-0.000109 0 0 0 2 2 1
0.000093 0 0 0 2 2 2
0.000152 0 0 0 2 2 3
-0.000082 0 0 0 2 3 0
-0.000003 0 0 0 2 3 1
-0.000163 0 0 0 2 3 2
0.000193 0 0 0 2 3 3
-0.000136 0 0 0 3 0 0
-0.000145 0 0 0 3 0 1
-0.000162 0 0 0 3 0 2
0.000107 0 0 0 3 0 3
0.000200 0 0 0 3 1 0
0.000100 0 0 0 3 1 1
0.000176 0 0 0 3 1 2
0.000199 0 0 0 3 1 3
0.000144 0 0 0 3 2 0
0.000223 0 0 0 3 2 1
-0.000214 0 0 0 3 2 2
-0.000110 0 0 0 3 2 3
-0.000102 0 0 0 3 3 0
0.000057 0 0 0 3 3 1
0.000037 0 0 0 3 3 2
0.000072 0 0 0 3 3 3
0.000135 0 0 1 0 0 0
0.000156 0 0 1 0 0 1
0.000014 0 0 1 0 0 2
-0.000063 0 0 1 0 0 3
-0.000241 0 0 1 0 1 0
0.000155 0 0 1 0 1 1
0.000019 0 0 1 0 1 2
-0.000121 0 0 1 0 1 3
0.000215 0 0 1 0 2 0
-0.000198 0 0 1 0 2 1
0.000009 0 0 1 0 2 2
0.000093 0 0 1 0 2 3
0.000100 0 0 1 0 3 0
0.000233 0 0 1 0 3 1
-0.000119 0 0 1 0 3 2
-0.000179 0 0 1 0 3 3
0.000093 0 0 1 1 0 0
0.000208 0 0 1 1 0 1
-0.000055 0 0 1 1 0 2
-0.000160 0 0 1 1 0 3
-0.000143 0 0 1 1 1 0
0.000121 0 0 1 1 1 1
0.000216 0 0 1 1 1 2
-0.000039 0 0 1 1 1 3
0.000186 0 0 1 1 2 0
0.000185 0 0 1 1 2 1
-0.000114 0 0 1 1 2 2
0.000216 0 0 1 1 2 3
-0.000228 0 0 1 1 3 0
-0.000233 0 0 1 1 3 1
-0.000000 0 0 1 1 3 2
-0.000027 0 0 1 1 3 3
0.000074 0 0 1 2 0 0
-0.000031 0 0 1 2 0 1
-0.000154 0 0 1 2 0 2
-0.000212 0 0 1 2 0 3
-0.000161 0 0 1 2 1 0
0.000239 0 0 1 2 1 1
-0.000173 0 0 1 2 1 2
0.000164 0 0 1 2 1 3
0.000020 0 0 1 2 2 0
-0.000016 0 0 1 2 2 1
0.000023 0 0 1 2 2 2
0.000015 0 0 1 2 2 3
-0.000081 0 0 1 2 3 0
0.000138 0 0 1 2 3 1
-0.000220 0 0 1 2 3 2
0.000156 0 0 1 2 3 3
0.000109 0 0 1 3 0 0
-0.000183 0 0 1 3 0 1
-0.000089 0 0 1 3 0 2
0.000158 0 0 1 3 0 3
-0.000105 0 0 1 3 1 0
-0.000133 0 0 1 3 1 1
-0.000005 0 0 1 3 1 2
-0.000155 0 0 1 3 1 3
-0.000222 0 0 1 3 2 0
0.000005 0 0 1 3 2 1
0.000123 0 0 1 3 2 2
-0.000203 0 0 1 3 2 3
-0.000027 0 0 1 3 3 0
-0.000176 0 0 1 3 3 1
0.000119 0 0 1 3 3 2
0.000003 0 0 1 3 3 3
-0.000237 0 0 2 0 0 0
-0.000201 0 0 2 0 0 1
0.000104 0 0 2 0 0 2
-0.000076 0 0 2 0 0 3
0.000031 0 0 2 0 1 0
-0.000067 0 0 2 0 1 1
-0.000123 0 0 2 0 1 2
0.000024 0 0 2 0 1 3
0.000109 0 0 2 0 2 0
0.000127 0 0 2 0 2 1
0.000083 0 0 2 0 2 2
-0.000018 0 0 2 0 2 3
0.000112 0 0 2 0 3 0
-0.000227 0 0 2 0 3 1
0.000138 0 0 2 0 3 2
0.000150 0 0 2 0 3 3
-0.000123 0 0 2 1 0 0
-0.000003 0 0 2 1 0 1
-0.000150 0 0 2 1 0 2
0.000043 0 0 2 1 0 3
0.000208 0 0 2 1 1 0
0.000168 0 0 2 1 1 1
-0.000063 0 0 2 1 1 2
-0.000099 0 0 2 1 1 3
-0.000045 0 0 2 1 2 0
-0.000042 0 0 2 1 2 1
0.000174 0 0 2 1 2 2
-0.000091 0 0 2 1 2 3
0.000056 0 0 2 1 3 0
0.000174 0 0 2 1 3 1
0.000191 0 0 2 1 3 2
-0.000151 0 0 2 1 3 3
-0.000209 0 0 2 2 0 0
0.000016 0 0 2 2 0 1
-0.000062 0 0 2 2 0 2
0.000188 0 0 2 2 0 3
-0.000014 0 0 2 2 1 0
0.000102 0 0 2 2 1 1
-0.000040 0 0 2 2 1 2
-0.000236 0 0 2 2 1 3
0.000186 0 0 2 2 2 0
0.000182 0 0 2 2 2 1
0.000061 0 0 2 2 2 2
-0.000223 0 0 2 2 2 3
-0.000032 0 0 2 2 3 0
-0.000175 0 0 2 2 3 1
0.000008 0 0 2 2 3 2
-0.000025 0 0 2 2 3 3
-0.000174 0 0 2 3 0 0
-0.000063 0 0 2 3 0 1
0.000054 0 0 2 3 0 2
-0.000220 0 0 2 3 0 3
-0.000058 0 0 2 3 1 0
0.000154 0 0 2 3 1 1
-0.000204 0 0 2 3 1 2
-0.000235 0 0 2 3 1 3
-0.000238 0 0 2 3 2 0
-0.000090 0 0 2 3 2 1
0.000052 0 0 2 3 2 2
-0.000003 0 0 2 3 2 3
0.000108 0 0 2 3 3 0
-0.000016 0 0 2 3 3 1
0.000058 0 0 2 3 3 2
0.000077 0 0 2 3 3 3
-0.000139 0 0 3 0 0 0
-0.000223 0 0 3 0 0 1
-0.000176 0 0 3 0 0 2
-0.000199 0 0 3 0 0 3
0.000222 0 0 3 0 1 0
-0.000009 0 0 3 0 1 1
0.000160 0 0 3 0 1 2
-0.000072 0 0 3 0 1 3
0.000071 0 0 3 0 2 0
-0.000022 0 0 3 0 2 1
0.000134 0 0 3 0 2 2
0.000229 0 0 3 0 2 3
-0.000010 0 0 3 0 3 0
-0.000162 0 0 3 0 3 1
-0.000035 0 0 3 0 3 2
-0.000147 0 0 3 0 3 3
-0.000096 0 0 3 1 0 0
0.000228 0 0 3 1 0 1
-0.000222 0 0 3 1 0 2
-0.000121 0 0 3 1 0 3
0.000134 0 0 3 1 1 0
0.000242 0 0 3 1 1 1
0.000109 0 0 3 1 1 2
-0.000187 0 0 3 1 1 3
-0.000164 0 0 3 1 2 0
-0.000120 0 0 3 1 2 1
0.000204 0 0 3 1 2 2
0.000039 0 0 3 1 2 3
-0.000051 0 0 3 1 3 0
0.000031 0 0 3 1 3 1
-0.000116 0 0 3 1 3 2
0.000064 0 0 3 1 3 3
0.000057 0 0 3 2 0 0
0.000105 0 0 3 2 0 1
-0.000109 0 0 3 2 0 2
0.000241 0 0 3 2 0 3
-0.000017 0 0 3 2 1 0
0.000022 0 0 3 2 1 1
-0.000102 0 0 3 2 1 2
0.000027 0 0 3 2 1 3
0.000089 0 0 3 2 2 0
0.000219 0 0 3 2 2 1
0.000174 0 0 3 2 2 2
0.000139 0 0 3 2 2 3
0.000213 0 0 3 2 3 0
0.000141 0 0 3 2 3 1
0.000212 0 0 3 2 3 2
-0.000156 0 0 3 2 3 3
0.000196 0 0 3 3 0 0
-0.000212 0 0 3 3 0 1
0.000096 0 0 3 3 0 2
-0.000008 0 0 3 3 0 3
-0.000031 0 0 3 3 1 0
-0.000108 0 0 3 3 1 1
0.000000 0 0 3 3 1 2
-0.000177 0 0 3 3 1 3
-0.000186 0 0 3 3 2 0
-0.000138 0 0 3 3 2 1
-0.000032 0 0 3 3 2 2
-0.000051 0 0 3 3 2 3
0.000184 0 0 3 3 3 0
-0.000075 0 0 3 3 3 1
0.000041 0 0 3 3 3 2
-0.000007 0 0 3 3 3 3
-0.000116 0 1 0 0 0 0
0.000156 0 1 0 0 0 1
-0.000009 0 1 0 0 0 2
-0.000171 0 1 0 0 0 3
0.000012 0 1 0 0 1 0
0.000004 0 1 0 0 1 1
-0.000089 0 1 0 0 1 2
0.000221 0 1 0 0 1 3
-0.000071 0 1 0 0 2 0
0.000080 0 1 0 0 2 1
-0.000017 0 1 0 0 2 2
0.000230 0 1 0 0 2 3
0.000233 0 1 0 0 3 0
-0.000010 0 1 0 0 3 1
0.000237 0 1 0 0 3 2
0.000069 0 1 0 0 3 3
0.000040 0 1 0 1 0 0
-0.000158 0 1 0 1 0 1
0.000081 0 1 0 1 0 2
0.000097 0 1 0 1 0 3
-0.000216 0 1 0 1 1 0
0.000177 0 1 0 1 1 1
0.000057 0 1 0 1 1 2
-0.000156 0 1 0 1 1 3
-0.000006 0 1 0 1 2 0
0.000106 0 1 0 1 2 1
-0.000113 0 1 0 1 2 2
0.000111 0 1 0 1 2 3
-0.000115 0 1 0 1 3 0
0.000076 0 1 0 1 3 1
-0.000073 0 1 0 1 3 2
0.000068 0 1 0 1 3 3
0.000231 0 1 0 2 0 0
-0.000180 0 1 0 2 0 1
-0.000076 0 1 0 2 0 2
-0.000049 0 1 0 2 0 3
0.000104 0 1 0 2 1 0
0.000223 0 1 0 2 1 1
-0.000130 0 1 0 2 1 2
-0.000212 0 1 0 2 1 3
-0.000211 0 1 0 2 2 0
0.000062 0 1 0 2 2 1
0.000202 0 1 0 2 2 2
0.000239 0 1 0 2 2 3
-0.000057 0 1 0 2 3 0
0.000116 0 1 0 2 3 1
-0.000234 0 1 0 2 3 2
0.000150 0 1 0 2 3 3
0.000048 0 1 0 3 0 0
-0.000185 0 1 0 3 0 1
-0.000189 0 1 0 3 0 2
0.000059 0 1 0 3 0 3
-0.000080 0 1 0 3 1 0
-0.000188 0 1 0 3 1 1
0.000179 0 1 0 3 1 2
-0.000211 0 1 0 3 1 3
-0.000024 0 1 0 3 2 0
-0.000070 0 1 0 3 2 1
-0.000071 0 1 0 3 2 2
0.000232 0 1 0 3 2 3
-0.000145 0 1 0 3 3 0
0.000123 0 1 0 3 3 1
0.000233 0 1 0 3 3 2
0.000096 0 1 0 3 3 3
0.000003 0 1 1 0 0 0
0.000122 0 1 1 0 0 1
0.000156 0 1 1 0 0 2
-0.000012 0 1 1 0 0 3
0.000110 0 1 1 0 1 0
0.000241 0 1 1 0 1 1
0.000149 0 1 1 0 1 2
-0.000115 0 1 1 0 1 3
0.000091 0 1 1 0 2 0
-0.000050 0 1 1 0 2 1
-0.000036 0 1 1 0 2 2
0.000019 0 1 1 0 2 3
0.000223 0 1 1 0 3 0
0.000010 0 1 1 0 3 1
-0.000149 0 1 1 0 3 2
0.000216 0 1 1 0 3 3
0.000154 0 1 1 1 0 0
-0.000156 0 1 1 1 0 1
0.000132 0 1 1 1 0 2
-0.000059 0 1 1 1 0 3
-0.000117 0 1 1 1 1 0
0.000128 0 1 1 1 1 1
-0.000033 0 1 1 1 1 2
0.000028 0 1 1 1 1 3
-0.000159 0 1 1 1 2 0
0.000036 0 1 1 1 2 1
-0.000086 0 1 1 1 2 2
0.000019 0 1 1 1 2 3
-0.000006 0 1 1 1 3 0
-0.000223 0 1 1 1 3 1
0.000025 0 1 1 1 3 2
-0.000051 0 1 1 1 3 3
-0.000036 0 1 1 2 0 0
-0.000212 0 1 1 2 0 1
-0.000052 0 1 1 2 0 2
-0.000096 0 1 1 2 0 3
-0.000024 0 1 1 2 1 0
0.000026 0 1 1 2 1 1
0.000028 0 1 1 2 1 2
-0.000019 0 1 1 2 1 3
-0.000223 0 1 1 2 2 0
0.000080 0 1 1 2 2 1
-0.000187 0 1 1 2 2 2
-0.000231 0 1 1 2 2 3
-0.000170 0 1 1 2 3 0
0.000028 0 1 1 2 3 1
-0.000023 0 1 1 2 3 2
0.000140 0 1 1 2 3 3
0.000210 0 1 1 3 0 0
0.000081 0 1 1 3 0 1
0.000069 0 1 1 3 0 2
-0.000125 0 1 1 3 0 3
-0.000210 0 1 1 3 1 0
0.000011 0 1 1 3 1 1
-0.000012 0 1 1 3 1 2
0.000037 0 1 1 3 1 3
0.000066 0 1 1 3 2 0
0.000079 0 1 1 3 2 1
0.000125 0 1 1 3 2 2
-0.000173 0 1 1 3 2 3
-0.000030 0 1 1 3 3 0
0.000186 0 1 1 3 3 1
0.000055 0 1 1 3 3 2
-0.000230 0 1 1 3 3 3
-0.000098 0 1 2 0 0 0
-0.000237 0 1 2 0 0 1
-0.000143 0 1 2 0 0 2
-0.000071 0 1 2 0 0 3
-0.000170 0 1 2 0 1 0
-0.000210 0 1 2 0 1 1
0.000136 0 1 2 0 1 2
0.000027 0 1 2 0 1 3
0.000202 0 1 2 0 2 0
-0.000153 0 1 2 0 2 1
0.000210 0 1 2 0 2 2
0.000079 0 1 2 0 2 3
-0.000225 0 1 2 0 3 0
-0.000162 0 1 2 0 3 1
0.000089 0 1 2 0 3 2
-0.000075 0 1 2 0 3 3
-0.000157 0 1 2 1 0 0
0.000206 0 1 2 1 0 1
0.000032 0 1 2 1 0 2
0.000163 0 1 2 1 0 3
-0.000179 0 1 2 1 1 0
-0.000094 0 1 2 1 1 1
-0.000023 0 1 2 1 1 2
0.000039 0 1 2 1 1 3
0.000112 0 1 2 1 2 0
-0.000171 0 1 2 1 2 1
0.000243 0 1 2 1 2 2
0.000085 0 1 2 1 2 3
-0.000006 0 1 2 1 3 0
-0.000076 0 1 2 1 3 1
-0.000185 0 1 2 1 3 2
0.000090 0 1 2 1 3 3
0.000127 0 1 2 2 0 0
-0.000228 0 1 2 2 0 1
-0.000028 0 1 2 2 0 2
-0.000030 0 1 2 2 0 3
-0.000155 0 1 2 2 1 0
0.000031 0 1 2 2 1 1
-0.000214 0 1 2 2 1 2
-0.000093 0 1 2 2 1 3
0.000143 0 1 2 2 2 0
0.000151 0 1 2 2 2 1
-0.000220 0 1 2 2 2 2
0.000117 0 1 2 2 2 3
-0.000056 0 1 2 2 3 0
0.000096 0 1 2 2 3 1
0.000057 0 1 2 2 3 2
0.000081 0 1 2 2 3 3
0.000215 0 1 2 3 0 0
0.000018 0 1 2 3 0 1
0.000039 0 1 2 3 0 2
0.000183 0 1 2 3 0 3
0.000223 0 1 2 3 1 0
-0.000043 0 1 2 3 1 1
0.000142 0 1 2 3 1 2
-0.000136 0 1 2 3 1 3
0.000072 0 1 2 3 2 0
-0.000021 0 1 2 3 2 1
0.000031 0 1 2 3 2 2
-0.000068 0 1 2 3 2 3
0.000208 0 1 2 3 3 0
0.000185 0 1 2 3 3 1
-0.000057 0 1 2 3 3 2
0.000075 0 1 2 3 3 3
-0.000133 0 1 3 0 0 0
-0.000167 0 1 3 0 0 1
-0.000051 0 1 3 0 0 2
-0.000112 0 1 3 0 0 3
-0.000074 0 1 3 0 1 0
-0.000016 0 1 3 0 1 1
0.000148 0 1 3 0 1 2
-0.000111 0 1 3 0 1 3
-0.000067 0 1 3 0 2 0
0.000166 0 1 3 0 2 1
0.000184 0 1 3 0 2 2
-0.000132 0 1 3 0 2 3
-0.000046 0 1 3 0 3 0
-0.000100 0 1 3 0 3 1
-0.000156 0 1 3 0 3 2
-0.000126 0 1 3 0 3 3
-0.000163 0 1 3 1 0 0
0.000082 0 1 3 1 0 1
0.000142 0 1 3 1 0 2
0.000059 0 1 3 1 0 3
-0.000137 0 1 3 1 1 0
0.000085 0 1 3 1 1 1
0.000243 0 1 3 1 1 2
-0.000066 0 1 3 1 1 3
-0.000063 0 1 3 1 2 0
-0.000009 0 1 3 1 2 1
-0.000075 0 1 3 1 2 2
0.000003 0 1 3 1 2 3
-0.000150 0 1 3 1 3 0
-0.000021 0 1 3 1 3 1
-0.000116 0 1 3 1 3 2
-0.000224 0 1 3 1 3 3
0.000022 0 1 3 2 0 0
0.000080 0 1 3 2 0 1
0.000240 0 1 3 2 0 2
0.000064 0 1 3 2 0 3
-0.000211 0 1 3 2 1 0
-0.000070 0 1 3 2 1 1
-0.000023 0 1 3 2 1 2
0.000019 0 1 3 2 1 3
-0.000224 0 1 3 2 2 0
0.000141 0 1 3 2 2 1
-0.000074 0 1 3 2 2 2
0.000087 0 1 3 2 2 3
0.000209 0 1 3 2 3 0
0.000151 0 1 3 2 3 1
0.000074 0 1 3 2 3 2
-0.000054 0 1 3 2 3 3
0.000065 0 1 3 3 0 0
-0.000065 0 1 3 3 0 1
-0.000096 0 1 3 3 0 2
0.000058 0 1 3 3 0 3
0.000064 0 1 3 3 1 0
-0.000191 0 1 3 3 1 1
0.000115 0 1 3 3 1 2
0.000074 0 1 3 3 1 3
-0.000123 0 1 3 3 2 0
0.000093 0 1 3 3 2 1
0.000150 0 1 3 3 2 2
0.000202 0 1 3 3 2 3
0.000170 0 1 3 3 3 0
-0.000039 0 1 3 3 3 1
-0.000131 0 1 3 3 3 2
-0.000232 0 1 3 3 3 3
-0.000233 0 2 0 0 0 0
-0.000195 0 2 0 0 0 1
0.000160 0 2 0 0 0 2
0.000092 0 2 0 0 0 3
-0.000065 0 2 0 0 1 0
-0.000149 0 2 0 0 1 1
-0.000156 0 2 0 0 1 2
0.000017 0 2 0 0 1 3
0.000079 0 2 0 0 2 0
0.000100 0 2 0 0 2 1
0.000092 0 2 0 0 2 2
-0.000123 0 2 0 0 2 3
-0.000067 0 2 0 0 3 0
-0.000170 0 2 0 0 3 1
0.000057 0 2 0 0 3 2
-0.000015 0 2 0 0 3 3
-0.000135 0 2 0 1 0 0
0.000214 0 2 0 1 0 1
-0.000011 0 2 0 1 0 2
0.000085 0 2 0 1 0 3
-0.000213 0 2 0 1 1 0
0.000104 0 2 0 1 1 1
-0.000003 0 2 0 1 1 2
-0.000236 0 2 0 1 1 3
-0.000193 0 2 0 1 2 0
-0.000077 0 2 0 1 2 1
-0.000002 0 2 0 1 2 2
0.000011 0 2 0 1 2 3
0.000197 0 2 0 1 3 0
0.000092 0 2 0 1 3 1
-0.000179 0 2 0 1 3 2
-0.000147 0 2 0 1 3 3
-0.000047 0 2 0 2 0 0
-0.000141 0 2 0 2 0 1
-0.000040 0 2 0 2 0 2
0.000018 0 2 0 2 0 3
-0.000218 0 2 0 2 1 0
0.000038 0 2 0 2 1 1
-0.000218 0 2 0 2 1 2
-0.000094 0 2 0 2 1 3
-0.000165 0 2 0 2 2 0
-0.000028 0 2 0 2 2 1
-0.000167 0 2 0 2 2 2
-0.000129 0 2 0 2 2 3
0.000188 0 2 0 2 3 0
-0.000234 0 2 0 2 3 1
0.000231 0 2 0 2 3 2
-0.000222 0 2 0 2 3 3
-0.000078 0 2 0 3 0 0
0.000058 0 2 0 3 0 1
0.000116 0 2 0 3 0 2
-0.000149 0 2 0 3 0 3
0.000165 0 2 0 3 1 0
0.000165 0 2 0 3 1 1
-0.000234 0 2 0 3 1 2
-0.000148 0 2 0 3 1 3
-0.000079 0 2 0 3 2 0
0.000115 0 2 0 3 2 1
-0.000061 0 2 0 3 2 2
0.000032 0 2 0 3 2 3
-0.000205 0 2 0 3 3 0
0.000167 0 2 0 3 3 1
0.000036 0 2 0 3 3 2
0.000091 0 2 0 3 3 3
0.000196 0 2 1 0 0 0
0.000117 0 2 1 0 0 1
-0.000186 0 2 1 0 0 2
-0.000013 0 2 1 0 0 3
-0.000033 0 2 1 0 1 0
-0.000034 0 2 1 0 1 1
-0.000233 0 2 1 0 1 2
-0.000214 0 2 1 0 1 3
0.000200 0 2 1 0 2 0
-0.000123 0 2 1 0 2 1
0.000130 0 2 1 0 2 2
0.000104 0 2 1 0 2 3
-0.000047 0 2 1 0 3 0
-0.000155 0 2 1 0 3 1
-0.000075 0 2 1 0 3 2
0.000140 0 2 1 0 3 3
0.000166 0 2 1 1 0 0
-0.000194 0 2 1 1 0 1
0.000132 0 2 1 1 0 2
0.000096 0 2 1 1 0 3
0.000044 0 2 1 1 1 0
0.000143 0 2 1 1 1 1
-0.000101 0 2 1 1 1 2
0.000143 0 2 1 1 1 3
0.000152 0 2 1 1 2 0
0.000164 0 2 1 1 2 1
-0.000011 0 2 1 1 2 2
-0.000204 0 2 1 1 2 3
0.000001 0 2 1 1 3 0
-0.000076 0 2 1 1 3 1
0.000126 0 2 1 1 3 2
0.000054 0 2 1 1 3 3
-0.000201 0 2 1 2 0 0
-0.000226 0 2 1 2 0 1
0.000094 0 2 1 2 0 2
0.000024 0 2 1 2 0 3
0.000212 0 2 1 2 1 0
0.000070 0 2 1 2 1 1
-0.000130 0 2 1 2 1 2
-0.000104 0 2 1 2 1 3
-0.000007 0 2 1 2 2 0
0.000082 0 2 1 2 2 1
0.000191 0 2 1 2 2 2
-0.000225 0 2 1 2 2 3
0.000112 0 2 1 2 3 0
0.000035 0 2 1 2 3 1
-0.000014 0 2 1 2 3 2
0.000053 0 2 1 2 3 3
-0.000080 0 2 1 3 0 0
0.000052 0 2 1 3 0 1
-0.000195 0 2 1 3 0 2
0.000144 0 2 1 3 0 3
-0.000064 0 2 1 3 1 0
-0.000164 0 2 1 3 1 1
0.000182 0 2 1 3 1 2
-0.000222 0 2 1 3 1 3
-0.000104 0 2 1 3 2 0
0.000160 0 2 1 3 2 1
-0.000016 0 2 1 3 2 2
0.000038 0 2 1 3 2 3
0.000033 0 2 1 3 3 0
-0.000100 0 2 1 3 3 1
0.000177 0 2 1 3 3 2
-0.000054 0 2 1 3 3 3
0.000097 0 2 2 0 0 0
0.000104 0 2 2 0 0 1
0.000189 0 2 2 0 0 2
0.000036 0 2 2 0 0 3
0.000030 0 2 2 0 1 0
-0.000238 0 2 2 0 1 1
-0.000229 0 2 2 0 1 2
-0.000220 0 2 2 0 1 3
-0.000166 0 2 2 0 2 0
0.000006 0 2 2 0 2 1
0.000209 0 2 2 0 2 2
0.000179 0 2 2 0 2 3
-0.000169 0 2 2 0 3 0
-0.000166 0 2 2 0 3 1
0.000055 0 2 2 0 3 2
0.000141 0 2 2 0 3 3
-0.000087 0 2 2 1 0 0
0.000200 0 2 2 1 0 1
0.000224 0 2 2 1 0 2
-0.000076 0 2 2 1 0 3
0.000193 0 2 2 1 1 0
0.000072 0 2 2 1 1 1
-0.000032 0 2 2 1 1 2
-0.000048 0 2 2 1 1 3
-0.000227 0 2 2 1 2 0
-0.000005 0 2 2 1 2 1
-0.000043 0 2 2 1 2 2
0.000062 0 2 2 1 2 3
0.000099 0 2 2 1 3 0
-0.000140 0 2 2 1 3 1
0.000013 0 2 2 1 3 2
-0.000037 0 2 2 1 3 3
0.000154 0 2 2 2 0 0
-0.000231 0 2 2 2 0 1
-0.000139 0 2 2 2 0 2
0.000152 0 2 2 2 0 3
-0.000208 0 2 2 2 1 0
-0.000079 0 2 2 2 1 1
0.000231 0 2 2 2 1 2
0.000037 0 2 2 2 1 3
-0.000185 0 2 2 2 2 0
-0.000123 0 2 2 2 2 1
-0.000006 0 2 2 2 2 2
-0.000243 0 2 2 2 2 3
-0.000062 0 2 2 2 3 0
-0.000082 0 2 2 2 3 1
0.000124 0 2 2 2 3 2
0.000071 0 2 2 2 3 3
-0.000173 0 2 2 3 0 0
-0.000238 0 2 2 3 0 1
0.000118 0 2 2 3 0 2
-0.000134 0 2 2 3 0 3
-0.000151 0 2 2 3 1 0
0.000160 0 2 2 3 1 1
0.000101 0 2 2 3 1 2
0.000133 0 2 2 3 1 3
0.000147 0 2 2 3 2 0
-0.000154 0 2 2 3 2 1
0.000170 0 2 2 3 2 2
-0.000208 0 2 2 3 2 3
0.000194 0 2 2 3 3 0
-0.000181 0 2 2 3 3 1
0.000153 0 2 2 3 3 2
0.000092 0 2 2 3 3 3
-0.000018 0 2 3 0 0 0
-0.000140 0 2 3 0 0 1
-0.000170 0 2 3 0 0 2
-0.000231 0 2 3 0 0 3
0.000076 0 2 3 0 1 0
-0.000223 0 2 3 0 1 1
-0.000017 0 2 3 0 1 2
0.000110 0 2 3 0 1 3
-0.000194 0 2 3 0 2 0
-0.000043 0 2 3 0 2 1
-0.000225 0 2 3 0 2 2
0.000164 0 2 3 0 2 3
-0.000119 0 2 3 0 3 0
-0.000037 0 2 3 0 3 1
0.000087 0 2 3 0 3 2
-0.000190 0 2 3 0 3 3
0.000141 0 2 3 1 0 0
-0.000208 0 2 3 1 0 1
0.000108 0 2 3 1 0 2
0.000224 0 2 3 1 0 3
-0.000066 0 2 3 1 1 0
0.000103 0 2 3 1 1 1
0.000081 0 2 3 1 1 2
0.000001 0 2 3 1 1 3
-0.000232 0 2 3 1 2 0
0.000195 0 2 3 1 2 1
-0.000174 0 2 3 1 2 2
0.000107 0 2 3 1 2 3
0.000129 0 2 3 1 3 0
-0.000067 0 2 3 1 3 1
-0.000142 0 2 3 1 3 2
-0.000038 0 2 3 1 3 3
-0.000069 0 2 3 2 0 0
0.000009 0 2 3 2 0 1
-0.000183 0 2 3 2 0 2
0.000211 0 2 3 2 0 3
0.000074 0 2 3 2 1 0
-0.000089 0 2 3 2 1 1
0.000211 0 2 3 2 1 2
-0.000075 0 2 3 2 1 3
0.000066 0 2 3 2 2 0
0.000164 0 2 3 2 2 1
-0.000121 0 2 3 2 2 2
0.000071 0 2 3 2 2 3
0.000095 0 2 3 2 3 0
0.000100 0 2 3 2 3 1
0.000154 0 2 3 2 3 2
-0.000121 0 2 3 2 3 3
-0.000222 0 2 3 3 0 0
-0.000043 0 2 3 3 0 1
0.000073 0 2 3 3 0 2
0.000227 0 2 3 3 0 3
0.000017 0 2 3 3 1 0
0.000045 0 2 3 3 1 1
-0.000118 0 2 3 3 1 2
-0.000139 0 2 3 3 1 3
-0.000046 0 2 3 3 2 0
0.000132 0 2 3 3 2 1
0.000236 0 2 3 3 2 2
0.000009 0 2 3 3 2 3
0.000229 0 2 3 3 3 0
0.000052 0 2 3 3 3 1
-0.000164 0 2 3 3 3 2
-0.000206 0 2 3 3 3 3
-0.000152 0 3 0 0 0 0
0.000076 0 3 0 0 0 1
-0.000089 0 3 0 0 0 2
-0.000164 0 3 0 0 0 3
-0.000072 0 3 0 0 1 0
0.000109 0 3 0 0 1 1
-0.000011 0 3 0 0 1 2
-0.000052 0 3 0 0 1 3
0.000032 0 3 0 0 2 0
0.000239 0 3 0 0 2 1
-0.000087 0 3 0 0 2 2
-0.000236 0 3 0 0 2 3
-0.000162 0 3 0 0 3 0
-0.000185 0 3 0 0 3 1
0.000214 0 3 0 0 3 2
-0.000061 0 3 0 0 3 3
0.000018 0 3 0 1 0 0
-0.000111 0 3 0 1 0 1
-0.000226 0 3 0 1 0 2
0.000239 0 3 0 1 0 3
-0.000009 0 3 0 1 1 0
0.000079 0 3 0 1 1 1
0.000075 0 3 0 1 1 2
-0.000162 0 3 0 1 1 3
-0.000229 0 3 0 1 2 0
-0.000097 0 3 0 1 2 1
-0.000059 0 3 0 1 2 2
-0.000222 0 3 0 1 2 3
-0.000044 0 3 0 1 3 0
0.000127 0 3 0 1 3 1
-0.000121 0 3 0 1 3 2
0.000222 0 3 0 1 3 3
-0.000159 0 3 0 2 0 0
0.000075 0 3 0 2 0 1
0.000132 0 3 0 2 0 2
0.000151 0 3 0 2 0 3
-0.000068 0 3 0 2 1 0
-0.000037 0 3 0 2 1 1
-0.000060 0 3 0 2 1 2
0.000203 0 3 0 2 1 3
0.000230 0 3 0 2 2 0
0.000216 0 3 0 2 2 1
-0.000226 0 3 0 2 2 2
0.000011 0 3 0 2 2 3
-0.000160 0 3 0 2 3 0
-0.000052 0 3 0 2 3 1
0.000185 0 3 0 2 3 2
0.000114 0 3 0 2 3 3
-0.000087 0 3 0 3 0 0
0.000168 0 3 0 3 0 1
-0.000085 0 3 0 3 0 2
-0.000104 0 3 0 3 0 3
0.000061 0 3 0 3 1 0
0.000035 0 3 0 3 1 1
0.000044 0 3 0 3 1 2
0.000182 0 3 0 3 1 3
0.000156 0 3 0 3 2 0
-0.000198 0 3 0 3 2 1
-0.000158 0 3 0 3 2 2
-0.000172 0 3 0 3 2 3
0.000190 0 3 0 3 3 0
-0.000214 0 3 0 3 3 1
-0.000058 0 3 0 3 3 2
0.000046 0 3 0 3 3 3
-0.000016 0 3 1 0 0 0
-0.000101 0 3 1 0 0 1
0.000049 0 3 1 0 0 2
-0.000130 0 3 1 0 0 3
-0.000226 0 3 1 0 1 0
-0.000154 0 3 1 0 1 1
-0.000229 0 3 1 0 1 2
-0.000046 0 3 1 0 1 3
-0.000179 0 3 1 0 2 0
0.000049 0 3 1 0 2 1
0.000205 0 3 1 0 2 2
-0.000170 0 3 1 0 2 3
-0.000047 0 3 1 0 3 0
0.000089 0 3 1 0 3 1
0.000168 0 3 1 0 3 2
0.000019 0 3 1 0 3 3
-0.000092 0 3 1 1 0 0
0.000212 0 3 1 1 0 1
0.000174 0 3 1 1 0 2
0.000022 0 3 1 1 0 3
0.000234 0 3 1 1 1 0
0.000222 0 3 1 1 1 1
-0.000024 0 3 1 1 1 2
0.000096 0 3 1 1 1 3
0.000068 0 3 1 1 2 0
-0.000069 0 3 1 1 2 1
-0.000239 0 3 1 1 2 2
0.000064 0 3 1 1 2 3
-0.000111 0 3 1 1 3 0
-0.000095 0 3 1 1 3 1
0.000054 0 3 1 1 3 2
-0.000073 0 3 1 1 3 3
-0.000165 0 3 1 2 0 0
0.000093 0 3 1 2 0 1
0.000150 0 3 1 2 0 2
0.000202 0 3 1 2 0 3
0.000168 0 3 1 2 1 0
-0.000101 0 3 1 2 1 1
0.000025 0 3 1 2 1 2
-0.000069 0 3 1 2 1 3
-0.000010 0 3 1 2 2 0
0.000190 0 3 1 2 2 1
-0.000122 0 3 1 2 2 2
0.000002 0 3 1 2 2 3
-0.000111 0 3 1 2 3 0
-0.000025 0 3 1 2 3 1
-0.000136 0 3 1 2 3 2
0.000198 0 3 1 2 3 3
-0.000231 0 3 1 3 0 0
-0.000142 0 3 1 3 0 1
0.000215 0 3 1 3 0 2
-0.000121 0 3 1 3 0 3
-0.000215 0 3 1 3 1 0
0.000176 0 3 1 3 1 1
-0.000013 0 3 1 3 1 2
0.000051 0 3 1 3 1 3
0.000066 0 3 1 3 2 0
0.000195 0 3 1 3 2 1
0.000090 0 3 1 3 2 2
0.000048 0 3 1 3 2 3
0.000209 0 3 1 3 3 0
0.000240 0 3 1 3 3 1
0.000127 0 3 1 3 3 2
0.000106 0 3 1 3 3 3
-0.000107 0 3 2 0 0 0
-0.000194 0 3 2 0 0 1
-0.000043 0 3 2 0 0 2
-0.000222 0 3 2 0 0 3
0.000193 0 3 2 0 1 0
-0.000196 0 3 2 0 1 1
-0.000208 0 3 2 0 1 2
-0.000172 0 3 2 0 1 3
-0.000184 0 3 2 0 2 0
0.000171 0 3 2 0 2 1
0.000050 0 3 2 0 2 2
0.000083 0 3 2 0 2 3
0.000073 0 3 2 0 3 0
0.000205 0 3 2 0 3 1
0.000150 0 3 2 0 3 2
0.000161 0 3 2 0 3 3
-0.000140 0 3 2 1 0 0
-0.000214 0 3 2 1 0 1
-0.000191 0 3 2 1 0 2
-0.000045 0 3 2 1 0 3
-0.000166 0 3 2 1 1 0
0.000091 0 3 2 1 1 1
-0.000026 0 3 2 1 1 2
-0.000139 0 3 2 1 1 3
0.000037 0 3 2 1 2 0
-0.000020 0 3 2 1 2 1
-0.000133 0 3 2 1 2 2
0.000005 0 3 2 1 2 3
0.000054 0 3 2 1 3 0
-0.000172 0 3 2 1 3 1
0.000086 0 3 2 1 3 2
0.000113 0 3 2 1 3 3
-0.000189 0 3 2 2 0 0
0.000016 0 3 2 2 0 1
0.000195 0 3 2 2 0 2
-0.000132 0 3 2 2 0 3
0.000054 0 3 2 2 1 0
0.000117 0 3 2 2 1 1
0.000074 0 3 2 2 1 2
-0.000130 0 3 2 2 1 3
0.000014 0 3 2 2 2 0
0.000070 0 3 2 2 2 1
0.000107 0 3 2 2 2 2
0.000204 0 3 2 2 2 3
-0.000243 0 3 2 2 3 0
-0.000140 0 3 2 2 3 1
-0.000063 0 3 2 2 3 2
0.000110 0 3 2 2 3 3
-0.000024 0 3 2 3 0 0
-0.000059 0 3 2 3 0 1
0.000218 0 3 2 3 0 2
-0.000098 0 3 2 3 0 3
-0.000223 0 3 2 3 1 0
0.000183 0 3 2 3 1 1
-0.000212 0 3 2 3 1 2
0.000220 0 3 2 3 1 3
0.000059 0 3 2 3 2 0
0.000181 0 3 2 3 2 1
-0.000069 0 3 2 3 2 2
-0.000053 0 3 2 3 2 3
-0.000097 0 3 2 3 3 0
-0.000238 0 3 2 3 3 1
0.000090 0 3 2 3 3 2
-0.000243 0 3 2 3 3 3
-0.000098 0 3 3 0 0 0
-0.000185 0 3 3 0 0 1
-0.000079 0 3 3 0 0 2
-0.000073 0 3 3 0 0 3
0.000118 0 3 3 0 1 0
-0.000056 0 3 3 0 1 1
-0.000111 0 3 3 0 1 2
0.000209 0 3 3 0 1 3
0.000019 0 3 3 0 2 0
0.000147 0 3 3 0 2 1
0.000122 0 3 3 0 2 2
-0.000159 0 3 3 0 2 3
-0.000007 0 3 3 0 3 0
-0.000049 0 3 3 0 3 1
0.000089 0 3 3 0 3 2
0.000152 0 3 3 0 3 3
-0.000099 0 3 3 1 0 0
0.000196 0 3 3 1 0 1
0.000135 0 3 3 1 0 2
0.000173 0 3 3 1 0 3
0.000179 0 3 3 1 1 0
0.000040 0 3 3 1 1 1
-0.000118 0 3 3 1 1 2
-0.000185 0 3 3 1 1 3
0.000063 0 3 3 1 2 0
-0.000051 0 3 3 1 2 1
-0.000030 0 3 3 1 2 2
-0.000214 0 3 3 1 2 3
0.000150 0 3 3 1 3 0
-0.000119 0 3 3 1 3 1
-0.000169 0 3 3 1 3 2
0.000181 0 3 3 1 3 3
0.000078 0 3 3 2 0 0
0.000060 0 3 3 2 0 1
0.000219 0 3 3 2 0 2
-0.000001 0 3 3 2 0 3
-0.000023 0 3 3 2 1 0
0.000179 0 3 3 2 1 1
-0.000100 0 3 3 2 1 2
-0.000036 0 3 3 2 1 3
-0.000149 0 3 3 2 2 0
-0.000007 0 3 3 2 2 1
0.000102 0 3 3 2 2 2
-0.000183 0 3 3 2 2 3
-0.000213 0 3 3 2 3 0
0.000149 0 3 3 2 3 1
0.000087 0 3 3 2 3 2
-0.000128 0 3 3 2 3 3
0.000119 0 3 3 3 0 0
0.000075 0 3 3 3 0 1
0.000030 0 3 3 3 0 2
-0.000027 0 3 3 3 0 3
-0.000215 0 3 3 3 1 0
0.000051 0 3 3 3 1 1
-0.000182 0 3 3 3 1 2
0.000045 0 3 3 3 1 3
-0.000092 0 3 3 3 2 0
0.000186 0 3 3 3 2 1
-0.000094 0 3 3 3 2 2
-0.000059 0 3 3 3 2 3
-0.000210 0 3 3 3 3 0
0.000213 0 3 3 3 3 1
0.000077 0 3 3 3 3 2
-0.000036 0 3 3 3 3 3
0.000044 1 0 0 0 0 0
0.000140 1 0 0 0 0 1
0.000030 1 0 0 0 0 2
-0.000086 1 0 0 0 0 3
-0.000031 1 0 0 0 1 0
-0.000063 1 0 0 0 1 1
-0.000018 1 0 0 0 1 2
0.000014 1 0 0 0 1 3
0.000168 1 0 0 0 2 0
-0.000059 1 0 0 0 2 1
0.000021 1 0 0 0 2 2
0.000212 1 0 0 0 2 3
0.000165 1 0 0 0 3 0
0.000124 1 0 0 0 3 1
0.000211 1 0 0 0 3 2
-0.000022 1 0 0 0 3 3
0.000186 1 0 0 1 0 0
-0.000075 1 0 0 1 0 1
0.000054 1 0 0 1 0 2
0.000077 1 0 0 1 0 3
-0.000034 1 0 0 1 1 0
0.000132 1 0 0 1 1 1
-0.000006 1 0 0 1 1 2
0.000244 1 0 0 1 1 3
-0.000212 1 0 0 1 2 0
0.000109 1 0 0 1 2 1
0.000152 1 0 0 1 2 2
-0.000069 1 0 0 1 2 3
0.000003 1 0 0 1 3 0
-0.000027 1 0 0 1 3 1
-0.000040 1 0 0 1 3 2
-0.000095 1 0 0 1 3 3
0.000121 1 0 0 2 0 0
-0.000081 1 0 0 2 0 1
0.000159 1 0 0 2 0 2
-0.000028 1 0 0 2 0 3
0.000205 1 0 0 2 1 0
0.000239 1 0 0 2 1 1
-0.000243 1 0 0 2 1 2
-0.000055 1 0 0 2 1 3
0.000123 1 0 0 2 2 0
0.000224 1 0 0 2 2 1
0.000164 1 0 0 2 2 2
-0.000187 1 0 0 2 2 3
0.000178 1 0 0 2 3 0
0.000236 1 0 0 2 3 1
-0.000034 1 0 0 2 3 2
-0.000060 1 0 0 2 3 3
-0.000138 1 0 0 3 0 0
-0.000011 1 0 0 3 0 1
0.000167 1 0 0 3 0 2
-0.000234 1 0 0 3 0 3
0.000015 1 0 0 3 1 0
-0.000235 1 0 0 3 1 1
-0.000069 1 0 0 3 1 2
0.000236 1 0 0 3 1 3
0.000109 1 0 0 3 2 0
0.000194 1 0 0 3 2 1
-0.000128 1 0 0 3 2 2
-0.000243 1 0 0 3 2 3
0.000009 1 0 0 3 3 0
-0.000094 1 0 0 3 3 1
0.000072 1 0 0 3 3 2
0.000141 1 0 0 3 3 3
-0.000183 1 0 1 0 0 0
0.000037 1 0 1 0 0 1
-0.000187 1 0 1 0 0 2
-0.000168 1 0 1 0 0 3
0.000201 1 0 1 0 1 0
-0.000054 1 0 1 0 1 1
-0.000109 1 0 1 0 1 2
0.000054 1 0 1 0 1 3
-0.000030 1 0 1 0 2 0
-0.000202 1 0 1 0 2 1
-0.000135 1 0 1 0 2 2
-0.000119 1 0 1 0 2 3
0.000043 1 0 1 0 3 0
0.000070 1 0 1 0 3 1
0.000079 1 0 1 0 3 2
0.000137 1 0 1 0 3 3
-0.000210 1 0 1 1 0 0
-0.000164 1 0 1 1 0 1
-0.000117 1 0 1 1 0 2
0.000102 1 0 1 1 0 3
0.000153 1 0 1 1 1 0
-0.000142 1 0 1 1 1 1
0.000064 1 0 1 1 1 2
0.000068 1 0 1 1 1 3
0.000186 1 0 1 1 2 0
0.000140 1 0 1 1 2 1
-0.000219 1 0 1 1 2 2
0.000069 1 0 1 1 2 3
0.000172 1 0 1 1 3 0
-0.000004 1 0 1 1 3 1
0.000175 1 0 1 1 3 2
-0.000215 1 0 1 1 3 3
-0.000147 1 0 1 2 0 0
0.000218 1 0 1 2 0 1
0.000015 1 0 1 2 0 2
-0.000070 1 0 1 2 0 3
-0.000232 1 0 1 2 1 0
0.000161 1 0 1 2 1 1
-0.000108 1 0 1 2 1 2
0.000058 1 0 1 2 1 3
-0.000169 1 0 1 2 2 0
0.000093 1 0 1 2 2 1
-0.000108 1 0 1 2 2 2
0.000189 1 0 1 2 2 3
-0.000064 1 0 1 2 3 0
-0.000191 1 0 1 2 3 1
0.000159 1 0 1 2 3 2
0.000002 1 0 1 2 3 3
0.000172 1 0 1 3 0 0
0.000210 1 0 1 3 0 1
0.000202 1 0 1 3 0 2
0.000116 1 0 1 3 0 3
0.000173 1 0 1 3 1 0
-0.000159 1 0 1 3 1 1
0.000031 1 0 1 3 1 2
0.000016 1 0 1 3 1 3
-0.000127 1 0 1 3 2 0
0.000240 1 0 1 3 2 1
0.000099 1 0 1 3 2 2
0.000122 1 0 1 3 2 3
-0.000002 1 0 1 3 3 0
0.000193 1 0 1 3 3 1
-0.000088 1 0 1 3 3 2
-0.000222 1 0 1 3 3 3
0.000160 1 0 2 0 0 0
-0.000061 1 0 2 0 0 1
0.000119 1 0 2 0 0 2
-0.000141 1 0 2 0 0 3
-0.000129 1 0 2 0 1 0
0.000185 1 0 2 0 1 1
-0.000210 1 0 2 0 1 2
-0.000037 1 0 2 0 1 3
-0.000058 1 0 2 0 2 0
-0.000170 1 0 2 0 2 1
-0.000069 1 0 2 0 2 2
-0.000069 1 0 2 0 2 3
0.000004 1 0 2 0 3 0
0.000190 1 0 2 0 3 1
-0.000191 1 0 2 0 3 2
0.000116 1 0 2 0 3 3
0.000101 1 0 2 1 0 0
-0.000146 1 0 2 1 0 1
0.000179 1 0 2 1 0 2
0.000170 1 0 2 1 0 3
-0.000216 1 0 2 1 1 0
-0.000191 1 0 2 1 1 1
-0.000103 1 0 2 1 1 2
-0.000078 1 0 2 1 1 3
0.000088 1 0 2 1 2 0
0.000007 1 0 2 1 2 1
0.000218 1 0 2 1 2 2
-0.000133 1 0 2 1 2 3
-0.000057 1 0 2 1 3 0
-0.000143 1 0 2 1 3 1
0.000145 1 0 2 1 3 2
-0.000200 1 0 2 1 3 3
-0.000010 1 0 2 2 0 0
-0.000232 1 0 2 2 0 1
0.000149 1 0 2 2 0 2
-0.000004 1 0 2 2 0 3
0.000154 1 0 2 2 1 0
0.000182 1 0 2 2 1 1
-0.000105 1 0 2 2 1 2
0.000160 1 0 2 2 1 3
-0.000044 1 0 2 2 2 0
0.000033 1 0 2 2 2 1
0.000182 1 0 2 2 2 2
-0.000204 1 0 2 2 2 3
0.000035 1 0 2 2 3 0
-0.000095 1 0 2 2 3 1
-0.000191 1 0 2 2 3 2
0.000097 1 0 2 2 3 3
-0.000235 1 0 2 3 0 0
0.000146 1 0 2 3 0 1
-0.000025 1 0 2 3 0 2
0.000161 1 0 2 3 0 3
0.000092 1 0 2 3 1 0
-0.000089 1 0 2 3 1 1
0.000230 1 0 2 3 1 2
-0.000201 1 0 2 3 1 3
0.000069 1 0 2 3 2 0
0.000096 1 0 2 3 2 1
0.000161 1 0 2 3 2 2
-0.000165 1 0 2 3 2 3
0.000181 1 0 2 3 3 0
-0.000158 1 0 2 3 3 1
0.000092 1 0 2 3 3 2
0.000064 1 0 2 3 3 3
-0.000002 1 0 3 0 0 0
0.000044 1 0 3 0 0 1
-0.000178 1 0 3 0 0 2
-0.000142 1 0 3 0 0 3
-0.000020 1 0 3 0 1 0
0.000175 1 0 3 0 1 1
-0.000008 1 0 3 0 1 2
0.000213 1 0 3 0 1 3
-0.000086 1 0 3 0 2 0
0.000001 1 0 3 0 2 1
0.000096 1 0 3 0 2 2
-0.000096 1 0 3 0 2 3
0.000115 1 0 3 0 3 0
0.000173 1 0 3 0 3 1
-0.000112 1 0 3 0 3 2
-0.000151 1 0 3 0 3 3
0.000010 1 0 3 1 0 0
0.000035 1 0 3 1 0 1
-0.000134 1 0 3 1 0 2
-0.000081 1 0 3 1 0 3
0.000122 1 0 3 1 1 0
-0.000008 1 0 3 1 1 1
-0.000202 1 0 3 1 1 2
-0.000067 1 0 3 1 1 3
-0.000029 1 0 3 1 2 0
0.000057 1 0 3 1 2 1
0.000162 1 0 3 1 2 2
0.000036 1 0 3 1 2 3
-0.000044 1 0 3 1 3 0
0.000205 1 0 3 1 3 1
-0.000099 1 0 3 1 3 2
0.000233 1 0 3 1 3 3
-0.000196 1 0 3 2 0 0
0.000144 1 0 3 2 0 1
-0.000068 1 0 3 2 0 2
-0.000155 1 0 3 2 0 3
-0.000183 1 0 3 2 1 0
-0.000182 1 0 3 2 1 1
0.000003 1 0 3 2 1 2
-0.000039 1 0 3 2 1 3
0.000040 1 0 3 2 2 0
0.000157 1 0 3 2 2 1
-0.000235 1 0 3 2 2 2
-0.000035 1 0 3 2 2 3
0.000039 1 0 3 2 3 0
-0.000020 1 0 3 2 3 1
0.000134 1 0 3 2 3 2
0.000038 1 0 3 2 3 3
0.000079 1 0 3 3 0 0
0.000056 1 0 3 3 0 1
0.000001 1 0 3 3 0 2
0.000169 1 0 3 3 0 3
0.000224 1 0 3 3 1 0
0.000237 1 0 3 3 1 1
0.000231 1 0 3 3 1 2
-0.000167 1 0 3 3 1 3
-0.000120 1 0 3 3 2 0
0.000124 1 0 3 3 2 1
0.000221 1 0 3 3 2 2
0.000164 1 0 3 3 2 3
0.000159 1 0 3 3 3 0
0.000160 1 0 3 3 3 1
-0.000184 1 0 3 3 3 2
0.000133 1 0 3 3 3 3
-0.000203 1 1 0 0 0 0
0.000045 1 1 0 0 0 1
-0.000240 1 1 0 0 0 2
0.000121 1 1 0 0 0 3
0.000160 1 1 0 0 1 0
0.000134 1 1 0 0 1 1
-0.000173 1 1 0 0 1 2
-0.000018 1 1 0 0 1 3
-0.000068 1 1 0 0 2 0
-0.000048 1 1 0 0 2 1
0.000182 1 1 0 0 2 2
0.000173 1 1 0 0 2 3
0.000120 1 1 0 0 3 0
0.000102 1 1 0 0 3 1
0.000097 1 1 0 0 3 2
0.000034 1 1 0 0 3 3
-0.000199 1 1 0 1 0 0
0.000148 1 1 0 1 0 1
-0.000100 1 1 0 1 0 2
-0.000112 1 1 0 1 0 3
0.000226 1 1 0 1 1 0
-0.000139 1 1 0 1 1 1
-0.000127 1 1 0 1 1 2
0.000160 1 1 0 1 1 3
-0.000135 1 1 0 1 2 0
-0.000002 1 1 0 1 2 1
-0.000172 1 1 0 1 2 2
-0.000084 1 1 0 1 2 3
-0.000118 1 1 0 1 3 0
-0.000164 1 1 0 1 3 1
-0.000147 1 1 0 1 3 2
-0.000242 1 1 0 1 3 3
-0.000217 1 1 0 2 0 0
0.000197 1 1 0 2 0 1
-0.000001 1 1 0 2 0 2
-0.000231 1 1 0 2 0 3
-0.000121 1 1 0 2 1 0
-0.000069 1 1 0 2 1 1
0.000125 1 1 0 2 1 2
-0.000182 1 1 0 2 1 3
0.000122 1 1 0 2 2 0
-0.000174 1 1 0 2 2 1
-0.000071 1 1 0 2 2 2
-0.000175 1 1 0 2 2 3
-0.000186 1 1 0 2 3 0
0.000163 1 1 0 2 3 1
-0.000012 1 1 0 2 3 2
0.000038 1 1 0 2 3 3
-0.000084 1 1 0 3 0 0
0.000083 1 1 0 3 0 1
0.000029 1 1 0 3 0 2
-0.000242 1 1 0 3 0 3
-0.000236 1 1 0 3 1 0
-0.000152 1 1 0 3 1 1
0.000075 1 1 0 3 1 2
0.000132 1 1 0 3 1 3
0.000166 1 1 0 3 2 0
-0.000012 1 1 0 3 2 1
0.000051 1 1 0 3 2 2
-0.000227 1 1 0 3 2 3
0.000131 1 1 0 3 3 0
0.000233 1 1 0 3 3 1
-0.000175 1 1 0 3 3 2
-0.000129 1 1 0 3 3 3
-0.000052 1 1 1 0 0 0
-0.000014 1 1 1 0 0 1
-0.000104 1 1 1 0 0 2
0.000065 1 1 1 0 0 3
0.000050 1 1 1 0 1 0
0.000040 1 1 1 0 1 1
0.000232 1 1 1 0 1 2
-0.000059 1 1 1 0 1 3
-0.000088 1 1 1 0 2 0
0.000019 1 1 1 0 2 1
-0.000155 1 1 1 0 2 2
-0.000092 1 1 1 0 2 3
0.000129 1 1 1 0 3 0
0.000022 1 1 1 0 3 1
0.000173 1 1 1 0 3 2
-0.000109 1 1 1 0 3 3
0.000142 1 1 1 1 0 0
-0.000125 1 1 1 1 0 1
-0.000195 1 1 1 1 0 2
0.000099 1 1 1 1 0 3
0.000036 1 1 1 1 1 0
0.000165 1 1 1 1 1 1
0.000135 1 1 1 1 1 2
-0.000096 1 1 1 1 1 3
-0.000091 1 1 1 1 2 0
-0.000020 1 1 1 1 2 1
-0.000200 1 1 1 1 2 2
0.000031 1 1 1 1 2 3
0.000003 1 1 1 1 3 0
-0.000019 1 1 1 1 3 1
-0.000084 1 1 1 1 3 2
-0.000207 1 1 1 1 3 3
-0.000031 1 1 1 2 0 0
0.000227 1 1 1 2 0 1
0.000127 1 1 1 2 0 2
-0.000066 1 1 1 2 0 3
0.000129 1 1 1 2 1 0
-0.000059 1 1 1 2 1 1
-0.000140 1 1 1 2 1 2
-0.000058 1 1 1 2 1 3
0.000173 1 1 1 2 2 0
-0.000046 1 1 1 2 2 1
-0.000063 1 1 1 2 2 2
-0.000132 1 1 1 2 2 3
-0.000033 1 1 1 2 3 0
-0.000138 1 1 1 2 3 1
0.000010 1 1 1 2 3 2
0.000232 1 1 1 2 3 3
-0.000198 1 1 1 3 0 0
-0.000148 1 1 1 3 0 1
-0.000086 1 1 1 3 0 2
-0.000183 1 1 1 3 0 3
-0.000143 1 1 1 3 1 0
0.000112 1 1 1 3 1 1
-0.000230 1 1 1 3 1 2
0.000002 1 1 1 3 1 3
0.000061 1 1 1 3 2 0
-0.000171 1 1 1 3 2 1
-0.000138 1 1 1 3 2 2
0.000012 1 1 1 3 2 3
0.000023 1 1 1 3 3 0
-0.000115 1 1 1 3 3 1
-0.000160 1 1 1 3 3 2
0.000005 1 1 1 3 3 3
-0.000154 1 1 2 0 0 0
-0.000016 1 1 2 0 0 1
-0.000142 1 1 2 0 0 2
0.000006 1 1 2 0 0 3
0.000219 1 1 2 0 1 0
-0.000138 1 1 2 0 1 1
-0.000224 1 1 2 0 1 2
-0.000162 1 1 2 0 1 3
0.000110 1 1 2 0 2 0
0.000039 1 1 2 0 2 1
-0.000031 1 1 2 0 2 2
0.000170 1 1 2 0 2 3
-0.000131 1 1 2 0 3 0
-0.000176 1 1 2 0 3 1
0.000039 1 1 2 0 3 2
-0.000097 1 1 2 0 3 3
0.000109 1 1 2 1 0 0
-0.000185 1 1 2 1 0 1
0.000212 1 1 2 1 0 2
0.000157 1 1 2 1 0 3
-0.000157 1 1 2 1 1 0
0.000175 1 1 2 1 1 1
0.000014 1 1 2 1 1 2
0.000126 1 1 2 1 1 3
-0.000190 1 1 2 1 2 0
0.000178 1 1 2 1 2 1
0.000098 1 1 2 1 2 2
-0.000127 1 1 2 1 2 3
-0.000024 1 1 2 1 3 0
-0.000027 1 1 2 1 3 1
-0.000036 1 1 2 1 3 2
0.000116 1 1 2 1 3 3
-0.000053 1 1 2 2 0 0
-0.000034 1 1 2 2 0 1
-0.000205 1 1 2 2 0 2
-0.000161 1 1 2 2 0 3
0.000083 1 1 2 2 1 0
-0.000075 1 1 2 2 1 1
-0.000077 1 1 2 2 1 2
-0.000163 1 1 2 2 1 3
-0.000034 1 1 2 2 2 0
0.000154 1 1 2 2 2 1
-0.000110 1 1 2 2 2 2
-0.000016 1 1 2 2 2 3
0.000124 1 1 2 2 3 0
-0.000123 1 1 2 2 3 1
-0.000191 1 1 2 2 3 2
0.000173 1 1 2 2 3 3
0.000106 1 1 2 3 0 0
-0.000232 1 1 2 3 0 1
-0.000120 1 1 2 3 0 2
0.000122 1 1 2 3 0 3
0.000046 1 1 2 3 1 0
0.000183 1 1 2 3 1 1
-0.000204 1 1 2 3 1 2
0.000166 1 1 2 3 1 3
0.000166 1 1 2 3 2 0
-0.000125 1 1 2 3 2 1
0.000118 1 1 2 3 2 2
0.000064 1 1 2 3 2 3
-0.000209 1 1 2 3 3 0
-0.000183 1 1 2 3 3 1
0.000156 1 1 2 3 3 2
0.000049 1 1 2 3 3 3
0.000113 1 1 3 0 0 0
-0.000207 1 1 3 0 0 1
0.000095 1 1 3 0 0 2
0.000050 1 1 3 0 0 3
-0.000135 1 1 3 0 1 0
-0.000228 1 1 3 0 1 1
-0.000236 1 1 3 0 1 2
-0.000111 1 1 3 0 1 3
0.000191 1 1 3 0 2 0
0.000166 1 1 3 0 2 1
-0.000166 1 1 3 0 2 2
0.000041 1 1 3 0 2 3
-0.000223 1 1 3 0 3 0
0.000129 1 1 3 0 3 1
-0.000044 1 1 3 0 3 2
0.000036 1 1 3 0 3 3
-0.000201 1 1 3 1 0 0
-0.000112 1 1 3 1 0 1
-0.000158 1 1 3 1 0 2
-0.000165 1 1 3 1 0 3
-0.000176 1 1 3 1 1 0
-0.000071 1 1 3 1 1 1
0.000034 1 1 3 1 1 2
0.000056 1 1 3 1 1 3
-0.000196 1 1 3 1 2 0
0.000082 1 1 3 1 2 1
0.000187 1 1 3 1 2 2
-0.000126 1 1 3 1 2 3
0.000024 1 1 3 1 3 0
-0.000135 1 1 3 1 3 1
0.000010 1 1 3 1 3 2
-0.000030 1 1 3 1 3 3
-0.000018 1 1 3 2 0 0
-0.000067 1 1 3 2 0 1
-0.000038 1 1 3 2 0 2
0.000079 1 1 3 2 0 3
-0.000141 1 1 3 2 1 0
-0.000000 1 1 3 2 1 1
0.000187 1 1 3 2 1 2
0.000009 1 1 3 2 1 3
0.000172 1 1 3 2 2 0
-0.000164 1 1 3 2 2 1
-0.000153 1 1 3 2 2 2
0.000104 1 1 3 2 2 3
0.000222 1 1 3 2 3 0
-0.000129 1 1 3 2 3 1
0.000128 1 1 3 2 3 2
0.000180 1 1 3 2 3 3
0.000178 1 1 3 3 0 0
-0.000076 1 1 3 3 0 1
0.000063 1 1 3 3 0 2
-0.000133 1 1 3 3 0 3
0.000121 1 1 3 3 1 0
-0.000220 1 1 3 3 1 1
-0.000190 1 1 3 3 1 2
0.000127 1 1 3 3 1 3
-0.000179 1 1 3 3 2 0
0.000194 1 1 3 3 2 1
-0.000242 1 1 3 3 2 2
-0.000104 1 1 3 3 2 3
-0.000123 1 1 3 3 3 0
-0.000075 1 1 3 3 3 1
-0.000196 1 1 3 3 3 2
0.000169 1 1 3 3 3 3
0.000238 1 2 0 0 0 0
0.000054 1 2 0 0 0 1
0.000027 1 2 0 0 0 2
-0.000149 1 2 0 0 0 3
0.000070 1 2 0 0 1 0
0.000040 1 2 0 0 1 1
0.000031 1 2 0 0 1 2
0.000170 1 2 0 0 1 3
-0.000074 1 2 0 0 2 0
-0.000203 1 2 0 0 2 1
0.000039 1 2 0 0 2 2
0.000215 1 2 0 0 2 3
0.000157 1 2 0 0 3 0
0.000098 1 2 0 0 3 1
0.000227 1 2 0 0 3 2
0.000178 1 2 0 0 3 3
0.000175 1 2 0 1 0 0
-0.000132 1 2 0 1 0 1
0.000045 1 2 0 1 0 2
-0.000046 1 2 0 1 0 3
0.000165 1 2 0 1 1 0
-0.000103 1 2 0 1 1 1
0.000073 1 2 0 1 1 2
-0.000059 1 2 0 1 1 3
0.000218 1 2 0 1 2 0
-0.000040 1 2 0 1 2 1
0.000134 1 2 0 1 2 2
0.000189 1 2 0 1 2 3
0.000043 1 2 0 1 3 0
-0.000016 1 2 0 1 3 1
0.000224 1 2 0 1 3 2
0.000183 1 2 0 1 3 3
0.000034 1 2 0 2 0 0
0.000026 1 2 0 2 0 1
-0.000040 1 2 0 2 0 2
0.000152 1 2 0 2 0 3
-0.000049 1 2 0 2 1 0
0.000023 1 2 0 2 1 1
0.000038 1 2 0 2 1 2
0.000103 1 2 0 2 1 3
-0.000032 1 2 0 2 2 0
-0.000058 1 2 0 2 2 1
-0.000070 1 2 0 2 2 2
-0.000156 1 2 0 2 2 3
0.000169 1 2 0 2 3 0
-0.000119 1 2 0 2 3 1
0.000202 1 2 0 2 3 2
0.000184 1 2 0 2 3 3
0.000130 1 2 0 3 0 0
-0.000164 1 2 0 3 0 1
0.000130 1 2 0 3 0 2
-0.000139 1 2 0 3 0 3
0.000065 1 2 0 3 1 0
0.000088 1 2 0 3 1 1
0.000111 1 2 0 3 1 2
0.000128 1 2 0 3 1 3
-0.000011 1 2 0 3 2 0
-0.000126 1 2 0 3 2 1
-0.000101 1 2 0 3 2 2
0.000231 1 2 0 3 2 3
0.000105 1 2 0 3 3 0
-0.000047 1 2 0 3 3 1
0.000055 1 2 0 3 3 2
0.000194 1 2 0 3 3 3
0.000051 1 2 1 0 0 0
0.000065 1 2 1 0 0 1
-0.000063 1 2 1 0 0 2
-0.000161 1 2 1 0 0 3
0.000078 1 2 1 0 1 0
0.000102 1 2 1 0 1 1
-0.000170 1 2 1 0 1 2
-0.000158 1 2 1 0 1 3
0.000053 1 2 1 0 2 0
-0.000069 1 2 1 0 2 1
-0.000197 1 2 1 0 2 2
-0.000225 1 2 1 0 2 3
0.000072 1 2 1 0 3 0
0.000088 1 2 1 0 3 1
0.000137 1 2 1 0 3 2
-0.000104 1 2 1 0 3 3
-0.000121 1 2 1 1 0 0
-0.000099 1 2 1 1 0 1
0.000060 1 2 1 1 0 2
-0.000232 1 2 1 1 0 3
-0.000137 1 2 1 1 1 0
-0.000073 1 2 1 1 1 1
0.000076 1 2 1 1 1 2
0.000045 1 2 1 1 1 3
-0.000135 1 2 1 1 2 0
0.000012 1 2 1 1 2 1
-0.000131 1 2 1 1 2 2
0.000103 1 2 1 1 2 3
-0.000203 1 2 1 1 3 0
0.000119 1 2 1 1 3 1
-0.000026 1 2 1 1 3 2
0.000111 1 2 1 1 3 3
0.000116 1 2 1 2 0 0
0.000069 1 2 1 2 0 1
-0.000020 1 2 1 2 0 2
-0.000116 1 2 1 2 0 3
-0.000238 1 2 1 2 1 0
-0.000065 1 2 1 2 1 1
0.000074 1 2 1 2 1 2
-0.000120 1 2 1 2 1 3
-0.000050 1 2 1 2 2 0
0.000151 1 2 1 2 2 1
0.000152 1 2 1 2 2 2
0.000078 1 2 1 2 2 3
-0.000076 1 2 1 2 3 0
-0.000039 1 2 1 2 3 1
-0.000092 1 2 1 2 3 2
0.000204 1 2 1 2 3 3
0.000095 1 2 1 3 0 0
-0.000059 1 2 1 3 0 1
-0.000010 1 2 1 3 0 2
-0.000034 1 2 1 3 0 3
0.000163 1 2 1 3 1 0
-0.000125 1 2 1 3 1 1
0.000005 1 2 1 3 1 2
0.000195 1 2 1 3 1 3
0.000001 1 2 1 3 2 0
-0.000056 1 2 1 3 2 1
0.000040 1 2 1 3 2 2
-0.000101 1 2 1 3 2 3
0.000154 1 2 1 3 3 0
-0.000223 1 2 1 3 3 1
0.000180 1 2 1 3 3 2
0.000241 1 2 1 3 3 3
0.000200 1 2 2 0 0 0
0.000009 1 2 2 0 0 1
-0.000005 1 2 2 0 0 2
-0.000093 1 2 2 0 0 3
0.000148 1 2 2 0 1 0
0.000234 1 2 2 0 1 1
0.000015 1 2 2 0 1 2
0.000086 1 2 2 0 1 3
-0.000048 1 2 2 0 2 0
0.000074 1 2 2 0 2 1
0.000184 1 2 2 0 2 2
-0.000215 1 2 2 0 2 3
0.000005 1 2 2 0 3 0
-0.000015 1 2 2 0 3 1
-0.000241 1 2 2 0 3 2
-0.000195 1 2 2 0 3 3
-0.000075 1 2 2 1 0 0
0.000052 1 2 2 1 0 1
0.000155 1 2 2 1 0 2
-0.000033 1 2 2 1 0 3
-0.000024 1 2 2 1 1 0
0.000087 1 2 2 1 1 1
-0.000161 1 2 2 1 1 2
-0.000054 1 2 2 1 1 3
0.000002 1 2 2 1 2 0
-0.000066 1 2 2 1 2 1
0.000096 1 2 2 1 2 2
-0.000064 1 2 2 1 2 3
-0.000087 1 2 2 1 3 0
0.000127 1 2 2 1 3 1
-0.000080 1 2 2 1 3 2
0.000214 1 2 2 1 3 3
0.000218 1 2 2 2 0 0
0.000164 1 2 2 2 0 1
-0.000050 1 2 2 2 0 2
-0.000063 1 2 2 2 0 3
-0.000199 1 2 2 2 1 0
-0.000110 1 2 2 2 1 1
-0.000078 1 2 2 2 1 2
-0.000131 1 2 2 2 1 3
0.000148 1 2 2 2 2 0
-0.000003 1 2 2 2 2 1
-0.000111 1 2 2 2 2 2
0.000087 1 2 2 2 2 3
0.000115 1 2 2 2 3 0
-0.000078 1 2 2 2 3 1
-0.000139 1 2 2 2 3 2
-0.000128 1 2 2 2 3 3
-0.000095 1 2 2 3 0 0
-0.000089 1 2 2 3 0 1
-0.000001 1 2 2 3 0 2
-0.000125 1 2 2 3 0 3
-0.000057 1 2 2 3 1 0
0.000208 1 2 2 3 1 1
0.000015 1 2 2 3 1 2
-0.000137 1 2 2 3 1 3
0.000116 1 2 2 3 2 0
0.000131 1 2 2 3 2 1
0.000117 1 2 2 3 2 2
0.000083 1 2 2 3 2 3
-0.000149 1 2 2 3 3 0
0.000124 1 2 2 3 3 1
-0.000071 1 2 2 3 3 2
0.000032 1 2 2 3 3 3
-0.000061 1 2 3 0 0 0
-0.000106 1 2 3 0 0 1
0.000022 1 2 3 0 0 2
0.000233 1 2 3 0 0 3
0.000078 1 2 3 0 1 0
0.000093 1 2 3 0 1 1
0.000114 1 2 3 0 1 2
0.000098 1 2 3 0 1 3
0.000038 1 2 3 0 2 0
0.000137 1 2 3 0 2 1
0.000050 1 2 3 0 2 2
-0.000062 1 2 3 0 2 3
-0.000051 1 2 3 0 3 0
0.000110 1 2 3 0 3 1
-0.000197 1 2 3 0 3 2
0.000095 1 2 3 0 3 3
0.000211 1 2 3 1 0 0
-0.000202 1 2 3 1 0 1
0.000209 1 2 3 1 0 2
-0.000163 1 2 3 1 0 3
0.000069 1 2 3 1 1 0
0.000019 1 2 3 1 1 1
-0.000023 1 2 3 1 1 2
0.000182 1 2 3 1 1 3
-0.000243 1 2 3 1 2 0
0.000000 1 2 3 1 2 1
-0.000045 1 2 3 1 2 2
0.000137 1 2 3 1 2 3
-0.000096 1 2 3 1 3 0
-0.000088 1 2 3 1 3 1
-0.000138 1 2 3 1 3 2
0.000062 1 2 3 1 3 3
-0.000195 1 2 3 2 0 0
-0.000116 1 2 3 2 0 1
-0.000138 1 2 3 2 0 2
-0.000131 1 2 3 2 0 3
0.000203 1 2 3 2 1 0
0.000100 1 2 3 2 1 1
-0.000038 1 2 3 2 1 2
-0.000054 1 2 3 2 1 3
-0.000063 1 2 3 2 2 0
0.000077 1 2 3 2 2 1
0.000071 1 2 3 2 2 2
-0.000148 1 2 3 2 2 3
-0.000171 1 2 3 2 3 0
0.000204 1 2 3 2 3 1
-0.000203 1 2 3 2 3 2
0.000140 1 2 3 2 3 3
0.000066 1 2 3 3 0 0
0.000007 1 2 3 3 0 1
0.000158 1 2 3 3 0 2
0.000054 1 2 3 3 0 3
-0.000171 1 2 3 3 1 0
0.000043 1 2 3 3 1 1
0.000241 1 2 3 3 1 2
0.000035 1 2 3 3 1 3
0.000118 1 2 3 3 2 0
0.000165 1 2 3 3 2 1
0.000003 1 2 3 3 2 2
0.000137 1 2 3 3 2 3
0.000208 1 2 3 3 3 0
-0.000101 1 2 3 3 3 1
0.000050 1 2 3 3 3 2
0.000114 1 2 3 3 3 3
0.000155 1 3 0 0 0 0
0.000028 1 3 0 0 0 1
0.000185 1 3 0 0 0 2
-0.000108 1 3 0 0 0 3
-0.000242 1 3 0 0 1 0
-0.000174 1 3 0 0 1 1
-0.000085 1 3 0 0 1 2
-0.000075 1 3 0 0 1 3
0.000084 1 3 0 0 2 0
0.000077 1 3 0 0 2 1
0.000051 1 3 0 0 2 2
0.000102 1 3 0 0 2 3
-0.000022 1 3 0 0 3 0
0.000217 1 3 0 0 3 1
0.000222 1 3 0 0 3 2
0.000150 1 3 0 0 3 3
-0.000102 1 3 0 1 0 0
0.000069 1 3 0 1 0 1
0.000038 1 3 0 1 0 2
0.000169 1 3 0 1 0 3
0.000153 1 3 0 1 1 0
0.000063 1 3 0 1 1 1
-0.000068 1 3 0 1 1 2
-0.000038 1 3 0 1 1 3
0.000176 1 3 0 1 2 0
-0.000151 1 3 0 1 2 1
-0.000127 1 3 0 1 2 2
0.000008 1 3 0 1 2 3
-0.000221 1 3 0 1 3 0
-0.000089 1 3 0 1 3 1
0.000074 1 3 0 1 3 2
-0.000016 1 3 0 1 3 3
-0.000102 1 3 0 2 0 0
-0.000036 1 3 0 2 0 1
-0.000056 1 3 0 2 0 2
0.000065 1 3 0 2 0 3
-0.000227 1 3 0 2 1 0
0.000139 1 3 0 2 1 1
0.000188 1 3 0 2 1 2
-0.000046 1 3 0 2 1 3
0.000118 1 3 0 2 2 0
0.000094 1 3 0 2 2 1
-0.000120 1 3 0 2 2 2
-0.000156 1 3 0 2 2 3
-0.000172 1 3 0 2 3 0
0.000090 1 3 0 2 3 1
-0.000089 1 3 0 2 3 2
-0.000027 1 3 0 2 3 3
-0.000193 1 3 0 3 0 0
-0.000170 1 3 0 3 0 1
0.000093 1 3 0 3 0 2
0.000166 1 3 0 3 0 3
0.000104 1 3 0 3 1 0
-0.000039 1 3 0 3 1 1
0.000228 1 3 0 3 1 2
-0.000078 1 3 0 3 1 3
-0.000140 1 3 0 3 2 0
-0.000208 1 3 0 3 2 1
0.000042 1 3 0 3 2 2
-0.000088 1 3 0 3 2 3
-0.000162 1 3 0 3 3 0
0.000136 1 3 0 3 3 1
-0.000068 1 3 0 3 3 2
-0.000002 1 3 0 3 3 3
0.000237 1 3 1 0 0 0
0.000177 1 3 1 0 0 1
-0.000152 1 3 1 0 0 2
-0.000148 1 3 1 0 0 3
-0.000061 1 3 1 0 1 0
-0.000042 1 3 1 0 1 1
0.000190 1 3 1 0 1 2
-0.000043 1 3 1 0 1 3
0.000143 1 3 1 0 2 0
-0.000019 1 3 1 0 2 1
0.000137 1 3 1 0 2 2
-0.000224 1 3 1 0 2 3
-0.000183 1 3 1 0 3 0
-0.000218 1 3 1 0 3 1
0.000212 1 3 1 0 3 2
0.000119 1 3 1 0 3 3
0.000227 1 3 1 1 0 0
0.000113 1 3 1 1 0 1
-0.000024 1 3 1 1 0 2
-0.000155 1 3 1 1 0 3
-0.000153 1 3 1 1 1 0
-0.000164 1 3 1 1 1 1
0.000123 1 3 1 1 1 2
0.000172 1 3 1 1 1 3
0.000076 1 3 1 1 2 0
0.000074 1 3 1 1 2 1
0.000138 1 3 1 1 2 2
0.000079 1 3 1 1 2 3
0.000055 1 3 1 1 3 0
-0.000003 1 3 1 1 3 1
-0.000137 1 3 1 1 3 2
0.000002 1 3 1 1 3 3
-0.000079 1 3 1 2 0 0
-0.000109 1 3 1 2 0 1
0.000160 1 3 1 2 0 2
0.000234 1 3 1 2 0 3
0.000016 1 3 1 2 1 0
-0.000166 1 3 1 2 1 1
0.000239 1 3 1 2 1 2
-0.000194 1 3 1 2 1 3
-0.000231 1 3 1 2 2 0
-0.000097 1 3 1 2 2 1
0.000221 1 3 1 2 2 2
-0.000120 1 3 1 2 2 3
0.000121 1 3 1 2 3 0
0.000147 1 3 1 2 3 1
0.000092 1 3 1 2 3 2
0.000064 1 3 1 2 3 3
0.000050 1 3 1 3 0 0
0.000115 1 3 1 3 0 1
0.000055 1 3 1 3 0 2
-0.000085 1 3 1 3 0 3
0.000010 1 3 1 3 1 0
0.000129 1 3 1 3 1 1
-0.000214 1 3 1 3 1 2
0.000063 1 3 1 3 1 3
0.000108 1 3 1 3 2 0
0.000168 1 3 1 3 2 1
0.000045 1 3 1 3 2 2
0.000148 1 3 1 3 2 3
-0.000192 1 3 1 3 3 0
-0.000071 1 3 1 3 3 1
0.000005 1 3 1 3 3 2
-0.000038 1 3 1 3 3 3
-0.000116 1 3 2 0 0 0
0.000069 1 3 2 0 0 1
-0.000121 1 3 2 0 0 2
0.000158 1 3 2 0 0 3
-0.000005 1 3 2 0 1 0
-0.000196 1 3 2 0 1 1
0.000047 1 3 2 0 1 2
-0.000186 1 3 2 0 1 3
-0.000033 1 3 2 0 2 0
0.000121 1 3 2 0 2 1
-0.000022 1 3 2 0 2 2
0.000118 1 3 2 0 2 3
0.000163 1 3 2 0 3 0
-0.000175 1 3 2 0 3 1
-0.000139 1 3 2 0 3 2
0.000189 1 3 2 0 3 3
-0.000109 1 3 2 1 0 0
0.000115 1 3 2 1 0 1
-0.000018 1 3 2 1 0 2
0.000038 1 3 2 1 0 3
-0.000156 1 3 2 1 1 0
-0.000066 1 3 2 1 1 1
-0.000075 1 3 2 1 1 2
-0.000222 1 3 2 1 1 3
0.000106 1 3 2 1 2 0
-0.000189 1 3 2 1 2 1
0.000148 1 3 2 1 2 2
-0.000143 1 3 2 1 2 3
0.000075 1 3 2 1 3 0
0.000106 1 3 2 1 3 1
-0.000194 1 3 2 1 3 2
0.000132 1 3 2 1 3 3
-0.000224 1 3 2 2 0 0
-0.000143 1 3 2 2 0 1
0.000139 1 3 2 2 0 2
-0.000071 1 3 2 2 0 3
-0.000088 1 3 2 2 1 0
-0.000126 1 3 2 2 1 1
-0.000169 1 3 2 2 1 2
-0.000193 1 3 2 2 1 3
-0.000186 1 3 2 2 2 0
-0.000059 1 3 2 2 2 1
-0.000130 1 3 2 2 2 2
-0.000093 1 3 2 2 2 3
-0.000063 1 3 2 2 3 0
0.000059 1 3 2 2 3 1
0.000229 1 3 2 2 3 2
-0.000213 1 3 2 2 3 3
-0.000229 1 3 2 3 0 0
-0.000108 1 3 2 3 0 1
0.000232 1 3 2 3 0 2
-0.000149 1 3 2 3 0 3
-0.000220 1 3 2 3 1 0
-0.000197 1 3 2 3 1 1
-0.000180 1 3 2 3 1 2
-0.000168 1 3 2 3 1 3
-0.000242 1 3 2 3 2 0
0.000216 1 3 2 3 2 1
0.000061 1 3 2 3 2 2
0.000059 1 3 2 3 2 3
0.000016 1 3 2 3 3 0
0.000177 1 3 2 3 3 1
-0.000185 1 3 2 3 3 2
-0.000189 1 3 2 3 3 3
0.000051 1 3 3 0 0 0
-0.000167 1 3 3 0 0 1
-0.000135 1 3 3 0 0 2
-0.000068 1 3 3 0 0 3
0.000145 1 3 3 0 1 0
-0.000146 1 3 3 0 1 1
-0.000038 1 3 3 0 1 2
0.000035 1 3 3 0 1 3
0.000236 1 3 3 0 2 0
-0.000066 1 3 3 0 2 1
0.000237 1 3 3 0 2 2
0.000145 1 3 3 0 2 3
0.000235 1 3 3 0 3 0
0.000147 1 3 3 0 3 1
0.000078 1 3 3 0 3 2
0.000049 1 3 3 0 3 3
0.000168 1 3 3 1 0 0
-0.000075 1 3 3 1 0 1
-0.000070 1 3 3 1 0 2
0.000161 1 3 3 1 0 3
0.000185 1 3 3 1 1 0
-0.000124 1 3 3 1 1 1
-0.000094 1 3 3 1 1 2
0.000045 1 3 3 1 1 3
-0.000169 1 3 3 1 2 0
0.000108 1 3 3 1 2 1
-0.000057 1 3 3 1 2 2
0.000029 1 3 3 1 2 3
-0.000244 1 3 3 1 3 0
-0.000059 1 3 3 1 3 1
0.000152 1 3 3 1 3 2
-0.000057 1 3 3 1 3 3
0.000089 1 3 3 2 0 0
0.000020 1 3 3 2 0 1
-0.000116 1 3 3 2 0 2
0.000021 1 3 3 2 0 3
0.000001 1 3 3 2 1 0
-0.000047 1 3 3 2 1 1
-0.000133 1 3 3 2 1 2
-0.000026 1 3 3 2 1 3
0.000089 1 3 3 2 2 0
-0.000070 1 3 3 2 2 1
0.000108 1 3 3 2 2 2
-0.000014 1 3 3 2 2 3
0.000025 1 3 3 2 3 0
0.000185 1 3 3 2 3 1
0.000244 1 3 3 2 3 2
0.000126 1 3 3 2 3 3
0.000090 1 3 3 3 0 0
-0.000195 1 3 3 3 0 1
0.000148 1 3 3 3 0 2
0.000106 1 3 3 3 0 3
-0.000157 1 3 3 3 1 0
-0.000048 1 3 3 3 1 1
0.000063 1 3 3 3 1 2
-0.000133 1 3 3 3 1 3
0.000197 1 3 3 3 2 0
-0.000136 1 3 3 3 2 1
0.000010 1 3 3 3 2 2
-0.000093 1 3 3 3 2 3
-0.000117 1 3 3 3 3 0
-0.000014 1 3 3 3 3 1
0.000016 1 3 3 3 3 2
0.000228 1 3 3 3 3 3
-0.000011 2 0 0 0 0 0
-0.000105 2 0 0 0 0 1
0.000211 2 0 0 0 0 2
-0.000028 2 0 0 0 0 3
0.000019 2 0 0 0 1 0
-0.000012 2 0 0 0 1 1
-0.000138 2 0 0 0 1 2
0.000235 2 0 0 0 1 3
-0.000171 2 0 0 0 2 0
0.000043 2 0 0 0 2 1
0.000031 2 0 0 0 2 2
0.000041 2 0 0 0 2 3
0.000176 2 0 0 0 3 0
0.000185 2 0 0 0 3 1
0.000166 2 0 0 0 3 2
-0.000010 2 0 0 0 3 3
-0.000001 2 0 0 1 0 0
-0.000180 2 0 0 1 0 1
-0.000187 2 0 0 1 0 2
0.000154 2 0 0 1 0 3
-0.000051 2 0 0 1 1 0
0.000083 2 0 0 1 1 1
0.000109 2 0 0 1 1 2
0.000006 2 0 0 1 1 3
-0.000026 2 0 0 1 2 0
-0.000125 2 0 0 1 2 1
-0.000075 2 0 0 1 2 2
-0.000154 2 0 0 1 2 3
0.000134 2 0 0 1 3 0
-0.000230 2 0 0 1 3 1
-0.000109 2 0 0 1 3 2
-0.000042 2 0 0 1 3 3
0.000217 2 0 0 2 0 0
0.000197 2 0 0 2 0 1
0.000242 2 0 0 2 0 2
0.000085 2 0 0 2 0 3
0.000119 2 0 0 2 1 0
0.000099 2 0 0 2 1 1
-0.000242 2 0 0 2 1 2
0.000054 2 0 0 2 1 3
-0.000115 2 0 0 2 2 0
-0.000172 2 0 0 2 2 1
0.000209 2 0 0 2 2 2
-0.000147 2 0 0 2 2 3
-0.000195 2 0 0 2 3 0
0.000218 2 0 0 2 3 1
-0.000243 2 0 0 2 3 2
-0.000154 2 0 0 2 3 3
0.000113 2 0 0 3 0 0
0.000017 2 0 0 3 0 1
-0.000215 2 0 0 3 0 2
-0.000023 2 0 0 3 0 3
-0.000038 2 0 0 3 1 0
-0.000148 2 0 0 3 1 1
-0.000193 2 0 0 3 1 2
-0.000180 2 0 0 3 1 3
0.000154 2 0 0 3 2 0
-0.000035 2 0 0 3 2 1
0.000058 2 0 0 3 2 2
-0.000127 2 0 0 3 2 3
0.000204 2 0 0 3 3 0
0.000021 2 0 0 3 3 1
-0.000174 2 0 0 3 3 2
-0.000242 2 0 0 3 3 3
0.000189 2 0 1 0 0 0
-0.000128 2 0 1 0 0 1
-0.000156 2 0 1 0 0 2
-0.000087 2 0 1 0 0 3
0.000221 2 0 1 0 1 0
0.000089 2 0 1 0 1 1
0.000237 2 0 1 0 1 2
0.000002 2 0 1 0 1 3
0.000136 2 0 1 0 2 0
-0.000163 2 0 1 0 2 1
-0.000016 2 0 1 0 2 2
-0.000108 2 0 1 0 2 3
0.000080 2 0 1 0 3 0
0.000155 2 0 1 0 3 1
-0.000039 2 0 1 0 3 2
0.000141 2 0 1 0 3 3
0.000210 2 0 1 1 0 0
0.000030 2 0 1 1 0 1
-0.000209 2 0 1 1 0 2
-0.000093 2 0 1 1 0 3
0.000153 2 0 1 1 1 0
0.000185 2 0 1 1 1 1
0.000045 2 0 1 1 1 2
0.000130 2 0 1 1 1 3
-0.000149 2 0 1 1 2 0
0.000061 2 0 1 1 2 1
0.000220 2 0 1 1 2 2
0.000185 2 0 1 1 2 3
-0.000073 2 0 1 1 3 0
0.000027 2 0 1 1 3 1
0.000016 2 0 1 1 3 2
-0.000228 2 0 1 1 3 3
0.000090 2 0 1 2 0 0
-0.000224 2 0 1 2 0 1
0.000214 2 0 1 2 0 2
0.000080 2 0 1 2 0 3
0.000037 2 0 1 2 1 0
-0.000065 2 0 1 2 1 1
0.000136 2 0 1 2 1 2
-0.000067 2 0 1 2 1 3
-0.000173 2 0 1 2 2 0
-0.000217 2 0 1 2 2 1
-0.000192 2 0 1 2 2 2
-0.000211 2 0 1 2 2 3
-0.000013 2 0 1 2 3 0
-0.000223 2 0 1 2 3 1
-0.000074 2 0 1 2 3 2
0.000226 2 0 1 2 3 3
-0.000064 2 0 1 3 0 0
-0.000114 2 0 1 3 0 1
0.000112 2 0 1 3 0 2
-0.000236 2 0 1 3 0 3
0.000153 2 0 1 3 1 0
0.000036 2 0 1 3 1 1
-0.000101 2 0 1 3 1 2
-0.000106 2 0 1 3 1 3
0.000066 2 0 1 3 2 0
0.000229 2 0 1 3 2 1
0.000040 2 0 1 3 2 2
0.000035 2 0 1 3 2 3
0.000227 2 0 1 3 3 0
0.000141 2 0 1 3 3 1
-0.000202 2 0 1 3 3 2
0.000093 2 0 1 3 3 3
-0.000112 2 0 2 0 0 0
0.000168 2 0 2 0 0 1
-0.000166 2 0 2 0 0 2
-0.000068 2 0 2 0 0 3
0.000200 2 0 2 0 1 0
-0.000107 2 0 2 0 1 1
-0.000034 2 0 2 0 1 2
0.000018 2 0 2 0 1 3
0.000069 2 0 2 0 2 0
0.000167 2 0 2 0 2 1
0.000115 2 0 2 0 2 2
-0.000083 2 0 2 0 2 3
-0.000087 2 0 2 0 3 0
-0.000007 2 0 2 0 3 1
-0.000227 2 0 2 0 3 2
0.000108 2 0 2 0 3 3
0.000132 2 0 2 1 0 0
0.000214 2 0 2 1 0 1
0.000195 2 0 2 1 0 2
0.000115 2 0 2 1 0 3
-0.000134 2 0 2 1 1 0
-0.000030 2 0 2 1 1 1
-0.000187 2 0 2 1 1 2
-0.000149 2 0 2 1 1 3
0.000149 2 0 2 1 2 0
-0.000083 2 0 2 1 2 1
0.000160 2 0 2 1 2 2
-0.000146 2 0 2 1 2 3
-0.000172 2 0 2 1 3 0
0.000234 2 0 2 1 3 1
-0.000060 2 0 2 1 3 2
0.000161 2 0 2 1 3 3
0.000083 2 0 2 2 0 0
-0.000058 2 0 2 2 0 1
0.000106 2 0 2 2 0 2
0.000096 2 0 2 2 0 3
0.000111 2 0 2 2 1 0
0.000140 2 0 2 2 1 1
-0.000173 2 0 2 2 1 2
0.000073 2 0 2 2 1 3
-0.000107 2 0 2 2 2 0
0.000042 2 0 2 2 2 1
-0.000037 2 0 2 2 2 2
-0.000125 2 0 2 2 2 3
-0.000128 2 0 2 2 3 0
0.000192 2 0 2 2 3 1
-0.000023 2 0 2 2 3 2
0.000049 2 0 2 2 3 3
-0.000127 2 0 2 3 0 0
-0.000074 2 0 2 3 0 1
0.000228 2 0 2 3 0 2
-0.000163 2 0 2 3 0 3
-0.000215 2 0 2 3 1 0
0.000002 2 0 2 3 1 1
-0.000025 2 0 2 3 1 2
0.000073 2 0 2 3 1 3
-0.000113 2 0 2 3 2 0
-0.000061 2 0 2 3 2 1
-0.000070 2 0 2 3 2 2
-0.000154 2 0 2 3 2 3
0.000125 2 0 2 3 3 0
-0.000207 2 0 2 3 3 1
-0.000175 2 0 2 3 3 2
-0.000166 2 0 2 3 3 3
-0.000167 2 0 3 0 0 0
-0.000082 2 0 3 0 0 1
-0.000131 2 0 3 0 0 2
0.000097 2 0 3 0 0 3
0.000197 2 0 3 0 1 0
-0.000066 2 0 3 0 1 1
0.000160 2 0 3 0 1 2
0.000078 2 0 3 0 1 3
0.000221 2 0 3 0 2 0
0.000086 2 0 3 0 2 1
-0.000203 2 0 3 0 2 2
-0.000029 2 0 3 0 2 3
0.000014 2 0 3 0 3 0
-0.000125 2 0 3 0 3 1
-0.000173 2 0 3 0 3 2
0.000047 2 0 3 0 3 3
0.000023 2 0 3 1 0 0
-0.000010 2 0 3 1 0 1
0.000239 2 0 3 1 0 2
-0.000106 2 0 3 1 0 3
-0.000217 2 0 3 1 1 0
0.000125 2 0 3 1 1 1
0.000095 2 0 3 1 1 2
-0.000058 2 0 3 1 1 3
-0.000107 2 0 3 1 2 0
-0.000078 2 0 3 1 2 1
-0.000163 2 0 3 1 2 2
0.000049 2 0 3 1 2 3
-0.000120 2 0 3 1 3 0
0.000126 2 0 3 1 3 1
-0.000020 2 0 3 1 3 2
0.000089 2 0 3 1 3 3
-0.000149 2 0 3 2 0 0
0.000141 2 0 3 2 0 1
-0.000014 2 0 3 2 0 2
-0.000147 2 0 3 2 0 3
0.000198 2 0 3 2 1 0
-0.000153 2 0 3 2 1 1
-0.000064 2 0 3 2 1 2
0.000064 2 0 3 2 1 3
-0.000004 2 0 3 2 2 0
-0.000176 2 0 3 2 2 1
0.000007 2 0 3 2 2 2
-0.000162 2 0 3 2 2 3
-0.000223 2 0 3 2 3 0
-0.000049 2 0 3 2 3 1
0.000213 2 0 3 2 3 2
-0.000227 2 0 3 2 3 3
-0.000168 2 0 3 3 0 0
-0.000091 2 0 3 3 0 1
0.000238 2 0 3 3 0 2
-0.000102 2 0 3 3 0 3
0.000010 2 0 3 3 1 0
0.000138 2 0 3 3 1 1
-0.000171 2 0 3 3 1 2
0.000070 2 0 3 3 1 3
-0.000176 2 0 3 3 2 0
-0.000093 2 0 3 3 2 1
-0.000166 2 0 3 3 2 2
-0.000238 2 0 3 3 2 3
-0.000061 2 0 3 3 3 0
-0.000132 2 0 3 3 3 1
-0.000241 2 0 3 3 3 2
-0.000058 2 0 3 3 3 3
0.000238 2 1 0 0 0 0
-0.000064 2 1 0 0 0 1
0.000218 2 1 0 0 0 2
-0.000076 2 1 0 0 0 3
-0.000221 2 1 0 0 1 0
0.000232 2 1 0 0 1 1
0.000241 2 1 0 0 1 2
0.000179 2 1 0 0 1 3
-0.000208 2 1 0 0 2 0
-0.000072 2 1 0 0 2 1
-0.000028 2 1 0 0 2 2
-0.000174 2 1 0 0 2 3
0.000056 2 1 0 0 3 0
-0.000000 2 1 0 0 3 1
-0.000080 2 1 0 0 3 2
-0.000031 2 1 0 0 3 3
0.000088 2 1 0 1 0 0
0.000145 2 1 0 1 0 1
0.000113 2 1 0 1 0 2
0.000086 2 1 0 1 0 3
-0.000193 2 1 0 1 1 0
-0.000059 2 1 0 1 1 1
-0.000110 2 1 0 1 1 2
0.000117 2 1 0 1 1 3
-0.000138 2 1 0 1 2 0
0.000111 2 1 0 1 2 1
0.000008 2 1 0 1 2 2
0.000154 2 1 0 1 2 3
0.000119 2 1 0 1 3 0
-0.000123 2 1 0 1 3 1
-0.000091 2 1 0 1 3 2
0.000033 2 1 0 1 3 3
0.000169 2 1 0 2 0 0
-0.000179 2 1 0 2 0 1
0.000063 2 1 0 2 0 2
-0.000128 2 1 0 2 0 3
0.000005 2 1 0 2 1 0
-0.000014 2 1 0 2 1 1
-0.000199 2 1 0 2 1 2
-0.000122 2 1 0 2 1 3
0.000176 2 1 0 2 2 0
-0.000167 2 1 0 2 2 1
0.000217 2 1 0 2 2 2
-0.000140 2 1 0 2 2 3
-0.000172 2 1 0 2 3 0
-0.000059 2 1 0 2 3 1
-0.000058 2 1 0 2 3 2
0.000001 2 1 0 2 3 3
-0.000087 2 1 0 3 0 0
-0.000042 2 1 0 3 0 1
0.000010 2 1 0 3 0 2
-0.000078 2 1 0 3 0 3
-0.000002 2 1 0 3 1 0
-0.000183 2 1 0 3 1 1
-0.000136 2 1 0 3 1 2
0.000102 2 1 0 3 1 3
0.000120 2 1 0 3 2 0
-0.000231 2 1 0 3 2 1
-0.000081 2 1 0 3 2 2
-0.000186 2 1 0 3 2 3
-0.000148 2 1 0 3 3 0
0.000152 2 1 0 3 3 1
-0.000157 2 1 0 3 3 2
0.000088 2 1 0 3 3 3
-0.000140 2 1 1 0 0 0
0.000062 2 1 1 0 0 1
-0.000123 2 1 1 0 0 2
0.000150 2 1 1 0 0 3
0.000237 2 1 1 0 1 0
-0.000221 2 1 1 0 1 1
0.000066 2 1 1 0 1 2
0.000197 2 1 1 0 1 3
0.000141 2 1 1 0 2 0
0.000226 2 1 1 0 2 1
0.000127 2 1 1 0 2 2
-0.000226 2 1 1 0 2 3
-0.000031 2 1 1 0 3 0
0.000152 2 1 1 0 3 1
-0.000023 2 1 1 0 3 2
0.000008 2 1 1 0 3 3
-0.000115 2 1 1 1 0 0
-0.000048 2 1 1 1 0 1
0.000109 2 1 1 1 0 2
-0.000218 2 1 1 1 0 3
-0.000172 2 1 1 1 1 0
0.000145 2 1 1 1 1 1
0.000217 2 1 1 1 1 2
0.000084 2 1 1 1 1 3
-0.000217 2 1 1 1 2 0
-0.000087 2 1 1 1 2 1
0.000077 2 1 1 1 2 2
-0.000144 2 1 1 1 2 3
0.000199 2 1 1 1 3 0
-0.000116 2 1 1 1 3 1
0.000204 2 1 1 1 3 2
0.000080 2 1 1 1 3 3
-0.000234 2 1 1 2 0 0
0.000160 2 1 1 2 0 1
0.000101 2 1 1 2 0 2
-0.000005 2 1 1 2 0 3
0.000101 2 1 1 2 1 0
-0.000157 2 1 1 2 1 1
0.000229 2 1 1 2 1 2
0.000144 2 1 1 2 1 3
0.000170 2 1 1 2 2 0
0.000022 2 1 1 2 2 1
0.000047 2 1 1 2 2 2
-0.000174 2 1 1 2 2 3
-0.000227 2 1 1 2 3 0
0.000131 2 1 1 2 3 1
-0.000074 2 1 1 2 3 2
0.000163 2 1 1 2 3 3
0.000217 2 1 1 3 0 0
0.000229 2 1 1 3 0 1
-0.000098 2 1 1 3 0 2
0.000125 2 1 1 3 0 3
-0.000242 2 1 1 3 1 0
-0.000216 2 1 1 3 1 1
-0.000191 2 1 1 3 1 2
-0.000067 2 1 1 3 1 3
-0.000104 2 1 1 3 2 0
-0.000186 2 1 1 3 2 1
-0.000065 2 1 1 3 2 2
0.000010 2 1 1 3 2 3
-0.000165 2 1 1 3 3 0
0.000107 2 1 1 3 3 1
-0.000069 2 1 1 3 3 2
-0.000009 2 1 1 3 3 3
-0.000130 2 1 2 0 0 0
-0.000193 2 1 2 0 0 1
0.000077 2 1 2 0 0 2
-0.000140 2 1 2 0 0 3
-0.000021 2 1 2 0 1 0
0.000013 2 1 2 0 1 1
0.000029 2 1 2 0 1 2
-0.000008 2 1 2 0 1 3
-0.000020 2 1 2 0 2 0
-0.000018 2 1 2 0 2 1
-0.000216 2 1 2 0 2 2
0.000055 2 1 2 0 2 3
0.000151 2 1 2 0 3 0
0.000064 2 1 2 0 3 1
-0.000060 2 1 2 0 3 2
0.000096 2 1 2 0 3 3
0.000014 2 1 2 1 0 0
-0.000034 2 1 2 1 0 1
-0.000207 2 1 2 1 0 2
-0.000131 2 1 2 1 0 3
-0.000223 2 1 2 1 1 0
0.000036 2 1 2 1 1 1
-0.000017 2 1 2 1 1 2
-0.000006 2 1 2 1 1 3
-0.000128 2 1 2 1 2 0
-0.000074 2 1 2 1 2 1
-0.000191 2 1 2 1 2 2
0.000189 2 1 2 1 2 3
0.000042 2 1 2 1 3 0
-0.000015 2 1 2 1 3 1
0.000043 2 1 2 1 3 2
0.000086 2 1 2 1 3 3
-0.000225 2 1 2 2 0 0
0.000019 2 1 2 2 0 1
0.000090 2 1 2 2 0 2
0.000164 2 1 2 2 0 3
0.000073 2 1 2 2 1 0
-0.000129 2 1 2 2 1 1
0.000137 2 1 2 2 1 2
-0.000080 2 1 2 2 1 3
0.000243 2 1 2 2 2 0
-0.000172 2 1 2 2 2 1
0.000167 2 1 2 2 2 2
-0.000016 2 1 2 2 2 3
-0.000181 2 1 2 2 3 0
0.000124 2 1 2 2 3 1
0.000239 2 1 2 2 3 2
-0.000128 2 1 2 2 3 3
0.000068 2 1 2 3 0 0
-0.000026 2 1 2 3 0 1
0.000129 2 1 2 3 0 2
0.000178 2 1 2 3 0 3
0.000193 2 1 2 3 1 0
-0.000100 2 1 2 3 1 1
-0.000172 2 1 2 3 1 2
0.000213 2 1 2 3 1 3
-0.000158 2 1 2 3 2 0
-0.000162 2 1 2 3 2 1
-0.000035 2 1 2 3 2 2
0.000024 2 1 2 3 2 3
-0.000085 2 1 2 3 3 0
-0.000198 2 1 2 3 3 1
0.000096 2 1 2 3 3 2
-0.000244 2 1 2 3 3 3
-0.000157 2 1 3 0 0 0
-0.000108 2 1 3 0 0 1
-0.000099 2 1 3 0 0 2
0.000130 2 1 3 0 0 3
-0.000073 2 1 3 0 1 0
-0.000034 2 1 3 0 1 1
-0.000025 2 1 3 0 1 2
0.000212 2 1 3 0 1 3
0.000115 2 1 3 0 2 0
-0.000206 2 1 3 0 2 1
0.000176 2 1 3 0 2 2
0.000090 2 1 3 0 2 3
0.000100 2 1 3 0 3 0
0.000209 2 1 3 0 3 1
0.000208 2 1 3 0 3 2
-0.000061 2 1 3 0 3 3
0.000228 2 1 3 1 0 0
-0.000211 2 1 3 1 0 1
-0.000153 2 1 3 1 0 2
0.000156 2 1 3 1 0 3
-0.000227 2 1 3 1 1 0
-0.000019 2 1 3 1 1 1
-0.000229 2 1 3 1 1 2
-0.000083 2 1 3 1 1 3
-0.000157 2 1 3 1 2 0
0.000082 2 1 3 1 2 1
0.000018 2 1 3 1 2 2
0.000037 2 1 3 1 2 3
-0.000058 2 1 3 1 3 0
-0.000119 2 1 3 1 3 1
0.000126 2 1 3 1 3 2
0.000115 2 1 3 1 3 3
-0.000119 2 1 3 2 0 0
-0.000175 2 1 3 2 0 1
-0.000127 2 1 3 2 0 2
0.000189 2 1 3 2 0 3
-0.000208 2 1 3 2 1 0
0.000003 2 1 3 2 1 1
0.000203 2 1 3 2 1 2
0.000204 2 1 3 2 1 3
-0.000130 2 1 3 2 2 0
0.000175 2 1 3 2 2 1
-0.000184 2 1 3 2 2 2
-0.000181 2 1 3 2 2 3
-0.000023 2 1 3 2 3 0
0.000207 2 1 3 2 3 1
0.000129 2 1 3 2 3 2
-0.000211 2 1 3 2 3 3
0.000178 2 1 3 3 0 0
0.000140 2 1 3 3 0 1
-0.000186 2 1 3 3 0 2
0.000056 2 1 3 3 0 3
0.000144 2 1 3 3 1 0
0.000150 2 1 3 3 1 1
0.000014 2 1 3 3 1 2
-0.000142 2 1 3 3 1 3
0.000082 2 1 3 3 2 0
-0.000124 2 1 3 3 2 1
-0.000100 2 1 3 3 2 2
0.000218 2 1 3 3 2 3
-0.000015 2 1 3 3 3 0
-0.000065 2 1 3 3 3 1
-0.000095 2 1 3 3 3 2
0.000046 2 1 3 3 3 3
0.000116 2 2 0 0 0 0
0.000192 2 2 0 0 0 1
0.000224 2 2 0 0 0 2
-0.000062 2 2 0 0 0 3
0.000174 2 2 0 0 1 0
-0.000196 2 2 0 0 1 1
-0.000044 2 2 0 0 1 2
-0.000014 2 2 0 0 1 3
-0.000168 2 2 0 0 2 0
-0.000232 2 2 0 0 2 1
-0.000235 2 2 0 0 2 2
0.000119 2 2 0 0 2 3
-0.000030 2 2 0 0 3 0
-0.000186 2 2 0 0 3 1
0.000175 2 2 0 0 3 2
-0.000225 2 2 0 0 3 3
-0.000031 2 2 0 1 0 0
0.000233 2 2 0 1 0 1
0.000156 2 2 0 1 0 2
0.000071 2 2 0 1 0 3
0.000197 2 2 0 1 1 0
-0.000203 2 2 0 1 1 1
-0.000013 2 2 0 1 1 2
-0.000150 2 2 0 1 1 3
-0.000230 2 2 0 1 2 0
0.000130 2 2 0 1 2 1
0.000196 2 2 0 1 2 2
0.000085 2 2 0 1 2 3
-0.000174 2 2 0 1 3 0
0.000068 2 2 0 1 3 1
0.000099 2 2 0 1 3 2
0.000177 2 2 0 1 3 3
0.000226 2 2 0 2 0 0
0.000209 2 2 0 2 0 1
-0.000174 2 2 0 2 0 2
-0.000201 2 2 0 2 0 3
-0.000138 2 2 0 2 1 0
0.000100 2 2 0 2 1 1
0.000004 2 2 0 2 1 2
-0.000032 2 2 0 2 1 3
-0.000037 2 2 0 2 2 0
-0.000154 2 2 0 2 2 1
-0.000104 2 2 0 2 2 2
0.000242 2 2 0 2 2 3
0.000241 2 2 0 2 3 0
0.000102 2 2 0 2 3 1
-0.000165 2 2 0 2 3 2
-0.000179 2 2 0 2 3 3
-0.000091 2 2 0 3 0 0
-0.000128 2 2 0 3 0 1
0.000028 2 2 0 3 0 2
0.000145 2 2 0 3 0 3
0.000244 2 2 0 3 1 0
-0.000017 2 2 0 3 1 1
-0.000005 2 2 0 3 1 2
-0.000026 2 2 0 3 1 3
-0.000198 2 2 0 3 2 0
0.000088 2 2 0 3 2 1
0.000001 2 2 0 3 2 2
-0.000012 2 2 0 3 2 3
0.000183 2 2 0 3 3 0
0.000153 2 2 0 3 3 1
-0.000202 2 2 0 3 3 2
-0.000182 2 2 0 3 3 3
-0.000242 2 2 1 0 0 0
0.000100 2 2 1 0 0 1
0.000082 2 2 1 0 0 2
0.000128 2 2 1 0 0 3
-0.000203 2 2 1 0 1 0
-0.000063 2 2 1 0 1 1
0.000157 2 2 1 0 1 2
0.000200 2 2 1 0 1 3
-0.000081 2 2 1 0 2 0
0.000061 2 2 1 0 2 1
0.000080 2 2 1 0 2 2
-0.000001 2 2 1 0 2 3
0.000136 2 2 1 0 3 0
0.000099 2 2 1 0 3 1
0.000215 2 2 1 0 3 2
-0.000016 2 2 1 0 3 3
0.000213 2 2 1 1 0 0
-0.000060 2 2 1 1 0 1
-0.000222 2 2 1 1 0 2
0.000069 2 2 1 1 0 3
0.000056 2 2 1 1 1 0
-0.000111 2 2 1 1 1 1
-0.000098 2 2 1 1 1 2
-0.000095 2 2 1 1 1 3
-0.000009 2 2 1 1 2 0
0.000041 2 2 1 1 2 1
0.000066 2 2 1 1 2 2
-0.000110 2 2 1 1 2 3
0.000119 2 2 1 1 3 0
-0.000062 2 2 1 1 3 1
0.000055 2 2 1 1 3 2
-0.000194 2 2 1 1 3 3
0.000116 2 2 1 2 0 0
0.000016 2 2 1 2 0 1
-0.000050 2 2 1 2 0 2
-0.000240 2 2 1 2 0 3
0.000077 2 2 1 2 1 0
-0.000004 2 2 1 2 1 1
-0.000130 2 2 1 2 1 2
0.000242 2 2 1 2 1 3
-0.000034 2 2 1 2 2 0
0.000077 2 2 1 2 2 1
-0.000132 2 2 1 2 2 2
0.000025 2 2 1 2 2 3
-0.000182 2 2 1 2 3 0
-0.000049 2 2 1 2 3 1
0.000243 2 2 1 2 3 2
-0.000026 2 2 1 2 3 3
0.000083 2 2 1 3 0 0
-0.000089 2 2 1 3 0 1
-0.000015 2 2 1 3 0 2
0.000212 2 2 1 3 0 3
-0.000073 2 2 1 3 1 0
0.000136 2 2 1 3 1 1
-0.000080 2 2 1 3 1 2
0.000057 2 2 1 3 1 3
0.000095 2 2 1 3 2 0
-0.000150 2 2 1 3 2 1
0.000035 2 2 1 3 2 2
0.000229 2 2 1 3 2 3
-0.000201 2 2 1 3 3 0
-0.000236 2 2 1 3 3 1
-0.000069 2 2 1 3 3 2
-0.000034 2 2 1 3 3 3
0.000059 2 2 2 0 0 0
0.000008 2 2 2 0 0 1
-0.000048 2 2 2 0 0 2
0.000184 2 2 2 0 0 3
-0.000190 2 2 2 0 1 0
-0.000041 2 2 2 0 1 1
-0.000142 2 2 2 0 1 2
0.000104 2 2 2 0 1 3
-0.000106 2 2 2 0 2 0
-0.000206 2 2 2 0 2 1
-0.000160 2 2 2 0 2 2
0.000153 2 2 2 0 2 3
0.000236 2 2 2 0 3 0
0.000045 2 2 2 0 3 1
0.000203 2 2 2 0 3 2
-0.000169 2 2 2 0 3 3
-0.000003 2 2 2 1 0 0
0.000164 2 2 2 1 0 1
0.000145 2 2 2 1 0 2
-0.000162 2 2 2 1 0 3
-0.000137 2 2 2 1 1 0
-0.000046 2 2 2 1 1 1
-0.000183 2 2 2 1 1 2
0.000057 2 2 2 1 1 3
-0.000027 2 2 2 1 2 0
0.000239 2 2 2 1 2 1
0.000178 2 2 2 1 2 2
-0.000088 2 2 2 1 2 3
0.000178 2 2 2 1 3 0
-0.000219 2 2 2 1 3 1
0.000123 2 2 2 1 3 2
0.000214 2 2 2 1 3 3
-0.000094 2 2 2 2 0 0
-0.000159 2 2 2 2 0 1
0.000179 2 2 2 2 0 2
0.000069 2 2 2 2 0 3
-0.000103 2 2 2 2 1 0
0.000231 2 2 2 2 1 1
0.000012 2 2 2 2 1 2
0.000201 2 2 2 2 1 3
-0.000032 2 2 2 2 2 0
0.000105 2 2 2 2 2 1
-0.000051 2 2 2 2 2 2
-0.000056 2 2 2 2 2 3
-0.000110 2 2 2 2 3 0
-0.000119 2 2 2 2 3 1
-0.000143 2 2 2 2 3 2
-0.000210 2 2 2 2 3 3
-0.000087 2 2 2 3 0 0
0.000243 2 2 2 3 0 1
0.000210 2 2 2 3 0 2
0.000095 2 2 2 3 0 3
-0.000230 2 2 2 3 1 0
-0.000216 2 2 2 3 1 1
-0.000102 2 2 2 3 1 2
0.000154 2 2 2 3 1 3
-0.000161 2 2 2 3 2 0
0.000054 2 2 2 3 2 1
0.000048 2 2 2 3 2 2
-0.000031 2 2 2 3 2 3
0.000024 2 2 2 3 3 0
-0.000154 2 2 2 3 3 1
-0.000147 2 2 2 3 3 2
0.000068 2 2 2 3 3 3
0.000192 2 2 3 0 0 0
0.000086 2 2 3 0 0 1
-0.000091 2 2 3 0 0 2
-0.000083 2 2 3 0 0 3
-0.000071 2 2 3 0 1 0
0.000116 2 2 3 0 1 1
0.000241 2 2 3 0 1 2
0.000172 2 2 3 0 1 3
0.000030 2 2 3 0 2 0
-0.000136 2 2 3 0 2 1
0.000155 2 2 3 0 2 2
-0.000208 2 2 3 0 2 3
0.000036 2 2 3 0 3 0
-0.000086 2 2 3 0 3 1
0.000221 2 2 3 0 3 2
-0.000087 2 2 3 0 3 3
0.000049 2 2 3 1 0 0
0.000235 2 2 3 1 0 1
0.000105 2 2 3 1 0 2
0.000201 2 2 3 1 0 3
-0.000091 2 2 3 1 1 0
0.000139 2 2 3 1 1 1
0.000126 2 2 3 1 1 2
-0.000090 2 2 3 1 1 3
-0.000193 2 2 3 1 2 0
-0.000061 2 2 3 1 2 1
0.000222 2 2 3 1 2 2
0.000210 2 2 3 1 2 3
0.000181 2 2 3 1 3 0
0.000080 2 2 3 1 3 1
-0.000173 2 2 3 1 3 2
-0.000004 2 2 3 1 3 3
-0.000169 2 2 3 2 0 0
0.000081 2 2 3 2 0 1
0.000182 2 2 3 2 0 2
-0.000164 2 2 3 2 0 3
-0.000022 2 2 3 2 1 0
0.000234 2 2 3 2 1 1
-0.000178 2 2 3 2 1 2
-0.000210 2 2 3 2 1 3
0.000211 2 2 3 2 2 0
0.000039 2 2 3 2 2 1
0.000065 2 2 3 2 2 2
-0.000079 2 2 3 2 2 3
0.000206 2 2 3 2 3 0
0.000024 2 2 3 2 3 1
-0.000208 2 2 3 2 3 2
-0.000064 2 2 3 2 3 3
-0.000058 2 2 3 3 0 0
-0.000032 2 2 3 3 0 1
0.000064 2 2 3 3 0 2
-0.000234 2 2 3 3 0 3
0.000011 2 2 3 3 1 0
-0.000054 2 2 3 3 1 1
-0.000212 2 2 3 3 1 2
0.000098 2 2 3 3 1 3
0.000127 2 2 3 3 2 0
-0.000179 2 2 3 3 2 1
-0.000244 2 2 3 3 2 2
-0.000202 2 2 3 3 2 3
0.000097 2 2 3 3 3 0
0.000094 2 2 3 3 3 1
-0.000029 2 2 3 3 3 2
-0.000111 2 2 3 3 3 3
0.000222 2 3 0 0 0 0
0.000233 2 3 0 0 0 1
0.000112 2 3 0 0 0 2
-0.000223 2 3 0 0 0 3
-0.000027 2 3 0 0 1 0
-0.000193 2 3 0 0 1 1
-0.000063 2 3 0 0 1 2
0.000052 2 3 0 0 1 3
0.000238 2 3 0 0 2 0
-0.000226 2 3 0 0 2 1
-0.000055 2 3 0 0 2 2
0.000196 2 3 0 0 2 3
-0.000165 2 3 0 0 3 0
-0.000126 2 3 0 0 3 1
-0.000096 2 3 0 0 3 2
0.000197 2 3 0 0 3 3
-0.000159 2 3 0 1 0 0
0.000188 2 3 0 1 0 1
0.000240 2 3 0 1 0 2
0.000125 2 3 0 1 0 3
0.000232 2 3 0 1 1 0
-0.000127 2 3 0 1 1 1
-0.000088 2 3 0 1 1 2
0.000003 2 3 0 1 1 3
-0.000183 2 3 0 1 2 0
-0.000036 2 3 0 1 2 1
0.000181 2 3 0 1 2 2
0.000176 2 3 0 1 2 3
0.000031 2 3 0 1 3 0
-0.000112 2 3 0 1 3 1
0.000213 2 3 0 1 3 2
0.000218 2 3 0 1 3 3
-0.000115 2 3 0 2 0 0
0.000121 2 3 0 2 0 1
0.000064 2 3 0 2 0 2
-0.000147 2 3 0 2 0 3
0.000197 2 3 0 2 1 0
-0.000010 2 3 0 2 1 1
-0.000128 2 3 0 2 1 2
0.000061 2 3 0 2 1 3
-0.000222 2 3 0 2 2 0
0.000052 2 3 0 2 2 1
0.000078 2 3 0 2 2 2
-0.000144 2 3 0 2 2 3
0.000009 2 3 0 2 3 0
-0.000158 2 3 0 2 3 1
0.000188 2 3 0 2 3 2
0.000216 2 3 0 2 3 3
-0.000088 2 3 0 3 0 0
0.000167 2 3 0 3 0 1
0.000050 2 3 0 3 0 2
0.000145 2 3 0 3 0 3
-0.000212 2 3 0 3 1 0
-0.000180 2 3 0 3 1 1
0.000204 2 3 0 3 1 2
0.000020 2 3 0 3 1 3
-0.000237 2 3 0 3 2 0
0.000185 2 3 0 3 2 1
0.000223 2 3 0 3 2 2
0.000009 2 3 0 3 2 3
-0.000030 2 3 0 3 3 0
0.000179 2 3 0 3 3 1
-0.000064 2 3 0 3 3 2
-0.000108 2 3 0 3 3 3
-0.000100 2 3 1 0 0 0
-0.000145 2 3 1 0 0 1
-0.000072 2 3 1 0 0 2
-0.000207 2 3 1 0 0 3
0.000149 2 3 1 0 1 0
-0.000130 2 3 1 0 1 1
-0.000106 2 3 1 0 1 2
0.000200 2 3 1 0 1 3
0.000146 2 3 1 0 2 0
-0.000043 2 3 1 0 2 1
0.000153 2 3 1 0 2 2
0.000138 2 3 1 0 2 3
0.000027 2 3 1 0 3 0
0.000037 2 3 1 0 3 1
0.000244 2 3 1 0 3 2
-0.000100 2 3 1 0 3 3
-0.000183 2 3 1 1 0 0
0.000225 2 3 1 1 0 1
-0.000025 2 3 1 1 0 2
-0.000095 2 3 1 1 0 3
-0.000052 2 3 1 1 1 0
-0.000175 2 3 1 1 1 1
-0.000214 2 3 1 1 1 2
0.000127 2 3 1 1 1 3
-0.000223 2 3 1 1 2 0
0.000117 2 3 1 1 2 1
-0.000185 2 3 1 1 2 2
0.000132 2 3 1 1 2 3
0.000166 2 3 1 1 3 0
0.000032 2 3 1 1 3 1
-0.000213 2 3 1 1 3 2
0.000133 2 3 1 1 3 3
-0.000137 2 3 1 2 0 0
0.000116 2 3 1 2 0 1
-0.000240 2 3 1 2 0 2
0.000190 2 3 1 2 0 3
-0.000193 2 3 1 2 1 0
0.000098 2 3 1 2 1 1
-0.000058 2 3 1 2 1 2
-0.000032 2 3 1 2 1 3
-0.000221 2 3 1 2 2 0
-0.000110 2 3 1 2 2 1
0.000236 2 3 1 2 2 2
-0.000003 2 3 1 2 2 3
0.000065 2 3 1 2 3 0
0.000111 2 3 1 2 3 1
-0.000018 2 3 1 2 3 2
0.000132 2 3 1 2 3 3
-0.000138 2 3 1 3 0 0
-0.000134 2 3 1 3 0 1
0.000094 2 3 1 3 0 2
-0.000200 2 3 1 3 0 3
-0.000053 2 3 1 3 1 0
-0.000073 2 3 1 3 1 1
-0.000172 2 3 1 3 1 2
0.000207 2 3 1 3 1 3
-0.000111 2 3 1 3 2 0
0.000186 2 3 1 3 2 1
0.000205 2 3 1 3 2 2
0.000065 2 3 1 3 2 3
-0.000060 2 3 1 3 3 0
-0.000094 2 3 1 3 3 1
0.000019 2 3 1 3 3 2
-0.000010 2 3 1 3 3 3
-0.000179 2 3 2 0 0 0
-0.000128 2 3 2 0 0 1
0.000009 2 3 2 0 0 2
0.000235 2 3 2 0 0 3
-0.000144 2 3 2 0 1 0
-0.000119 2 3 2 0 1 1
0.000009 2 3 2 0 1 2
0.000241 2 3 2 0 1 3
-0.000230 2 3 2 0 2 0
0.000041 2 3 2 0 2 1
-0.000172 2 3 2 0 2 2
0.000049 2 3 2 0 2 3
0.000141 2 3 2 0 3 0
-0.000050 2 3 2 0 3 1
0.000152 2 3 2 0 3 2
0.000172 2 3 2 0 3 3
0.000048 2 3 2 1 0 0
0.000119 2 3 2 1 0 1
-0.000222 2 3 2 1 0 2
0.000234 2 3 2 1 0 3
0.000115 2 3 2 1 1 0
-0.000107 2 3 2 1 1 1
-0.000200 2 3 2 1 1 2
-0.000217 2 3 2 1 1 3
0.000160 2 3 2 1 2 0
0.000067 2 3 2 1 2 1
0.000093 2 3 2 1 2 2
-0.000195 2 3 2 1 2 3
-0.000194 2 3 2 1 3 0
-0.000060 2 3 2 1 3 1
-0.000007 2 3 2 1 3 2
0.000203 2 3 2 1 3 3
0.000053 2 3 2 2 0 0
0.000024 2 3 2 2 0 1
0.000036 2 3 2 2 0 2
-0.000018 2 3 2 2 0 3
-0.000071 2 3 2 2 1 0
0.000224 2 3 2 2 1 1
-0.000096 2 3 2 2 1 2
-0.000068 2 3 2 2 1 3
0.000064 2 3 2 2 2 0
0.000104 2 3 2 2 2 1
0.000042 2 3 2 2 2 2
0.000004 2 3 2 2 2 3
0.000127 2 3 2 2 3 0
0.000240 2 3 2 2 3 1
-0.000049 2 3 2 2 3 2
0.000013 2 3 2 2 3 3
-0.000156 2 3 2 3 0 0
-0.000203 2 3 2 3 0 1
0.000025 2 3 2 3 0 2
0.000049 2 3 2 3 0 3
-0.000243 2 3 2 3 1 0
0.000197 2 3 2 3 1 1
0.000105 2 3 2 3 1 2
-0.000080 2 3 2 3 1 3
-0.000031 2 3 2 3 2 0
0.000091 2 3 2 3 2 1
0.000005 2 3 2 3 2 2
-0.000057 2 3 2 3 2 3
0.000125 2 3 2 3 3 0
0.000150 2 3 2 3 3 1
0.000057 2 3 2 3 3 2
0.000011 2 3 2 3 3 3
-0.000186 2 3 3 0 0 0
0.000223 2 3 3 0 0 1
-0.000104 2 3 3 0 0 2
0.000168 2 3 3 0 0 3
0.000041 2 3 3 0 1 0
-0.000115 2 3 3 0 1 1
0.000211 2 3 3 0 1 2
-0.000157 2 3 3 0 1 3
0.000014 2 3 3 0 2 0
0.000194 2 3 3 0 2 1
0.000190 2 3 3 0 2 2
-0.000150 2 3 3 0 2 3
0.000139 2 3 3 0 3 0
-0.000017 2 3 3 0 3 1
-0.000005 2 3 3 0 3 2
-0.000130 2 3 3 0 3 3
0.000035 2 3 3 1 0 0
-0.000122 2 3 3 1 0 1
0.000233 2 3 3 1 0 2
0.000221 2 3 3 1 0 3
0.000175 2 3 3 1 1 0
0.000092 2 3 3 1 1 1
-0.000064 2 3 3 1 1 2
0.000071 2 3 3 1 1 3
0.000238 2 3 3 1 2 0
-0.000000 2 3 3 1 2 1
0.000209 2 3 3 1 2 2
0.000202 2 3 3 1 2 3
-0.000120 2 3 3 1 3 0
-0.000139 2 3 3 1 3 1
0.000021 2 3 3 1 3 2
0.000114 2 3 3 1 3 3
-0.000163 2 3 3 2 0 0
0.000006 2 3 3 2 0 1
0.000039 2 3 3 2 0 2
-0.000243 2 3 3 2 0 3
-0.000006 2 3 3 2 1 0
0.000022 2 3 3 2 1 1
-0.000011 2 3 3 2 1 2
-0.000066 2 3 3 2 1 3
0.000117 2 3 3 2 2 0
-0.000182 2 3 3 2 2 1
0.000178 2 3 3 2 2 2
0.000240 2 3 3 2 2 3
0.000114 2 3 3 2 3 0
0.000001 2 3 3 2 3 1
0.000053 2 3 3 2 3 2
-0.000124 2 3 3 2 3 3
0.000077 2 3 3 3 0 0
0.000160 2 3 3 3 0 1
0.000074 2 3 3 3 0 2
-0.000087 2 3 3 3 0 3
-0.000152 2 3 3 3 1 0
-0.000165 2 3 3 3 1 1
-0.000106 2 3 3 3 1 2
-0.000043 2 3 3 3 1 3
0.000191 2 3 3 3 2 0
-0.000088 2 3 3 3 2 1
-0.000182 2 3 3 3 2 2
-0.000053 2 3 3 3 2 3
0.000237 2 3 3 3 3 0
0.000138 2 3 3 3 3 1
0.000161 2 3 3 3 3 2
0.000125 2 3 3 3 3 3
0.000218 3 0 0 0 0 0
0.000190 3 0 0 0 0 1
0.000185 3 0 0 0 0 2
0.000167 3 0 0 0 0 3
0.000238 3 0 0 0 1 0
-0.000103 3 0 0 0 1 1
0.000010 3 0 0 0 1 2
0.000104 3 0 0 0 1 3
0.000168 3 0 0 0 2 0
-0.000017 3 0 0 0 2 1
0.000233 3 0 0 0 2 2
-0.000223 3 0 0 0 2 3
0.000235 3 0 0 0 3 0
-0.000153 3 0 0 0 3 1
0.000178 3 0 0 0 3 2
0.000228 3 0 0 0 3 3
-0.000242 3 0 0 1 0 0
0.000104 3 0 0 1 0 1
0.000155 3 0 0 1 0 2
-0.000155 3 0 0 1 0 3
-0.000087 3 0 0 1 1 0
0.000113 3 0 0 1 1 1
-0.000216 3 0 0 1 1 2
0.000088 3 0 0 1 1 3
0.000038 3 0 0 1 2 0
0.000050 3 0 0 1 2 1
0.000038 3 0 0 1 2 2
0.000073 3 0 0 1 2 3
-0.000011 3 0 0 1 3 0
-0.000051 3 0 0 1 3 1
-0.000196 3 0 0 1 3 2
0.000234 3 0 0 1 3 3
0.000214 3 0 0 2 0 0
-0.000122 3 0 0 2 0 1
-0.000016 3 0 0 2 0 2
0.000156 3 0 0 2 0 3
0.000220 3 0 0 2 1 0
0.000048 3 0 0 2 1 1
-0.000054 3 0 0 2 1 2
0.000053 3 0 0 2 1 3
0.000165 3 0 0 2 2 0
-0.000054 3 0 0 2 2 1
0.000238 3 0 0 2 2 2
0.000166 3 0 0 2 2 3
0.000079 3 0 0 2 3 0
-0.000097 3 0 0 2 3 1
-0.000166 3 0 0 2 3 2
0.000015 3 0 0 2 3 3
0.000173 3 0 0 3 0 0
-0.000166 3 0 0 3 0 1
0.000086 3 0 0 3 0 2
0.000227 3 0 0 3 0 3
0.000077 3 0 0 3 1 0
0.000050 3 0 0 3 1 1
0.000059 3 0 0 3 1 2
-0.000215 3 0 0 3 1 3
-0.000189 3 0 0 3 2 0
0.000057 3 0 0 3 2 1
0.000025 3 0 0 3 2 2
0.000200 3 0 0 3 2 3
-0.000229 3 0 0 3 3 0
0.000174 3 0 0 3 3 1
0.000096 3 0 0 3 3 2
0.000153 3 0 0 3 3 3
-0.000110 3 0 1 0 0 0
-0.000096 3 0 1 0 0 1
0.000230 3 0 1 0 0 2
-0.000172 3 0 1 0 0 3
0.000050 3 0 1 0 1 0
0.000197 3 0 1 0 1 1
-0.000071 3 0 1 0 1 2
0.000042 3 0 1 0 1 3
-0.000020 3 0 1 0 2 0
-0.000243 3 0 1 0 2 1
0.000226 3 0 1 0 2 2
-0.000017 3 0 1 0 2 3
-0.000058 3 0 1 0 3 0
-0.000068 3 0 1 0 3 1
-0.000053 3 0 1 0 3 2
-0.000216 3 0 1 0 3 3
-0.000065 3 0 1 1 0 0
-0.000006 3 0 1 1 0 1
0.000101 3 0 1 1 0 2
0.000005 3 0 1 1 0 3
-0.000154 3 0 1 1 1 0
0.000240 3 0 1 1 1 1
-0.000209 3 0 1 1 1 2
0.000116 3 0 1 1 1 3
0.000127 3 0 1 1 2 0
-0.000092 3 0 1 1 2 1
-0.000206 3 0 1 1 2 2
-0.000057 3 0 1 1 2 3
-0.000097 3 0 1 1 3 0
0.000208 3 0 1 1 3 1
-0.000101 3 0 1 1 3 2
0.000008 3 0 1 1 3 3
0.000195 3 0 1 2 0 0
0.000220 3 0 1 2 0 1
0.000031 3 0 1 2 0 2
-0.000023 3 0 1 2 0 3
0.000177 3 0 1 2 1 0
-0.000153 3 0 1 2 1 1
-0.000080 3 0 1 2 1 2
-0.000217 3 0 1 2 1 3
0.000031 3 0 1 2 2 0
0.000212 3 0 1 2 2 1
-0.000027 3 0 1 2 2 2
0.000080 3 0 1 2 2 3
0.000091 3 0 1 2 3 0
0.000224 3 0 1 2 3 1
-0.000235 3 0 1 2 3 2
0.000116 3 0 1 2 3 3
-0.000048 3 0 1 3 0 0
-0.000227 3 0 1 3 0 1
0.000194 3 0 1 3 0 2
-0.000084 3 0 1 3 0 3
0.000162 3 0 1 3 1 0
-0.000118 3 0 1 3 1 1
0.000096 3 0 1 3 1 2
-0.000141 3 0 1 3 1 3
-0.000036 3 0 1 3 2 0
-0.000225 3 0 1 3 2 1
0.000104 3 0 1 3 2 2
-0.000192 3 0 1 3 2 3
-0.000212 3 0 1 3 3 0
-0.000239 3 0 1 3 3 1
-0.000161 3 0 1 3 3 2
-0.000148 3 0 1 3 3 3
-0.000151 3 0 2 0 0 0
0.000118 3 0 2 0 0 1
0.000220 3 0 2 0 0 2
-0.000088 3 0 2 0 0 3
-0.000175 3 0 2 0 1 0
0.000182 3 0 2 0 1 1
-0.000240 3 0 2 0 1 2
-0.000101 3 0 2 0 1 3
0.000210 3 0 2 0 2 0
-0.000020 3 0 2 0 2 1
0.000078 3 0 2 0 2 2
-0.000122 3 0 2 0 2 3
0.000216 3 0 2 0 3 0
0.000191 3 0 2 0 3 1
-0.000193 3 0 2 0 3 2
0.000231 3 0 2 0 3 3
0.000152 3 0 2 1 0 0
0.000200 3 0 2 1 0 1
0.000107 3 0 2 1 0 2
-0.000117 3 0 2 1 0 3
0.000079 3 0 2 1 1 0
0.000083 3 0 2 1 1 1
0.000022 3 0 2 1 1 2
-0.000065 3 0 2 1 1 3
0.000167 3 0 2 1 2 0
0.000183 3 0 2 1 2 1
-0.000160 3 0 2 1 2 2
0.000151 3 0 2 1 2 3
0.000218 3 0 2 1 3 0
-0.000149 3 0 2 1 3 1
0.000204 3 0 2 1 3 2
-0.000120 3 0 2 1 3 3
0.000012 3 0 2 2 0 0
0.000113 3 0 2 2 0 1
0.000074 3 0 2 2 0 2
0.000041 3 0 2 2 0 3
-0.000061 3 0 2 2 1 0
-0.000171 3 0 2 2 1 1
0.000131 3 0 2 2 1 2
-0.000021 3 0 2 2 1 3
-0.000074 3 0 2 2 2 0
0.000116 3 0 2 2 2 1
-0.000014 3 0 2 2 2 2
0.000092 3 0 2 2 2 3
0.000143 3 0 2 2 3 0
0.000027 3 0 2 2 3 1
0.000023 3 0 2 2 3 2
-0.000229 3 0 2 2 3 3
-0.000214 3 0 2 3 0 0
-0.000157 3 0 2 3 0 1
-0.000213 3 0 2 3 0 2
-0.000057 3 0 2 3 0 3
-0.000134 3 0 2 3 1 0
0.000147 3 0 2 3 1 1
-0.000135 3 0 2 3 1 2
0.000212 3 0 2 3 1 3
-0.000004 3 0 2 3 2 0
-0.000007 3 0 2 3 2 1
-0.000197 3 0 2 3 2 2
0.000077 3 0 2 3 2 3
-0.000243 3 0 2 3 3 0
-0.000085 3 0 2 3 3 1
0.000043 3 0 2 3 3 2
0.000032 3 0 2 3 3 3
-0.000167 3 0 3 0 0 0
0.000046 3 0 3 0 0 1
-0.000102 3 0 3 0 0 2
-0.000043 3 0 3 0 0 3
0.000178 3 0 3 0 1 0
0.000132 3 0 3 0 1 1
0.000182 3 0 3 0 1 2
-0.000212 3 0 3 0 1 3
0.000056 3 0 3 0 2 0
-0.000225 3 0 3 0 2 1
-0.000151 3 0 3 0 2 2
-0.000179 3 0 3 0 2 3
-0.000190 3 0 3 0 3 0
-0.000109 3 0 3 0 3 1
0.000190 3 0 3 0 3 2
0.000044 3 0 3 0 3 3
0.000208 3 0 3 1 0 0
0.000072 3 0 3 1 0 1
-0.000046 3 0 3 1 0 2
-0.000205 3 0 3 1 0 3
0.000137 3 0 3 1 1 0
-0.000217 3 0 3 1 1 1
-0.000061 3 0 3 1 1 2
0.000033 3 0 3 1 1 3
0.000091 3 0 3 1 2 0
-0.000203 3 0 3 1 2 1
0.000198 3 0 3 1 2 2
0.000030 3 0 3 1 2 3
-0.000124 3 0 3 1 3 0
-0.000082 3 0 3 1 3 1
0.000003 3 0 3 1 3 2
-0.000086 3 0 3 1 3 3
0.000231 3 0 3 2 0 0
-0.000191 3 0 3 2 0 1
0.000168 3 0 3 2 0 2
-0.000042 3 0 3 2 0 3
0.000240 3 0 3 2 1 0
-0.000186 3 0 3 2 1 1
-0.000177 3 0 3 2 1 2
-0.000060 3 0 3 2 1 3
-0.000017 3 0 3 2 2 0
0.000165 3 0 3 2 2 1
-0.000201 3 0 3 2 2 2
0.000142 3 0 3 2 2 3
0.000186 3 0 3 2 3 0
-0.000006 3 0 3 2 3 1
-0.000074 3 0 3 2 3 2
0.000038 3 0 3 2 3 3
-0.000043 3 0 3 3 0 0
0.000023 3 0 3 3 0 1
-0.000167 3 0 3 3 0 2
0.000023 3 0 3 3 0 3
0.000074 3 0 3 3 1 0
-0.000128 3 0 3 3 1 1
0.000067 3 0 3 3 1 2
0.000108 3 0 3 3 1 3
0.000222 3 0 3 3 2 0
-0.000122 3 0 3 3 2 1
0.000139 3 0 3 3 2 2
0.000117 3 0 3 3 2 3
0.000095 3 0 3 3 3 0
-0.000210 3 0 3 3 3 1
0.000061 3 0 3 3 3 2
0.000199 3 0 3 3 3 3
-0.000214 3 1 0 0 0 0
0.000029 3 1 0 0 0 1
0.000035 3 1 0 0 0 2
-0.000236 3 1 0 0 0 3
-0.000147 3 1 0 0 1 0
-0.000101 3 1 0 0 1 1
-0.000088 3 1 0 0 1 2
0.000067 3 1 0 0 1 3
-0.000127 3 1 0 0 2 0
0.000189 3 1 0 0 2 1
0.000173 3 1 0 0 2 2
0.000003 3 1 0 0 2 3
-0.000095 3 1 0 0 3 0
0.000149 3 1 0 0 3 1
0.000191 3 1 0 0 3 2
0.000212 3 1 0 0 3 3
0.000095 3 1 0 1 0 0
0.000051 3 1 0 1 0 1
-0.000014 3 1 0 1 0 2
-0.000083 3 1 0 1 0 3
-0.000219 3 1 0 1 1 0
0.000001 3 1 0 1 1 1
0.000189 3 1 0 1 1 2
-0.000094 3 1 0 1 1 3
0.000129 3 1 0 1 2 0
0.000230 3 1 0 1 2 1
0.000195 3 1 0 1 2 2
0.000228 3 1 0 1 2 3
0.000235 3 1 0 1 3 0
-0.000144 3 1 0 1 3 1
-0.000024 3 1 0 1 3 2
-0.000090 3 1 0 1 3 3
-0.000033 3 1 0 2 0 0
-0.000234 3 1 0 2 0 1
0.000076 3 1 0 2 0 2
0.000016 3 1 0 2 0 3
0.000194 3 1 0 2 1 0
0.000007 3 1 0 2 1 1
0.000144 3 1 0 2 1 2
-0.000070 3 1 0 2 1 3
-0.000151 3 1 0 2 2 0
-0.000063 3 1 0 2 2 1
-0.000124 3 1 0 2 2 2
0.000018 3 1 0 2 2 3
0.000017 3 1 0 2 3 0
0.000160 3 1 0 2 3 1
-0.000187 3 1 0 2 3 2
0.000095 3 1 0 2 3 3
-0.000095 3 1 0 3 0 0
0.000050 3 1 0 3 0 1
0.000243 3 1 0 3 0 2
-0.000166 3 1 0 3 0 3
0.000016 3 1 0 3 1 0
-0.000028 3 1 0 3 1 1
0.000142 3 1 0 3 1 2
0.000196 3 1 0 3 1 3
0.000172 3 1 0 3 2 0
-0.000100 3 1 0 3 2 1
-0.000187 3 1 0 3 2 2
-0.000224 3 1 0 3 2 3
-0.000044 3 1 0 3 3 0
0.000236 3 1 0 3 3 1
0.000183 3 1 0 3 3 2
0.000212 3 1 0 3 3 3
-0.000214 3 1 1 0 0 0
0.000177 3 1 1 0 0 1
-0.000141 3 1 1 0 0 2
-0.000239 3 1 1 0 0 3
0.000226 3 1 1 0 1 0
0.000014 3 1 1 0 1 1
-0.000165 3 1 1 0 1 2
0.000185 3 1 1 0 1 3
0.000187 3 1 1 0 2 0
-0.000232 3 1 1 0 2 1
-0.000074 3 1 1 0 2 2
0.000064 3 1 1 0 2 3
-0.000131 3 1 1 0 3 0
0.000145 3 1 1 0 3 1
-0.000086 3 1 1 0 3 2
0.000155 3 1 1 0 3 3
-0.000224 3 1 1 1 0 0
0.000103 3 1 1 1 0 1
0.000122 3 1 1 1 0 2
0.000022 3 1 1 1 0 3
-0.000147 3 1 1 1 1 0
0.000133 3 1 1 1 1 1
-0.000220 3 1 1 1 1 2
0.000062 3 1 1 1 1 3
-0.000134 3 1 1 1 2 0
0.000167 3 1 1 1 2 1
0.000170 3 1 1 1 2 2
-0.000092 3 1 1 1 2 3
0.000162 3 1 1 1 3 0
-0.000030 3 1 1 1 3 1
0.000236 3 1 1 1 3 2
-0.000032 3 1 1 1 3 3
0.000179 3 1 1 2 0 0
0.000157 3 1 1 2 0 1
0.000014 3 1 1 2 0 2
-0.000071 3 1 1 2 0 3
0.000166 3 1 1 2 1 0
0.000072 3 1 1 2 1 1
0.000139 3 1 1 2 1 2
-0.000052 3 1 1 2 1 3
0.000004 3 1 1 2 2 0
-0.000243 3 1 1 2 2 1
-0.000056 3 1 1 2 2 2
-0.000022 3 1 1 2 2 3
-0.000227 3 1 1 2 3 0
0.000077 3 1 1 2 3 1
0.000109 3 1 1 2 3 2
0.000068 3 1 1 2 3 3
-0.000054 3 1 1 3 0 0
0.000093 3 1 1 3 0 1
0.000137 3 1 1 3 0 2
-0.000020 3 1 1 3 0 3
-0.000032 3 1 1 3 1 0
-0.000093 3 1 1 3 1 1
-0.000158 3 1 1 3 1 2
0.000024 3 1 1 3 1 3
-0.000027 3 1 1 3 2 0
0.000107 3 1 1 3 2 1
0.000231 3 1 1 3 2 2
-0.000111 3 1 1 3 2 3
-0.000099 3 1 1 3 3 0
0.000037 3 1 1 3 3 1
-0.000228 3 1 1 3 3 2
-0.000128 3 1 1 3 3 3
-0.000106 3 1 2 0 0 0
-0.000097 3 1 2 0 0 1
0.000038 3 1 2 0 0 2
-0.000130 3 1 2 0 0 3
-0.000123 3 1 2 0 1 0
0.000050 3 1 2 0 1 1
-0.000217 3 1 2 0 1 2
0.000239 3 1 2 0 1 3
-0.000009 3 1 2 0 2 0
0.000140 3 1 2 0 2 1
0.000112 3 1 2 0 2 2
0.000109 3 1 2 0 2 3
-0.000242 3 1 2 0 3 0
-0.000212 3 1 2 0 3 1
-0.000243 3 1 2 0 3 2
0.000071 3 1 2 0 3 3
0.000095 3 1 2 1 0 0
0.000146 3 1 2 1 0 1
0.000153 3 1 2 1 0 2
-0.000169 3 1 2 1 0 3
0.000200 3 1 2 1 1 0
-0.000034 3 1 2 1 1 1
-0.000140 3 1 2 1 1 2
-0.000219 3 1 2 1 1 3
0.000190 3 1 2 1 2 0
-0.000219 3 1 2 1 2 1
-0.000134 3 1 2 1 2 2
-0.000141 3 1 2 1 2 3
0.000027 3 1 2 1 3 0
0.000030 3 1 2 1 3 1
0.000054 3 1 2 1 3 2
0.000224 3 1 2 1 3 3
0.000013 3 1 2 2 0 0
-0.000198 3 1 2 2 0 1
0.000050 3 1 2 2 0 2
0.000052 3 1 2 2 0 3
-0.000102 3 1 2 2 1 0
-0.000221 3 1 2 2 1 1
-0.000241 3 1 2 2 1 2
0.000046 3 1 2 2 1 3
-0.000124 3 1 2 2 2 0
-0.000194 3 1 2 2 2 1
0.000098 3 1 2 2 2 2
0.000232 3 1 2 2 2 3
0.000040 3 1 2 2 3 0
-0.000222 3 1 2 2 3 1
0.000186 3 1 2 2 3 2
-0.000095 3 1 2 2 3 3
-0.000127 3 1 2 3 0 0
-0.000116 3 1 2 3 0 1
-0.000201 3 1 2 3 0 2
0.000063 3 1 2 3 0 3
-0.000163 3 1 2 3 1 0
-0.000064 3 1 2 3 1 1
0.000108 3 1 2 3 1 2
-0.000237 3 1 2 3 1 3
0.000005 3 1 2 3 2 0
-0.000161 3 1 2 3 2 1
0.000059 3 1 2 3 2 2
-0.000038 3 1 2 3 2 3
0.000094 3 1 2 3 3 0
-0.000200 3 1 2 3 3 1
-0.000119 3 1 2 3 3 2
-0.000168 3 1 2 3 3 3
-0.000023 3 1 3 0 0 0
-0.000155 3 1 3 0 0 1
-0.000209 3 1 3 0 0 2
0.000194 3 1 3 0 0 3
-0.000011 3 1 3 0 1 0
0.000065 3 1 3 0 1 1
-0.000078 3 1 3 0 1 2
-0.000091 3 1 3 0 1 3
0.000192 3 1 3 0 2 0
-0.000237 3 1 3 0 2 1
-0.000032 3 1 3 0 2 2
0.000129 3 1 3 0 2 3
0.000153 3 1 3 0 3 0
-0.000199 3 1 3 0 3 1
0.000082 3 1 3 0 3 2
-0.000153 3 1 3 0 3 3
-0.000144 3 1 3 1 0 0
0.000071 3 1 3 1 0 1
0.000151 3 1 3 1 0 2
-0.000198 3 1 3 1 0 3
0.000033 3 1 3 1 1 0
-0.000151 3 1 3 1 1 1
0.000011 3 1 3 1 1 2
-0.000179 3 1 3 1 1 3
0.000187 3 1 3 1 2 0
0.000169 3 1 3 1 2 1
0.000090 3 1 3 1 2 2
-0.000036 3 1 3 1 2 3
-0.000182 3 1 3 1 3 0
0.000138 3 1 3 1 3 1
-0.000158 3 1 3 1 3 2
0.000141 3 1 3 1 3 3
0.000242 3 1 3 2 0 0
0.000066 3 1 3 2 0 1
-0.000162 3 1 3 2 0 2
0.000116 3 1 3 2 0 3
0.000087 3 1 3 2 1 0
-0.000036 3 1 3 2 1 1
-0.000005 3 1 3 2 1 2
-0.000036 3 1 3 2 1 3
-0.000093 3 1 3 2 2 0
-0.000222 3 1 3 2 2 1
0.000038 3 1 3 2 2 2
0.000000 3 1 3 2 2 3
0.000128 3 1 3 2 3 0
0.000170 3 1 3 2 3 1
0.000021 3 1 3 2 3 2
0.000063 3 1 3 2 3 3
0.000199 3 1 3 3 0 0
0.000194 3 1 3 3 0 1
0.000080 3 1 3 3 0 2
0.000105 3 1 3 3 0 3
-0.000076 3 1 3 3 1 0
0.000025 3 1 3 3 1 1
-0.000080 3 1 3 3 1 2
0.000208 3 1 3 3 1 3
-0.000213 3 1 3 3 2 0
0.000137 3 1 3 3 2 1
0.000178 3 1 3 3 2 2
-0.000033 3 1 3 3 2 3
-0.000222 3 1 3 3 3 0
0.000084 3 1 3 3 3 1
0.000054 3 1 3 3 3 2
-0.000098 3 1 3 3 3 3
-0.000054 3 2 0 0 0 0
-0.000012 3 2 0 0 0 1
-0.000132 3 2 0 0 0 2
0.000074 3 2 0 0 0 3
0.000013 3 2 0 0 1 0
-0.000150 3 2 0 0 1 1
-0.000147 3 2 0 0 1 2
0.000173 3 2 0 0 1 3
0.000108 3 2 0 0 2 0
-0.000019 3 2 0 0 2 1
-0.000001 3 2 0 0 2 2
0.000150 3 2 0 0 2 3
0.000168 3 2 0 0 3 0
-0.000244 3 2 0 0 3 1
-0.000132 3 2 0 0 3 2
-0.000111 3 2 0 0 3 3
0.000224 3 2 0 1 0 0
0.000076 3 2 0 1 0 1
-0.000041 3 2 0 1 0 2
-0.000214 3 2 0 1 0 3
0.000244 3 2 0 1 1 0
-0.000161 3 2 0 1 1 1
0.000037 3 2 0 1 1 2
-0.000216 3 2 0 1 1 3
-0.000239 3 2 0 1 2 0
-0.000100 3 2 0 1 2 1
-0.000042 3 2 0 1 2 2
-0.000134 3 2 0 1 2 3
-0.000149 3 2 0 1 3 0
-0.000129 3 2 0 1 3 1
0.000003 3 2 0 1 3 2
-0.000202 3 2 0 1 3 3
0.000002 3 2 0 2 0 0
0.000215 3 2 0 2 0 1
-0.000073 3 2 0 2 0 2
0.000172 3 2 0 2 0 3
-0.000132 3 2 0 2 1 0
-0.000099 3 2 0 2 1 1
0.000116 3 2 0 2 1 2
-0.000132 3 2 0 2 1 3
0.000121 3 2 0 2 2 0
-0.000079 3 2 0 2 2 1
0.000076 3 2 0 2 2 2
0.000192 3 2 0 2 2 3
0.000107 3 2 0 2 3 0
0.000199 3 2 0 2 3 1
0.000094 3 2 0 2 3 2
0.000157 3 2 0 2 3 3
-0.000099 3 2 0 3 0 0
0.000053 3 2 0 3 0 1
0.000236 3 2 0 3 0 2
-0.000211 3 2 0 3 0 3
-0.000153 3 2 0 3 1 0
-0.000135 3 2 0 3 1 1
-0.000023 3 2 0 3 1 2
0.000058 3 2 0 3 1 3
-0.000163 3 2 0 3 2 0
-0.000217 3 2 0 3 2 1
-0.000209 3 2 0 3 2 2
0.000116 3 2 0 3 2 3
0.000114 3 2 0 3 3 0
-0.000016 3 2 0 3 3 1
-0.000041 3 2 0 3 3 2
-0.000030 3 2 0 3 3 3
-0.000157 3 2 1 0 0 0
-0.000106 3 2 1 0 0 1
-0.000232 3 2 1 0 0 2
0.000093 3 2 1 0 0 3
0.000226 3 2 1 0 1 0
0.000089 3 2 1 0 1 1
-0.000239 3 2 1 0 1 2
0.000176 3 2 1 0 1 3
0.000124 3 2 1 0 2 0
0.000040 3 2 1 0 2 1
-0.000063 3 2 1 0 2 2
-0.000116 3 2 1 0 2 3
-0.000100 3 2 1 0 3 0
0.000020 3 2 1 0 3 1
-0.000208 3 2 1 0 3 2
0.000242 3 2 1 0 3 3
-0.000133 3 2 1 1 0 0
0.000105 3 2 1 1 0 1
0.000053 3 2 1 1 0 2
-0.000227 3 2 1 1 0 3
-0.000036 3 2 1 1 1 0
0.000048 3 2 1 1 1 1
-0.000189 3 2 1 1 1 2
-0.000028 3 2 1 1 1 3
-0.000218 3 2 1 1 2 0
0.000121 3 2 1 1 2 1
-0.000180 3 2 1 1 2 2
-0.000147 3 2 1 1 2 3
-0.000215 3 2 1 1 3 0
-0.000163 3 2 1 1 3 1
-0.000060 3 2 1 1 3 2
-0.000062 3 2 1 1 3 3
-0.000148 3 2 1 2 0 0
-0.000207 3 2 1 2 0 1
0.000110 3 2 1 2 0 2
-0.000139 3 2 1 2 0 3
-0.000021 3 2 1 2 1 0
-0.000022 3 2 1 2 1 1
-0.000134 3 2 1 2 1 2
-0.000048 3 2 1 2 1 3
-0.000238 3 2 1 2 2 0
0.000006 3 2 1 2 2 1
0.000071 3 2 1 2 2 2
0.000050 3 2 1 2 2 3
0.000017 3 2 1 2 3 0
0.000093 3 2 1 2 3 1
0.000240 3 2 1 2 3 2
0.000183 3 2 1 2 3 3
-0.000119 3 2 1 3 0 0
-0.000193 3 2 1 3 0 1
0.000226 3 2 1 3 0 2
-0.000001 3 2 1 3 0 3
0.000011 3 2 1 3 1 0
-0.000064 3 2 1 3 1 1
-0.000182 3 2 1 3 1 2
0.000089 3 2 1 3 1 3
-0.000208 3 2 1 3 2 0
0.000147 3 2 1 3 2 1
0.000157 3 2 1 3 2 2
-0.000009 3 2 1 3 2 3
-0.000035 3 2 1 3 3 0
-0.000140 3 2 1 3 3 1
-0.000085 3 2 1 3 3 2
-0.000069 3 2 1 3 3 3
0.000188 3 2 2 0 0 0
0.000104 3 2 2 0 0 1
-0.000235 3 2 2 0 0 2
0.000155 3 2 2 0 0 3
0.000232 3 2 2 0 1 0
0.000237 3 2 2 0 1 1
0.000088 3 2 2 0 1 2
0.000034 3 2 2 0 1 3
-0.000057 3 2 2 0 2 0
0.000241 3 2 2 0 2 1
-0.000052 3 2 2 0 2 2
0.000244 3 2 2 0 2 3
-0.000011 3 2 2 0 3 0
0.000213 3 2 2 0 3 1
0.000012 3 2 2 0 3 2
0.000004 3 2 2 0 3 3
-0.000007 3 2 2 1 0 0
-0.000017 3 2 2 1 0 1
-0.000177 3 2 2 1 0 2
-0.000139 3 2 2 1 0 3
-0.000113 3 2 2 1 1 0
0.000113 3 2 2 1 1 1
-0.000200 3 2 2 1 1 2
-0.000181 3 2 2 1 1 3
-0.000080 3 2 2 1 2 0
-0.000042 3 2 2 1 2 1
-0.000053 3 2 2 1 2 2
-0.000127 3 2 2 1 2 3
-0.000082 3 2 2 1 3 0
0.000139 3 2 2 1 3 1
0.000131 3 2 2 1 3 2
-0.000002 3 2 2 1 3 3
0.000036 3 2 2 2 0 0
0.000239 3 2 2 2 0 1
0.000223 3 2 2 2 0 2
0.000168 3 2 2 2 0 3
0.000208 3 2 2 2 1 0
0.000004 3 2 2 2 1 1
-0.000025 3 2 2 2 1 2
0.000208 3 2 2 2 1 3
0.000138 3 2 2 2 2 0
-0.000062 3 2 2 2 2 1
-0.000155 3 2 2 2 2 2
-0.000098 3 2 2 2 2 3
0.000112 3 2 2 2 3 0
0.000002 3 2 2 2 3 1
-0.000034 3 2 2 2 3 2
-0.000242 3 2 2 2 3 3
-0.000168 3 2 2 3 0 0
0.000063 3 2 2 3 0 1
-0.000059 3 2 2 3 0 2
0.000089 3 2 2 3 0 3
-0.000203 3 2 2 3 1 0
-0.000021 3 2 2 3 1 1
0.000216 3 2 2 3 1 2
-0.000063 3 2 2 3 1 3
-0.000045 3 2 2 3 2 0
0.000049 3 2 2 3 2 1
-0.000183 3 2 2 3 2 2
-0.000059 3 2 2 3 2 3
-0.000056 3 2 2 3 3 0
0.000025 3 2 2 3 3 1
0.000029 3 2 2 3 3 2
0.000226 3 2 2 3 3 3
0.000177 3 2 3 0 0 0
-0.000207 3 2 3 0 0 1
-0.000088 3 2 3 0 0 2
-0.000137 3 2 3 0 0 3
0.000158 3 2 3 0 1 0
-0.000181 3 2 3 0 1 1
-0.000199 3 2 3 0 1 2
-0.000038 3 2 3 0 1 3
-0.000035 3 2 3 0 2 0
-0.000162 3 2 3 0 2 1
-0.000109 3 2 3 0 2 2
0.000203 3 2 3 0 2 3
0.000108 3 2 3 0 3 0
0.000038 3 2 3 0 3 1
0.000039 3 2 3 0 3 2
0.000002 3 2 3 0 3 3
-0.000183 3 2 3 1 0 0
0.000103 3 2 3 1 0 1
0.000178 3 2 3 1 0 2
0.000020 3 2 3 1 0 3
0.000006 3 2 3 1 1 0
0.000186 3 2 3 1 1 1
-0.000045 3 2 3 1 1 2
-0.000149 3 2 3 1 1 3
0.000036 3 2 3 1 2 0
-0.000140 3 2 3 1 2 1
-0.000036 3 2 3 1 2 2
-0.000095 3 2 3 1 2 3
0.000180 3 2 3 1 3 0
0.000187 3 2 3 1 3 1
-0.000005 3 2 3 1 3 2
-0.000011 3 2 3 1 3 3
0.000138 3 2 3 2 0 0
-0.000233 3 2 3 2 0 1
-0.000035 3 2 3 2 0 2
-0.000219 3 2 3 2 0 3
-0.000211 3 2 3 2 1 0
-0.000039 3 2 3 2 1 1
0.000146 3 2 3 2 1 2
-0.000135 3 2 3 2 1 3
-0.000115 3 2 3 2 2 0
0.000040 3 2 3 2 2 1
-0.000166 3 2 3 2 2 2
0.000243 3 2 3 2 2 3
-0.000156 3 2 3 2 3 0
-0.000090 3 2 3 2 3 1
0.000114 3 2 3 2 3 2
-0.000108 3 2 3 2 3 3
-0.000138 3 2 3 3 0 0
0.000204 3 2 3 3 0 1
0.000191 3 2 3 3 0 2
-0.000154 3 2 3 3 0 3
0.000187 3 2 3 3 1 0
-0.000171 3 2 3 3 1 1
0.000233 3 2 3 3 1 2
0.000153 3 2 3 3 1 3
-0.000197 3 2 3 3 2 0
-0.000030 3 2 3 3 2 1
0.000239 3 2 3 3 2 2
-0.000095 3 2 3 3 2 3
-0.000198 3 2 3 3 3 0
-0.000089 3 2 3 3 3 1
-0.000105 3 2 3 3 3 2
-0.000216 3 2 3 3 3 3
-0.000012 3 3 0 0 0 0
-0.000015 3 3 0 0 0 1
-0.000185 3 3 0 0 0 2
0.000184 3 3 0 0 0 3
-0.000229 3 3 0 0 1 0
0.000015 3 3 0 0 1 1
-0.000147 3 3 0 0 1 2
-0.000132 3 3 0 0 1 3
0.000120 3 3 0 0 2 0
0.000058 3 3 0 0 2 1
-0.000015 3 3 0 0 2 2
0.000062 3 3 0 0 2 3
0.000005 3 3 0 0 3 0
0.000130 3 3 0 0 3 1
0.000233 3 3 0 0 3 2
-0.000216 3 3 0 0 3 3
-0.000080 3 3 0 1 0 0
-0.000075 3 3 0 1 0 1
-0.000123 3 3 0 1 0 2
-0.000229 3 3 0 1 0 3
-0.000089 3 3 0 1 1 0
-0.000119 3 3 0 1 1 1
-0.000170 3 3 0 1 1 2
0.000216 3 3 0 1 1 3
0.000160 3 3 0 1 2 0
-0.000207 3 3 0 1 2 1
-0.000099 3 3 0 1 2 2
-0.000053 3 3 0 1 2 3
-0.000066 3 3 0 1 3 0
-0.000025 3 3 0 1 3 1
0.000036 3 3 0 1 3 2
0.000065 3 3 0 1 3 3
0.000127 3 3 0 2 0 0
-0.000162 3 3 0 2 0 1
0.000236 3 3 0 2 0 2
-0.000192 3 3 0 2 0 3
-0.000123 3 3 0 2 1 0
-0.000085 3 3 0 2 1 1
-0.000241 3 3 0 2 1 2
0.000096 3 3 0 2 1 3
-0.000205 3 3 0 2 2 0
-0.000110 3 3 0 2 2 1
-0.000004 3 3 0 2 2 2
-0.000033 3 3 0 2 2 3
-0.000133 3 3 0 2 3 0
0.000135 3 3 0 2 3 1
0.000095 3 3 0 2 3 2
0.000235 3 3 0 2 3 3
-0.000156 3 3 0 3 0 0
-0.000006 3 3 0 3 0 1
0.000035 3 3 0 3 0 2
-0.000062 3 3 0 3 0 3
-0.000189 3 3 0 3 1 0
0.000033 3 3 0 3 1 1
-0.000052 3 3 0 3 1 2
-0.000159 3 3 0 3 1 3
-0.000136 3 3 0 3 2 0
0.000168 3 3 0 3 2 1
-0.000002 3 3 0 3 2 2
-0.000211 3 3 0 3 2 3
0.000199 3 3 0 3 3 0
0.000205 3 3 0 3 3 1
0.000104 3 3 0 3 3 2
-0.000232 3 3 0 3 3 3
0.000210 3 3 1 0 0 0
0.000164 3 3 1 0 0 1
-0.000225 3 3 1 0 0 2
-0.000123 3 3 1 0 0 3
-0.000040 3 3 1 0 1 0
-0.000044 3 3 1 0 1 1
0.000037 3 3 1 0 1 2
0.000147 3 3 1 0 1 3
-0.000000 3 3 1 0 2 0
0.000166 3 3 1 0 2 1
0.000122 3 3 1 0 2 2
-0.000200 3 3 1 0 2 3
-0.000190 3 3 1 0 3 0
0.000074 3 3 1 0 3 1
-0.000120 3 3 1 0 3 2
0.000214 3 3 1 0 3 3
0.000023 3 3 1 1 0 0
0.000101 3 3 1 1 0 1
-0.000018 3 3 1 1 0 2
-0.000007 3 3 1 1 0 3
0.000020 3 3 1 1 1 0
-0.000098 3 3 1 1 1 1
0.000220 3 3 1 1 1 2
0.000024 3 3 1 1 1 3
-0.000157 3 3 1 1 2 0
-0.000072 3 3 1 1 2 1
0.000216 3 3 1 1 2 2
-0.000013 3 3 1 1 2 3
-0.000120 3 3 1 1 3 0
-0.000170 3 3 1 1 3 1
0.000157 3 3 1 1 3 2
0.000150 3 3 1 1 3 3
-0.000019 3 3 1 2 0 0
-0.000096 3 3 1 2 0 1
-0.000088 3 3 1 2 0 2
-0.000031 3 3 1 2 0 3
-0.000091 3 3 1 2 1 0
0.000180 3 3 1 2 1 1
0.000206 3 3 1 2 1 2
-0.000243 3 3 1 2 1 3
0.000053 3 3 1 2 2 0
0.000185 3 3 1 2 2 1
-0.000017 3 3 1 2 2 2
0.000082 3 3 1 2 2 3
0.000035 3 3 1 2 3 0
-0.000069 3 3 1 2 3 1
-0.000123 3 3 1 2 3 2
-0.000031 3 3 1 2 3 3
0.000111 3 3 1 3 0 0
0.000000 3 3 1 3 0 1
-0.000188 3 3 1 3 0 2
0.000136 3 3 1 3 0 3
0.000114 3 3 1 3 1 0
0.000156 3 3 1 3 1 1
0.000043 3 3 1 3 1 2
0.000217 3 3 1 3 1 3
-0.000015 3 3 1 3 2 0
-0.000107 3 3 1 3 2 1
0.000045 3 3 1 3 2 2
-0.000116 3 3 1 3 2 3
0.000148 3 3 1 3 3 0
-0.000131 3 3 1 3 3 1
0.000120 3 3 1 3 3 2
0.000175 3 3 1 3 3 3
0.000173 3 3 2 0 0 0
0.000191 3 3 2 0 0 1
-0.000202 3 3 2 0 0 2
-0.000197 3 3 2 0 0 3
0.000186 3 3 2 0 1 0
0.000004 3 3 2 0 1 1
-0.000238 3 3 2 0 1 2
0.000011 3 3 2 0 1 3
-0.000167 3 3 2 0 2 0
0.000134 3 3 2 0 2 1
0.000113 3 3 2 0 2 2
0.000216 3 3 2 0 2 3
-0.000050 3 3 2 0 3 0
-0.000168 3 3 2 0 3 1
-0.000161 3 3 2 0 3 2
0.000176 3 3 2 0 3 3
0.000090 3 3 2 1 0 0
0.000082 3 3 2 1 0 1
-0.000041 3 3 2 1 0 2
0.000185 3 3 2 1 0 3
-0.000046 3 3 2 1 1 0
0.000160 3 3 2 1 1 1
0.000145 3 3 2 1 1 2
-0.000209 3 3 2 1 1 3
-0.000236 3 3 2 1 2 0
-0.000003 3 3 2 1 2 1
-0.000126 3 3 2 1 2 2
0.000041 3 3 2 1 2 3
-0.000096 3 3 2 1 3 0
-0.000040 3 3 2 1 3 1
-0.000121 3 3 2 1 3 2
0.000026 3 3 2 1 3 3
-0.000037 3 3 2 2 0 0
-0.000141 3 3 2 2 0 1
0.000107 3 3 2 2 0 2
0.000053 3 3 2 2 0 3
0.000009 3 3 2 2 1 0
-0.000076 3 3 2 2 1 1
-0.000061 3 3 2 2 1 2
-0.000167 3 3 2 2 1 3
0.000122 3 3 2 2 2 0
0.000092 3 3 2 2 2 1
0.000197 3 3 2 2 2 2
0.000185 3 3 2 2 2 3
-0.000045 3 3 2 2 3 0
0.000222 3 3 2 2 3 1
0.000066 3 3 2 2 3 2
-0.000222 3 3 2 2 3 3
0.000148 3 3 2 3 0 0
0.000193 3 3 2 3 0 1
0.000072 3 3 2 3 0 2
-0.000125 3 3 2 3 0 3
-0.000198 3 3 2 3 1 0
0.000003 3 3 2 3 1 1
0.000229 3 3 2 3 1 2
0.000112 3 3 2 3 1 3
-0.000092 3 3 2 3 2 0
-0.000108 3 3 2 3 2 1
-0.000174 3 3 2 3 2 2
-0.000165 3 3 2 3 2 3
0.000075 3 3 2 3 3 0
0.000114 3 3 2 3 3 1
0.000216 3 3 2 3 3 2
-0.000070 3 3 2 3 3 3
0.000034 3 3 3 0 0 0
0.000140 3 3 3 0 0 1
0.000145 3 3 3 0 0 2
0.000025 3 3 3 0 0 3
0.000114 3 3 3 0 1 0
0.000042 3 3 3 0 1 1
-0.000046 3 3 3 0 1 2
-0.000230 3 3 3 0 1 3
0.000045 3 3 3 0 2 0
-0.000022 3 3 3 0 2 1
0.000206 3 3 3 0 2 2
0.000078 3 3 3 0 2 3
-0.000153 3 3 3 0 3 0
-0.000012 3 3 3 0 3 1
-0.000001 3 3 3 0 3 2
0.000075 3 3 3 0 3 3
0.000116 3 3 3 1 0 0
-0.000183 3 3 3 1 0 1
0.000223 3 3 3 1 0 2
-0.000003 3 3 3 1 0 3
-0.000073 3 3 3 1 1 0
0.000117 3 3 3 1 1 1
-0.000036 3 3 3 1 1 2
0.000189 3 3 3 1 1 3
0.000071 3 3 3 1 2 0
0.000119 3 3 3 1 2 1
-0.000143 3 3 3 1 2 2
-0.000009 3 3 3 1 2 3
0.000074 3 3 3 1 3 0
-0.000175 3 3 3 1 3 1
-0.000158 3 3 3 1 3 2
0.000187 3 3 3 1 3 3
0.000222 3 3 3 2 0 0
-0.000091 3 3 3 2 0 1
-0.000033 3 3 3 2 0 2
0.000207 3 3 3 2 0 3
-0.000143 3 3 3 2 1 0
-0.000113 3 3 3 2 1 1
-0.000233 3 3 3 2 1 2
-0.000155 3 3 3 2 1 3
-0.000145 3 3 3 2 2 0
-0.000131 3 3 3 2 2 1
0.000116 3 3 3 2 2 2
0.000021 3 3 3 2 2 3
-0.000129 3 3 3 2 3 0
-0.000093 3 3 3 2 3 1
-0.000185 3 3 3 2 3 2
-0.000027 3 3 3 2 3 3
0.000044 3 3 3 3 0 0
-0.000043 3 3 3 3 0 1
-0.000113 3 3 3 3 0 2
0.000042 3 3 3 3 0 3
-0.000080 3 3 3 3 1 0
0.000188 3 3 3 3 1 1
-0.000024 3 3 3 3 1 2
0.000049 3 3 3 3 1 3
0.000077 3 3 3 3 2 0
0.000242 3 3 3 3 2 1
0.000153 3 3 3 3 2 2
0.000205 3 3 3 3 2 3
0.000204 3 3 3 3 3 0
0.000059 3 3 3 3 3 1
-0.000140 3 3 3 3 3 2
0.000238 3 3 3 3 3 3
