(-1.8663661224366699+0j)
-1.137653731222465936e+00 -1.308078613684850344e+00 -1.458021204325652409e+00 -1.847512618556877761e+00 -2.006395218235320854e+00 -2.036969641823437982e+00 -1.903964728594855105e+00
-1.142307822014107188e+00 -1.353723465304843776e+00 -1.313215474808921090e+00 -1.597454580862600615e+00 -1.775380895081311250e+00 -1.930527516565060608e+00 -1.843831825753797116e+00
-1.113454953376401990e+00 -1.370348124960971692e+00 -1.392599065298086192e+00 -1.642438633558463756e+00 -1.808334222415313608e+00 -1.817164043103269400e+00 -1.813669282209910527e+00
-1.228662733528561590e+00 -1.361647481032118634e+00 -1.579700917601895682e+00 -1.955880564623653672e+00 -1.951207291883733763e+00 -1.937869984621850117e+00 -1.904745674751991302e+00
-1.249804889111701733e+00 -1.153994398689988543e+00 -1.214622449428043316e+00 -1.683345483962964462e+00 -1.907855163224237094e+00 -1.854433555730217398e+00 -1.828704741634228803e+00
-1.220437440796866557e+00 -1.429102577787399575e+00 -1.484711072310837432e+00 -1.798789939714713570e+00 -1.903566002510168609e+00 -1.856186022740732522e+00 -1.867167498618405030e+00
-1.253061395418740398e+00 -1.187712718558560310e+00 -1.225312545738195480e+00 -1.552392491628861393e+00 -1.694859121166786720e+00 -1.799585365200512044e+00 -1.853387377866723584e+00
-1.296449485172853855e+00 -1.305811063586706400e+00 -1.415604640541793469e+00 -1.355677859739750968e+00 -1.924346802289309100e+00 -1.881193149024920519e+00 -1.884938050622842587e+00
-1.205426793017967846e+00 -1.256779547503656280e+00 -1.722607478768312994e+00 -2.028346288464441649e+00 -1.965599680599013688e+00 -1.879922010013815203e+00 -1.815428970456236524e+00
-1.399494611271650868e+00 -1.452615470647946605e+00 -1.755570529770181798e+00 -1.710498600082015486e+00 -1.837224852088522820e+00 -1.833048041159442310e+00 -1.877613424773471706e+00
-1.254040076759682210e+00 -1.133211196496176409e+00 -1.469217154148491300e+00 -1.718673178651567657e+00 -1.720378907407813962e+00 -1.850994909425650592e+00 -1.886785203101339237e+00
-1.165110604488917900e+00 -1.315186492029885690e+00 -1.344562759619718939e+00 -1.920233134069788905e+00 -1.889208631292369045e+00 -1.878267239925191401e+00 -1.872024500848199491e+00
-1.219799419744312718e+00 -1.225957336464203129e+00 -1.702135098381516443e+00 -1.804929837057813735e+00 -2.026356407068713228e+00 -1.928634697572730428e+00 -1.878361877372999533e+00
-1.178170704532262913e+00 -1.132012660591131592e+00 -1.397351952426959754e+00 -1.570716344373596751e+00 -1.954061643336537202e+00 -1.841027475188479645e+00 -1.873977973079288262e+00
-1.328343826069136924e+00 -1.334963771601066940e+00 -1.532315024728274633e+00 -1.790825782121429288e+00 -1.765025328851807185e+00 -1.914056177272367876e+00 -1.913273784549659462e+00
-1.142155293591819110e+00 -1.454848337833465122e+00 -1.464430561149958177e+00 -1.578765034000652712e+00 -1.891286959038041005e+00 -1.849886551305370830e+00 -1.881389762260905929e+00
-1.210665834265021168e+00 -1.171962112379189680e+00 -1.149484659532146846e+00 -1.628979155570532633e+00 -1.817883542652176443e+00 -1.891077931938411893e+00 -1.899665969695864653e+00
-1.362118530487010037e+00 -1.464618257019888903e+00 -1.660125337816081181e+00 -2.045650962850235288e+00 -1.966042627722171199e+00 -1.874262998777136646e+00 -1.902463982406314091e+00
-1.390112120983564736e+00 -1.355029908872340982e+00 -1.555646466900103331e+00 -1.811335112194710772e+00 -1.809066023251201472e+00 -1.849090867012235684e+00 -1.924398383649549960e+00
-1.113566673078672853e+00 -1.264008151577367123e+00 -1.455861730351420302e+00 -1.764950353540813532e+00 -1.827137698358288986e+00 -1.875465953439974687e+00 -1.814764007445409000e+00
-1.241030536884053959e+00 -1.284556761333655261e+00 -1.489307208620995526e+00 -1.785643843972284817e+00 -1.911049613037292927e+00 -1.900040504343792680e+00 -1.858232025865313553e+00
-1.334675527350424051e+00 -1.414677356746199877e+00 -1.271745198560679135e+00 -1.420426626351799504e+00 -1.840360536485320608e+00 -1.895691373152400105e+00 -1.894775140906310273e+00
-1.280979521847260383e+00 -1.406892428864098932e+00 -1.624262335905350074e+00 -1.697958458103564716e+00 -1.918316432497877422e+00 -1.886691794150031631e+00 -1.876607803390808016e+00
-1.148335870242887191e+00 -1.261590646653821590e+00 -1.521981676269376971e+00 -1.909598146039730882e+00 -1.889819365790658345e+00 -1.881586228380216941e+00 -1.804293787812690120e+00
-1.156924966661698972e+00 -1.299134433870788419e+00 -1.660757673506845000e+00 -1.774137774974448911e+00 -1.987096372789137977e+00 -1.940524634866740428e+00 -1.873070674009984060e+00
-1.210935694055004008e+00 -1.311382266226290394e+00 -1.388012596880724203e+00 -1.458885585651836569e+00 -1.618043298187383128e+00 -1.808255808670137244e+00 -1.861102857362191498e+00
-1.120241041196880394e+00 -1.156396925432231937e+00 -1.471970121659390784e+00 -1.768029844745079515e+00 -1.686815204013895286e+00 -1.874060452904641405e+00 -1.870237625264386416e+00
-1.235350601558190320e+00 -1.223624982922965732e+00 -1.588553615243231132e+00 -1.762598937534507026e+00 -2.007477073619557295e+00 -1.780435848472921023e+00 -1.851439526166489102e+00
-1.420017356042438061e+00 -1.432357874104711604e+00 -1.391206796121117639e+00 -1.408799743518297287e+00 -1.701845786910937797e+00 -1.831128352401677706e+00 -1.819495223877420909e+00
-1.251514510134358549e+00 -1.353025099618101246e+00 -1.704281349763673958e+00 -1.723319573535418314e+00 -1.786700625089410632e+00 -1.837403128490571635e+00 -1.848980326030192911e+00
-1.233743278239311625e+00 -1.413257559976810906e+00 -1.491916110525628891e+00 -1.876580301533973039e+00 -1.979765005615132134e+00 -1.865052051818750556e+00 -1.869406462639752631e+00
-1.157911313056018354e+00 -1.350979604020114966e+00 -1.627010182395008719e+00 -1.940568962477090320e+00 -1.844682669526790164e+00 -1.778377635058887130e+00 -1.817666440372727621e+00
-1.323320553224528240e+00 -1.449236859114688913e+00 -1.667608238348803340e+00 -1.885300826092458415e+00 -2.038472982668790845e+00 -1.898701102563625343e+00 -1.910133029783546599e+00
-1.070477041337884572e+00 -1.268110031277712269e+00 -1.404234388573219139e+00 -1.732707451486110273e+00 -2.049189056666428144e+00 -1.872025186018995146e+00 -1.891155402783240902e+00
-1.135894397743700379e+00 -1.449839104831443848e+00 -1.577289142058129867e+00 -1.698486236324936449e+00 -1.857884118482603819e+00 -1.794344510369090706e+00 -1.870642222574460556e+00
-1.328104188272472452e+00 -1.251727498452876119e+00 -1.589325372439872597e+00 -1.764188308238690439e+00 -1.679174181754604867e+00 -1.717145877900315254e+00 -1.782599425820970751e+00
-1.245324190703287481e+00 -1.157348630852103266e+00 -1.358479456880802516e+00 -1.683732880437689872e+00 -1.681257471277996851e+00 -1.880480901791758530e+00 -1.897079447689494103e+00
-1.369214788813673422e+00 -1.641830329971276203e+00 -1.722914726232367633e+00 -1.936930644277883085e+00 -2.018578898871299820e+00 -1.923042874090336918e+00 -1.874152421628393350e+00
-1.187693589668306515e+00 -1.278402660759472287e+00 -1.596233708147316577e+00 -1.604004590955751208e+00 -1.903441535839730969e+00 -1.833927871377602603e+00 -1.864046173594240186e+00
-1.172991532959211991e+00 -1.270580619211829632e+00 -1.539612755154474932e+00 -1.723755236303474714e+00 -1.940874001168760410e+00 -1.868254629802718725e+00 -1.886782593203140568e+00
-1.237646116105428851e+00 -1.170826647613876004e+00 -1.201058893495516200e+00 -1.372871562098630260e+00 -1.642764196377092034e+00 -1.871535548464184018e+00 -1.837670116761044081e+00
-1.346980879268509845e+00 -1.500689482467926883e+00 -1.783196287969821769e+00 -1.647563730471079069e+00 -1.812840805464792870e+00 -1.900645053025401099e+00 -1.875606324584736528e+00
-1.219990221809827080e+00 -1.241343074539577263e+00 -1.121284808806043420e+00 -1.475470083413521039e+00 -1.704717244055772962e+00 -1.823081615947296008e+00 -1.875225780777298734e+00
-1.322342485297766101e+00 -1.440239606096235692e+00 -1.410019090993284596e+00 -1.537693991305742358e+00 -1.732853844882512373e+00 -1.839316512045810370e+00 -1.847602019534879902e+00
-1.159688892692781303e+00 -1.373448292624350309e+00 -1.641356137986924146e+00 -1.511443732077811353e+00 -1.910837967887872857e+00 -1.859698993882984208e+00 -1.854517424601038522e+00
-1.110916299175361610e+00 -1.317033457464233503e+00 -1.574425931434843440e+00 -1.688954037149274168e+00 -1.915555555959229217e+00 -1.874238806810508251e+00 -1.878305653222569926e+00
-1.207824450605641919e+00 -1.200121384822561366e+00 -1.427053665419759643e+00 -1.830196641029796290e+00 -1.859278158850440343e+00 -1.892727841249015830e+00 -1.892405640799557531e+00
-1.132807833379738893e+00 -1.182753953159092486e+00 -1.433831343066207076e+00 -1.640265274010757501e+00 -1.650235889012908963e+00 -1.762861160361862467e+00 -1.824294358151217210e+00
-1.329200497383819846e+00 -1.342335731789705777e+00 -1.511760979096623103e+00 -1.734304901358835860e+00 -1.876894474417629688e+00 -1.886136815135076361e+00 -1.883795768757384081e+00
-1.314300060339997689e+00 -1.284516636935667755e+00 -1.541575188455622580e+00 -1.878264667891053730e+00 -1.748110824360481708e+00 -1.853189702557354046e+00 -1.874585024384942455e+00
