(-1.8663661224366699+0j)
-1.394600362632205215e+00 -1.802621353862434717e+00 -1.923288305182783819e+00 -1.803582630044205271e+00 -1.885366465985600204e+00 -1.878116257381804211e+00 -1.865229639305338694e+00
-1.112636551942881136e+00 -1.411350856304596668e+00 -1.627045979788738883e+00 -1.899803873551841438e+00 -1.843603565031665781e+00 -1.863849215680817739e+00 -1.875348941844302120e+00
-1.194179442683695136e+00 -1.206038392245331714e+00 -1.741301189507092895e+00 -1.862045722170761142e+00 -1.890501493428313973e+00 -1.864005764345335825e+00 -1.870203505710470449e+00
-1.190393880676953398e+00 -1.769929529531060641e+00 -1.670989846562511261e+00 -1.856972930767656127e+00 -1.882950947121541763e+00 -1.871828315714587632e+00 -1.875997707625779443e+00
-1.103968336260388483e+00 -1.514531676208186628e+00 -1.824341656104791820e+00 -1.797984555553054031e+00 -1.855561268526554120e+00 -1.836315161504747273e+00 -1.864275247771709498e+00
-1.169166379666556788e+00 -1.468452276279925250e+00 -1.498770959649259771e+00 -1.746764638517170010e+00 -1.795668344019044405e+00 -1.879850279344569497e+00 -1.872105356670199949e+00
-5.831953245020863319e-01 -1.628946288662127984e+00 -1.787957054367765641e+00 -1.727400721575302445e+00 -1.774069429506374584e+00 -1.855564725587321995e+00 -1.879254741786287042e+00
-1.570387821562442277e+00 -1.867268884647728999e+00 -1.964689942809023426e+00 -1.886289962322863945e+00 -1.835771059328292765e+00 -1.856695189819423275e+00 -1.857690829815368039e+00
-1.369006419773515670e+00 -1.482665431823658508e+00 -1.987212425532282944e+00 -1.954688048435569314e+00 -1.892534084091793467e+00 -1.869989057713114633e+00 -1.864895159279551073e+00
-1.628063751456404473e+00 -1.530103528938618229e+00 -1.778573567225199437e+00 -1.790471637620814294e+00 -1.884505155508513941e+00 -1.881917777988333818e+00 -1.861355633442271396e+00
-1.648016389525644110e+00 -1.691951993096041384e+00 -1.998475770166585175e+00 -1.881564798435911401e+00 -1.904281650668851800e+00 -1.857820774381790718e+00 -1.853405827939518025e+00
-1.540867734787844112e+00 -1.521154321276803500e+00 -1.718146590981854738e+00 -1.794639885649820021e+00 -1.828756799837619074e+00 -1.850819070058228544e+00 -1.852163901620486719e+00
-1.282075042288549183e+00 -1.966592261676884057e+00 -1.995654137434840436e+00 -1.958378349263277807e+00 -1.863957529613101016e+00 -1.864000435042793669e+00 -1.867655152903503923e+00
-1.524469506125999629e+00 -1.426998949069358424e+00 -1.623133635718769785e+00 -1.848488831360580731e+00 -1.870583486347257907e+00 -1.885346742955567922e+00 -1.883093493060815193e+00
-1.141237998357793160e+00 -1.454111003629307231e+00 -1.877626020774050497e+00 -1.883768601611898186e+00 -1.835412278427465793e+00 -1.865298877169827563e+00 -1.866707154401052726e+00
-1.021372124181012975e+00 -1.477099262202065333e+00 -1.737639683022267123e+00 -1.736964339552446557e+00 -1.766484534825330854e+00 -1.849768471947204951e+00 -1.857030277427980325e+00
-1.823160033360248011e+00 -1.781483328679007716e+00 -1.887619024910943466e+00 -1.851169774911135768e+00 -1.838720956409801932e+00 -1.850085312633664270e+00 -1.842246782768865776e+00
-1.384170216072690973e+00 -1.623416226919834671e+00 -2.024603712284062773e+00 -1.921595375651418136e+00 -1.868804964294353166e+00 -1.881862338078203800e+00 -1.876949270334012709e+00
-1.337535183651142656e+00 -1.656763812842341421e+00 -1.846945370098751482e+00 -1.873158111755555577e+00 -1.836429775343344062e+00 -1.850383994066715276e+00 -1.862585801125631768e+00
-1.198852571804898792e+00 -1.615684148456775659e+00 -2.029503408169909928e+00 -1.996683525048980723e+00 -1.899293341800964985e+00 -1.887862228590633018e+00 -1.861538519342165410e+00
-1.379656205698740479e+00 -1.601435643569874445e+00 -1.990565402155755059e+00 -1.891299395022616014e+00 -1.947019783390562031e+00 -1.906525690518464877e+00 -1.880313505109602268e+00
-1.553850784535989238e+00 -1.664372360699948761e+00 -1.834417677828569904e+00 -1.889783809212584265e+00 -1.847357627320652895e+00 -1.869522631725976325e+00 -1.877502096924505537e+00
-1.059654332424507128e+00 -1.796595918311071127e+00 -1.831112045317257353e+00 -1.764793118609298661e+00 -1.821005866178211141e+00 -1.843325247070108475e+00 -1.857758087019705018e+00
-1.523490926881761798e+00 -1.880731220863867570e+00 -1.932340370576896893e+00 -1.773743181310198924e+00 -1.821088167117357770e+00 -1.826141232658144098e+00 -1.856650950313602610e+00
-1.328928768012142214e+00 -1.915031868590692188e+00 -2.198892437430553848e+00 -1.898308674079939973e+00 -1.908503975524181273e+00 -1.895148952352850857e+00 -1.887805857844487178e+00
-1.451724499715153716e+00 -1.861198518675337477e+00 -1.856547298235955434e+00 -1.897626748812915043e+00 -1.882658914995398058e+00 -1.867732917202141518e+00 -1.876001705586817003e+00
-1.357912864012993603e+00 -1.739699869354693451e+00 -1.940488347667005176e+00 -1.849631703046501929e+00 -1.903998186729915165e+00 -1.880171903191844684e+00 -1.863030563052801458e+00
-1.383840631861954495e+00 -1.655100769720248000e+00 -1.721478392041717598e+00 -1.911232502944256062e+00 -1.861218179890851809e+00 -1.841781731748681983e+00 -1.869902218125315319e+00
-1.184717236439745580e+00 -2.171948990953529446e+00 -1.948465951181371558e+00 -1.870802563632088189e+00 -1.882936006917375948e+00 -1.870721494345170210e+00 -1.868860588703582959e+00
-6.068952137416399051e-01 -1.433831231706086839e+00 -1.785017851123889443e+00 -1.851599679754392547e+00 -1.829392691995466613e+00 -1.851372069759354755e+00 -1.865958630879670954e+00
-7.977002590624938660e-01 -1.626923915684969746e+00 -1.902047881040972221e+00 -1.828893750026476805e+00 -1.867454128084363951e+00 -1.863616973081208883e+00 -1.865075251862970962e+00
-1.168346339677728718e+00 -1.780458219654675878e+00 -1.782370531551726645e+00 -1.962929233371810689e+00 -1.930288811436485563e+00 -1.866589232518668373e+00 -1.865210249480722116e+00
-1.363580593305344202e+00 -1.712820903666425698e+00 -1.797557598491958730e+00 -1.961425227899843415e+00 -1.934891904397080253e+00 -1.887923904689125632e+00 -1.876022441884067860e+00
-1.709994198108019114e+00 -1.727196176891217627e+00 -1.893188349172152396e+00 -1.900015890951267661e+00 -1.896569925021605041e+00 -1.891041419558524117e+00 -1.880709058262074240e+00
-1.664689781311293970e+00 -2.159909321512715863e+00 -1.922586232332662792e+00 -1.780927882196003953e+00 -1.858511584129333594e+00 -1.883754178018089753e+00 -1.870378022637940285e+00
-1.426255607616811139e+00 -1.845856786170762875e+00 -1.895100507024315206e+00 -1.870862926791891256e+00 -1.854355064035619005e+00 -1.871681299069050564e+00 -1.868403971340156344e+00
-1.415808490703998945e+00 -1.922943120348816093e+00 -2.118954960438768076e+00 -1.947023863168164670e+00 -1.895349378940262675e+00 -1.863057786202132249e+00 -1.868533719033195650e+00
-1.329895510471897468e+00 -1.779984117900799578e+00 -1.806866658536360859e+00 -1.924085170287345603e+00 -1.899238648769213000e+00 -1.881337159571593753e+00 -1.870053125893958779e+00
-1.071850837438219850e+00 -1.155716689296477639e+00 -1.908528531061106870e+00 -1.901441866863231356e+00 -1.881169843143226217e+00 -1.883992485376720261e+00 -1.892241321013562017e+00
-1.811301441720035044e+00 -1.777779297544676229e+00 -1.980133433822772071e+00 -1.923959541217032942e+00 -1.924799304085583973e+00 -1.853013163906719107e+00 -1.876971881024138478e+00
-1.683917001457973406e+00 -1.731906537042048111e+00 -1.744496662164217282e+00 -1.799182249926386312e+00 -1.869572456794785786e+00 -1.905437217512419679e+00 -1.878736064473324863e+00
-1.121572082393576864e+00 -1.716879771011164735e+00 -1.768965369124411824e+00 -1.795958296523795017e+00 -1.862318447121976472e+00 -1.892357681349381204e+00 -1.866961034370863803e+00
-1.351797418768968306e+00 -1.776258346656883536e+00 -1.912880957313068953e+00 -1.925741233332792568e+00 -1.841690193655785235e+00 -1.875362003145101708e+00 -1.868123731522030262e+00
-1.314186110549019126e+00 -1.461252071473817749e+00 -1.855433338600493975e+00 -1.824522510770292039e+00 -1.845398679543403420e+00 -1.850324168913438871e+00 -1.859392711441410606e+00
-1.652000516267693397e+00 -1.772027888030108800e+00 -2.072096503776116094e+00 -1.907799043873288802e+00 -1.887771169276939220e+00 -1.859358644678936079e+00 -1.876676638289108467e+00
-1.341793319294771747e+00 -1.565362797068975631e+00 -1.922443868725181471e+00 -1.875207400166256866e+00 -1.878086347834500014e+00 -1.859300087138055169e+00 -1.876563525484313377e+00
-1.405957337053500567e+00 -1.273246577005001434e+00 -1.714167835754403457e+00 -1.775477219393331474e+00 -1.776308668969263982e+00 -1.832689474277758190e+00 -1.854814716541602237e+00
-1.652994723547320355e+00 -2.000523457630571045e+00 -2.094895840615916160e+00 -1.951265452658906163e+00 -1.882251579810670705e+00 -1.849047618410416760e+00 -1.845097534033528053e+00
-1.407682263653998955e+00 -1.551435114987189667e+00 -1.868688656262688763e+00 -1.799476130756039183e+00 -1.837616353561933868e+00 -1.858719291971852705e+00 -1.867730771018530245e+00
-1.555071782310595507e+00 -1.708724007282469426e+00 -1.496307952645575812e+00 -1.845087198733340372e+00 -1.872804023315672861e+00 -1.898589130229982436e+00 -1.879047748479854674e+00
