(-1.8663661224366699+0j)
-1.391229761294069611e+00 -1.982255624901812174e+00 -1.821834486523771668e+00 -1.860792576992336800e+00 -1.845611621706727323e+00 -1.881895401664629208e+00 -1.880699992002772269e+00
-1.708893296382789861e+00 -1.815968739979871849e+00 -2.068902605519421734e+00 -1.889514347634432934e+00 -1.933348258404295361e+00 -1.881733360963580015e+00 -1.869426089986127915e+00
-1.631705089649715834e+00 -1.613563595600930878e+00 -1.627276302095179927e+00 -1.842202204326651716e+00 -1.836614863512798568e+00 -1.863914936568220160e+00 -1.863845839922764203e+00
-1.561828633179101811e+00 -2.146714412666450578e+00 -2.050690363299842556e+00 -1.730224077351997902e+00 -1.846141329539516818e+00 -1.868029134828551818e+00 -1.858710961766528946e+00
-1.562087768225728812e+00 -1.268071609054766347e+00 -1.895750382837157133e+00 -2.006461931522652620e+00 -1.861152763668266097e+00 -1.857517155610928228e+00 -1.846756220187819375e+00
-1.575856079196401360e+00 -1.971038540706779418e+00 -1.778367579521543007e+00 -1.922428870269633494e+00 -1.899699447076560244e+00 -1.852452373764393201e+00 -1.876128728202917983e+00
-1.379558696616232538e+00 -2.300501908132278395e+00 -1.893955544398381097e+00 -1.900706029357829063e+00 -1.867598540717617217e+00 -1.898390559111880149e+00 -1.856622872984808659e+00
-1.023853333683107047e+00 -1.704187603340990176e+00 -1.869079286113199512e+00 -1.918404599403313426e+00 -1.927789775179847398e+00 -1.867575538168982474e+00 -1.869307923898780421e+00
-1.249169134026859362e+00 -1.597037690145535649e+00 -1.798606948831930730e+00 -1.852923749073751791e+00 -1.811810156255573956e+00 -1.854888529972524847e+00 -1.871192033289867496e+00
-1.244226426435022903e+00 -1.924173687900389007e+00 -2.110573241846015247e+00 -1.885763011286423652e+00 -1.844936124360051721e+00 -1.842775204930200861e+00 -1.862805442219661600e+00
-1.333903359844358816e+00 -1.767791441878417746e+00 -2.052749377061774183e+00 -1.957905311022680284e+00 -1.893710556859064864e+00 -1.868990938782182365e+00 -1.855130964275407912e+00
-1.372786457022723283e+00 -1.199815300538257024e+00 -2.055465143010707152e+00 -1.847759861429241424e+00 -1.857558203255911256e+00 -1.857806028921665353e+00 -1.884347706937721023e+00
-1.500791509143807323e+00 -2.077446910192682683e+00 -1.780145231486559343e+00 -1.850854218020619335e+00 -1.917344955645430948e+00 -1.848167673010549406e+00 -1.866602252351406532e+00
-1.291867078985982076e+00 -2.144757466573288696e+00 -1.893609715633952417e+00 -1.897197363022572469e+00 -1.809421345584680374e+00 -1.826495135568127814e+00 -1.860585678519090624e+00
-1.461783997532706936e+00 -1.992749412988527924e+00 -1.913273044992947813e+00 -1.843972487478592548e+00 -1.889836259577472699e+00 -1.879821409853373648e+00 -1.866172479647791427e+00
-1.570759069407219544e+00 -2.027998072165567045e+00 -1.921755095260356594e+00 -1.818618533638348023e+00 -1.890888515449350660e+00 -1.821224764452105571e+00 -1.863653200456197645e+00
-1.124467717478708773e+00 -2.124856674339735463e+00 -1.735226671384657360e+00 -1.939027826212106342e+00 -1.842156079207954100e+00 -1.853742200542966234e+00 -1.876573882052675390e+00
-1.615834807729052081e+00 -2.025782975384216922e+00 -1.884920700036308183e+00 -2.000771829934016033e+00 -1.844000824519707482e+00 -1.891793744341259798e+00 -1.865660776015670930e+00
-1.304822950524846092e+00 -2.114241646509036787e+00 -1.789520707409912870e+00 -1.778890270852230282e+00 -1.903133556282010419e+00 -1.852709399196633022e+00 -1.887427384944630138e+00
-1.246088810211238407e+00 -1.661315826401452700e+00 -1.884366163115421822e+00 -1.761937906851161584e+00 -1.896964960649316634e+00 -1.860080389338687024e+00 -1.875860617934367536e+00
-1.231775868391473683e+00 -2.078527629740820615e+00 -1.948712263611738882e+00 -1.917481652788726620e+00 -1.910109675467117629e+00 -1.888680486386520974e+00 -1.869030269529921906e+00
-1.397177971694710585e+00 -1.504167685186557080e+00 -1.923489283680717588e+00 -1.829951678666814407e+00 -1.847585591952296102e+00 -1.891959892709212721e+00 -1.872641762409157806e+00
-1.341422941146668935e+00 -2.136234638940028852e+00 -1.693253633809832959e+00 -1.657939514734105391e+00 -1.872465788964553957e+00 -1.863154905908732895e+00 -1.852611932513412274e+00
-1.024806724666949442e+00 -1.871921631025946553e+00 -1.831586642720695046e+00 -1.768033969088767643e+00 -1.898354000291516908e+00 -1.867846037651956559e+00 -1.864261125320239021e+00
-1.352169009790175735e+00 -1.458176349300285501e+00 -1.747081040388826612e+00 -1.995007337000419323e+00 -1.917719972097176484e+00 -1.874726834769735007e+00 -1.865424286407774579e+00
-1.482268862539755094e+00 -1.658517766183341458e+00 -1.858464894260028366e+00 -1.854067037600117818e+00 -1.908435671329365757e+00 -1.877359977896195131e+00 -1.868377747396991362e+00
-1.475561377311706002e+00 -2.180548328478745468e+00 -1.961089678737490294e+00 -1.815809529717393733e+00 -1.858138597317586793e+00 -1.872839770108645441e+00 -1.865933946580562885e+00
-1.288992982731409054e+00 -1.941667716461415560e+00 -1.917562000105606845e+00 -1.818325221847247652e+00 -1.852051057853950855e+00 -1.876986430468145173e+00 -1.869742000786184466e+00
-1.149893445616257504e+00 -2.051312736302123518e+00 -1.884374110980297612e+00 -1.867609696277837461e+00 -1.893188207438911030e+00 -1.887284603732524602e+00 -1.879470244486437513e+00
-1.192250241185422333e+00 -1.788579126366604655e+00 -1.677210557899329935e+00 -1.829280877665517613e+00 -1.849730051358491778e+00 -1.864448746594292716e+00 -1.856102921066110856e+00
-1.368663053741126401e+00 -1.633108866302875439e+00 -1.842309837379491722e+00 -1.822858621416706848e+00 -1.897599333920845233e+00 -1.891338138339884178e+00 -1.870759703270447716e+00
-1.216912005569297683e+00 -1.724869061485227784e+00 -1.672056161929122986e+00 -1.924968709349252460e+00 -1.836716853306591180e+00 -1.898087438537698235e+00 -1.862050655391573439e+00
-1.516517715118658849e+00 -2.085592213615154122e+00 -1.690368755888298491e+00 -1.799542484158324296e+00 -1.862486103159256112e+00 -1.833123951580568622e+00 -1.865729110282648762e+00
-1.530575345621681738e+00 -1.813945804164045272e+00 -1.919069778540212656e+00 -1.880566147805638133e+00 -1.901897753012428804e+00 -1.846095314129754250e+00 -1.873752276476276624e+00
-1.287561215566502382e+00 -1.815279924899852126e+00 -1.970914022368469576e+00 -1.992847266241023707e+00 -1.797520123195277097e+00 -1.843914884645521335e+00 -1.872542686126374534e+00
-1.074095661405038538e+00 -1.264237232908339337e+00 -1.932359661427214714e+00 -1.829965122707142289e+00 -1.849129915895607601e+00 -1.878125997718361750e+00 -1.870776783318098602e+00
-1.484143738561546133e+00 -1.578668230889636703e+00 -1.807133151344738176e+00 -1.887364715747618327e+00 -1.847216344111670239e+00 -1.856509378001670374e+00 -1.853182144018733046e+00
-1.737730602924959289e+00 -2.136236619660633718e+00 -1.768433495184551063e+00 -1.904050012139743675e+00 -1.824796205303614638e+00 -1.893019801565591687e+00 -1.857240383783951287e+00
-1.098614486448870942e+00 -1.992638599202711802e+00 -1.684052130400213176e+00 -1.981224343909190555e+00 -1.804747781629533865e+00 -1.853299465875876795e+00 -1.847959936053559238e+00
-1.352468831774995772e+00 -1.541018464295263124e+00 -1.764538202902021347e+00 -1.953031487230026730e+00 -1.882058141876003399e+00 -1.851356899710672632e+00 -1.878778913890429170e+00
-1.255967243364995323e+00 -1.682628639793398051e+00 -2.006604903942625029e+00 -1.893227583605847641e+00 -1.836429065456708809e+00 -1.868560251257514127e+00 -1.872242181944243189e+00
-1.241306807928759026e+00 -2.064832935497832089e+00 -2.077144362763896801e+00 -1.856979415486767815e+00 -1.879056513470569012e+00 -1.876623202153292702e+00 -1.859182764774344188e+00
-1.318353474544816883e+00 -1.999909193429118659e+00 -1.900409224904990202e+00 -1.775943297408254740e+00 -1.848058260444470413e+00 -1.859817056244215339e+00 -1.859762949323094272e+00
-1.571206992961837745e+00 -1.552247890029424759e+00 -1.855441609987062979e+00 -1.987442763722729211e+00 -1.798589137431449547e+00 -1.843375553674729828e+00 -1.863548303747519785e+00
-1.235720068190794052e+00 -2.200919242433011291e+00 -1.939798160400600491e+00 -1.943256633006450684e+00 -1.825060530364451594e+00 -1.866776753066471839e+00 -1.859293374336708826e+00
-1.540925211423342489e+00 -1.788732308674789717e+00 -1.824574258989628994e+00 -2.082248191757765987e+00 -1.841138767074120830e+00 -1.871189658367737874e+00 -1.862801647190773568e+00
-1.280789754619424459e+00 -2.208858534411391350e+00 -1.704820469454653153e+00 -1.895811962232005321e+00 -1.807137709286813720e+00 -1.867940280382405671e+00 -1.872224584883493748e+00
-1.363210511505156042e+00 -1.807000702012002691e+00 -1.737621237812034813e+00 -1.864629670252396565e+00 -1.928161871843156350e+00 -1.861550450622576847e+00 -1.884033154991761272e+00
-1.348944913056180805e+00 -1.706801922745078137e+00 -1.850241311347432527e+00 -1.861625098896736663e+00 -1.934758406206954939e+00 -1.891428600206783051e+00 -1.863428806694221507e+00
-1.086235113777209937e+00 -1.962044898984124375e+00 -1.926629850235210162e+00 -1.786484470621198639e+00 -1.860437664814521330e+00 -1.868118649162138656e+00 -1.879862663897800434e+00
