(-1.8663661224366699+0j)
-1.289769400483887551e+00 -1.339458722091330767e+00 -1.609713287865785825e+00 -1.696795031409260801e+00 -1.634579122737246815e+00 -1.859227831466192526e+00 -1.845330872238322151e+00
-1.306662933004778093e+00 -1.359099072127019081e+00 -1.534731926350461961e+00 -1.555818437163427381e+00 -1.815232699355569856e+00 -1.648440033953073813e+00 -1.779518055738016136e+00
-9.702220700818019461e-01 -1.404743355077726408e+00 -1.440043950720977461e+00 -1.604025147725308464e+00 -1.870785080061911021e+00 -1.697587616325242355e+00 -1.876604702551677217e+00
-1.690197698465651488e+00 -1.418248383008566593e+00 -1.462516708012578492e+00 -1.597341543648585382e+00 -1.517050511899808551e+00 -1.866796599154733283e+00 -1.878738817967467778e+00
-1.349872426035521933e+00 -1.163331787938296058e+00 -1.563505362451935055e+00 -1.549250804923607117e+00 -1.732455488784980790e+00 -1.786160598291748780e+00 -1.843065664691595718e+00
-1.174129827518321845e+00 -1.186482111660930983e+00 -1.187556202732014343e+00 -1.751502225405172419e+00 -1.506244526776910231e+00 -1.752808340573078993e+00 -1.883300736133232789e+00
-1.088335436046811155e+00 -1.379390337928868115e+00 -1.418129556443887385e+00 -1.459184059902912223e+00 -1.667639828673274760e+00 -1.832811500921623704e+00 -1.946671972130291639e+00
-1.046311228024271234e+00 -1.253355661540537902e+00 -1.444979215142769391e+00 -1.538742381746369681e+00 -1.796100924874176830e+00 -1.787487332498645554e+00 -1.918419967718013375e+00
-1.313563664261621966e+00 -1.229409755169533991e+00 -1.161640969212740515e+00 -1.846927152698476293e+00 -1.697158373067825465e+00 -1.851377810454955641e+00 -1.923194364104349408e+00
-1.031049141266693114e+00 -1.118739738402410699e+00 -1.401928816745202866e+00 -1.757855430452647250e+00 -1.825322016503463374e+00 -1.860612739405452354e+00 -1.816210268230809000e+00
-1.367678351260622316e+00 -1.351863278106354427e+00 -1.615737833918019728e+00 -1.765812314241758996e+00 -1.706729707331984036e+00 -1.821329275713457818e+00 -1.681130620008581822e+00
-1.290609308266984501e+00 -1.430634730192291038e+00 -1.221110085626779806e+00 -1.126405065436784758e+00 -1.757553110603180535e+00 -1.922269181275132688e+00 -1.900522091537358182e+00
-1.094563756127350462e+00 -1.298370400719755402e+00 -1.313983887074431145e+00 -1.460275250961136972e+00 -1.748511583499218203e+00 -1.844800142391398445e+00 -1.863820305444044312e+00
-1.394830433137795422e+00 -1.256961608038539735e+00 -1.449382526659492854e+00 -1.801735574096923198e+00 -1.674666359014397976e+00 -1.871638190998861750e+00 -1.888215202658826142e+00
-1.118157736242533007e+00 -1.468955218060577828e+00 -1.344276513465541445e+00 -1.480872912231454563e+00 -1.758067852852769786e+00 -1.798135183941083737e+00 -1.855121883165704588e+00
-1.082295181701390607e+00 -1.402081944296130089e+00 -1.333261550578773047e+00 -1.699328291209604824e+00 -1.526281352038685979e+00 -1.872387221211409880e+00 -1.781100552002803150e+00
-1.252195143141903833e+00 -1.208052685081522748e+00 -1.462002349398563217e+00 -1.630276202547749076e+00 -1.871142040286235098e+00 -1.819642636847812911e+00 -1.809657716568432217e+00
-1.257375476218129950e+00 -1.115510697771026072e+00 -1.226076740679706401e+00 -1.615189066123940531e+00 -1.967784582173650376e+00 -1.755490824936890126e+00 -1.844619716980588020e+00
-1.225866214624031558e+00 -1.327177438921326003e+00 -1.414475060959245578e+00 -1.702443185818662386e+00 -1.783608411628298196e+00 -1.875964003536410907e+00 -1.900582385686294895e+00
-1.152540687978458323e+00 -1.582864851655379823e+00 -1.657369412136995290e+00 -1.495435072211791283e+00 -1.416818486786760589e+00 -1.773139295654065695e+00 -1.889488744739322046e+00
-1.269549642784445043e+00 -1.268440977711678963e+00 -1.457711403766120739e+00 -1.504719259235586470e+00 -1.844155340394211695e+00 -1.911780710832330366e+00 -1.854465001706211424e+00
-1.154088199131698023e+00 -1.431854121062971164e+00 -1.414829883670066568e+00 -1.295029601810615771e+00 -1.978457541676963860e+00 -1.713424536296697998e+00 -1.911136192191926542e+00
-1.303847705336156793e+00 -1.133441445829182381e+00 -1.205095794585950397e+00 -1.558610962101600439e+00 -1.758881610707911047e+00 -1.899963692271104510e+00 -1.860932684333386433e+00
-9.756605730322016612e-01 -1.258135150661613855e+00 -1.329672355675022066e+00 -1.669407603728334522e+00 -1.939983134559412736e+00 -1.754774634264292477e+00 -1.845573541854444333e+00
-1.486375559152527170e+00 -1.383408910845496775e+00 -1.321228107760301196e+00 -1.696851922598062723e+00 -1.808891134399302159e+00 -1.764409680602196051e+00 -1.905055512999852541e+00
-1.441597922067865634e+00 -1.459591771869996002e+00 -1.455479423958896845e+00 -1.522954004080181001e+00 -1.820614548911585695e+00 -1.724014228185590136e+00 -1.879726616969837449e+00
-1.226908126101818208e+00 -1.348686334215810856e+00 -1.212645984165485080e+00 -1.717037811945983705e+00 -1.553913654069937422e+00 -1.856027941205256493e+00 -1.871980914150181530e+00
-1.323844877221845628e+00 -1.428511890157509567e+00 -1.565422503597242443e+00 -1.578688212919835854e+00 -1.813611406345191357e+00 -1.868368812804250378e+00 -1.799293560290738725e+00
-1.298650965220662146e+00 -1.309179546009310080e+00 -9.368746348475925911e-01 -1.476692472923409216e+00 -1.655038372324652896e+00 -1.693393799198527283e+00 -1.927222049713943841e+00
-9.482609759611830835e-01 -1.401235974037233323e+00 -1.346856076304761896e+00 -1.600053929560018018e+00 -1.907375893018720348e+00 -1.755795311039835660e+00 -1.773783376602074746e+00
-1.356340967435345490e+00 -1.271180128977928092e+00 -1.467505620711459846e+00 -1.545622379840248861e+00 -1.808393799121812862e+00 -1.864362108110815930e+00 -1.859981880070465943e+00
-1.079517636496973854e+00 -1.259204036092815171e+00 -1.415652445873875065e+00 -1.421086659277460029e+00 -1.758296233482868676e+00 -1.798235466611753042e+00 -1.816490179285102480e+00
-1.214065166663980122e+00 -1.332322987426855176e+00 -1.539707450286040835e+00 -1.502481117361591068e+00 -1.652266216805359900e+00 -1.818727752531180020e+00 -1.782575140993816643e+00
-1.305095340895705558e+00 -1.518281727881079846e+00 -1.450920036531881507e+00 -1.657373434523695455e+00 -1.824143920809665032e+00 -1.818618680457065651e+00 -1.868530909319101152e+00
-1.070483263985728239e+00 -1.280296226850877961e+00 -1.244615650177289368e+00 -1.532016810871976054e+00 -1.449318126964525000e+00 -1.851404329098639501e+00 -1.912279191905791320e+00
-1.341763215057614200e+00 -1.406588454423553181e+00 -1.227026794054790759e+00 -1.493904217273803070e+00 -1.776672215506090557e+00 -1.789780597147272667e+00 -1.782373166819331667e+00
-1.251127391844701009e+00 -1.326132331460151637e+00 -1.475485180366107985e+00 -1.630172437794175977e+00 -1.728108365608038044e+00 -1.750089107360755625e+00 -1.821621501888216699e+00
-1.049792540923100592e+00 -1.331689071385381506e+00 -1.560789717033869817e+00 -1.830735568573834238e+00 -1.869871809903095983e+00 -1.869090454905100840e+00 -1.908258229894525648e+00
-1.259695375639270587e+00 -1.378070199899780635e+00 -1.365410842151820292e+00 -1.593190930959362372e+00 -1.783341483152869777e+00 -1.906900596327195441e+00 -1.821126211226109737e+00
-1.096696784505475808e+00 -1.304671165060812266e+00 -1.085678476870248765e+00 -1.613004895625037349e+00 -1.632593140718279212e+00 -1.767115092245835850e+00 -1.846395075855553625e+00
-1.044914865996092290e+00 -1.290805226363588298e+00 -1.570518596560755764e+00 -1.368225751862575557e+00 -1.725247905937772996e+00 -1.844363036242006926e+00 -1.788724632503791101e+00
-1.026793216674088738e+00 -1.387100077806418641e+00 -1.135878633226486967e+00 -1.689232963743713789e+00 -1.725711583583345199e+00 -1.826321439015483605e+00 -1.870998666233710583e+00
-9.973442444868417800e-01 -1.196292389809679113e+00 -1.458814585466218672e+00 -1.179386219652131196e+00 -1.742878916924632815e+00 -1.844984236869382954e+00 -1.883250933960974427e+00
-1.237670914616113338e+00 -1.321471841074438380e+00 -1.558119769307054980e+00 -1.713777143184260554e+00 -1.674833002662362347e+00 -1.715114312180657352e+00 -1.890137486662143207e+00
-1.134723076877559800e+00 -1.353853353966986361e+00 -1.257899045095555168e+00 -1.694311764804496967e+00 -1.733023825685120478e+00 -1.842742517359911680e+00 -1.877468858427649767e+00
-1.348362835620153133e+00 -1.463747059207971990e+00 -1.288831892274361124e+00 -1.672430318413244521e+00 -1.708263720268816455e+00 -1.667201795144807264e+00 -1.863187405204195013e+00
-1.133965814019853413e+00 -1.229215981478377184e+00 -1.451226081630737408e+00 -1.441608290380473001e+00 -1.761328559982048958e+00 -1.832975157511262942e+00 -1.833534908351158954e+00
-1.125198638888811331e+00 -1.366804752912399890e+00 -1.203642715510106154e+00 -1.702125482421783298e+00 -1.635505087413464897e+00 -1.835812328580819663e+00 -1.875623854402099777e+00
-1.226384876006848090e+00 -1.209791293305605642e+00 -1.210363340767226070e+00 -1.461890039973233968e+00 -1.811391131989926739e+00 -1.732370465916379443e+00 -1.926829230315345143e+00
-1.331128531536307946e+00 -1.491502819345873698e+00 -1.403969284096764358e+00 -1.634147351871741538e+00 -1.807276451093552616e+00 -1.716090772922036045e+00 -1.886764529296670378e+00
