(-1.8663661224366699+0j)
-1.283444341143009204e+00 -1.659889029062709742e+00 -1.681885781511149425e+00 -1.851454672695785231e+00 -1.887065361467544777e+00 -1.904758892726781561e+00 -1.871548562901125257e+00
-1.008325737659061083e+00 -1.484065267149897283e+00 -2.121774529646920815e+00 -1.725761300385452390e+00 -1.889067099808215300e+00 -1.884887322885197669e+00 -1.893115918102625361e+00
-1.407449038362996285e+00 -1.684879514660902355e+00 -1.929220029554679972e+00 -1.949069829332732207e+00 -1.843145473286161629e+00 -1.857976098535785159e+00 -1.880799693688437468e+00
-1.202661788109452790e+00 -1.362601571007700407e+00 -1.718417750068580219e+00 -1.850974717426907112e+00 -1.788207815492839359e+00 -1.881826794715423024e+00 -1.859722898957389514e+00
-1.501294123082451915e+00 -1.763382995170188483e+00 -2.031615157810413130e+00 -1.892686602682253527e+00 -1.887603698602870583e+00 -1.877245209657873115e+00 -1.871170557979068949e+00
-1.541887963391173955e+00 -1.688177079746053133e+00 -2.033968147241965063e+00 -1.886447206300727375e+00 -1.870441635022971560e+00 -1.842043448307046249e+00 -1.859997255892420043e+00
-1.171440856725049606e+00 -1.328788878577123800e+00 -1.933489380589819895e+00 -1.994613207148035805e+00 -1.913629718060403384e+00 -1.842403593453636024e+00 -1.872038466238087562e+00
-1.376789467725839877e+00 -1.537370794385317430e+00 -1.662569191601090068e+00 -1.912686613850323347e+00 -1.942805025263272034e+00 -1.893569293222444827e+00 -1.873538400660194281e+00
-1.116737383847514531e+00 -1.668778956020963156e+00 -1.624667151892600137e+00 -1.838587196781197974e+00 -1.885991519116271720e+00 -1.878160005962911328e+00 -1.862590658629467821e+00
-1.504566683921213732e+00 -1.313777367300656085e+00 -1.855788140316740220e+00 -1.694475105339670495e+00 -1.871994574041323300e+00 -1.889597053575954089e+00 -1.861379946941792873e+00
-1.442593369745035048e+00 -1.354277465067598385e+00 -1.813235577449438418e+00 -1.992249885980594826e+00 -1.863272916339549834e+00 -1.862260046238726430e+00 -1.870598404265711556e+00
-1.411202798651294943e+00 -1.640643410418895165e+00 -1.875267423809420464e+00 -1.901704280403511138e+00 -1.837799331928758662e+00 -1.889883405392213778e+00 -1.876652754413670854e+00
-1.166258811111714477e+00 -1.866905402313180806e+00 -2.023999500292330556e+00 -1.907618009131793579e+00 -1.845315861624578391e+00 -1.889859657413321070e+00 -1.885121272828277794e+00
-1.418583597749885294e+00 -1.648350330986310786e+00 -1.928822464728624730e+00 -1.870414496274067861e+00 -1.862919811384593283e+00 -1.870861346482727061e+00 -1.844534023574690096e+00
-1.635654862590041114e+00 -1.261755115900978552e+00 -1.987540518936064204e+00 -1.875788336064637463e+00 -1.891113420581491900e+00 -1.844284831550176973e+00 -1.870216267084807482e+00
-1.452975203611200250e+00 -1.742642955571527930e+00 -1.761349386860637800e+00 -1.870338956400934727e+00 -1.859980082800813506e+00 -1.864113311201299084e+00 -1.867840911130498771e+00
-1.564868812765942252e+00 -1.528219401072033357e+00 -1.846412686932680014e+00 -1.934668927109272296e+00 -1.894058156774879986e+00 -1.876849990938611601e+00 -1.850178303261676538e+00
-1.355174918727766853e+00 -1.589983891664816573e+00 -1.926854405348574995e+00 -1.913620619464721617e+00 -1.854061411385726554e+00 -1.873898449938196542e+00 -1.865053655795879894e+00
-1.680873362435904905e+00 -1.709320988532607277e+00 -1.718879397280439036e+00 -1.867617044300046381e+00 -1.864205691030704326e+00 -1.836509838198724376e+00 -1.886487502965721319e+00
-1.116200975406510754e+00 -1.360727440541256605e+00 -1.776903532375932127e+00 -1.782839485141280544e+00 -1.795721664801942286e+00 -1.863908466160371535e+00 -1.881004713384315963e+00
-9.626579256925382744e-01 -1.373648978491802897e+00 -1.933926648216696353e+00 -1.833227061795275059e+00 -1.847886258712721608e+00 -1.880217549697447810e+00 -1.841493785083586188e+00
-1.732096992198217889e+00 -1.570983495239945071e+00 -1.787346312192238829e+00 -1.858437398037384281e+00 -1.899341723629833334e+00 -1.878528413022201082e+00 -1.860658165022766042e+00
-1.602295051059178022e+00 -1.661404994230682775e+00 -2.010849332481357443e+00 -1.752062138257530322e+00 -1.840965876131920309e+00 -1.868516814454239006e+00 -1.865991351613926152e+00
-1.365304091122586438e+00 -1.719111510246829511e+00 -1.695997430490343572e+00 -1.866411678643753014e+00 -1.922127165334220678e+00 -1.876583766032051237e+00 -1.869495680073500310e+00
-1.785796523567702021e+00 -1.530874261798106595e+00 -1.829926350682755443e+00 -1.816806459103358584e+00 -1.894762778546243531e+00 -1.860507880499102651e+00 -1.856643235423002913e+00
-7.530025262030131117e-01 -1.373325708007172796e+00 -1.929346784250927316e+00 -1.707976744586151563e+00 -1.854212984018190902e+00 -1.895882571939748296e+00 -1.875725175384557630e+00
-1.734157939547557037e+00 -1.707237786634515864e+00 -1.907055877381093723e+00 -1.814492980361620322e+00 -1.815430520387897317e+00 -1.871297048024604059e+00 -1.866391443467139144e+00
-1.233144724433844930e+00 -1.483964170194151500e+00 -1.836764239883969418e+00 -1.917750581218541139e+00 -1.883582568971154503e+00 -1.868806643377017185e+00 -1.861670138191107604e+00
-9.673915782548319076e-01 -1.599132146654635545e+00 -1.761164012998370332e+00 -1.719889463281778053e+00 -1.828242239305456707e+00 -1.833670087751145372e+00 -1.877479465595975672e+00
-1.351661370593549627e+00 -1.513408828963117791e+00 -2.050904560814386102e+00 -1.963878957074070009e+00 -1.858617459705688812e+00 -1.825742259394101286e+00 -1.882529115624623550e+00
-1.538952428528694405e+00 -1.798233797718596483e+00 -1.983355829124263447e+00 -1.705164157606918973e+00 -1.936160749373086798e+00 -1.869265061420559704e+00 -1.865542006046298606e+00
-1.039216012165533165e+00 -1.474588007471850037e+00 -1.840013129761878474e+00 -1.804716704599516941e+00 -1.886620881914941261e+00 -1.859570357171392629e+00 -1.860320740278763374e+00
-9.983544420664739460e-01 -1.699896543016033768e+00 -1.901500267981334646e+00 -1.805343778684187050e+00 -1.839862144315520087e+00 -1.867429559150041829e+00 -1.862906997362139716e+00
-1.672815482395803466e+00 -1.642910800004784289e+00 -1.950463754119509563e+00 -2.024630063675010305e+00 -1.843113627481171690e+00 -1.876387403671096354e+00 -1.881204694204104522e+00
-1.408270858388490643e+00 -1.552721464584492450e+00 -1.805010814919976614e+00 -1.825721786025606974e+00 -1.922981550749339075e+00 -1.882436809943885070e+00 -1.880325359174027433e+00
-7.057394127880031176e-01 -1.510951413676737021e+00 -1.945714699493595656e+00 -1.910810021297167927e+00 -1.874522382781147245e+00 -1.870545607260710064e+00 -1.869187639857324168e+00
-1.548303800554952536e+00 -1.917410743424094122e+00 -1.859588564240715725e+00 -1.897175236647183905e+00 -1.856907695234884415e+00 -1.858191817031509707e+00 -1.880371662875277128e+00
-9.667618178858728983e-01 -1.711777920552906451e+00 -1.946323112572527325e+00 -1.827737740965114099e+00 -1.872498909239380227e+00 -1.860485818764598953e+00 -1.873277095500359923e+00
-1.234378167986936115e+00 -1.449549527763558388e+00 -1.704037613004343310e+00 -1.949400660230075744e+00 -1.868147587357967154e+00 -1.863140488178376186e+00 -1.873366163447810262e+00
-1.648743270273339778e+00 -1.892433591928767811e+00 -2.006405968497765979e+00 -1.909095636583658218e+00 -1.851503097870443426e+00 -1.860398749091552117e+00 -1.871228650259450621e+00
-1.557146150679637797e+00 -1.473434529510364577e+00 -1.774588156832686003e+00 -1.861833491808760455e+00 -1.811970149284345855e+00 -1.853907229745635155e+00 -1.868034998972472049e+00
-1.280531004045283971e+00 -1.851000099965081747e+00 -1.967878468258533076e+00 -1.823764792470325968e+00 -1.898624840209128806e+00 -1.873863662998399793e+00 -1.857033672760868726e+00
-1.602663458405872099e+00 -1.300044818279170178e+00 -1.773319395732542603e+00 -1.864659411323952076e+00 -1.860204101878263128e+00 -1.872585237061695995e+00 -1.855291873694496552e+00
-1.401759110267779107e+00 -1.584647925903492460e+00 -1.886062666617885686e+00 -1.957427625529260418e+00 -1.899609537407950910e+00 -1.919030180604538671e+00 -1.880629935739590586e+00
-1.377066284779785210e+00 -1.483892983021599887e+00 -1.904075957445452438e+00 -1.929416235254366896e+00 -1.832749101628511568e+00 -1.885130074663929900e+00 -1.871508158849908954e+00
-1.237885691324773330e+00 -1.634715563253397397e+00 -1.905101149589927712e+00 -1.872477713713818659e+00 -1.863195102703527617e+00 -1.851625764760207682e+00 -1.870088121833646921e+00
-8.702982149421684133e-01 -1.799694597873314983e+00 -1.877310034948863837e+00 -1.780781479566985848e+00 -1.871425685475287981e+00 -1.842807327212807156e+00 -1.861339914044993993e+00
-1.366805298430053606e+00 -1.590101177490563567e+00 -1.722265120599359101e+00 -1.811970615217922242e+00 -1.888780201447053386e+00 -1.864244182483010270e+00 -1.873770827023340413e+00
-1.222038922432462815e+00 -1.505657392628704905e+00 -1.882456124455264224e+00 -1.849206743435333422e+00 -1.909492830942975061e+00 -1.886112169688534790e+00 -1.861951852653084938e+00
-1.373090269336340041e+00 -1.566663748161729597e+00 -1.950583959240049792e+00 -1.867119715535201951e+00 -1.849402158259211282e+00 -1.879498448544437039e+00 -1.851797672423063368e+00
