(1.431053913759341+3.3306690738754696e-16j)
4.519320901677058799e+00 2.577815161259565002e+00 1.459983508682175302e+00 2.663008176562795981e+00 1.597013526459727384e+00 1.978707692893830750e+00
1.105040842045256433e+00 1.608823893735807031e+00 2.378093246225829738e-01 1.937348982021985133e+00 1.458278660239324065e+00 1.236548677090288262e+00
1.583185677042660666e+00 1.161009702537071364e-01 8.913093714278463864e-01 1.969681153428839426e+00 1.857873342773915137e+00 1.442227361420242104e+00
3.960636342765410323e+00 6.943010216741312135e-01 1.782451994268769768e+00 2.550890838666937999e+00 1.575717951651381954e+00 9.387075207830083423e-01
8.075741060604466615e-01 1.021457116795518871e-01 1.351258706779779217e+00 1.743080763789377929e+00 8.668361371785064939e-01 1.567449186957864171e+00
2.715021027544329169e+00 -9.913674177326814441e-02 2.439601323881465667e-01 2.768946983750478097e+00 1.811624666199350253e+00 1.709067414742037272e+00
-1.343863714395114428e+00 3.125711031497333536e+00 1.572158261081995079e+00 2.049927429294557513e+00 1.384503556497378218e+00 1.258718902535457485e+00
1.383391607417588265e+00 1.681904101667654361e+00 1.617469481368694506e+00 3.624728840294926813e-01 7.711867520367298168e-01 9.941789980102192503e-01
3.999596773050222875e+00 1.238948858847990886e+00 3.505875910854082123e-01 2.272328023713975576e+00 1.956013824128429279e+00 1.233145106081556586e+00
-3.912345709934799132e-01 1.652187394115239627e+00 1.402612850627409813e+00 1.000670895248761294e+00 1.795872941492010710e+00 1.396411194247633603e+00
1.994192871344426576e+00 2.728889784071479419e+00 1.018924578550731930e+00 1.449415600951866834e+00 1.325560196010604930e+00 1.214407008605512761e+00
-8.463791929278243753e-01 2.975127756075519603e-01 2.099155241197246280e+00 4.782282107241147551e-01 1.494578723097851780e+00 1.943870655467816899e+00
2.662134966362622590e-02 3.808745783820347008e-01 2.838389129587143067e+00 9.516780346362385679e-01 4.999135770918735067e-01 1.663888813498202834e+00
3.439213579565211454e+00 3.058446520048082373e+00 5.650801871403553500e-01 8.896844194052163646e-01 2.096738536443119028e+00 1.600284563836496643e+00
1.951495708046962374e+00 2.148284389285097351e+00 5.873165922185429322e-01 1.613586504541617117e+00 9.424600079989200463e-01 1.556799111045858108e+00
-5.747755486519867674e-02 -1.352885800646113523e+00 3.508946036992119932e+00 6.138278027596135722e-01 1.358310924805444131e+00 1.039491968236806674e+00
-2.898702171575471276e+00 1.378203127471569811e+00 1.487681690804458556e+00 1.705260249173171427e+00 9.910890300899597438e-01 1.145978450345859656e+00
2.173032954943988404e+00 2.312062971824396573e+00 1.738321151808067899e+00 2.163672604783256403e+00 9.126561543135682797e-01 8.969537608529041250e-01
2.265112701657572281e+00 1.562385469250915371e-01 1.716716472028895879e+00 4.400634938089936776e-01 1.980068014801421583e+00 1.476452819332813693e+00
-1.226320901050681034e+00 1.925124441733691460e+00 1.725891413496934534e+00 1.703080324719816963e+00 1.678686076484781076e+00 1.748799261484024203e+00
