(-1.9601936448939292+0j)
-2.317878370674263167e+00 -2.239776659600337005e+00 -1.820278422021744502e+00 -1.848379688289919054e+00 -1.944935923437519643e+00 -1.954628167291093677e+00 -1.961881886635646000e+00
-1.932313033148717940e+00 -1.885170727601014784e+00 -1.964684150649670391e+00 -1.937343479724636941e+00 -1.963325277420475912e+00 -1.998247969758341513e+00 -1.956779832331023927e+00
-2.084716732524640292e+00 -2.144259728719331903e+00 -1.996641520748018594e+00 -1.892936679462160265e+00 -1.952037511966507433e+00 -1.956163564334195692e+00 -1.963005549851152720e+00
-1.624808888527648376e+00 -2.319054447340197278e+00 -1.890786084893594010e+00 -1.938686290678572233e+00 -1.951203605204819391e+00 -1.927031487026500622e+00 -1.968894942073722953e+00
-1.906388048975173666e+00 -2.156896884692558913e+00 -1.935335718353227152e+00 -1.987924907465979940e+00 -1.922974441887121300e+00 -1.959982783366904124e+00 -1.943468728006903179e+00
-1.914948990514706351e+00 -1.874339717501522840e+00 -1.776448627581712847e+00 -1.937856517711814108e+00 -1.964203495453545001e+00 -1.960211677233097083e+00 -1.967822051635247815e+00
-1.876250146377019368e+00 -2.098341660700485889e+00 -1.978850726305702468e+00 -2.014776489501005408e+00 -1.900384232259764827e+00 -1.947069337043551451e+00 -1.945064380322708120e+00
-1.964942563442530377e+00 -1.866863643070560519e+00 -1.962338049577435628e+00 -1.948706996134518699e+00 -1.928184749621438376e+00 -1.971276721020370326e+00 -1.961664443726892193e+00
-2.123532559737967951e+00 -1.934570287087555185e+00 -2.018448090224939762e+00 -1.981270083071057675e+00 -1.961150568293847263e+00 -1.948876646866354312e+00 -1.951539113018699867e+00
-1.918883513395695628e+00 -2.002682473190662726e+00 -2.191014158139966028e+00 -2.093158763486210105e+00 -1.973281995093013608e+00 -1.954432173548261931e+00 -1.962941904541688709e+00
-1.759089247444871829e+00 -1.905192663545944631e+00 -2.003815706444281197e+00 -2.028797379530354661e+00 -1.922096803806655485e+00 -1.948415721159321601e+00 -1.966557718141051181e+00
-1.906245061472823243e+00 -1.908943028468380598e+00 -1.767026964405955747e+00 -1.921406340740868357e+00 -1.920848352299677098e+00 -1.948590711328707092e+00 -1.958779234257454371e+00
-1.867296197694060966e+00 -1.601291311493249880e+00 -1.890250739774448130e+00 -1.860985690246920177e+00 -1.976493048630470595e+00 -1.968729509855724258e+00 -1.963508561384092799e+00
-2.119899007884844089e+00 -1.999423389708612442e+00 -1.951800085780521110e+00 -1.961012584564784555e+00 -2.004385170018888829e+00 -1.970751736854213343e+00 -1.957436961364264372e+00
-1.678555986565895664e+00 -1.919733422155699420e+00 -2.084910668385599131e+00 -2.044611746751468395e+00 -1.961785518013809293e+00 -1.955374594657038001e+00 -1.935597535689396187e+00
-1.867950046760795013e+00 -1.957736867233780265e+00 -1.783069004904279220e+00 -2.013859719154410755e+00 -1.882094668890454736e+00 -1.957904522047565932e+00 -1.969718459660703802e+00
-2.143749396884399694e+00 -1.910874196834676075e+00 -2.003879101350597658e+00 -1.845021481347756120e+00 -1.901465910927951475e+00 -1.996326658327345571e+00 -1.950904331020779869e+00
-2.314141700144340952e+00 -1.828423345518358500e+00 -2.128064054247575498e+00 -1.916309340584631871e+00 -2.019964450867226091e+00 -1.936046227703031031e+00 -1.956505465803949351e+00
-1.798939542885365173e+00 -1.639170044866690157e+00 -1.646850480575047238e+00 -2.067996180440802689e+00 -1.970985887722108698e+00 -1.952066512647958829e+00 -1.953574561868463233e+00
-2.019325355263868360e+00 -1.797830454693854163e+00 -2.039847205122487850e+00 -2.025213168957911591e+00 -1.996966490603490074e+00 -1.974184685357964986e+00 -1.962644789713802629e+00
-1.591504550467727652e+00 -1.694003384687950975e+00 -1.963590867216997049e+00 -1.977728427883011397e+00 -1.910442362781077597e+00 -1.936613723830790557e+00 -1.959841752551194860e+00
-1.820525965184068395e+00 -2.019957499036697968e+00 -2.197845064879860644e+00 -1.977395070950950684e+00 -1.962985234880346264e+00 -2.012238704765040076e+00 -1.965682517032453669e+00
-1.902867978683626893e+00 -1.642452294149604475e+00 -2.028050891048961191e+00 -1.883393395636028922e+00 -1.974022400989585924e+00 -1.945796330252081097e+00 -1.963523461079065724e+00
-2.289870835262580506e+00 -1.822115553880528482e+00 -1.990106376764603668e+00 -2.003327902002236982e+00 -1.907946114481907651e+00 -1.953547974217769712e+00 -1.956189222677634953e+00
-2.217387884898541550e+00 -1.950703592849170720e+00 -1.849632447088786824e+00 -2.019022905003818202e+00 -1.950420498067679143e+00 -1.969496328877256675e+00 -1.953561392755085224e+00
-2.061175690653639592e+00 -1.984567926581958242e+00 -1.967187706944885095e+00 -1.879973796114051465e+00 -1.967318393710962843e+00 -1.929092883962596039e+00 -1.961740023310199588e+00
-2.013601194270419725e+00 -1.959485201503170737e+00 -1.918705532959721571e+00 -2.056969007250700088e+00 -1.961723345304948518e+00 -1.984602768814248241e+00 -1.964828034182080296e+00
-2.018149625110294387e+00 -2.082139268920363051e+00 -2.110662259395417628e+00 -2.058429927866754383e+00 -1.980284923165920086e+00 -1.966283747454708353e+00 -1.960935164928335306e+00
-2.310089686196509895e+00 -1.983971483812406733e+00 -1.962056368421221775e+00 -1.947338045108271354e+00 -1.958329958629876133e+00 -1.980591286276449425e+00 -1.959567102284195395e+00
-2.052998216364049000e+00 -1.890410890119857745e+00 -1.990933207189118148e+00 -1.819384323737969877e+00 -1.972047573488351579e+00 -1.949803873346820593e+00 -1.968633307443228952e+00
-1.409750798342496614e+00 -2.320094950641121478e+00 -1.644500988331130786e+00 -2.106515440898689029e+00 -1.931426267635695693e+00 -1.959479183556025239e+00 -1.968650467316321651e+00
-2.000012953423948581e+00 -2.008353745810556035e+00 -1.885355635200410829e+00 -2.004517620662419120e+00 -1.983112530196364576e+00 -1.964892441764886089e+00 -1.955041766487946253e+00
-2.201217667702977998e+00 -1.834389780077896992e+00 -2.045397634507120088e+00 -1.805922685485270796e+00 -1.963158782433268135e+00 -1.947856358529932441e+00 -1.976447200538304694e+00
-2.110079708306054513e+00 -1.739417423004385954e+00 -1.820666542333140514e+00 -2.007964354344503377e+00 -1.962962099019416984e+00 -1.943225374685253692e+00 -1.961917380335872485e+00
-2.336026928321895291e+00 -1.444756171794964184e+00 -1.874442489775014709e+00 -2.031630099890358032e+00 -1.952871331875519756e+00 -1.979687314935347109e+00 -1.974568602707096998e+00
-2.065074891029575532e+00 -1.578941308477523231e+00 -2.125416173218772187e+00 -1.944393301191437162e+00 -1.970568720361338455e+00 -1.945021050067918145e+00 -1.955097124391323105e+00
-2.060816203247257228e+00 -1.854540939727637339e+00 -2.172631657329537447e+00 -1.958464464088551571e+00 -1.892429793757497203e+00 -1.955892832558183025e+00 -1.955869048437472779e+00
-2.109448777139826703e+00 -2.124147299923218490e+00 -2.026661749023867642e+00 -1.954566883612505857e+00 -1.949527415477308567e+00 -1.977862125307492613e+00 -1.964056384954500745e+00
-2.357646238126305249e+00 -1.690099070029597028e+00 -1.779780643046228183e+00 -1.974105321057805673e+00 -1.981332145297163505e+00 -1.961399549467580217e+00 -1.958862029502620006e+00
-2.020836088481711812e+00 -1.797155612134041958e+00 -1.885155078992456934e+00 -2.041598516950924314e+00 -1.951585562398358009e+00 -1.959999769240757805e+00 -1.959483269634531899e+00
-1.988169809598206550e+00 -1.843694841691965403e+00 -2.142519766779978241e+00 -1.973731650127021675e+00 -1.997946714117542877e+00 -1.945511310442342046e+00 -1.954485369950583751e+00
-2.029533623639644624e+00 -1.816688591697802169e+00 -1.852550872932697823e+00 -1.961312950846876957e+00 -1.980184683789371514e+00 -1.952493139914102782e+00 -1.962700807174208029e+00
-1.823030627467393527e+00 -1.798895930237195406e+00 -2.007499444225318008e+00 -1.973691502264020015e+00 -1.921220450967175752e+00 -1.972181121527646797e+00 -1.965288782575273396e+00
-2.294684118598566691e+00 -2.038763733555287949e+00 -1.899170689415361268e+00 -1.999994439445116567e+00 -1.914081899412367394e+00 -1.944464401043874746e+00 -1.952325416323325458e+00
-1.325815634787058217e+00 -2.191865692249673536e+00 -2.004505253262164999e+00 -1.947075202384189963e+00 -1.936432854732693665e+00 -1.954600765207745949e+00 -1.948198755287124717e+00
-2.142661060171943355e+00 -1.863238896312901849e+00 -1.990144968750262366e+00 -1.940923946900855013e+00 -1.924559428648954240e+00 -1.987905742901249662e+00 -1.942973605376113300e+00
-1.819303465598555158e+00 -2.417118110493513328e+00 -1.910305054807887037e+00 -2.025007140442239617e+00 -1.956095913687595944e+00 -1.947347763007460708e+00 -1.953947326352335034e+00
-1.899560803359081396e+00 -1.905387728108688394e+00 -2.028304990764161708e+00 -2.052010845521145654e+00 -1.890263548111142056e+00 -1.950951230088302291e+00 -1.961378824800026122e+00
-2.103987182917216536e+00 -1.964154277418660000e+00 -1.800008304026144978e+00 -1.998494377318722259e+00 -1.950737985153734977e+00 -1.993531675529198077e+00 -1.953117348535053255e+00
-1.727628915657205111e+00 -2.128595687804143211e+00 -1.739022935628740774e+00 -1.959534192199344771e+00 -1.919534209920056300e+00 -1.965628897429007038e+00 -1.960499203155279924e+00
