(-1.9601936448939292+0j)
-1.698776490189531918e+00 -1.721707157408368216e+00 -1.956729636451088217e+00 -1.894448352408198977e+00 -1.923736647475881911e+00 -1.883045710010032403e+00 -1.936230977431880662e+00
-1.669243700974580191e+00 -1.568061905047603011e+00 -1.654215224261124328e+00 -2.126431197526628125e+00 -1.846338421634799554e+00 -2.056297213594203477e+00 -1.979146817729404484e+00
-1.583991866899387757e+00 -1.924266623352883121e+00 -2.155736206222521822e+00 -1.689168756751146416e+00 -1.963322372445443387e+00 -1.900121457854235141e+00 -1.998029927757951851e+00
-1.891699151309867100e+00 -2.071993051249132911e+00 -1.990515608604599640e+00 -2.170323248553589046e+00 -2.055374682905246608e+00 -2.001466954310869184e+00 -2.018469167001068598e+00
-1.817377206813453716e+00 -2.032794016103505186e+00 -1.630018684503649729e+00 -2.055444001926357345e+00 -1.877933999023278622e+00 -2.160180449681621262e+00 -2.022968871582309980e+00
-1.911191961725531963e+00 -1.774538739274220900e+00 -1.781633707126564881e+00 -2.012438955909361837e+00 -1.844558515717650282e+00 -1.829670366600116393e+00 -1.984830261398915274e+00
-1.764159286117200187e+00 -1.798226154708337576e+00 -2.151444172251048670e+00 -2.044460143146012321e+00 -1.934207894782185688e+00 -1.945145681146248640e+00 -1.891930772316979814e+00
-1.704305922920671845e+00 -1.905079820098690702e+00 -2.167874196865748004e+00 -1.987544198774130022e+00 -1.857787996742015446e+00 -1.843306595005866688e+00 -1.954073966779342753e+00
-1.841212802993471120e+00 -1.886343638444501147e+00 -1.809628592892692955e+00 -1.884238515467631325e+00 -1.950551226177646091e+00 -2.050661935029510552e+00 -1.943919301627574869e+00
-2.071416467627019031e+00 -1.891667596737620416e+00 -1.813757195394243515e+00 -1.992637325068658205e+00 -1.928285609948196866e+00 -1.891925862490673849e+00 -1.985237680856860587e+00
-1.858235913024106845e+00 -1.999921069623167513e+00 -2.004856276462641418e+00 -1.907114723839938408e+00 -1.749661982618518019e+00 -1.984610345831432587e+00 -1.913011604834626178e+00
-1.773725612007678309e+00 -1.923092342322436865e+00 -1.964226048593448182e+00 -1.766600403093574689e+00 -1.915619518589487535e+00 -2.087389149606128314e+00 -1.941963784453681674e+00
-1.493627973804147357e+00 -1.523329396403042546e+00 -1.817892066759955183e+00 -1.895617413305912047e+00 -1.845481768923736388e+00 -1.852744349573287375e+00 -1.909985592694279477e+00
-1.567630567283296417e+00 -1.791674689217031213e+00 -1.809800058448490789e+00 -1.809294634318050266e+00 -2.074209023224034887e+00 -2.098722494439143382e+00 -1.899911622338668726e+00
-1.342836479443852093e+00 -2.150605088834534051e+00 -1.986835989721764895e+00 -1.831583456532255960e+00 -1.924428138621130602e+00 -1.920717366364957934e+00 -1.944951145507746615e+00
-1.582132633306766900e+00 -1.741049401454676682e+00 -2.311308138271672696e+00 -1.901390667769087939e+00 -1.954840879487684147e+00 -1.995354801937933020e+00 -1.966151156149627655e+00
-1.776486390796341075e+00 -2.004844873006952355e+00 -2.033168113338164495e+00 -1.824517955963917304e+00 -1.944042626101064153e+00 -1.925005794057058184e+00 -1.925377448263163815e+00
-1.898924062007557589e+00 -1.713157808948096994e+00 -2.131821891724122509e+00 -1.968533076083698541e+00 -2.110769835192678912e+00 -1.864700831213511156e+00 -2.005165386239133873e+00
-1.579342156709948375e+00 -1.771356274192595892e+00 -2.219290844982371169e+00 -1.931069008240174911e+00 -1.899843787887707025e+00 -1.896534377347187439e+00 -1.921835825914574469e+00
-1.704314135557984722e+00 -2.004375939914255333e+00 -2.160705020480651051e+00 -1.752640437103625048e+00 -1.847818464474599631e+00 -1.983019847867017793e+00 -2.037534939077588092e+00
-1.709731284036655419e+00 -1.611644404916114270e+00 -2.133086755766846920e+00 -1.779823574451507406e+00 -1.944159837895055754e+00 -1.810650010299963197e+00 -1.896344016247662578e+00
-1.562083555871235374e+00 -2.080454561933004598e+00 -2.208677559998326601e+00 -1.841227778458873532e+00 -1.865920430664707252e+00 -1.921992654654011590e+00 -1.994074699005127682e+00
-1.919380674910179829e+00 -1.819698563175577766e+00 -1.988758478694102161e+00 -1.870543016056019914e+00 -1.814779466130605590e+00 -1.919156662948479086e+00 -1.947844331029886744e+00
-1.783842329368596991e+00 -2.074209124181957797e+00 -2.208329242925930025e+00 -1.915490542207027636e+00 -2.020081601827911300e+00 -1.909314033734764715e+00 -1.889079851856931613e+00
-1.917560964145430757e+00 -2.127627077845541059e+00 -1.721442230462829182e+00 -1.779707553098768491e+00 -1.927577433964786424e+00 -1.945709709840074408e+00 -1.950880562475259206e+00
-1.729972317868232912e+00 -1.838516250259123685e+00 -1.931848638605240920e+00 -1.910132281014014000e+00 -1.985045302888718721e+00 -1.964738219098211447e+00 -1.979837723374609171e+00
-1.873094074178196289e+00 -1.783164665696255868e+00 -1.746976744328155418e+00 -1.880804413032568734e+00 -2.002158577014000684e+00 -1.798702323211963217e+00 -1.946419949683056982e+00
-1.959562792706616152e+00 -2.117502892663082115e+00 -1.583402729423822430e+00 -1.947028461388591980e+00 -1.840783680814770618e+00 -1.890376463785312433e+00 -1.926204793780974756e+00
-1.653789651108365844e+00 -1.796011451180877794e+00 -1.909873961782977192e+00 -1.909214298070934790e+00 -1.931440326526350448e+00 -1.960485697254539028e+00 -1.934481649556123228e+00
-1.646956187000372163e+00 -1.702896727428870660e+00 -1.879856255566849876e+00 -2.050383751520817199e+00 -2.042668536732144879e+00 -1.988867494723576046e+00 -2.011476536962572226e+00
-1.555503892559125800e+00 -2.040943819923491276e+00 -1.756670786890509595e+00 -1.755992486979431666e+00 -1.977855030912381684e+00 -2.026427167703409360e+00 -1.978100625300116766e+00
-1.819940601429752336e+00 -1.760250833309016771e+00 -1.574275269480345907e+00 -1.811047973755515850e+00 -2.027960904100778450e+00 -1.962200910141489674e+00 -1.928095541360540510e+00
-1.728540995599722185e+00 -1.945380268335297425e+00 -1.912906589038521732e+00 -2.028619718676261563e+00 -1.754392529235991427e+00 -2.042309981282131481e+00 -1.935355872469244121e+00
-2.018049060661731176e+00 -1.860391450429419224e+00 -1.816522624566278443e+00 -1.802524899136609848e+00 -2.113488202700006369e+00 -1.974032795141861252e+00 -1.938771603633618001e+00
-1.747032409702729661e+00 -2.040597161146167515e+00 -2.215280418986585786e+00 -1.980549915304061548e+00 -1.997675979609784269e+00 -1.959228068885609853e+00 -1.956115465454460578e+00
-1.781826220265735783e+00 -2.008109944284315773e+00 -1.658665033752765305e+00 -1.963784863645906098e+00 -2.011233198352140761e+00 -1.971393757719250628e+00 -1.935057348555927925e+00
-1.856918934599853133e+00 -1.941683444613244935e+00 -1.318649515199429301e+00 -1.926356248181405606e+00 -2.013519704046955461e+00 -1.922533588079881950e+00 -1.927300526886232879e+00
-1.630237605681301494e+00 -1.890096298288828303e+00 -1.912359541260438833e+00 -2.090887651601132546e+00 -1.909941589147353680e+00 -1.901657964481283658e+00 -1.973817271829816589e+00
-1.685970372610462897e+00 -2.047004731022114221e+00 -1.876435081814628481e+00 -2.165707318518233393e+00 -1.951318496136223102e+00 -1.957109964067280883e+00 -1.935233943609173446e+00
-1.780207490369652978e+00 -1.967852621432786053e+00 -1.862475143984598569e+00 -1.866212681013849517e+00 -2.031847239505474967e+00 -1.959984558820451417e+00 -1.951577703441742750e+00
-1.974835069702472579e+00 -1.932849312585013246e+00 -1.817824614323486410e+00 -2.064092644882392413e+00 -2.006491704822160216e+00 -1.899387808838780112e+00 -2.003230411408123857e+00
-1.658753825962027806e+00 -2.012310114553264917e+00 -1.837095977021401927e+00 -1.771906909123575735e+00 -1.866271128668001600e+00 -1.977296737383769321e+00 -1.988074538167426075e+00
-1.706584536567697929e+00 -2.132993772135002963e+00 -2.194236823647941925e+00 -2.163027857907953155e+00 -1.872099910517355470e+00 -1.889084190332354085e+00 -1.968838958129218275e+00
-1.524869563781286574e+00 -1.927421213736021377e+00 -2.049244900311542494e+00 -1.994955816520358693e+00 -1.901078761349451751e+00 -1.998543093298768669e+00 -1.971691554285534442e+00
-1.947316114283893507e+00 -1.876749249469905179e+00 -1.855850804947203114e+00 -2.099399789517930159e+00 -1.886833030175170345e+00 -1.996386060182032685e+00 -2.024943217992739797e+00
-1.376813986546691515e+00 -1.898379422540384498e+00 -2.003924320216068367e+00 -1.792965728532341041e+00 -2.013953371639396472e+00 -1.936404370421098475e+00 -1.913613765572445891e+00
-1.744345776901199629e+00 -2.185680053356018782e+00 -1.783635523940122036e+00 -1.817036504923984497e+00 -1.808216908853276683e+00 -1.955493697923767593e+00 -1.966986948742679653e+00
-1.262709579090143697e+00 -1.993987642731962273e+00 -1.954840325734205519e+00 -1.800616243010653372e+00 -1.940345857783672079e+00 -1.870988728307280136e+00 -1.923059659208343097e+00
-1.780571902509447524e+00 -1.929521212441074995e+00 -2.240768861626441399e+00 -2.043319003411847135e+00 -1.884778195862343741e+00 -2.092097702492231370e+00 -2.015221029846718359e+00
-1.785145193082395609e+00 -1.918485065164844849e+00 -1.931032306547439736e+00 -1.950344726858496136e+00 -1.984515838773321272e+00 -1.858507897971781953e+00 -1.983668232398649200e+00
