(-1.9601936448939292+0j)
-1.952803378284683200e+00 -1.903740617378585354e+00 -1.787425606028213432e+00 -1.995060930639850350e+00 -1.984082372483804368e+00 -1.926865746347323993e+00 -1.946574665704047247e+00
-1.980267388960429864e+00 -2.384133343277016870e+00 -1.716842837641143982e+00 -1.959156749653026219e+00 -1.898206212697193029e+00 -1.905237867423309917e+00 -1.920603033209527633e+00
-2.123779294801933837e+00 -1.635186433807773509e+00 -1.943093443482686089e+00 -2.070232189991645377e+00 -1.929622749735597553e+00 -1.972316746515441865e+00 -1.976720186124775624e+00
-2.096809122382603974e+00 -2.206202469378999886e+00 -1.824749705481526041e+00 -1.921176507102593467e+00 -1.938446661093497392e+00 -1.983544652117553708e+00 -1.940528397835932894e+00
-2.322972009487422440e+00 -2.298355168315487695e+00 -1.963750183682896333e+00 -1.965830446406348964e+00 -1.967982103096253210e+00 -1.885605757426620288e+00 -1.901752708036062112e+00
-2.040742065664520766e+00 -1.730584432515312132e+00 -2.161478917609158223e+00 -2.040258970154465779e+00 -1.946290345634961616e+00 -1.963736426825943182e+00 -1.931180245816110697e+00
-1.909977680181467408e+00 -1.728891517907727993e+00 -2.043452267787450261e+00 -1.953238206774275509e+00 -1.899193027148172286e+00 -1.920884697460431889e+00 -1.922561889524593726e+00
-2.246203846054277697e+00 -1.856200678434684948e+00 -2.095857590938349446e+00 -1.982204925181778377e+00 -1.956659144776190518e+00 -1.947257488964430072e+00 -1.971482826246972353e+00
-2.140067347601822156e+00 -1.906766861510071243e+00 -1.961903789239796359e+00 -1.911401226220802441e+00 -1.892253590049599365e+00 -1.955104107302247707e+00 -1.944476307211258748e+00
-2.085441339488792067e+00 -2.254263211976341275e+00 -1.815031406251802482e+00 -1.860597617860201280e+00 -1.955817167332809747e+00 -1.897052241373703430e+00 -2.039201510481778001e+00
-2.214271663306774940e+00 -1.864191050772254554e+00 -1.835385086924097520e+00 -2.004289923197765333e+00 -1.996399452743947256e+00 -1.935892999744234677e+00 -1.953389697631417787e+00
-1.614191581617566262e+00 -2.417985733848127872e+00 -2.065872760586132451e+00 -1.933419765411602542e+00 -1.991748962874926976e+00 -1.970953752145840232e+00 -1.912557010229859467e+00
-1.986142778256379193e+00 -1.890714100968952094e+00 -1.821623522878666579e+00 -1.992223528353393780e+00 -1.978912318367218814e+00 -1.935658248305763829e+00 -1.925047389248506713e+00
-1.922484004473885344e+00 -1.947177386899081819e+00 -2.218826287908878925e+00 -2.058816015188781989e+00 -1.978289077086299974e+00 -2.013346382429553216e+00 -2.013983962263563576e+00
-1.880083313249093502e+00 -1.901390519290167669e+00 -1.694072921589213410e+00 -1.904914901066592892e+00 -1.964475590653018466e+00 -1.925060949979013669e+00 -1.944160481372703808e+00
-2.348072344168453007e+00 -2.307702811483733463e+00 -1.818405402621388278e+00 -2.019580331496829473e+00 -2.005819170881405711e+00 -1.946573546835876689e+00 -1.975880859526970346e+00
-2.020548652071174622e+00 -1.871913705494505864e+00 -1.940309691984201779e+00 -1.963623641192266289e+00 -1.919074642323625346e+00 -2.031096175174965879e+00 -1.953189551951091785e+00
-2.196318905004293498e+00 -2.343192763752138141e+00 -1.780773257959560985e+00 -1.908762835206806896e+00 -1.907228552416824430e+00 -1.950303937611385541e+00 -1.902976286433050168e+00
-1.948972669489528409e+00 -2.095002514122294990e+00 -2.121373679535249579e+00 -2.079360811185488878e+00 -2.030498627890700902e+00 -1.929859340553355507e+00 -1.934375031060737049e+00
-2.249141993424493613e+00 -1.466768327484187617e+00 -1.839923724035195773e+00 -2.040635836250275226e+00 -2.048256089832478644e+00 -1.933483299703610880e+00 -2.016252770822544171e+00
-2.201618270430174995e+00 -2.030622188460378119e+00 -1.936279457191173448e+00 -2.004500386926419075e+00 -1.981460297020963823e+00 -1.916521332832734403e+00 -2.020309685224093599e+00
-1.944242062275824301e+00 -2.581085650748343063e+00 -1.834736063036357612e+00 -1.828661484023245576e+00 -1.935566358992894864e+00 -2.022483949332922748e+00 -2.014032409887349218e+00
-2.202460320721048248e+00 -2.390110277813333184e+00 -2.121419571811027360e+00 -1.991012789809728956e+00 -1.971159375861277097e+00 -1.992771857722918982e+00 -1.904138476917607958e+00
-2.090533890346703672e+00 -1.953462190638252549e+00 -2.047865724304198665e+00 -1.829763144481736381e+00 -1.953312488713374817e+00 -2.004667814373834567e+00 -2.037234852378653649e+00
-1.983834014078241337e+00 -2.303013511461638352e+00 -1.910342815478356604e+00 -1.938463003755126257e+00 -1.940114341648298657e+00 -1.948419281895026556e+00 -1.966472893252690257e+00
-2.327484033094913585e+00 -2.106739025415304667e+00 -1.904924318539870098e+00 -1.862845019747301878e+00 -1.908905662442222484e+00 -1.937725288812734759e+00 -1.913321703288753950e+00
-1.889234600626982230e+00 -2.026310424692820078e+00 -1.736502900903105440e+00 -1.936858217676372673e+00 -2.031499036177881301e+00 -1.991864632616748620e+00 -2.001202434143760200e+00
-1.654646024673424032e+00 -2.006302902176188674e+00 -1.962569636655995930e+00 -1.979902901111754376e+00 -1.970435384540498491e+00 -1.884450254223776211e+00 -1.943554624585091206e+00
-1.871253871252098522e+00 -2.248467907686149125e+00 -2.005407511632903983e+00 -1.939641899206024034e+00 -1.881046114389950175e+00 -1.986015650466154581e+00 -1.941294064624796922e+00
-2.007480468771738025e+00 -2.067987318850613043e+00 -2.143304819415210005e+00 -1.839323108581044197e+00 -1.903576962255413063e+00 -1.994923897194364804e+00 -1.961476216249961047e+00
-2.252605187834589628e+00 -2.148174362087660327e+00 -2.143194164801526469e+00 -2.073466416331092965e+00 -1.991468526492017999e+00 -1.941838205629073721e+00 -1.929522575632585779e+00
-1.851910706326109546e+00 -2.096136596327835555e+00 -1.923164471783076257e+00 -2.037913928572112177e+00 -1.940363419139340850e+00 -2.011172828188504624e+00 -1.932442400398614479e+00
-2.125375782378117862e+00 -2.124023094779215803e+00 -1.707026619984478577e+00 -1.807942740949595395e+00 -1.998485781385424653e+00 -1.964416314581083567e+00 -1.996062406809112622e+00
-1.952330705119270648e+00 -2.109875528780311704e+00 -1.914841862511564630e+00 -1.908804361547115969e+00 -1.948272574209149122e+00 -1.995768413400448305e+00 -2.013921080199071234e+00
-2.085148985933868104e+00 -1.638781867407740345e+00 -1.758257521206828544e+00 -2.002975407873839764e+00 -1.966124026334046038e+00 -1.969154263432051577e+00 -1.942930901125128118e+00
-2.293924764220390600e+00 -1.847522190433692257e+00 -2.076494439222146937e+00 -2.046693296051191879e+00 -1.944013470266155119e+00 -1.961094540882332593e+00 -1.948088879470021739e+00
-2.464484664122792879e+00 -1.858138910911848241e+00 -2.131964342086530628e+00 -1.910173720045656554e+00 -1.955789957362585652e+00 -2.002337370036163300e+00 -2.006341353925126469e+00
-1.918120114375262419e+00 -1.365551833663199988e+00 -2.152718799430443752e+00 -2.110940936544233537e+00 -2.003899145210319865e+00 -1.966059057823062561e+00 -1.974704759001334020e+00
-1.966193730063685363e+00 -1.625020551658306944e+00 -2.015700865451936608e+00 -2.035523707060939991e+00 -1.892126529027540416e+00 -1.929025565742732207e+00 -1.998013218479467001e+00
-1.967910761675499165e+00 -2.083966347461565505e+00 -2.056813385648782244e+00 -2.011716179785821623e+00 -1.984927814624272147e+00 -1.930500360496793855e+00 -1.969184808786623941e+00
-2.079159807928330217e+00 -1.518454245128282976e+00 -1.926010248272040259e+00 -1.917739452323803162e+00 -1.985015259663881926e+00 -2.005613879006038935e+00 -1.925554390250096004e+00
-2.033797905556394170e+00 -1.825365420456402044e+00 -1.921019049457522110e+00 -1.836754449703594139e+00 -1.968969905859348613e+00 -1.975745537345438896e+00 -1.980353064662526696e+00
-1.916981975076034184e+00 -2.155889636076753213e+00 -1.931833759900623670e+00 -2.034616913576397401e+00 -1.991122959029324457e+00 -1.996713281537791262e+00 -1.987707209281835086e+00
-2.136873513456388984e+00 -1.941602761992122561e+00 -1.973532573247993360e+00 -1.927297948664312033e+00 -1.961508411999862256e+00 -2.001552080907123887e+00 -1.967725750580533672e+00
-2.164952575841080140e+00 -2.193825717698652866e+00 -1.947505004561873365e+00 -1.984618089452020007e+00 -1.890425856778585212e+00 -1.898667840474278501e+00 -1.921852471619598157e+00
-2.149702658601058580e+00 -1.670484040141708482e+00 -2.119916781690087682e+00 -1.775139306583839671e+00 -1.993188376361092251e+00 -1.942637083623886651e+00 -1.934074177884447243e+00
-2.015109782440034358e+00 -2.603397036425633360e+00 -1.955735512833104872e+00 -2.006399018304786175e+00 -1.957334147666951241e+00 -1.952599400074533031e+00 -1.940012825414199726e+00
-2.235192674476613739e+00 -2.002812236697644188e+00 -2.023275168040679972e+00 -1.928114374875297132e+00 -1.964808541184329238e+00 -1.968807163515349457e+00 -1.934125601825748886e+00
-1.828118472623568413e+00 -1.923615940486570475e+00 -2.112229364837823198e+00 -1.859647450194277463e+00 -2.007272159931570599e+00 -1.930191151615434419e+00 -2.001850221498432170e+00
-2.239919849404630625e+00 -1.834467013568330751e+00 -1.899767089503387796e+00 -1.951592338149769956e+00 -2.009140771728781694e+00 -1.962080190231577648e+00 -2.032052557307292062e+00
