(-1.9601936448939292+0j)
-2.030980285841051725e+00 -1.873145672298206721e+00 -1.876816609873643182e+00 -1.995016895696707815e+00 -1.970876340487306200e+00 -1.960006499080133802e+00 -1.956639613373736042e+00
-1.781989517738700401e+00 -2.213063320130501666e+00 -2.040411656967417109e+00 -1.932134267543350381e+00 -1.974435944066044835e+00 -1.964679199317741931e+00 -1.969322990180852662e+00
-2.481849547379741061e+00 -2.141379604208294651e+00 -2.029841678724194409e+00 -1.854081010584254008e+00 -1.994156725659651519e+00 -1.954549569324420810e+00 -1.950806155365630845e+00
-2.154235634424901846e+00 -2.155841661106097540e+00 -1.850280503286327205e+00 -1.874543068943069768e+00 -1.941022877670884883e+00 -1.969530207365198793e+00 -1.961485234097846808e+00
-2.312432576781485949e+00 -2.382284870183925207e+00 -1.853628140686002679e+00 -1.880568872110596645e+00 -1.949558166137664417e+00 -1.955959569749904814e+00 -1.954066866824745174e+00
-1.706259452148644273e+00 -1.583715442596993705e+00 -2.026156820255150315e+00 -2.011945876814678513e+00 -1.955917951159263035e+00 -1.977124161936932412e+00 -1.970884628542522554e+00
-2.203150689731854683e+00 -2.478667447975734461e+00 -2.110157381568914303e+00 -1.923814377224012828e+00 -1.961285023856514487e+00 -1.938244095808721701e+00 -1.954004693291692574e+00
-1.840006870548492879e+00 -1.583120050875417073e+00 -1.928146486873063781e+00 -1.959541639690683068e+00 -1.934241933406671388e+00 -1.966429937963389607e+00 -1.953705757354380568e+00
-1.955251526288102282e+00 -1.964479630618786166e+00 -2.015379752708431838e+00 -1.944221426517881435e+00 -1.943387615437756066e+00 -1.966784286001767912e+00 -1.944991363629246850e+00
-2.134525449167888667e+00 -2.020016382007898237e+00 -1.920465241649244037e+00 -1.996901503501576913e+00 -1.947237995648860354e+00 -1.964964546658435340e+00 -1.957266012145995271e+00
-2.067572031295913604e+00 -1.797908367632765847e+00 -1.874075909896431691e+00 -1.934292706443516474e+00 -1.982169860089448177e+00 -1.943098965492528807e+00 -1.947367849052177524e+00
-2.216447399078392166e+00 -1.891471093576557516e+00 -1.944955379776349469e+00 -2.007512064276260055e+00 -1.943857015903447172e+00 -1.987568598110045270e+00 -1.962540502734075654e+00
-1.356850015309614799e+00 -1.951981976724926016e+00 -2.024970269709221782e+00 -1.965071963665433907e+00 -1.998362492695226367e+00 -1.962639659579178408e+00 -1.964976927956246788e+00
-2.312993507191263731e+00 -1.653237890056489467e+00 -1.895424315254979009e+00 -2.070163829010060574e+00 -1.957173586473414995e+00 -1.982802613849793838e+00 -1.963446773820099578e+00
-2.028003053458552252e+00 -2.175027260340590018e+00 -1.842270480511228437e+00 -1.889677567008763548e+00 -1.977978805084673164e+00 -1.935767130172033612e+00 -1.970683000704121612e+00
-2.150665341912416650e+00 -1.956474639085574507e+00 -2.178939884417890660e+00 -1.874684694328138557e+00 -1.935959317835630022e+00 -1.953183761244978944e+00 -1.976291652806133170e+00
-1.883681079341033238e+00 -1.946394479918277964e+00 -1.875995597228022005e+00 -1.889865934938024905e+00 -1.929320755743306082e+00 -1.972114495010059310e+00 -1.968006973446463581e+00
-2.028620438505710943e+00 -2.250049191963841011e+00 -1.919929875896348337e+00 -2.013713221543404153e+00 -1.967510136581131830e+00 -1.944186282533345134e+00 -1.954752098152541917e+00
-2.203448251084204834e+00 -2.196445096715480716e+00 -1.955578514221459452e+00 -2.093878526706160592e+00 -1.938135898032592452e+00 -1.983684974575383064e+00 -1.965806815986253175e+00
-2.374728071222647507e+00 -1.977927947426387112e+00 -1.840248990181998279e+00 -1.899097832026308330e+00 -2.012026639898318869e+00 -1.902572547947867010e+00 -1.963457566034239266e+00
-2.163167732207525340e+00 -2.304651991812379563e+00 -1.740062204745525642e+00 -1.832121012327980081e+00 -1.933600077297198849e+00 -1.916846261972351639e+00 -1.971519584913606016e+00
-1.774082065563483246e+00 -1.847775348933015538e+00 -2.061967775277615544e+00 -1.934556640140792316e+00 -1.969603391367356737e+00 -1.948515073508389372e+00 -1.977322880973030328e+00
-1.363487844429036366e+00 -2.154045706209003264e+00 -1.882755558767889026e+00 -1.948366509123175883e+00 -2.018867542245536661e+00 -1.952285054745567239e+00 -1.958891149967157519e+00
-1.564588767681793113e+00 -1.768892172012017872e+00 -2.103601201965275891e+00 -1.860853011076925467e+00 -2.005755755261833251e+00 -1.952738093051374912e+00 -1.952481866809960165e+00
-1.923330466258712290e+00 -1.876355858576549407e+00 -2.074241326959028520e+00 -1.996116118001291850e+00 -1.955531412832733684e+00 -1.943199240291845209e+00 -1.951385112590217519e+00
-1.970152757416334000e+00 -2.078343513239862439e+00 -2.001167152222246060e+00 -2.005580368249352929e+00 -2.015873355093861008e+00 -1.960671003742198382e+00 -1.957466163865571707e+00
-1.923146622735278699e+00 -2.103565181482872859e+00 -1.902135170812409681e+00 -1.991635621049667959e+00 -1.887071383187376883e+00 -1.928688730611543223e+00 -1.966658201561951147e+00
-2.017786021542119279e+00 -1.578165483969055094e+00 -2.244597848641617155e+00 -1.925286324929081916e+00 -1.957615116589893622e+00 -1.986539676361423146e+00 -1.959970970892568110e+00
-2.179979503020159193e+00 -2.284817813819291388e+00 -1.722840754988679501e+00 -1.803977304870020726e+00 -1.966011964527111688e+00 -1.945619156978037667e+00 -1.956172087667248372e+00
-1.736803692585020320e+00 -1.786662484156832820e+00 -1.909204398583659534e+00 -1.999870219579254149e+00 -1.955166745259377725e+00 -1.973926674218526633e+00 -1.959736252759762598e+00
-2.352139317847814937e+00 -1.841902116757505814e+00 -1.753399866913569527e+00 -1.828367879654916761e+00 -1.984422709933008955e+00 -1.986463024146258638e+00 -1.958499766777322515e+00
-1.682520038043234356e+00 -1.936806097534039095e+00 -1.682768725015353128e+00 -1.816499963239995408e+00 -2.022649125748455567e+00 -1.968856702855904972e+00 -1.959626871292736494e+00
-2.147254225479064971e+00 -2.093681227178415760e+00 -2.097077058973180641e+00 -1.876519461547593748e+00 -1.947667901468962848e+00 -1.973836741203894407e+00 -1.978057816039379579e+00
-1.923662480798879804e+00 -2.088376265740246041e+00 -1.983401766839224090e+00 -1.954695986892758031e+00 -1.940508136326556832e+00 -1.949006646965350642e+00 -1.947479258996833495e+00
-1.960256907563673101e+00 -2.257548958413006623e+00 -1.906563880105542674e+00 -2.019957724223799822e+00 -1.961476024557726960e+00 -1.932676808770229959e+00 -1.954092160372923326e+00
-1.630855298488725902e+00 -1.793384497989375825e+00 -1.907321420163054393e+00 -1.858685740243090079e+00 -1.973885230407459668e+00 -1.962334625496877871e+00 -1.968001637110953217e+00
-2.016152065968634943e+00 -1.651393289351796190e+00 -2.113752482107165598e+00 -2.057287239260051415e+00 -1.919247272737966581e+00 -1.935623051521325744e+00 -1.953865827022222446e+00
-1.731839356804301788e+00 -2.500211177452381861e+00 -1.871042616092476907e+00 -1.881364866472841735e+00 -1.967251304036114812e+00 -1.977741714700429254e+00 -1.972482684203063608e+00
-2.044714723723685346e+00 -2.289997299121977470e+00 -1.792177325685089917e+00 -1.966015894744763459e+00 -1.929383440650046522e+00 -1.924394338177517261e+00 -1.949636797596208782e+00
-2.234084187913855324e+00 -1.861959150623433201e+00 -2.060801928719346421e+00 -2.017200506132915905e+00 -1.984474135172504594e+00 -1.957497504451037207e+00 -1.965563119157835326e+00
-2.072238502645774361e+00 -2.145550422204506091e+00 -1.892851159680885464e+00 -1.992673440636876458e+00 -1.944277463014534080e+00 -1.939963749845362573e+00 -1.973409467603336465e+00
-9.377724466750374521e-01 -1.543026379584647279e+00 -2.086322506275009481e+00 -1.939369825679727599e+00 -1.926328692721703595e+00 -1.973161618068927980e+00 -1.965141654074266997e+00
-2.041262591126162818e+00 -2.049142308498407061e+00 -2.147102097240437324e+00 -1.993262557363497001e+00 -1.987050726716891313e+00 -1.966018169029163820e+00 -1.969229382970201003e+00
-1.768642319987595135e+00 -2.160840283864655653e+00 -1.804935997835153350e+00 -1.958520057386907487e+00 -2.001431335733662387e+00 -1.956589781503498271e+00 -1.958599896113504046e+00
-2.084521136038857136e+00 -1.419278784947092698e+00 -2.008657345291479324e+00 -2.096532982927309163e+00 -1.969114466535987207e+00 -1.986784833678591378e+00 -1.967905490657009038e+00
-1.735176278328846911e+00 -2.000462887309280013e+00 -1.769074236899041308e+00 -1.918520277319007095e+00 -1.932013933503897496e+00 -1.964650329006805807e+00 -1.955665951415709758e+00
-1.957913247952992153e+00 -2.039723036499245801e+00 -1.998252690927698305e+00 -2.067138637561779291e+00 -1.960285334315386097e+00 -1.966992609130266301e+00 -1.941680861758439347e+00
-1.729962275893465629e+00 -2.115758907492420349e+00 -1.946128135632571476e+00 -2.022401760351369759e+00 -1.952780580948248579e+00 -1.969804212539058907e+00 -1.956618705611537612e+00
-2.147056342105893023e+00 -1.892900174508522992e+00 -1.903107762073368958e+00 -1.974923712782086005e+00 -1.938644123219953164e+00 -1.957022753767448942e+00 -1.948191267766352430e+00
-1.748436648846857233e+00 -1.921995234304343603e+00 -1.980241429317193491e+00 -1.922112006469705703e+00 -1.935728713985879645e+00 -1.989178014761077362e+00 -1.968575534647752479e+00
