(-1.9601936448939292+0j)
-1.371349959550267394e+00 -1.837742247602018653e+00 -1.845389825546187135e+00 -1.898140230733621925e+00 -1.916328295401428017e+00 -1.926780652145495543e+00 -1.953579725198059558e+00
-2.048847451006252207e+00 -2.194721023272023785e+00 -2.028674216762397009e+00 -1.800897825720443768e+00 -1.854845624979948093e+00 -1.924540807034084144e+00 -1.955410652105673774e+00
-1.980839577049836597e+00 -2.036799006483407837e+00 -2.004328745458125560e+00 -1.883287382585709713e+00 -1.979861475603186038e+00 -1.960859578910116641e+00 -1.948262220399027855e+00
-2.162446999122162872e+00 -2.003601693017830421e+00 -2.064644205214847261e+00 -2.081142283309926455e+00 -1.998128392997876146e+00 -1.966157703515212019e+00 -1.972200413762689619e+00
-1.963811985580157016e+00 -1.645223209575221945e+00 -1.823861272408664247e+00 -1.992552366108718997e+00 -2.023235467527364939e+00 -1.987761264442546638e+00 -1.955834021194933880e+00
-1.933371493581926392e+00 -1.621995218670356342e+00 -1.848161498894827615e+00 -1.839312255018928033e+00 -1.974536907916846884e+00 -1.951999110585434627e+00 -1.959739820426727563e+00
-2.041531943762958434e+00 -2.103524139607282351e+00 -2.041257883045734189e+00 -1.983820438290661459e+00 -1.991410253310217593e+00 -1.988513773404547047e+00 -1.963987589895202612e+00
-1.490839318095986465e+00 -1.648362856101209806e+00 -1.813889963327625532e+00 -1.833052448586078187e+00 -1.885561237177934890e+00 -1.961180375579927970e+00 -1.967815059611379480e+00
-1.606244342856433471e+00 -1.445274163858620176e+00 -1.760948108819550439e+00 -1.897621008803725084e+00 -1.923862951926919918e+00 -1.971579063427509881e+00 -1.973318590611749856e+00
-1.899590212062258532e+00 -1.786310579216696004e+00 -1.968773721229121199e+00 -1.980177431303647984e+00 -1.952708548076182771e+00 -1.973523929233502505e+00 -1.962506756177731626e+00
-1.715352337658980764e+00 -1.818365106010584986e+00 -1.927241971599099157e+00 -1.949175107529619089e+00 -1.936343779236579410e+00 -1.951066458800547521e+00 -1.952310137496092279e+00
-2.021656292265898713e+00 -2.028571152415465484e+00 -2.079141797790162727e+00 -1.951101916986298201e+00 -1.944393943971277183e+00 -1.964806899633311010e+00 -1.957695405527555055e+00
-1.823948653723097779e+00 -1.829193706191911906e+00 -1.987107663351792786e+00 -2.009291018518912786e+00 -2.016501509292161209e+00 -1.972824258052595647e+00 -1.958900557250400576e+00
-2.081595233464906158e+00 -1.939135031124091357e+00 -1.754334048264533097e+00 -1.918279111882358334e+00 -1.969534787268201415e+00 -1.991134064396977488e+00 -1.963802506238857992e+00
-1.726620162573862638e+00 -1.759044671617708611e+00 -1.667877218232037384e+00 -1.997728071447627984e+00 -1.904829414952345035e+00 -1.934713388211756202e+00 -1.951913340453726109e+00
-1.894067780714343341e+00 -2.029658268035543500e+00 -2.007900183822663109e+00 -1.949196920384440146e+00 -1.959595606340089669e+00 -1.961701693596184404e+00 -1.963594263293261255e+00
-1.836108599910744710e+00 -1.796856679273056256e+00 -1.976659514650260574e+00 -2.020824585549595653e+00 -1.993730918829718535e+00 -1.971532810841794658e+00 -1.965184897509101747e+00
-2.089499428587840768e+00 -1.915026718965387564e+00 -1.932815955837835942e+00 -1.951012190131594215e+00 -2.030950954617974702e+00 -1.999915367170833624e+00 -1.957742566970241294e+00
-2.074915855624430705e+00 -1.767012314669220485e+00 -1.840425213491389433e+00 -1.955201199477974106e+00 -1.950236429609782940e+00 -1.976372794835994595e+00 -1.972144270062855975e+00
-2.129935874025737697e+00 -2.201999748603376439e+00 -2.191951786049493478e+00 -2.079322080802062267e+00 -1.977984514851537368e+00 -1.951323289757859181e+00 -1.967323400454126459e+00
-1.994203601612663190e+00 -2.058883540158332970e+00 -1.899030990339290126e+00 -1.824313132910556190e+00 -1.902814181588107223e+00 -1.938088513967546556e+00 -1.965620860447368612e+00
-2.076524788689962264e+00 -2.166616499661061290e+00 -2.074525534289947792e+00 -1.986907346591786583e+00 -1.956471513178413391e+00 -1.944256855923439220e+00 -1.947893800060684688e+00
-1.964073208170211471e+00 -1.939721504607172742e+00 -2.158996193120695573e+00 -2.030428225015526777e+00 -1.963383544212383258e+00 -1.935722267088497039e+00 -1.953871452852782076e+00
-1.865697735756453701e+00 -1.693884503777030259e+00 -1.804212902725517376e+00 -1.945632042124534555e+00 -1.945829799326287413e+00 -2.006405066533528903e+00 -1.965711188607728532e+00
-2.045245104434116890e+00 -2.313184209065919816e+00 -2.259600100206656137e+00 -2.121004627428312084e+00 -2.052959807413143878e+00 -2.001612599211820331e+00 -1.974615410303887986e+00
-2.186294049629807112e+00 -2.295748357166901954e+00 -2.106008658398676126e+00 -1.980828838119051527e+00 -1.958921619450002760e+00 -1.987977332223750837e+00 -1.973074315837532788e+00
-2.024822374729552621e+00 -1.962793748146887785e+00 -1.840614234460342002e+00 -1.825466599219198516e+00 -1.982168937023423227e+00 -1.966992646654176502e+00 -1.955708770353010051e+00
-2.104764758026723470e+00 -2.091787200093502719e+00 -1.925560672553065844e+00 -1.895320946684402541e+00 -1.952253997587031220e+00 -1.920412296750755976e+00 -1.950706245311276676e+00
-1.979217147779156472e+00 -1.830269746355258187e+00 -1.980649910992849483e+00 -2.044369594672067691e+00 -1.947852029680692487e+00 -1.972080112655235640e+00 -1.966613442880664975e+00
-1.963239117251309507e+00 -2.127160504495889448e+00 -1.978050953186221816e+00 -1.886602846552910995e+00 -1.885009034542469264e+00 -1.934890120283614623e+00 -1.955503997268108529e+00
-1.829199273918854507e+00 -1.741307612734614763e+00 -1.899055730561454824e+00 -1.918874617874278821e+00 -2.003331872919073220e+00 -1.950257229558147953e+00 -1.949288757768488312e+00
-2.038791425412625813e+00 -2.151170264863446313e+00 -1.858995822562351519e+00 -2.038876837187272528e+00 -2.047349789883932125e+00 -1.963988175194973929e+00 -1.964180862755498191e+00
-1.775528012460490634e+00 -1.910036022575253289e+00 -1.946019162211810594e+00 -1.922302623303230762e+00 -1.984874040081438862e+00 -1.933182852298584775e+00 -1.945434648193214100e+00
-1.814648799391999523e+00 -1.841695406390395418e+00 -1.806935536489046035e+00 -1.908564461706270032e+00 -1.943292180387569568e+00 -1.960827098010105241e+00 -1.958563455115105212e+00
-1.672371956140786375e+00 -1.993842762211633923e+00 -1.995883513122807651e+00 -1.934189082078872746e+00 -1.953841495747531409e+00 -1.944095834557095115e+00 -1.958639484727825897e+00
-2.038370001276399890e+00 -1.890719464744138767e+00 -1.832327903188363694e+00 -1.879381281764981759e+00 -1.878172985991350297e+00 -1.941774567929975825e+00 -1.949062298454430797e+00
-2.066194244508989364e+00 -2.248871527178579299e+00 -2.074114794284382057e+00 -2.017314774143170730e+00 -1.987864546789586795e+00 -1.946432026846039109e+00 -1.959238617086639822e+00
-1.717372831504877739e+00 -1.843343228296647540e+00 -1.945061530172350173e+00 -1.913074233640219335e+00 -1.937970147826433509e+00 -1.925868095343180153e+00 -1.967710402686176030e+00
-2.017248083288799343e+00 -1.878387390714973515e+00 -1.845161867520300314e+00 -2.067779622779182702e+00 -2.025111906257262895e+00 -1.982523981277255709e+00 -1.967617628023644150e+00
-1.521757053140637028e+00 -1.915260244646015630e+00 -1.909686805343645988e+00 -1.940677522199080629e+00 -1.979217934142061486e+00 -1.959858390003754502e+00 -1.942485605158176698e+00
-1.774917997398562486e+00 -1.820746918038165463e+00 -1.988103060730904703e+00 -1.881257926270895497e+00 -1.958573605592585087e+00 -1.956281152309200300e+00 -1.963261343304081530e+00
-2.038759958299088737e+00 -2.114208813185278757e+00 -2.106656103499245702e+00 -1.977710465300328346e+00 -1.946384513717956510e+00 -1.960073359379929103e+00 -1.960948671462001469e+00
-1.734972604457746703e+00 -2.108860666234075865e+00 -2.173553649666795096e+00 -2.051598721285382787e+00 -1.957816331663909670e+00 -1.951952513239285869e+00 -1.967703677828833486e+00
-2.067686245028112602e+00 -2.015867871321923133e+00 -2.069336776208521300e+00 -1.939174392928425084e+00 -1.982364414717135981e+00 -1.981207029466381497e+00 -1.949390809724457219e+00
-2.074940328065010497e+00 -1.977724582327748282e+00 -2.022887258941260313e+00 -2.124766333382259731e+00 -2.006975483464780829e+00 -1.961569195691165168e+00 -1.963661125492872861e+00
-1.808950111926140858e+00 -1.990395377835801893e+00 -2.062859401008851457e+00 -1.865398302247669227e+00 -1.943865324627650493e+00 -1.944569855490182464e+00 -1.953975395414547345e+00
-1.885630879326575693e+00 -1.894020921130461277e+00 -2.153657672121827460e+00 -2.043566831706732145e+00 -1.961793631002874738e+00 -1.948377921182275818e+00 -1.963115105023823359e+00
-1.949498196476224576e+00 -2.005984018566217664e+00 -1.905032147261081166e+00 -1.911234467801115278e+00 -1.941048330376119457e+00 -1.947197197305759575e+00 -1.951057193159434044e+00
-1.896216961379923349e+00 -2.009328111010511897e+00 -2.030977727722861559e+00 -1.999684537270377094e+00 -1.944506406244930874e+00 -1.993116422931368925e+00 -1.964654096401763139e+00
-1.985738480304602982e+00 -2.155280280983154384e+00 -2.064493393870133531e+00 -2.010716560491600191e+00 -1.904448764547018724e+00 -1.942885955581449275e+00 -1.959169703119622463e+00
