(-1.9601936448939292+0j)
-1.919448229168504438e+00 -1.928446082182091681e+00 -1.931966319919657726e+00 -1.911131976556464496e+00 -1.871574410410117073e+00 -2.187926998821938973e+00 -1.992738875022858069e+00
-1.786284050051043737e+00 -1.828618063586336495e+00 -1.984206949116067209e+00 -1.972645344417998770e+00 -1.920212274890769732e+00 -2.045622562121453214e+00 -1.854699108998977275e+00
-1.708441879477661685e+00 -1.817331469856233950e+00 -1.802293769205660423e+00 -1.779285340215240874e+00 -1.775594073315877042e+00 -1.932273739933320966e+00 -1.779938048024054753e+00
-1.939680267387944079e+00 -1.859609022787148680e+00 -1.857921125463189549e+00 -1.917601404014228406e+00 -1.931069211360423532e+00 -1.761157728867362993e+00 -1.990672757589369679e+00
-1.902248984129054632e+00 -1.859909830362866723e+00 -1.968877491694100756e+00 -2.049146263672771084e+00 -2.142168914574742011e+00 -2.114672319019754276e+00 -2.116485528296287555e+00
-1.787355429816878560e+00 -1.938494734105643102e+00 -1.885564154994067598e+00 -1.824090775068057058e+00 -1.765183723610970867e+00 -1.983890465720772545e+00 -1.888237639519122046e+00
-1.929564256356952390e+00 -1.906861201964543229e+00 -1.856763458377654219e+00 -1.853136870332383834e+00 -1.881009859288639730e+00 -1.852469196361725912e+00 -1.961075496354219405e+00
-1.812721314412252704e+00 -1.888434882437552309e+00 -1.881037523225252306e+00 -1.934710779104937606e+00 -1.939836595799667274e+00 -1.697627937260145492e+00 -1.959059276998467825e+00
-1.929564248452011244e+00 -1.950508173974623505e+00 -1.915740653988102560e+00 -1.928701261736872175e+00 -1.988069819576436581e+00 -1.674067363134437381e+00 -1.900603179306020296e+00
-1.929564248104437274e+00 -1.869715208278686314e+00 -1.939941407910597215e+00 -1.851857360492462190e+00 -1.927110224469753552e+00 -1.951947855396195530e+00 -1.984355540890733183e+00
-1.947268802774933638e+00 -1.920720145323244532e+00 -1.945915978201011365e+00 -1.861817873743091267e+00 -1.975207761555408448e+00 -2.060073403771339073e+00 -2.022969384891355915e+00
-1.929564248452011244e+00 -1.958151435791927630e+00 -1.884489861156475099e+00 -2.031412087240646258e+00 -1.868275288297936543e+00 -1.934222239105437113e+00 -1.904014069568739975e+00
-1.929564248452011244e+00 -1.893381565832782387e+00 -1.931414168926425257e+00 -1.919310055363000478e+00 -1.854034481776317689e+00 -1.827773827000050089e+00 -1.925036305399028480e+00
-1.838592566615079749e+00 -1.852696204726983487e+00 -1.697273847520323065e+00 -1.728161647927723754e+00 -1.884661130076883628e+00 -1.931941199326572489e+00 -2.071984172879431263e+00
-1.896698480237956064e+00 -1.849655747440993148e+00 -1.825476639997041461e+00 -1.792694489148654702e+00 -1.878761306706669965e+00 -1.957219391572657896e+00 -1.978756443275595300e+00
-1.929564240894643179e+00 -1.902738836204142858e+00 -1.949909250254282300e+00 -1.873748572425823378e+00 -1.989789047524262999e+00 -2.132852530027622429e+00 -1.746574021525937992e+00
-1.849742911335460205e+00 -1.883544664895521636e+00 -1.898566496442542162e+00 -1.872415841412970794e+00 -1.864672488581462728e+00 -1.903134498652007567e+00 -1.881735761940263041e+00
-1.964504518805181510e+00 -1.954509876960553560e+00 -2.004162317423651807e+00 -2.084783716404563059e+00 -2.030707902710632951e+00 -1.995220194942657121e+00 -2.019556162055589077e+00
-1.939680267387944079e+00 -1.968515913074053492e+00 -1.932532355188693485e+00 -1.897462690954034192e+00 -1.778485234630909906e+00 -2.024023489762910799e+00 -1.971152155965220976e+00
-1.770954376997449620e+00 -1.899046390567909581e+00 -1.867214711999902521e+00 -1.740824196154631798e+00 -1.840031210515264748e+00 -1.971625951604334626e+00 -2.016072848950533292e+00
-1.966074863592251143e+00 -2.003225956067934632e+00 -2.017856272311620458e+00 -2.010861031681956845e+00 -2.202590093067189336e+00 -1.852895549979611145e+00 -1.951379728294403870e+00
-1.866036782506408143e+00 -1.867308698313574711e+00 -1.898709069639903602e+00 -2.053925556511537742e+00 -2.167411008123008465e+00 -2.262610596348230807e+00 -1.945696386529546240e+00
-1.649006514034681681e+00 -1.830282222250743329e+00 -1.825229888847032411e+00 -1.917095718335647847e+00 -1.963732003078955346e+00 -1.887937877039565171e+00 -1.839220435329349312e+00
-1.929564248799584325e+00 -1.894623970193898499e+00 -1.918538016703631000e+00 -1.835993571758528509e+00 -1.868390447001184063e+00 -1.920812212851562117e+00 -1.977917204365378323e+00
-1.935215699676772649e+00 -1.899750542452223856e+00 -1.777171145141060782e+00 -1.809899804349940799e+00 -1.825186984462642714e+00 -1.862376346068515653e+00 -1.972037801691074010e+00
-2.013127132542271269e+00 -1.907696266645870553e+00 -1.923330315164478277e+00 -2.068597472810364657e+00 -2.128132312267132953e+00 -2.245092759575933350e+00 -2.064567405008804535e+00
-1.930836163564030317e+00 -1.978197738366627378e+00 -1.915975533521581342e+00 -1.836465243584279650e+00 -1.867817883953131863e+00 -1.880097301304197499e+00 -1.854656805870031677e+00
-1.954404465131233559e+00 -2.030340062620958896e+00 -2.000295262217783865e+00 -1.928652862298916526e+00 -1.830643122934367151e+00 -1.702034412554947584e+00 -1.785976092588434261e+00
-1.926964939089586215e+00 -1.961905217347698516e+00 -1.902181338273004618e+00 -1.935063036934696390e+00 -1.772477904060806742e+00 -1.736255478923867779e+00 -1.711160888186152862e+00
-1.929564248104437274e+00 -1.956879520332334144e+00 -1.951253433962772066e+00 -2.055426041403851656e+00 -2.216191134844079258e+00 -1.901621534145816250e+00 -2.097505917391137231e+00
-1.916646964655362551e+00 -1.923000055225984495e+00 -1.841919489367414675e+00 -1.869814210460254200e+00 -2.032507230944269772e+00 -1.895946064819647559e+00 -1.842343984090394793e+00
-1.929564248452011244e+00 -1.788831059497929532e+00 -1.868282578329992782e+00 -1.955114211409718861e+00 -2.070601146145541804e+00 -1.656357173445981656e+00 -1.915419095860946053e+00
-1.918583453176365916e+00 -1.889996257236360444e+00 -1.913948928518542703e+00 -1.903719636938365545e+00 -1.983699316208605401e+00 -1.690162779904514467e+00 -1.895738073776615407e+00
-1.959357505345288297e+00 -1.926491729226291971e+00 -1.928005693505849605e+00 -1.907619491469775719e+00 -1.865646233109854224e+00 -1.865110413731643879e+00 -1.929866163021832781e+00
-1.929564248452011244e+00 -1.780288083516485598e+00 -1.863226797834254045e+00 -1.802060973913225395e+00 -2.075024592051366135e+00 -1.922012926403284139e+00 -2.099327085864674203e+00
-1.894623970193898499e+00 -1.877657810158961604e+00 -1.946657372541048536e+00 -2.069474940576688127e+00 -2.016434916382572773e+00 -2.011732189821892725e+00 -2.023882222014485421e+00
-1.900977060764520887e+00 -1.916544129791618589e+00 -1.905045621308211645e+00 -2.085798521676995421e+00 -2.014813719831875183e+00 -1.993723154575159251e+00 -1.809830352490830352e+00
-1.943639402703197794e+00 -1.951443146377670912e+00 -1.933891686420013967e+00 -1.949685519338834494e+00 -1.971437717408824009e+00 -2.089573252984434859e+00 -1.958496728530431552e+00
-1.956879521027481639e+00 -1.948483395384158046e+00 -1.964399029353112391e+00 -1.851494725458965318e+00 -1.793011797231080839e+00 -2.060261111643209020e+00 -1.968749221027216167e+00
-1.673946704290149023e+00 -1.853631069630064188e+00 -1.920403705662301563e+00 -2.065297958252453547e+00 -1.912390868478543338e+00 -1.831377842074241480e+00 -1.879703715877583337e+00
-1.929564248452010800e+00 -1.740434802109365853e+00 -1.798398468061102706e+00 -1.847447412758430607e+00 -1.775681135263158295e+00 -1.765377976766009160e+00 -1.953798952639205444e+00
-1.929564248452011244e+00 -1.866242876809492524e+00 -1.814327630422874593e+00 -1.734829090943478702e+00 -1.828615599970079719e+00 -1.863843193980157187e+00 -1.643108179414980663e+00
-1.615025433906597252e+00 -1.821535666478808269e+00 -1.911464128787697225e+00 -1.833046629505770797e+00 -1.676331601251538350e+00 -1.826617661047907015e+00 -1.970599866537822153e+00
-1.929564256009378864e+00 -1.948483539723272484e+00 -1.933164072012916845e+00 -1.879593832053418234e+00 -1.629748891864079008e+00 -1.596979063888210204e+00 -1.869547546321152831e+00
-1.919448229516077964e+00 -1.884393615329911897e+00 -1.802991681225668996e+00 -1.981390171299436398e+00 -1.943289949966167329e+00 -1.887818931874487349e+00 -1.944598219501681546e+00
-1.929564248452011244e+00 -1.840300467722424616e+00 -1.783171136280526481e+00 -1.871419694225944896e+00 -1.971583821285131544e+00 -2.003980802181917653e+00 -1.950970239650322791e+00
-1.903497577211347158e+00 -1.876676331050275204e+00 -1.922600393963354248e+00 -1.995573170253152506e+00 -2.005109871902923224e+00 -1.730200450262272982e+00 -1.867141408695010663e+00
-1.900977060416946918e+00 -1.834392056572380580e+00 -1.802575677190267234e+00 -1.791159614878190753e+00 -1.911234984822762550e+00 -2.119244348255567623e+00 -2.016036597043626699e+00
-1.995569706967935231e+00 -1.989510551538871796e+00 -1.927554317036531240e+00 -1.930614202827449111e+00 -1.811249997808589862e+00 -2.079913275665879802e+00 -1.852795312078682644e+00
-1.890248331321837449e+00 -1.782141151141776847e+00 -1.638694085305172576e+00 -1.713147657197908513e+00 -1.743919846703403609e+00 -1.709339388496631029e+00 -1.898409586939423077e+00
