(-0.9141497046270843+0j)
-9.043613941635403330e-01 -9.043613941635403330e-01 -9.268634229151312409e-01 -9.198616782765342004e-01 -9.681929843534852198e-01 -9.740395440800427851e-01 -9.759038242501819616e-01
-9.043613941635403330e-01 -9.043613941635403330e-01 -8.682966525559315807e-01 -8.840770273652892586e-01 -8.869771912247422785e-01 -8.593022701305815803e-01 -9.085894921415783587e-01
-9.043613941635403330e-01 -9.043613941635403330e-01 -9.043613941635403330e-01 -8.891016569774757849e-01 -8.962208795681002593e-01 -8.948199526462442543e-01 -9.775003181866545043e-01
-9.043613941635403330e-01 -9.043613941635403330e-01 -9.043613941635403330e-01 -8.942832001014570098e-01 -8.535036315718828037e-01 -9.353883499513188093e-01 -9.494862745536701842e-01
-9.043613941635403330e-01 -9.043613941635403330e-01 -9.043613941635403330e-01 -9.454902501691818673e-01 -9.328471377239612172e-01 -9.330753496093434629e-01 -8.848941392725212518e-01
-9.043613941635403330e-01 -9.043613941635403330e-01 -8.890660286065515949e-01 -8.880869081979231305e-01 -9.310842538416138625e-01 -9.741595948715860986e-01 -9.502829738748600485e-01
-9.043613941635403330e-01 -9.043613941635403330e-01 -8.675268030271851005e-01 -8.835880706359350301e-01 -8.959648940170216180e-01 -9.387836239805525951e-01 -9.503382956019769123e-01
-9.043613941635403330e-01 -9.043613941635403330e-01 -8.920188097892657320e-01 -8.957594210658054168e-01 -8.976514631446496084e-01 -9.350016191966413759e-01 -8.444046406641468883e-01
-9.043613941635403330e-01 -9.043613941635403330e-01 -8.859405832295254024e-01 -8.991845819130329653e-01 -8.971290659630023478e-01 -9.353456495315021213e-01 -8.263103682018523299e-01
-9.043613941635403330e-01 -9.043613941635403330e-01 -8.893859427029197073e-01 -8.951164142088657849e-01 -8.974471226164545401e-01 -8.573963225276052258e-01 -8.945252837187501749e-01
-9.043613941635403330e-01 -9.043613941635403330e-01 -8.772730281391726281e-01 -8.829026333179698094e-01 -8.911589939247946957e-01 -9.342313382549113365e-01 -8.389906583432952258e-01
-9.043613941635403330e-01 -9.043613941635403330e-01 -8.861552591195845929e-01 -8.898444571536178183e-01 -8.106206673180690325e-01 -8.948303740135364892e-01 -9.489005131709852270e-01
-9.043613941635403330e-01 -9.043613941635403330e-01 -8.861099526682308936e-01 -8.888897945371080356e-01 -8.885429252073123729e-01 -8.914097299356630311e-01 -8.945287082348313268e-01
-6.482292966075168250e-01 -8.364423571533260438e-01 -8.858821725418891679e-01 -8.546514704181561450e-01 -8.113778497474729567e-01 -8.115752512492649950e-01 -8.044570021592051257e-01
-9.043613941635403330e-01 -9.043613941635403330e-01 -9.043613941635403330e-01 -8.958785081413248585e-01 -8.900458134622454276e-01 -8.939654118168692820e-01 -9.066467576746742862e-01
-9.043613941635403330e-01 -9.043613941635403330e-01 -9.043613941635403330e-01 -8.462117002981447422e-01 -8.132636987357370062e-01 -7.719139315846280658e-01 -8.263133616938643788e-01
-9.043613941635403330e-01 -9.043613941635403330e-01 -9.043613941635403330e-01 -8.992452178899933424e-01 -8.091667085011150506e-01 -9.072560001843129607e-01 -8.453016226753516937e-01
-9.043613941635403330e-01 -9.043613941635403330e-01 -8.919192800875853644e-01 -8.958635330820091669e-01 -8.928456695919307906e-01 -8.677849173417379047e-01 -8.443094248190295970e-01
-9.043613941635403330e-01 -8.483236995268749192e-01 -8.892711327593169068e-01 -9.000812621852866124e-01 -8.969010779496967567e-01 -9.352636318294403894e-01 -9.356663517826370180e-01
-9.043613941635403330e-01 -9.043613941635403330e-01 -9.043613941635403330e-01 -8.940959696724034567e-01 -8.890077837182269738e-01 -8.525528735195414543e-01 -8.631010471281640450e-01
-9.043613941635403330e-01 -9.043613941635403330e-01 -8.861789621733221489e-01 -8.992437674530054936e-01 -8.928491454946870798e-01 -9.347559686068970253e-01 -9.138608718351702853e-01
-9.043613941635403330e-01 -9.043613941635403330e-01 -8.859878735621783408e-01 -8.957718156020103573e-01 -9.005144698439561113e-01 -9.775572993083400108e-01 -9.365579034454897256e-01
-9.043613941635403330e-01 -9.043613941635403330e-01 -9.043613941635403330e-01 -9.403226123977933559e-01 -9.794366914191759976e-01 -9.929213087194591614e-01 -9.296920465977979164e-01
-9.043613941635403330e-01 -9.043613941635403330e-01 -8.860318073067944278e-01 -8.957663070013578421e-01 -8.940764652997003070e-01 -8.564945057274725437e-01 -8.456483978974435045e-01
-9.043613941635403330e-01 -9.043613941635403330e-01 -9.043613941635403330e-01 -8.898761861725908995e-01 -8.520104028547988984e-01 -8.536829862605918029e-01 -7.977115234124364518e-01
-9.043613941635403330e-01 -9.043613941635403330e-01 -9.043613941635403330e-01 -9.454902501691818673e-01 -9.787384558861947914e-01 -9.358294301301187668e-01 -9.431116833814608968e-01
-9.043613941635403330e-01 -9.043613941635403330e-01 -9.043613941635403330e-01 -9.009283456584592509e-01 -9.005154941652239176e-01 -9.778161213221508996e-01 -9.283064796843619737e-01
-9.043613941635403330e-01 -9.043613941635403330e-01 -9.271401606770893755e-01 -9.403788675262011454e-01 -9.400068860596523246e-01 -8.569838461207893721e-01 -8.710336549184133359e-01
-9.043613941635403330e-01 -8.407645880162392116e-01 -8.679280487124788612e-01 -8.941562856447237140e-01 -8.875952105155230365e-01 -8.905860839305778098e-01 -9.619729359798069313e-01
-9.043613941635403330e-01 -9.043613941635403330e-01 -9.043613941635403330e-01 -9.335087573977350894e-01 -9.270650605537033018e-01 -9.728992840742917148e-01 -8.941628054970972572e-01
-9.043613941635403330e-01 -9.043613941635403330e-01 -9.043613941635403330e-01 -9.043613941635403330e-01 -9.000474346090930888e-01 -9.362106168138107920e-01 -9.361564640349236965e-01
-9.043613941635403330e-01 -9.043613941635403330e-01 -8.859036895667006251e-01 -8.958626206517338320e-01 -8.942902750681868129e-01 -9.384252108022171912e-01 -8.955678848102032186e-01
-9.043613941635403330e-01 -9.043613941635403330e-01 -8.894644660438412176e-01 -9.001189750964387892e-01 -9.371360713996309544e-01 -9.358799919196575390e-01 -8.538036177291140616e-01
-9.043613941635403330e-01 -9.043613941635403330e-01 -9.043613941635403330e-01 -8.874105687734979986e-01 -9.363828193576290149e-01 -8.965785752975837797e-01 -8.488854157982178572e-01
-9.043613941635403330e-01 -9.043613941635403330e-01 -9.043613941635403330e-01 -9.454902501691818673e-01 -9.844964625868503072e-01 -1.017386117977970628e+00 -9.747265237079744127e-01
-9.043613941635403330e-01 -9.043613941635403330e-01 -8.861475957451460106e-01 -8.959102224068909992e-01 -8.497576900076356798e-01 -8.535351990051834870e-01 -8.945324424586510448e-01
-9.043613941635403330e-01 -9.043613941635403330e-01 -8.861743073214803923e-01 -8.898395766014685071e-01 -8.890817593754464232e-01 -8.638229964760993917e-01 -9.558477076795800498e-01
-9.043613941635403330e-01 -9.043613941635403330e-01 -8.953722022795954638e-01 -8.932231929439163887e-01 -8.926527557362874399e-01 -9.362136446581549309e-01 -9.311991205020669904e-01
-9.043613941635403330e-01 -9.043613941635403330e-01 -9.043613941635403330e-01 -8.992256006534745660e-01 -9.014943379941059431e-01 -8.978316149335402452e-01 -9.372474171977384083e-01
-9.043613941635403330e-01 -9.043613941635403330e-01 -9.043613941635403330e-01 -9.001441129833299692e-01 -9.003117771418250870e-01 -8.702283548615520337e-01 -9.126687333208786113e-01
-9.043613941635403330e-01 -9.043613941635403330e-01 -9.043613941635403330e-01 -8.846731992575725956e-01 -9.327781709951502576e-01 -8.925368174443591984e-01 -9.489468165232576302e-01
-9.043613941635403330e-01 -9.043613941635403330e-01 -8.859834593415883974e-01 -8.477546583968672556e-01 -8.505425247334913452e-01 -8.945076301624378390e-01 -8.869719530962071330e-01
-9.043613941635403330e-01 -9.043613941635403330e-01 -9.043613941635403330e-01 -9.043613941635403330e-01 -9.371326295460803424e-01 -8.930941281851202396e-01 -8.531484377198520486e-01
-9.043613941635403330e-01 -9.043613941635403330e-01 -9.043613941635403330e-01 -8.958763734940408119e-01 -8.933748436385432479e-01 -9.310924012631155433e-01 -9.349257532391265224e-01
-9.043613941635403330e-01 -9.043613941635403330e-01 -8.922514837453846548e-01 -8.984080515080695717e-01 -8.945805122712034985e-01 -8.528385005718767120e-01 -9.501702946300473185e-01
-9.043613941635403330e-01 -9.043613941635403330e-01 -9.043613941635403330e-01 -8.839052074564431871e-01 -8.928844504737626364e-01 -9.058825136745264350e-01 -8.612063261868031505e-01
-9.043613941635403330e-01 -9.043613941635403330e-01 -8.859004955767523226e-01 -8.941665935586230463e-01 -8.502737844082736141e-01 -8.097941497146209366e-01 -8.385136406457355251e-01
-9.043613941635403330e-01 -9.043613941635403330e-01 -9.043613941635403330e-01 -9.454902501691818673e-01 -9.357164633028990375e-01 -9.372452226959447907e-01 -8.735740688186265368e-01
-9.043613941635403330e-01 -9.043613941635403330e-01 -9.043613941635403330e-01 -9.352838845759282593e-01 -8.936975283582061502e-01 -9.366343080928906106e-01 -9.243728368541520579e-01
-9.043613941635403330e-01 -9.043613941635403330e-01 -9.043613941635403330e-01 -8.940978230891968304e-01 -9.014962291313840526e-01 -9.766820074093282011e-01 -9.080051761881707817e-01
