(-0.9141497046270843+0j)
-6.747549176420478689e-01 -8.431330004244755871e-01 -8.536823240799439327e-01 -8.439050205002073257e-01 -9.272348668891111645e-01 -9.146387701383104085e-01 -9.125602576778685249e-01
-9.043613941635403330e-01 -8.495229194893513247e-01 -9.193173418019556786e-01 -9.485301976816443714e-01 -9.382142096462072756e-01 -9.219494357823100339e-01 -9.118650399290580966e-01
-7.398459701409741962e-01 -8.495229194893513247e-01 -9.043613941635403330e-01 -9.184627162226176589e-01 -9.142431167036383366e-01 -9.212207605606997918e-01 -9.168104214359648063e-01
-1.068876818186106359e+00 -1.068876818186106359e+00 -8.714583093590274609e-01 -9.200295297847370657e-01 -9.069531334653421206e-01 -9.214909697909098307e-01 -9.151444976602222114e-01
-1.068876818186106359e+00 -1.068876818186106359e+00 -1.068876818186106359e+00 -9.440720137551942281e-01 -9.060138877338693719e-01 -9.167313372105999614e-01 -9.164016574690033723e-01
-6.747549176420478689e-01 -1.006256870043880980e+00 -9.219663861585684073e-01 -9.406736287623279624e-01 -9.150430231641556444e-01 -9.113782687938579707e-01 -9.124313723943476839e-01
-9.043613941635403330e-01 -9.591998688377293414e-01 -9.008255450351240201e-01 -9.139524760566800632e-01 -9.147164869052933911e-01 -9.128656357663004206e-01 -9.161141337946011598e-01
-9.043613941635403330e-01 -9.043613941635403330e-01 -9.043613941635403330e-01 -8.735147521593088493e-01 -8.878816612708680944e-01 -8.969356227862160802e-01 -9.054858888520992410e-01
-9.043613941635403330e-01 -9.043613941635403330e-01 -8.894054465251249875e-01 -9.335863905097109283e-01 -9.219943791087715779e-01 -9.235205473119268982e-01 -9.152581787120158685e-01
-9.043613941635403330e-01 -9.043613941635403330e-01 -8.530897912373079928e-01 -9.279358216037519869e-01 -9.316379051508466569e-01 -9.149655239390986905e-01 -9.112526511201540780e-01
-4.451484411205556269e-01 -7.183192186199270912e-01 -9.092365959815772447e-01 -9.015082970343680779e-01 -9.068493222573575929e-01 -9.024921969334039895e-01 -9.100417683385907397e-01
-9.043613941635403330e-01 -9.043613941635403330e-01 -8.451057110640970427e-01 -8.905429915344299507e-01 -9.116372937716766822e-01 -9.075472103878629015e-01 -9.189333146801393903e-01
-9.043613941635403330e-01 -7.398459701409741962e-01 -8.714583093590274609e-01 -9.112318785779557340e-01 -9.209784847033585242e-01 -9.169406772469247402e-01 -9.180916001363855772e-01
-9.043613941635403330e-01 -1.068876818186106359e+00 -1.003070648577079726e+00 -9.660546781720024123e-01 -9.105383151048899171e-01 -9.075886295507605839e-01 -9.191598023996493394e-01
-1.068876818186106359e+00 -8.025763664025796773e-01 -8.795296551036818622e-01 -9.253003909974132357e-01 -9.093722846532749093e-01 -9.116410842205576737e-01 -9.071402602618686695e-01
-9.043613941635403330e-01 -9.043613941635403330e-01 -9.249258221663613222e-01 -9.287204270213905710e-01 -8.985911790467696614e-01 -9.183153240528708627e-01 -9.150204849147728359e-01
-9.043613941635403330e-01 -9.043613941635403330e-01 -9.372644789680532051e-01 -9.712345260284908077e-01 -9.329305565774382858e-01 -9.236334475366679841e-01 -9.188957090061521393e-01
-6.747549176420478689e-01 -6.146060738565236603e-01 -9.092365959815772447e-01 -9.082009742551765408e-01 -9.149118325361403903e-01 -9.123531138857289280e-01 -9.115807224455702018e-01
-7.398459701409741962e-01 -9.866191061748234015e-01 -9.517990456508474972e-01 -9.236700745717546512e-01 -9.246250112141233268e-01 -9.180348034342303842e-01 -9.141328566437262326e-01
-9.043613941635403330e-01 -7.398459701409741962e-01 -8.495229194893513247e-01 -8.936142722308716424e-01 -9.125770711866439955e-01 -9.129868550575152009e-01 -9.089388664970688980e-01
-7.627348494907831844e-01 -9.532809968221426233e-01 -9.431314281107435749e-01 -9.305151528205285461e-01 -9.069280232448050372e-01 -9.081316210932462996e-01 -9.097837752926242194e-01
-9.043613941635403330e-01 -7.398459701409741962e-01 -7.767930310602416677e-01 -8.750639032296102515e-01 -8.973699870791153055e-01 -9.110674457184281261e-01 -9.100063107925465689e-01
-9.043613941635403330e-01 -9.043613941635403330e-01 -9.278635975953358761e-01 -9.102455508728098943e-01 -9.129139521897454701e-01 -9.236714983038020188e-01 -9.162433501161456606e-01
-9.043613941635403330e-01 -9.591998688377293414e-01 -9.591998688377293414e-01 -8.684123860143867502e-01 -9.148581103771474821e-01 -9.127097277635055628e-01 -9.147779287812142224e-01
-9.043613941635403330e-01 -9.043613941635403330e-01 -8.918468953958861301e-01 -8.904548734812137711e-01 -9.073263903098244265e-01 -9.102097168662460769e-01 -9.189183551464533695e-01
-9.043613941635403330e-01 -9.591998688377293414e-01 -9.591998688377293414e-01 -9.123599987131784106e-01 -8.964268141997383532e-01 -9.113244950824760382e-01 -9.154504066314707034e-01
-1.068876818186106359e+00 -1.068876818186106359e+00 -8.861471411089160144e-01 -8.846349202115414423e-01 -9.002988027678912042e-01 -9.158056750528010825e-01 -9.100486900080740904e-01
-1.068876818186106359e+00 -9.043613941635403330e-01 -9.409529965313855326e-01 -9.123599987131784106e-01 -9.016606241522170384e-01 -9.197426227984896174e-01 -9.156831388946266026e-01
-9.043613941635403330e-01 -9.866191061748234015e-01 -9.454902501691814232e-01 -9.059930009813320639e-01 -8.920949935227896477e-01 -8.972786083443339278e-01 -9.079887358615158499e-01
-9.043613941635403330e-01 -7.398459701409741962e-01 -8.524218529914616704e-01 -9.045163575866729255e-01 -9.122579584715327927e-01 -9.163113807874162520e-01 -9.104913740666594757e-01
-9.043613941635403330e-01 -8.935980184030171136e-01 -8.854896289699928369e-01 -9.253680516302226211e-01 -9.272186374204484105e-01 -9.264519011098285572e-01 -9.159953487726651966e-01
-1.068876818186106359e+00 -9.591998688377293414e-01 -9.278635975953358761e-01 -9.090936767991432133e-01 -9.076619777977624759e-01 -9.193342227382109710e-01 -9.195980395736108592e-01
-9.043613941635403330e-01 -1.068876818186106359e+00 -9.372644789680532051e-01 -9.088806837782513748e-01 -9.044922582234963260e-01 -9.206507166765501848e-01 -9.171775462516366106e-01
-9.043613941635403330e-01 -1.068876818186106359e+00 -9.866191061748234015e-01 -9.866191061748234015e-01 -9.667632029217440026e-01 -9.215702545750378283e-01 -9.143939489024696110e-01
-7.398459701409741962e-01 -9.043613941635403330e-01 -8.808591907317447900e-01 -8.916650913324809524e-01 -9.045072063950866381e-01 -9.105365151300671700e-01 -9.120249356555195641e-01
-4.893661775720735685e-01 -7.839210690546390969e-01 -8.859928760418208649e-01 -9.032202529341467612e-01 -8.888585056549055397e-01 -9.099061889405629655e-01 -9.152616200733726393e-01
-1.068876818186106359e+00 -9.591998688377293414e-01 -9.008255450351240201e-01 -8.834659196774353740e-01 -9.107605182590144954e-01 -9.103335460257208078e-01 -9.124066413308261625e-01
-7.398459701409741962e-01 -9.866191061748234015e-01 -8.808591907317447900e-01 -9.461671638228702497e-01 -9.120329324839097085e-01 -9.139686104944911849e-01 -9.151981975394721802e-01
-9.043613941635403330e-01 -9.591998688377293414e-01 -9.008255450351240201e-01 -8.986747699008011958e-01 -8.864265892062822561e-01 -9.070536468312176970e-01 -9.161591638704084106e-01
-7.398459701409741962e-01 -7.398459701409741962e-01 -8.808591907317447900e-01 -9.213802311313920024e-01 -9.244683240179137895e-01 -9.128412103585997750e-01 -9.186798688245033651e-01
-9.043613941635403330e-01 -1.068876818186106359e+00 -9.409529965313855326e-01 -9.113594150153342399e-01 -9.188282563678377146e-01 -9.189892572204204635e-01 -9.162457880562780987e-01
-1.068876818186106359e+00 -9.043613941635403330e-01 -8.729629757079307995e-01 -9.238596143115528347e-01 -9.051241227178058457e-01 -9.133554377474976116e-01 -9.123340500313427137e-01
-1.068876818186106359e+00 -9.043613941635403330e-01 -9.591998688377293414e-01 -9.513335665752374881e-01 -9.228615635563547359e-01 -9.198695717777757297e-01 -9.122689873034074415e-01
-1.068876818186106359e+00 -9.043613941635403330e-01 -8.619874255381972938e-01 -8.767571394295515796e-01 -9.023368111334372221e-01 -9.112737385359649389e-01 -9.105446299156528811e-01
-9.043613941635403330e-01 -8.495229194893513247e-01 -8.573569872999501351e-01 -8.853936119105315639e-01 -9.009283569536751246e-01 -9.120260335409183794e-01 -9.216117609106119213e-01
-9.043613941635403330e-01 -1.068876818186106359e+00 -9.905612308656143172e-01 -9.488901508839032717e-01 -9.225375624708652689e-01 -9.117925243857160078e-01 -9.174094964538362929e-01
-9.043613941635403330e-01 -8.056521397500008286e-01 -9.235831061764124827e-01 -9.346387925460600821e-01 -9.077526924073787695e-01 -9.190858593289182865e-01 -9.168754688073100789e-01
-7.398459701409741962e-01 -8.495229194893513247e-01 -9.929466224833835009e-01 -9.121954619741391435e-01 -9.288232239169963433e-01 -9.151010087626288980e-01 -9.168972145693033982e-01
-1.068876818186106359e+00 -9.866191061748234015e-01 -9.957588519538550509e-01 -9.476549268010577842e-01 -9.065210724963593814e-01 -9.141581308613938583e-01 -9.187295903099795824e-01
-9.043613941635403330e-01 -7.398459701409741962e-01 -9.405831274981487633e-01 -9.176018556278947580e-01 -9.286309080818812012e-01 -9.276930279367975318e-01 -9.145593210691841390e-01
