(-1.1361894540659228+0j)
-1.296349611051685891e+00 -1.161394654936355852e+00 -1.171913989800220435e+00 -1.141369493556295467e+00 -1.131636454452416007e+00 -1.142849970786981917e+00 -1.137742241723382453e+00
-1.296349611051685891e+00 -1.162099179005631200e+00 -1.123027994594735901e+00 -1.141506555544348878e+00 -1.141619724888278675e+00 -1.147261773214203195e+00 -1.136358680914672181e+00
-1.117349034990279932e+00 -1.206849323020983356e+00 -1.096857837807074354e+00 -1.127604356664841934e+00 -1.141619724888278675e+00 -1.138121897186309628e+00 -1.137816755537305990e+00
-1.117349034990279932e+00 -1.116644510921003697e+00 -1.097351311859908307e+00 -1.141712148526430326e+00 -1.144612590676909569e+00 -1.137546243992740180e+00 -1.134652138437237667e+00
-1.117349034990279932e+00 -1.250894942967058387e+00 -1.160556070591309386e+00 -1.127467294676788079e+00 -1.134671627083610357e+00 -1.131977446263047415e+00 -1.132532554647155631e+00
-1.117349034990279932e+00 -1.206849323020983356e+00 -1.160556070591309386e+00 -1.138133802315512977e+00 -1.148588976114229609e+00 -1.137568999654073654e+00 -1.140198778522300227e+00
-1.117349034990279932e+00 -1.206849323020983356e+00 -1.085499918598162417e+00 -1.187476808334058997e+00 -1.125819950245408929e+00 -1.135893240311365737e+00 -1.139781080096283095e+00
-1.296349611051685891e+00 -1.117349034990279932e+00 -1.123027994594735901e+00 -1.117074911014171779e+00 -1.144654897519473913e+00 -1.129777233964770033e+00 -1.133731339054651510e+00
-1.296349611051685891e+00 -1.206144798951707120e+00 -1.172407463853054388e+00 -1.155477285417882971e+00 -1.141556264624433492e+00 -1.137010413206504200e+00 -1.134163008820779250e+00
-1.296349611051685891e+00 -1.116644510921003697e+00 -1.172900937905889229e+00 -1.155408754423856266e+00 -1.124730663490311144e+00 -1.135080960759011770e+00 -1.135102458775610668e+00
-1.117349034990279932e+00 -1.206144798951707120e+00 -1.123027994594735901e+00 -1.124300134430033626e+00 -1.117867179370768849e+00 -1.130991118420574093e+00 -1.135694067004977548e+00
-1.117349034990279932e+00 -1.206849323020983356e+00 -1.135866335962149698e+00 -1.113633626791307840e+00 -1.125819950245408929e+00 -1.141738486807176489e+00 -1.136507752780048008e+00
-1.117349034990279932e+00 -1.251599467036334623e+00 -1.160556070591309386e+00 -1.145221963743320970e+00 -1.140572744975744346e+00 -1.133946721117872869e+00 -1.135751526855307780e+00
-9.383484589288737521e-01 -1.162099179005631200e+00 -1.184752331167634232e+00 -1.106339872381419287e+00 -1.134629320241046901e+00 -1.133066174581519370e+00 -1.142827694872207367e+00
-1.117349034990279932e+00 -1.027848746959576731e+00 -1.096857837807074354e+00 -1.138133802315512977e+00 -1.144527976991782658e+00 -1.142539388528863942e+00 -1.131726652846467118e+00
-1.117349034990279932e+00 -1.072598890974928665e+00 -1.185245805220468185e+00 -1.145153432749294264e+00 -1.127681222436377695e+00 -1.130387020650338137e+00 -1.136035699245947495e+00
-9.383484589288737521e-01 -1.206849323020983356e+00 -1.147224255171061635e+00 -1.127330232688733780e+00 -1.137474112080704813e+00 -1.141761242468509963e+00 -1.132958014928790558e+00
-1.117349034990279932e+00 -1.027848746959576731e+00 -1.148211203276729542e+00 -1.130840047905624424e+00 -1.116968273407207501e+00 -1.147318662367536213e+00 -1.133364868875707199e+00
-1.296349611051685891e+00 -1.026439698821025370e+00 -1.184752331167634232e+00 -1.123888948465870730e+00 -1.114017714461140063e+00 -1.131407481984811447e+00 -1.132998398696762887e+00
-1.296349611051685891e+00 -9.823940788749494502e-01 -1.184752331167634232e+00 -1.148457654984102572e+00 -1.141556264624433492e+00 -1.137580377484740168e+00 -1.138059013907613881e+00
-1.128167339138564707e+00 -1.162099179005631200e+00 -1.048465316654422885e+00 -1.127330232688733780e+00 -1.120923505423245814e+00 -1.136722586609719698e+00 -1.137919256268979051e+00
-1.296349611051685891e+00 -1.251599467036334623e+00 -1.110683127280156057e+00 -1.138133802315512977e+00 -1.132683434364950337e+00 -1.129856878779435636e+00 -1.134838467209575263e+00
-1.117349034990279932e+00 -1.072598890974928665e+00 -1.147224255171061635e+00 -1.162565446845690964e+00 -1.134608166819765174e+00 -1.145620147363494823e+00 -1.128423808360122571e+00
-1.128167339138564707e+00 -1.206849323020983356e+00 -1.110683127280156057e+00 -1.120653257225089128e+00 -1.133688107434921211e+00 -1.136728275525052734e+00 -1.130871053051063502e+00
-9.383484589288737521e-01 -1.162099179005631200e+00 -1.160062596538475432e+00 -1.124094541447952178e+00 -1.146621936816851317e+00 -1.141755553553176483e+00 -1.135607112103302896e+00
-1.296349611051685891e+00 -1.161394654936355852e+00 -1.097844785912742260e+00 -1.166212324050635463e+00 -1.138711472784775580e+00 -1.144186703294905350e+00 -1.135190966048408523e+00
-1.296349611051685891e+00 -1.296349611051685891e+00 -1.172407463853054388e+00 -1.116869318032089442e+00 -1.138711472784775580e+00 -1.130996807335907572e+00 -1.133599321152870321e+00
-1.296349611051685891e+00 -1.117349034990279932e+00 -1.146237307065392841e+00 -1.131182702875759283e+00 -1.128643588663785113e+00 -1.130894406859908496e+00 -1.138001554057283649e+00
-1.117349034990279932e+00 -1.206849323020983356e+00 -1.085499918598162417e+00 -1.152241594177101369e+00 -1.149551342341637028e+00 -1.143984210428120374e+00 -1.137136640035140367e+00
-9.383484589288737521e-01 -1.117349034990279932e+00 -1.134879387856481792e+00 -1.117006380020144185e+00 -1.130737548488853772e+00 -1.153055819472014853e+00 -1.131468870764924972e+00
-1.296349611051685891e+00 -1.296349611051685891e+00 -1.146730781118226794e+00 -1.138065271321486271e+00 -1.137812566821214233e+00 -1.127323328561707250e+00 -1.135947169854385486e+00
-1.117349034990279932e+00 -1.162099179005631200e+00 -1.160062596538475432e+00 -1.109849687598309043e+00 -1.140488131290617435e+00 -1.141202656020940509e+00 -1.133181622726853188e+00
-1.296349611051685891e+00 -1.251599467036334623e+00 -1.122041046489067995e+00 -1.155614347405937714e+00 -1.140593898397026074e+00 -1.138127586101642663e+00 -1.132810495434538822e+00
-1.296349611051685891e+00 -1.162099179005631200e+00 -1.160556070591309386e+00 -1.151967470200993215e+00 -1.148588976114229609e+00 -1.140287975992586578e+00 -1.134060530207870787e+00
-1.117349034990279932e+00 -1.206849323020983356e+00 -1.146730781118226794e+00 -1.131114171881732577e+00 -1.129669415155037715e+00 -1.133698716928421835e+00 -1.137916151526732200e+00
-1.117349034990279932e+00 -1.072598890974928665e+00 -1.183765383061966325e+00 -1.095536302754639202e+00 -1.134756240768737268e+00 -1.140119616617802034e+00 -1.136891299041349779e+00
-1.117349034990279932e+00 -1.206849323020983356e+00 -1.122534520541901948e+00 -1.091957956543721853e+00 -1.150492555147762719e+00 -1.136785164678386195e+00 -1.140835449751773645e+00
-1.296349611051685891e+00 -1.071189842836377082e+00 -1.147717729223895589e+00 -1.120242071260925343e+00 -1.144549130413064386e+00 -1.138669105803212123e+00 -1.139010882831431815e+00
-1.117349034990279932e+00 -1.162099179005631200e+00 -1.160556070591309386e+00 -1.158987100634773615e+00 -1.135676300153581231e+00 -1.129027532481081675e+00 -1.133377287844695047e+00
-9.383484589288737521e-01 -1.161394654936355852e+00 -1.185245805220468185e+00 -1.127467294676788079e+00 -1.137516418923268269e+00 -1.139791967613684065e+00 -1.134611776788029047e+00
-1.296349611051685891e+00 -1.117349034990279932e+00 -1.148211203276729542e+00 -1.138339395297594425e+00 -1.142624397958249549e+00 -1.137326684379955211e+00 -1.134565183535563015e+00
-1.296349611051685891e+00 -1.117349034990279932e+00 -1.172900937905889229e+00 -1.124094541447952178e+00 -1.159280771722118075e+00 -1.134268681206657803e+00 -1.139389771979363530e+00
-1.117349034990279932e+00 -1.117349034990279932e+00 -1.121547572436234042e+00 -1.120516195237034829e+00 -1.133645800592357755e+00 -1.139543963424232587e+00 -1.138658383992597667e+00
-1.296349611051685891e+00 -1.117349034990279932e+00 -1.147717729223895589e+00 -1.131182702875759283e+00 -1.131890295507797628e+00 -1.142562144190197415e+00 -1.133923877311482364e+00
-1.117349034990279932e+00 -1.206849323020983356e+00 -1.146730781118226794e+00 -1.180320115912223855e+00 -1.148504362429102699e+00 -1.139008132637996606e+00 -1.133830712925314455e+00
-9.383484589288737521e-01 -1.072598890974928665e+00 -1.097351311859908307e+00 -1.106339872381419287e+00 -1.132789201471359863e+00 -1.140621313912038026e+00 -1.136049670586058546e+00
-1.296349611051685891e+00 -1.162099179005631200e+00 -1.122041046489067995e+00 -1.155545816411910565e+00 -1.131699914716261191e+00 -1.137303928718622181e+00 -1.135215803986383776e+00
-9.383484589288737521e-01 -1.162099179005631200e+00 -1.034146553128507229e+00 -1.155751409393992013e+00 -1.140636205239590417e+00 -1.137004724291170721e+00 -1.132400558864138596e+00
-1.117349034990279932e+00 -1.161394654936355852e+00 -1.123027994594735901e+00 -1.162633977839718114e+00 -1.137664492872241251e+00 -1.134884156807558941e+00 -1.133366421246830402e+00
-9.383484589288737521e-01 -1.162099179005631200e+00 -1.135372861909315745e+00 -1.131114171881732577e+00 -1.126782316472816348e+00 -1.139227692250781576e+00 -1.128186229221949333e+00
