(-1.1361894540659228+0j)
-1.162099179005631644e+00 -1.118477202868948694e+00 -1.129557443752569945e+00 -1.143486273958343791e+00 -1.272573861754473512e+00 -1.217766245618720600e+00 -1.146516310011124418e+00
-1.117349034990279932e+00 -1.117349034990279932e+00 -1.099786622803867964e+00 -1.189849752880633105e+00 -1.229578006165616078e+00 -1.224459778644287233e+00 -1.142814275222643339e+00
-1.117349034990279932e+00 -1.117349034990279932e+00 -1.105851475886014068e+00 -1.105222536648908349e+00 -1.152871594580261227e+00 -1.164256782300985282e+00 -1.158799619887267429e+00
-1.117349034990279932e+00 -1.117349034990279932e+00 -1.195155957495314336e+00 -1.193127358811923777e+00 -1.184421436325635568e+00 -1.144010330628832950e+00 -1.151504647550444016e+00
-1.117349034990279932e+00 -1.117349034990279932e+00 -1.105755537507850494e+00 -1.146868997641537824e+00 -1.237404092554064139e+00 -1.094486088153931114e+00 -1.141229029136809014e+00
-1.117349034990279932e+00 -1.117349034990279932e+00 -1.117349034990279932e+00 -1.112206277942663579e+00 -1.049319401671895413e+00 -1.157258378986450342e+00 -1.163460671411444824e+00
-1.117349034990279932e+00 -1.117349034990279932e+00 -1.089967915611956162e+00 -1.087372885411661994e+00 -9.645255114428327170e-01 -1.107812959413809750e+00 -1.135696573008966759e+00
-1.117349034990279932e+00 -1.117349034990279932e+00 -1.117349034990279932e+00 -1.136502678604694339e+00 -1.186911470947020764e+00 -1.128106276685306941e+00 -1.141128798908336073e+00
-1.117349034990279932e+00 -1.117349034990279932e+00 -1.105830912894896212e+00 -1.140274072307577935e+00 -1.140129463349978778e+00 -1.209917211117292446e+00 -1.195737962479154870e+00
-1.117349034990279932e+00 -1.075920906827954493e+00 -1.105965890251859651e+00 -1.089781919505405039e+00 -1.141260850476458533e+00 -1.159747313769598165e+00 -1.153181294593378592e+00
-1.117349034990279932e+00 -1.117349034990279932e+00 -1.105641664934158275e+00 -1.107601189470859726e+00 -1.100192498597313051e+00 -1.107733662665030039e+00 -1.099607910422034873e+00
-1.117349034990279932e+00 -1.117349034990279932e+00 -1.105769460681784722e+00 -1.154765670889839502e+00 -1.189184176303496709e+00 -1.144910431423760144e+00 -1.100919364477489282e+00
-1.117349034990279932e+00 -1.077893469536058024e+00 -1.106151119841665142e+00 -1.108544277724607507e+00 -1.056720767474340850e+00 -1.166046527507942354e+00 -1.139261957398533642e+00
-1.117349034990279932e+00 -1.077292523834392224e+00 -1.077535144927758370e+00 -1.086739256477701865e+00 -1.138605719055144405e+00 -1.133716989152552479e+00 -1.167631236682097118e+00
-1.117349034990279932e+00 -1.117349034990279932e+00 -1.094361730298076374e+00 -1.100777951788782794e+00 -1.152537555491279786e+00 -1.196484923070768147e+00 -1.185440512938936930e+00
-9.595040311133823385e-01 -1.038005332482190290e+00 -1.082632009383779348e+00 -1.095355885838850796e+00 -1.052637960053304678e+00 -1.063653024426287175e+00 -1.129364276581822590e+00
-1.117349034990279932e+00 -1.117349034990279932e+00 -1.150493939529495080e+00 -1.142185540816768707e+00 -1.150033477071823018e+00 -1.128911888019063170e+00 -1.168428541908184126e+00
-1.117349034990279932e+00 -1.117349034990279932e+00 -1.077272336180838064e+00 -1.150886603868256586e+00 -1.103719661222088533e+00 -1.060301223545875526e+00 -1.114476298246315888e+00
-1.117349034990279932e+00 -1.117349034990279932e+00 -1.077630170700450751e+00 -1.096389346968599909e+00 -1.099746849824494888e+00 -1.077835792050410024e+00 -1.135729990222166919e+00
-9.708266011265759277e-01 -1.075415384179499334e+00 -1.094639798434185796e+00 -1.098113454930155886e+00 -1.093638409308329784e+00 -1.194694853129356193e+00 -1.137370092764701024e+00
-1.117349034990279932e+00 -1.117349034990279932e+00 -1.109275844477595641e+00 -1.056807552165696773e+00 -1.128563872132819057e+00 -1.148776003032928816e+00 -1.118410256275796044e+00
-9.708266011265759277e-01 -1.037673153453742891e+00 -1.085510932919850458e+00 -1.046999552683859580e+00 -1.097728578311592873e+00 -1.084120252938710394e+00 -1.150293403589857544e+00
-9.654277936017624517e-01 -1.076817302792866915e+00 -1.106183056703703649e+00 -1.083591423119855346e+00 -1.054127113009037942e+00 -1.233239321013611889e+00 -1.187973404048663806e+00
-1.117349034990279932e+00 -1.117349034990279932e+00 -1.075054626839326399e+00 -1.127859363149299909e+00 -1.198428980983516912e+00 -1.062183485672752781e+00 -1.139369289048160816e+00
-1.117349034990279932e+00 -1.117349034990279932e+00 -1.105700861706659044e+00 -1.101290047748535894e+00 -1.140998110779221086e+00 -1.163351032940050711e+00 -1.118897619848130187e+00
-1.162099179005631644e+00 -1.162099179005631644e+00 -1.150184377070227359e+00 -1.153148922620407024e+00 -1.147023330495490434e+00 -1.140184786025379093e+00 -1.143234797483662302e+00
-1.117349034990279932e+00 -1.117349034990279932e+00 -1.094375858667703927e+00 -1.108752188893856960e+00 -1.146351756973045699e+00 -1.201014751557057281e+00 -1.131092908698811073e+00
-9.675954579510958053e-01 -1.076273517685557568e+00 -1.096805838789788545e+00 -1.096161901909912917e+00 -1.141217368290845968e+00 -1.202097039812790147e+00 -1.185461275447831753e+00
-1.117349034990279932e+00 -1.117349034990279932e+00 -1.117349034990279932e+00 -1.092001085417487971e+00 -1.097695045185003160e+00 -1.130266132922058908e+00 -1.106606569180165867e+00
-1.117349034990279932e+00 -1.097120933078844285e+00 -1.100148948367565716e+00 -1.097451822184786874e+00 -1.136702338792599409e+00 -1.172471054902055165e+00 -1.138391304006992844e+00
-1.117349034990279932e+00 -1.117349034990279932e+00 -1.052139065130696327e+00 -1.098862776099720495e+00 -1.100696103592603059e+00 -1.203699339991971318e+00 -1.180870943650656812e+00
-1.117349034990279932e+00 -1.117349034990279932e+00 -1.061020085730226548e+00 -1.034992858732072696e+00 -1.051531452908310627e+00 -1.142240121161348210e+00 -1.092126042838498456e+00
-9.627351742888624608e-01 -1.032753405727257601e+00 -1.048499808650097176e+00 -1.077241027342492607e+00 -1.047980710274092342e+00 -1.030741506758088066e+00 -1.092679794955698114e+00
-1.117349034990279932e+00 -1.117349034990279932e+00 -1.105929775092703071e+00 -1.107813602019688037e+00 -1.191230516331049483e+00 -1.160239150813116904e+00 -1.126842948541813882e+00
-1.117349034990279932e+00 -1.077126434320168524e+00 -1.106060480928298340e+00 -1.100534455142409218e+00 -1.190979491616164676e+00 -1.190268297419983856e+00 -1.099400467888376198e+00
-1.117349034990279932e+00 -1.117349034990279932e+00 -1.072598890974928665e+00 -1.059745055533188651e+00 -1.053536370332961436e+00 -1.070300076980251536e+00 -1.071870679375519497e+00
-1.117349034990279932e+00 -1.117349034990279932e+00 -1.117349034990279932e+00 -1.097245089692087117e+00 -1.141942615762360003e+00 -1.214643283410356656e+00 -1.135615150453542110e+00
-1.117349034990279932e+00 -1.117349034990279932e+00 -1.098070328733682821e+00 -1.147071927253002777e+00 -1.186996433608250356e+00 -1.187697512224146212e+00 -1.137491389733625180e+00
-1.117349034990279932e+00 -1.117349034990279932e+00 -1.061220771211702107e+00 -1.009630936254026778e+00 -1.059783859320733601e+00 -1.166294047504579545e+00 -1.127606434683938730e+00
-1.117349034990279932e+00 -1.117349034990279932e+00 -1.108982291094259942e+00 -1.090915994039854731e+00 -1.142013585974020806e+00 -1.145624881388346950e+00 -1.169536059739162415e+00
-9.612249173483261577e-01 -1.074529968503042721e+00 -1.094029719725710503e+00 -1.189360607352730526e+00 -1.184171854354661768e+00 -1.193909039831236640e+00 -1.161085487961623475e+00
-1.117349034990279932e+00 -1.078484532312060207e+00 -1.105940212953322455e+00 -1.149196004927360626e+00 -1.212571268571106309e+00 -1.191157864048314252e+00 -1.135287865683985320e+00
-1.117349034990279932e+00 -1.117349034990279932e+00 -1.117349034990279932e+00 -1.089581051453635929e+00 -1.191231375387179270e+00 -1.212886467029993476e+00 -1.174317217721633888e+00
-1.117349034990279932e+00 -1.117349034990279932e+00 -1.117349034990279932e+00 -1.151238581289872887e+00 -1.099554355343764112e+00 -1.121379689520614065e+00 -1.203022126035045769e+00
-1.117349034990279932e+00 -1.117349034990279932e+00 -1.108312687788740369e+00 -1.054341208981200317e+00 -1.099435288311897185e+00 -1.204279908095331031e+00 -1.156163957493407501e+00
-1.117349034990279932e+00 -1.117349034990279932e+00 -1.117349034990279932e+00 -1.107810115972464260e+00 -1.146512230306823366e+00 -1.062640722709673913e+00 -1.157460563630897443e+00
-1.117349034990279932e+00 -1.117349034990279932e+00 -1.117349034990279932e+00 -1.098893349149008714e+00 -1.139238136494721054e+00 -1.162998670408191604e+00 -1.160647210525449502e+00
-1.117349034990279932e+00 -1.117349034990279932e+00 -1.150765512881762653e+00 -1.192115478912099569e+00 -1.179648579128894426e+00 -1.171694308753628011e+00 -1.166078464559130445e+00
-1.117349034990279932e+00 -1.117349034990279932e+00 -1.109268030628739243e+00 -1.105557790875909774e+00 -1.013417159080411967e+00 -1.025690389752341503e+00 -1.116665552413419693e+00
-9.609536636459424797e-01 -1.059121543702268298e+00 -1.100857463582182838e+00 -1.099709174795683087e+00 -1.100568835201342743e+00 -1.072202649752385106e+00 -1.105829268606528082e+00
