(-1.1361894540659228+0j)
-1.162099179005631644e+00 -1.112874020588745072e+00 -1.138955568375965122e+00 -1.121018254658141533e+00 -1.138261474130269679e+00 -1.136026595738813594e+00 -1.140016551626568120e+00
-9.752299879910524272e-01 -1.102083861696889766e+00 -1.129167756524692923e+00 -1.150162426442201014e+00 -1.141153302453986385e+00 -1.131495477922171755e+00 -1.130570785566032743e+00
-1.251599467036334623e+00 -1.188949265414842582e+00 -1.159115836071274774e+00 -1.168265388721030806e+00 -1.145647521866728358e+00 -1.141591222946234385e+00 -1.136068255905752000e+00
-1.072598890974928665e+00 -1.175524222210237113e+00 -1.129032261729919107e+00 -1.133384957692139761e+00 -1.137520769486177752e+00 -1.139917349218959597e+00 -1.137961397850278278e+00
-1.162099179005631644e+00 -1.233699409430193850e+00 -1.118472393107072804e+00 -1.135869568810036423e+00 -1.142831683268896281e+00 -1.136382689025552395e+00 -1.137177315589476656e+00
-9.830986029442253527e-01 -1.117349034990279932e+00 -1.158940345310430331e+00 -1.137504953016978515e+00 -1.129717326142930300e+00 -1.137593185125802986e+00 -1.136386172485394308e+00
-1.162099179005631644e+00 -1.139375648376349304e+00 -1.164975192748168187e+00 -1.149553909492599946e+00 -1.140281907719057131e+00 -1.138475510392439993e+00 -1.134532728311990812e+00
-1.072598890974928665e+00 -1.171049207808701809e+00 -1.140864796943445114e+00 -1.152224931003278385e+00 -1.136724436770204960e+00 -1.137961677109999403e+00 -1.139004654517355775e+00
-1.072598890974928665e+00 -1.049875360345645880e+00 -1.090826716185492984e+00 -1.105462480593839558e+00 -1.132950397438687418e+00 -1.136583913934163359e+00 -1.134772235441645627e+00
-1.072598890974928665e+00 -1.171049207808701809e+00 -1.143329994146821793e+00 -1.134477779895036065e+00 -1.135281171414210810e+00 -1.135452245293437468e+00 -1.136778457418943233e+00
-9.830986029442253527e-01 -1.081548919777998830e+00 -1.117349034990280376e+00 -1.154999781572515705e+00 -1.142565030842061180e+00 -1.136660268319167777e+00 -1.138375285979280171e+00
-1.162099179005631644e+00 -1.117000576368673226e+00 -1.106828282833406618e+00 -1.130330882374833923e+00 -1.131772658534937470e+00 -1.137713101983713671e+00 -1.137992770104014895e+00
-1.251599467036334623e+00 -1.184474251013307278e+00 -1.181929634981062183e+00 -1.156343355361387104e+00 -1.140276311909551143e+00 -1.142056182976143308e+00 -1.136401759167629866e+00
-1.072598890974928665e+00 -1.179999236611772417e+00 -1.121234811383519325e+00 -1.145094305552694980e+00 -1.144414768630140689e+00 -1.142991009332032348e+00 -1.134956295395560755e+00
-1.072598890974928665e+00 -1.166574193407166948e+00 -1.137363308278108498e+00 -1.129104271571620188e+00 -1.136899053955599648e+00 -1.140246205967271553e+00 -1.138258488657011736e+00
-9.830986029442253527e-01 -1.090498948581068994e+00 -1.125363113068846399e+00 -1.132796731853451089e+00 -1.139014888600466957e+00 -1.137313951969207704e+00 -1.138210810456488531e+00
-1.162099179005631644e+00 -1.197899294217912747e+00 -1.145193569044276938e+00 -1.149642656713644406e+00 -1.132619806948205188e+00 -1.136737520918713606e+00 -1.139576565312577117e+00
-1.251599467036334623e+00 -1.148674135801026175e+00 -1.126833862627437455e+00 -1.119329644076015651e+00 -1.137993992230108109e+00 -1.136021959030593553e+00 -1.132500921540095629e+00
-1.072598890974928665e+00 -1.175524222210237113e+00 -1.168065864874345383e+00 -1.150549811396188726e+00 -1.139511906186888357e+00 -1.139776943624725813e+00 -1.135321401516726336e+00
-1.162099179005631644e+00 -1.083988646603672112e+00 -1.155263365884248827e+00 -1.146203053940475503e+00 -1.136048104531161229e+00 -1.137697162574262677e+00 -1.140149347066249597e+00
-1.072598890974928665e+00 -1.206849323020983356e+00 -1.155957002376073905e+00 -1.137591864269649644e+00 -1.136054089879550144e+00 -1.139646236467417584e+00 -1.137021391456757513e+00
-1.162099179005631644e+00 -1.110984110696872751e+00 -1.102993999376892464e+00 -1.113831027186205525e+00 -1.112919852946574917e+00 -1.127455672771986883e+00 -1.136544961214374982e+00
-1.251599467036334623e+00 -1.193424279816377886e+00 -1.141777457523530881e+00 -1.131898221990955022e+00 -1.130725662135528609e+00 -1.132689887186703270e+00 -1.135173454927648429e+00
-1.162099179005631644e+00 -1.139375648376349304e+00 -1.091318367592128524e+00 -1.142856801894005070e+00 -1.147163996382480899e+00 -1.138731012607078874e+00 -1.136009348519185558e+00
-1.162099179005631644e+00 -1.162099179005631644e+00 -1.147320627976220475e+00 -1.143577862078134721e+00 -1.136874340051356569e+00 -1.139257173729014472e+00 -1.135769903014766324e+00
-1.064730276021755628e+00 -1.087167147025105418e+00 -1.175987596311677041e+00 -1.119085668094572661e+00 -1.125717275323629529e+00 -1.132136116015480365e+00 -1.138499668507090057e+00
-1.072598890974928665e+00 -1.130774078194885401e+00 -1.127293511438136164e+00 -1.134499449911221536e+00 -1.143727194883278564e+00 -1.134791794072038229e+00 -1.137604706913925234e+00
-1.162099179005631644e+00 -1.126299063793350541e+00 -1.138794114589174011e+00 -1.148932041545642324e+00 -1.137618374210390026e+00 -1.136398581602207081e+00 -1.133754594335622201e+00
-1.251599467036334623e+00 -1.153149150202561479e+00 -1.158355376107615520e+00 -1.156410411946737327e+00 -1.138127624960346918e+00 -1.132933260951206389e+00 -1.133391107563179290e+00
-1.072598890974928665e+00 -1.126299063793350541e+00 -1.109955132890391827e+00 -1.109211727797035696e+00 -1.123218157750059287e+00 -1.135037455660257155e+00 -1.136968004551789146e+00
-1.072598890974928665e+00 -1.153149150202561479e+00 -1.143672649116957540e+00 -1.152851470589714822e+00 -1.145811640785664220e+00 -1.135670887142827823e+00 -1.134974962214819971e+00
-1.072598890974928665e+00 -1.153149150202561479e+00 -1.146911149534249663e+00 -1.151397226160151277e+00 -1.134434823711515605e+00 -1.130261472554886293e+00 -1.132449067694251799e+00
-1.251599467036334623e+00 -1.171049207808701809e+00 -1.155255039332695688e+00 -1.137594281869425128e+00 -1.132280404320024747e+00 -1.135305194813295948e+00 -1.136671694638460295e+00
-1.072598890974928665e+00 -1.197899294217912747e+00 -1.153792616325658216e+00 -1.153461943564773051e+00 -1.127578416115695426e+00 -1.128375904991116840e+00 -1.133756934111347814e+00
-1.251599467036334623e+00 -1.135249092596420706e+00 -1.138065271321486716e+00 -1.132977016382502367e+00 -1.146246407188634020e+00 -1.143496912393302534e+00 -1.141277440731285342e+00
-1.162099179005631644e+00 -1.099448977384139159e+00 -1.153500131724250366e+00 -1.135678336314463355e+00 -1.133051590684659882e+00 -1.135660413417742376e+00 -1.136628829645476735e+00
-9.830986029442253527e-01 -1.103923991785674463e+00 -1.139460870856689123e+00 -1.151782892415498250e+00 -1.134322984857841554e+00 -1.134309569680571617e+00 -1.133721768009555930e+00
-1.064730276021755628e+00 -1.117000576368673226e+00 -1.079577691204760548e+00 -1.106172534234703519e+00 -1.125974274109511342e+00 -1.135251607788720030e+00 -1.133136334759938801e+00
-1.162099179005631644e+00 -1.162099179005631644e+00 -1.170990710888420772e+00 -1.128884037071102409e+00 -1.142570549935674418e+00 -1.135565801377544481e+00 -1.134582340410382528e+00
-1.072598890974928665e+00 -1.121824049391815237e+00 -1.140221330820348378e+00 -1.145969441803480482e+00 -1.143546605414097694e+00 -1.138888084456142646e+00 -1.134205519401175533e+00
-1.251599467036334623e+00 -1.211324337422518660e+00 -1.160671962774456834e+00 -1.151079304861767127e+00 -1.133017946840435997e+00 -1.144135537985619067e+00 -1.139390048136827094e+00
-1.162099179005631644e+00 -1.171049207808702253e+00 -1.128170176958925630e+00 -1.132886307315907448e+00 -1.130913184579709352e+00 -1.130798134501158625e+00 -1.136165256092035225e+00
-9.752299879910524272e-01 -1.169209077719916667e+00 -1.144120069512866156e+00 -1.131661000978193332e+00 -1.121758835806734744e+00 -1.135430778702235965e+00 -1.136562436147418254e+00
-9.830986029442253527e-01 -1.108399006187209768e+00 -1.127855190496532156e+00 -1.143482307858491698e+00 -1.146193344520697099e+00 -1.137081570271038622e+00 -1.136642108134416240e+00
-1.072598890974928665e+00 -1.171049207808702253e+00 -1.107966237600820580e+00 -1.116672496549734106e+00 -1.141320716489026665e+00 -1.135538020710236573e+00 -1.133885217258646882e+00
-1.251599467036334623e+00 -1.153149150202561035e+00 -1.167890374113500940e+00 -1.141403707782741250e+00 -1.134028110496625441e+00 -1.135303384569886553e+00 -1.135257715422765656e+00
-9.752299879910524272e-01 -1.102083861696889766e+00 -1.077543593749517470e+00 -1.129230636300392554e+00 -1.135043317380789230e+00 -1.141420149897930170e+00 -1.133304408154833798e+00
-1.072598890974928665e+00 -1.157624164604096784e+00 -1.107250237583389030e+00 -1.123877794049952694e+00 -1.137928959530098538e+00 -1.134391061448378757e+00 -1.135528608706144027e+00
-1.072598890974928665e+00 -1.153149150202561479e+00 -1.108950458124403404e+00 -1.136869807409841560e+00 -1.131194463847714715e+00 -1.135026628798528225e+00 -1.134889292663747717e+00
-1.072598890974928665e+00 -1.144199121399490870e+00 -1.177015893677415548e+00 -1.168644720743325927e+00 -1.137473125380439321e+00 -1.138000537402589885e+00 -1.134404989884484571e+00
