(-1.1361894540659228+0j)
-1.143456636585212127e+00 -1.078236878731414716e+00 -1.075184284490181330e+00 -1.106350300753300875e+00 -1.130759823096258554e+00 -1.134504708687711805e+00 -1.139727491853287589e+00
-1.296349611051685891e+00 -1.206849323020983356e+00 -1.217545070590247747e+00 -1.164589427006405220e+00 -1.153659774900424040e+00 -1.141419183069980914e+00 -1.131219009669193198e+00
-1.117349034990279932e+00 -1.177015893677415548e+00 -1.152526629040223849e+00 -1.131361348470224737e+00 -1.126675744016548020e+00 -1.146905825695449632e+00 -1.139560178238709032e+00
-9.383484589288737521e-01 -1.177015893677415548e+00 -1.083294638544193056e+00 -1.131016717780197745e+00 -1.129017074314666580e+00 -1.134451440986235848e+00 -1.139401637332932538e+00
-1.117349034990279932e+00 -1.206849323020983356e+00 -1.145612283842081247e+00 -1.126497999088336144e+00 -1.128633875884129889e+00 -1.131630014130180495e+00 -1.133063391320297875e+00
-1.296349611051685891e+00 -1.206849323020983356e+00 -1.153328249745990242e+00 -1.149905191703421981e+00 -1.135538776971894759e+00 -1.134786989027659843e+00 -1.132020336269564442e+00
-1.117349034990279932e+00 -1.078236878731414716e+00 -1.154740096073028521e+00 -1.118757777877694704e+00 -1.116862600539242578e+00 -1.131473885438858851e+00 -1.135949850375461256e+00
-1.117349034990279932e+00 -1.117349034990279932e+00 -1.137176373906410465e+00 -1.174351324192973944e+00 -1.146572261986266383e+00 -1.143421973407435122e+00 -1.128864950128677602e+00
-9.771971417293455753e-01 -8.992363026700084250e-01 -9.908355335823962884e-01 -1.097541326874183376e+00 -1.134554967773131917e+00 -1.129620360219156350e+00 -1.127183601742277830e+00
-1.296349611051685891e+00 -1.136972495602862843e+00 -1.195169998582572113e+00 -1.176061735000043740e+00 -1.158980278057048618e+00 -1.135938139552921999e+00 -1.140417223993331231e+00
-1.296349611051685891e+00 -1.009948689353436180e+00 -1.133684463139023268e+00 -1.137510241792287324e+00 -1.145730035585300843e+00 -1.132557044364184140e+00 -1.143291830723011770e+00
-9.383484589288737521e-01 -1.206849323020983356e+00 -1.194063567588025343e+00 -1.146465621723316897e+00 -1.131970425946063674e+00 -1.124521132194506556e+00 -1.139958194199115482e+00
-9.383484589288737521e-01 -1.142920545856195069e+00 -1.131118310071926203e+00 -1.143390024172786568e+00 -1.138023666353659369e+00 -1.136786309388193583e+00 -1.134829519934880793e+00
-1.296349611051685891e+00 -1.153149150202561479e+00 -1.117349034990279932e+00 -1.169976040365510617e+00 -1.158674161228864907e+00 -1.137159886265257214e+00 -1.131266854653623977e+00
-1.117349034990279932e+00 -1.076328968670006603e+00 -1.105336015567914387e+00 -1.104828025771896982e+00 -1.132015852149529600e+00 -1.132410664521368737e+00 -1.136392187972393941e+00
-1.117349034990279932e+00 -1.142920545856195069e+00 -1.105829701297600387e+00 -1.107793224086125239e+00 -1.126936438107685845e+00 -1.134639492732512966e+00 -1.136091747557128162e+00
-9.383484589288737521e-01 -1.117349034990279932e+00 -1.206849323020983356e+00 -1.155738266622286403e+00 -1.130205535608135747e+00 -1.142719343133479448e+00 -1.141738049761183316e+00
-1.117349034990279932e+00 -1.177015893677415548e+00 -1.135818797312690975e+00 -1.108794843098862337e+00 -1.141616697330801511e+00 -1.137792286358382476e+00 -1.133782084137853197e+00
-1.117349034990279932e+00 -1.177015893677415548e+00 -1.142920545856195069e+00 -1.138835124854925773e+00 -1.135145819634632236e+00 -1.128886778806036162e+00 -1.132769287781494327e+00
-9.771971417293455753e-01 -1.216262814902580480e+00 -1.103702556813575431e+00 -1.144171730128376918e+00 -1.126184808494354428e+00 -1.139737656289562029e+00 -1.134764832421801373e+00
-1.117349034990279932e+00 -1.057682176303144317e+00 -1.133439296850278666e+00 -1.132082251968528297e+00 -1.125102796989596587e+00 -1.133922838840434544e+00 -1.130939147632260333e+00
-1.117349034990279932e+00 -1.057682176303144317e+00 -1.191055154544976347e+00 -1.176235553448333082e+00 -1.150612141090363139e+00 -1.142395846886687494e+00 -1.136378907302988406e+00
-1.117349034990279932e+00 -1.078236878731414716e+00 -1.165070053702788044e+00 -1.120094453124365508e+00 -1.129725219668574532e+00 -1.132655341592215592e+00 -1.132877886317215310e+00
-1.296349611051685891e+00 -1.111103582224281183e+00 -1.133684463139023268e+00 -1.138696525711956564e+00 -1.143514903232804691e+00 -1.139824687187053875e+00 -1.136807416244550950e+00
-1.117349034990279932e+00 -9.868286806393036237e-01 -1.113091463270377446e+00 -1.129132301475322731e+00 -1.148560619216783429e+00 -1.138768504975759654e+00 -1.133317594145638374e+00
-1.177015893677415548e+00 -1.194063567588025343e+00 -1.124455130291534211e+00 -1.112848134175037806e+00 -1.126556833502507793e+00 -1.133745837974610371e+00 -1.137433944171792444e+00
-9.383484589288737521e-01 -1.117349034990279932e+00 -1.124455130291534211e+00 -1.158459519184311670e+00 -1.133276557002039553e+00 -1.130569927426430255e+00 -1.130622861951438018e+00
-1.117349034990279932e+00 -9.383484589288737521e-01 -1.093661391058854626e+00 -1.132298954712473993e+00 -1.129447437815633837e+00 -1.135429388924161120e+00 -1.138283365859299234e+00
-7.854554844623996557e-01 -1.076328968670006603e+00 -1.135585332832249605e+00 -1.173527460903890152e+00 -1.149097293351940774e+00 -1.143655535154573410e+00 -1.138683237201021825e+00
-1.177015893677415548e+00 -1.193559092899648455e+00 -1.217545070590247747e+00 -1.146649121856568421e+00 -1.136545003896766382e+00 -1.132433268169467322e+00 -1.136446105618865499e+00
-9.383484589288737521e-01 -8.601241464111427648e-01 -1.121595474884565569e+00 -1.161031643895839238e+00 -1.126109796590923029e+00 -1.126524153092193004e+00 -1.132750757156931076e+00
-1.117349034990279932e+00 -1.177015893677415548e+00 -1.224749380627123685e+00 -1.126623814081667785e+00 -1.129398456052856936e+00 -1.130308590290373338e+00 -1.128205002627370668e+00
-1.027848746959576731e+00 -1.117349034990279932e+00 -1.081548919777998385e+00 -1.133885241454795079e+00 -1.120805355875358789e+00 -1.130163704927742874e+00 -1.137411280058664875e+00
-1.296349611051685891e+00 -1.091777524124364795e+00 -1.117349034990279932e+00 -1.153855930046598477e+00 -1.145389102275400806e+00 -1.150470558238524177e+00 -1.142909180909257305e+00
-1.117349034990279932e+00 -1.257237454792820674e+00 -1.121326399666448204e+00 -1.108275717148892614e+00 -1.148995792277450079e+00 -1.145537124972973331e+00 -1.137643453596461462e+00
-1.128167339138564707e+00 -1.254304043073405595e+00 -1.046752587658042355e+00 -1.116927394497347681e+00 -1.121307603823333388e+00 -1.132640640375258467e+00 -1.136340947878518026e+00
-1.296349611051685891e+00 -1.296349611051685891e+00 -1.105669710551868690e+00 -1.124233920676168008e+00 -1.121195286488354537e+00 -1.134189294100623968e+00 -1.137229073425414683e+00
-9.771971417293455753e-01 -1.257237454792820674e+00 -1.121595474884565569e+00 -1.129295280385642197e+00 -1.150599656759094813e+00 -1.141006025645804556e+00 -1.134157412099729534e+00
-1.117349034990279932e+00 -1.027144222890301162e+00 -1.061928616197429953e+00 -1.097640175000460960e+00 -1.133318416495933345e+00 -1.134404436097486979e+00 -1.135341153976280992e+00
-1.117349034990279932e+00 -1.142920545856195069e+00 -1.078501453749256989e+00 -1.103745246740424069e+00 -1.097947963548384198e+00 -1.120035771309137562e+00 -1.137842362412698982e+00
-9.491667630771586373e-01 -1.017638778228591612e+00 -1.013410335181473165e+00 -1.113104344380321020e+00 -1.123969292104432416e+00 -1.136168981509986242e+00 -1.136527176574579467e+00
-1.128167339138564707e+00 -1.256306212977133185e+00 -1.151872497763182235e+00 -1.140904535850355117e+00 -1.154482488124461081e+00 -1.151988290408267890e+00 -1.136066163516102456e+00
-1.117349034990279932e+00 -1.177015893677415548e+00 -1.141550372829242654e+00 -1.152205460543163085e+00 -1.160964632127636342e+00 -1.143128806124942720e+00 -1.141645019896608826e+00
-1.143456636585212127e+00 -1.258126367435067561e+00 -1.165417116304096723e+00 -1.133700394929401778e+00 -1.139865473045702071e+00 -1.127035592559089583e+00 -1.133287163615777082e+00
-1.117349034990279932e+00 -1.177015893677415548e+00 -1.073772438163143050e+00 -1.102009839933116631e+00 -1.123418971524121623e+00 -1.137188816705919425e+00 -1.140975286161847180e+00
-9.771971417293455753e-01 -1.258126367435067561e+00 -1.205655900666645408e+00 -1.147243635046907961e+00 -1.133326482390869749e+00 -1.127850382523174488e+00 -1.132346931507882459e+00
-7.854554844623996557e-01 -8.992363026700084250e-01 -1.147215889356775875e+00 -1.113428638908812829e+00 -1.130295592768585156e+00 -1.136981664354441701e+00 -1.132937867482866956e+00
-1.296349611051685891e+00 -1.251599467036334623e+00 -1.164923226570110604e+00 -1.122315083321101969e+00 -1.117030396503748690e+00 -1.146931042177778970e+00 -1.140635749526909937e+00
-1.177015893677415548e+00 -1.182703812648843389e+00 -1.147215889356775875e+00 -1.152006871627397455e+00 -1.160839324620715818e+00 -1.142512943807036940e+00 -1.138380147470011483e+00
-1.117349034990279932e+00 -1.206849323020983356e+00 -1.109828821732906423e+00 -1.148277035836815951e+00 -1.137891666079060560e+00 -1.132420893833284925e+00 -1.138752370519676038e+00
