(-1.1011503302326189+0j)
-8.693180658324658472e-01 -9.732448026324247436e-01 -1.065366214780527176e+00 -1.068751007724292990e+00 -1.095933875820094272e+00 -1.101700841199045211e+00 -1.105116285801629239e+00
-1.000511788156112747e+00 -1.094221589815860263e+00 -1.168895647983956287e+00 -1.109231779747999802e+00 -1.094178867275213518e+00 -1.097681603562740582e+00 -1.099012886541548939e+00
-1.165616087369920617e+00 -1.157430134415009748e+00 -1.121043751504200880e+00 -1.115061509977238519e+00 -1.100819574362366327e+00 -1.108494777587394342e+00 -1.104871737991531155e+00
-7.951607849740336409e-01 -9.680840730116174742e-01 -1.059420790712870097e+00 -1.073411026138626490e+00 -1.104034219830630104e+00 -1.093005766035822557e+00 -1.096791132808832447e+00
-1.262899232803406324e+00 -1.066060679295640634e+00 -1.036986298556991981e+00 -1.094596939644377542e+00 -1.099474338322117717e+00 -1.101873375477719907e+00 -1.101178198455748714e+00
-1.000511788156112747e+00 -1.048218596273802650e+00 -1.033680934173440757e+00 -1.104482682782690794e+00 -1.087290516669970009e+00 -1.103515213454709487e+00 -1.106881329546193893e+00
-1.066108649317936141e+00 -1.184182999409218340e+00 -1.177355143594726261e+00 -1.094640756132249759e+00 -1.110024029253913636e+00 -1.107714470894062941e+00 -1.102320389998440842e+00
-1.012803888283277054e+00 -1.178512441287338008e+00 -1.152828696329625036e+00 -1.115770133170577161e+00 -1.109467014759055070e+00 -1.105560273887878697e+00 -1.099381807414198331e+00
-1.262899232803406324e+00 -1.184779570722083619e+00 -1.142748804626325221e+00 -1.091191177285207425e+00 -1.116740416778456702e+00 -1.091254850181746505e+00 -1.097116831261985892e+00
-8.693180658324658472e-01 -8.693180658324658472e-01 -1.119915832736990025e+00 -1.114358499382390288e+00 -1.108773898116854451e+00 -1.100538928994894583e+00 -1.107891904300013275e+00
-1.262899232803406324e+00 -1.086202872784938656e+00 -1.073022955639465925e+00 -1.067682787244734088e+00 -1.085924692080327159e+00 -1.098435118049758685e+00 -1.102370175757044102e+00
-1.131705510479759536e+00 -1.142424699858590964e+00 -1.098896593386921916e+00 -1.078922398797179882e+00 -1.077096416445028737e+00 -1.094726357653125870e+00 -1.097283275309361539e+00
-1.262899232803406324e+00 -1.157430134415009748e+00 -1.109565208415586923e+00 -1.140507134905099917e+00 -1.088491286185832019e+00 -1.101270851544498441e+00 -1.105332409904086877e+00
-9.769324326705742800e-01 -1.051961036026613172e+00 -1.036383243768815410e+00 -1.087615080100680087e+00 -1.091576314134500292e+00 -1.094774586237281078e+00 -1.101497968951340001e+00
-8.693180658324658472e-01 -1.035533946467412036e+00 -1.084944532484182877e+00 -1.125385717685949860e+00 -1.107356362952597983e+00 -1.096959703933654939e+00 -1.096728060496855228e+00
-9.590971893411018856e-01 -1.124084955721888379e+00 -1.094506334065564745e+00 -1.072038917383440593e+00 -1.103870228406801823e+00 -1.099224679035373686e+00 -1.096564722870488229e+00
-1.262899232803406324e+00 -1.262899232803406324e+00 -1.038518722215830303e+00 -1.096161388108380486e+00 -1.097893685542511433e+00 -1.100525563455599265e+00 -1.097660756869430765e+00
-8.693180658324658472e-01 -9.999976676266333353e-01 -1.081799886383165710e+00 -1.106486088477226959e+00 -1.124540724701437400e+00 -1.105412428621436183e+00 -1.099804651214825180e+00
-9.769324326705742800e-01 -1.138403584968760152e+00 -1.165643679194610094e+00 -1.107316568290928505e+00 -1.100881400987370418e+00 -1.100474056830839986e+00 -1.098901690924116714e+00
-1.131705510479759536e+00 -1.184779570722083619e+00 -1.146093887657807731e+00 -1.115661520739306578e+00 -1.102195224169371768e+00 -1.107797467735848862e+00 -1.100873538933470730e+00
-1.262899232803406324e+00 -1.094221589815860263e+00 -1.032982854447370036e+00 -1.047665033623091713e+00 -1.076386934701953457e+00 -1.087956248665615577e+00 -1.095055431012241787e+00
-1.066108649317936141e+00 -1.106226591437656115e+00 -1.150042932955693376e+00 -1.121014063352461676e+00 -1.115516367060443770e+00 -1.112701872578141904e+00 -1.103169572893201611e+00
-1.165616087369920617e+00 -1.157430134415009748e+00 -1.071417364013937501e+00 -1.073269125577159810e+00 -1.070197201818072097e+00 -1.099375761159264275e+00 -1.102809885231807119e+00
-7.720349203989802511e-01 -1.138403584968760152e+00 -1.147841942759982192e+00 -1.094367429638457789e+00 -1.102290154979852277e+00 -1.102169320674335262e+00 -1.101395502461486764e+00
-1.066108649317936141e+00 -1.026750532620841927e+00 -1.144812298897813552e+00 -1.127639536377088136e+00 -1.111922929176492936e+00 -1.104926153197763661e+00 -1.099892557075620392e+00
-1.066108649317936141e+00 -1.040008293226025282e+00 -1.066822985724042994e+00 -1.141362195843943272e+00 -1.129443956268046279e+00 -1.116577255903894450e+00 -1.100457265765802717e+00
-1.262899232803406324e+00 -1.104266674588263442e+00 -1.133029982243954903e+00 -1.067100936287821877e+00 -1.083708220176066828e+00 -1.102228508129790452e+00 -1.102632712533317294e+00
-1.262899232803406324e+00 -1.237420313761302904e+00 -1.119958261809226308e+00 -1.126607938058686198e+00 -1.110529302959267106e+00 -1.111230417658620739e+00 -1.105092964168724601e+00
-1.131705510479759536e+00 -1.076827838696767570e+00 -1.038589711690357742e+00 -1.066910268174388499e+00 -1.088341966788093140e+00 -1.088533830048781015e+00 -1.099220992120158114e+00
-8.693180658324658472e-01 -1.040008293226025282e+00 -1.043500594393252712e+00 -1.049086582222227282e+00 -1.074725540706061855e+00 -1.093567737466060175e+00 -1.099831665882825327e+00
-1.262899232803406324e+00 -1.164503941060671011e+00 -1.102783494269804265e+00 -1.065185242072769878e+00 -1.091076010247887806e+00 -1.101848642542538670e+00 -1.102178521276316214e+00
-8.693180658324658472e-01 -9.750328691140093262e-01 -1.114250179861600021e+00 -1.096334051147078936e+00 -1.105562554692160138e+00 -1.109823808462875316e+00 -1.107436899915023476e+00
-1.262899232803406324e+00 -1.192966413255788005e+00 -1.094715878686626453e+00 -1.097619905802339701e+00 -1.116737874286221288e+00 -1.102857015025561882e+00 -1.101127333886388948e+00
-9.590971893411018856e-01 -1.086384278979348306e+00 -1.120989406799147714e+00 -1.130690048503264711e+00 -1.114815879814722077e+00 -1.111115749261974539e+00 -1.104278120225388626e+00
-1.262899232803406324e+00 -1.236798876711495465e+00 -1.220289147316966361e+00 -1.139102320288694958e+00 -1.123814313559786893e+00 -1.117242477129535727e+00 -1.104264364584050639e+00
-1.066108649317936141e+00 -1.011230977534944175e+00 -1.114250179861600021e+00 -1.081367917810856172e+00 -1.087018086325028943e+00 -1.104955013683153187e+00 -1.101644656754254825e+00
-1.262899232803406324e+00 -1.057462262769393035e+00 -1.135221627200489580e+00 -1.126080795444704741e+00 -1.111226008113116670e+00 -1.099427957541663226e+00 -1.098131621130395308e+00
-1.155887772826571958e+00 -1.114985863967095092e+00 -1.133029982243954903e+00 -1.093090084487173819e+00 -1.099206914951416092e+00 -1.098161031672924448e+00 -1.102374403178163487e+00
-1.262899232803406324e+00 -1.262899232803406324e+00 -1.151735776248679954e+00 -1.114906010579025386e+00 -1.109693994399014949e+00 -1.099916066925097358e+00 -1.101864646255088731e+00
-1.262899232803406324e+00 -1.175436751254308465e+00 -1.156100949958231094e+00 -1.136860199738783495e+00 -1.114988297772994796e+00 -1.105523958985614286e+00 -1.104552166034404204e+00
-6.552951458787975580e-01 -9.837921416434483035e-01 -1.064769388245919268e+00 -1.079231148593600143e+00 -1.096009288892794586e+00 -1.105928097313107150e+00 -1.104424581206497891e+00
-1.262899232803406324e+00 -1.169863535750086836e+00 -1.097737441115850476e+00 -1.124649838483652742e+00 -1.101645273539864078e+00 -1.090728561623409476e+00 -1.102662341418886971e+00
-1.262899232803406324e+00 -1.086202872784938656e+00 -1.060564022807299445e+00 -1.083786292468715606e+00 -1.090841342855379370e+00 -1.098197870972206225e+00 -1.096453226231470790e+00
-1.262899232803406324e+00 -1.086260534606946493e+00 -1.145964620846063209e+00 -1.134533538966641775e+00 -1.100789694901981530e+00 -1.100400243012089607e+00 -1.098863932862693460e+00
-8.693180658324658472e-01 -1.058248864156089875e+00 -1.059042650697868071e+00 -1.093836636334740930e+00 -1.103673182412802323e+00 -1.100655287751003186e+00 -1.101420749616581096e+00
-1.262899232803406324e+00 -1.131705510479759536e+00 -1.085580889640182845e+00 -1.096313688353902194e+00 -1.111463491753852839e+00 -1.100803389504287910e+00 -1.101916530236126901e+00
-1.262899232803406324e+00 -1.105466766015030355e+00 -1.130220641404941828e+00 -1.100353333835620395e+00 -1.102361361064724266e+00 -1.095742930943343962e+00 -1.103368688297479583e+00
-1.262899232803406324e+00 -1.262899232803406324e+00 -1.136556845755512191e+00 -1.121839016116449539e+00 -1.120644695407702063e+00 -1.102266608596234043e+00 -1.102445985171292442e+00
-1.066108649317936141e+00 -1.238012846762281960e+00 -1.102240152770253889e+00 -1.110243902213117639e+00 -1.093408675134479813e+00 -1.099450703194613022e+00 -1.094821992650226505e+00
-1.262899232803406324e+00 -1.040008293226025282e+00 -1.094767853476029451e+00 -1.071538809570706574e+00 -1.092416517937912168e+00 -1.095589719067158407e+00 -1.100907750279205288e+00
