(-1.1011503302326189+0j)
-1.094799964735556408e+00 -9.970689977199784781e-01 -1.069181674349727107e+00 -1.121504723459388675e+00 -1.103683574623893993e+00 -1.100353436746267732e+00 -1.103107416903653659e+00
-1.115306295189303576e+00 -1.144661935334081004e+00 -1.127212812036670675e+00 -1.126520208670185541e+00 -1.105644206595196355e+00 -1.098762899330488541e+00 -1.100650851692474674e+00
-1.094799964735556408e+00 -1.103004614684699680e+00 -1.093064115759848187e+00 -1.083441332282117697e+00 -1.097752953294554246e+00 -1.101294589581141903e+00 -1.104429914416781955e+00
-1.213701586932038667e+00 -1.078405791749015741e+00 -1.094727168270681616e+00 -1.122909414357817326e+00 -1.094372823192857336e+00 -1.097107280623056180e+00 -1.101883929958743291e+00
-8.775030507963388349e-01 -1.062665858881801872e+00 -1.091437752243917148e+00 -1.091054064403178092e+00 -1.090230924279201652e+00 -1.098527527952452676e+00 -1.097213093875086365e+00
-9.964046729928212054e-01 -9.051519184044043431e-01 -1.053349192394509526e+00 -1.085271369699876587e+00 -1.097505270245105580e+00 -1.102270296158391449e+00 -1.099965297752982130e+00
-1.115306295189303576e+00 -1.105466766015030133e+00 -1.087403857878469715e+00 -1.086896544951664323e+00 -1.101424476200081992e+00 -1.103676503495197858e+00 -1.101874217485343088e+00
-1.115306295189303576e+00 -1.053806968813332023e+00 -1.104866008664881161e+00 -1.128347785499634437e+00 -1.114173812316143319e+00 -1.105765618784452009e+00 -1.097610903180097131e+00
-9.758983425390739264e-01 -1.038067035946118155e+00 -1.041165129671752121e+00 -1.097595682880066148e+00 -1.098404656370775445e+00 -1.095787609071294577e+00 -1.103347803406351524e+00
-1.213701586932038667e+00 -1.120063112398397287e+00 -1.126041439515923726e+00 -1.095008430724553561e+00 -1.091189215323553174e+00 -1.092133711022407638e+00 -1.098877123989128624e+00
-1.115306295189303576e+00 -1.085787707666483026e+00 -1.138610443233635472e+00 -1.133454548975791010e+00 -1.111347867855159599e+00 -1.104352954380735774e+00 -1.102049200327755774e+00
-1.213701586932038667e+00 -1.152202260556067115e+00 -1.147186142476879001e+00 -1.136870816922828986e+00 -1.111059135980056567e+00 -1.102443548960665431e+00 -1.103971051034465578e+00
-1.016911003446568484e+00 -1.184182999409218340e+00 -1.122598168142449726e+00 -1.128659277015279461e+00 -1.107571129003901422e+00 -1.103995774904118932e+00 -1.100497420623337330e+00
-1.115306295189303576e+00 -1.085787707666483026e+00 -1.105396223979957959e+00 -1.102416197911978646e+00 -1.092510345265043981e+00 -1.103177474534736024e+00 -1.099395998690879894e+00
-1.213701586932038667e+00 -1.184182999409218118e+00 -1.179126151598291150e+00 -1.112873977187666785e+00 -1.105589813609661576e+00 -1.103279624741567044e+00 -1.102125007231322673e+00
-1.115306295189303576e+00 -1.036345640728051132e+00 -1.129725957313695517e+00 -1.128888695417400223e+00 -1.120495889919543853e+00 -1.105666052931787657e+00 -1.101738022429721742e+00
-1.213701586932038667e+00 -1.078405791749015963e+00 -1.070886713017229708e+00 -1.118232814465358160e+00 -1.108780482456184213e+00 -1.102849213736984746e+00 -1.100063385435253061e+00
-1.094799964735556408e+00 -1.035163795919106899e+00 -1.046491356843125775e+00 -1.085903830400905878e+00 -1.094613013146059188e+00 -1.096780355039348009e+00 -1.101616984194655924e+00
-1.213701586932038667e+00 -1.203862057757765225e+00 -1.145302673572212715e+00 -1.120603470702718152e+00 -1.106792609965219665e+00 -1.103841930475516264e+00 -1.103964202205685252e+00
-1.094799964735556408e+00 -1.095464289462713570e+00 -1.083520641529015727e+00 -1.099078053455604831e+00 -1.088815719596011533e+00 -1.094112848959002626e+00 -1.098365908494283172e+00
-1.115306295189303576e+00 -1.125145824363577240e+00 -1.118714143468394262e+00 -1.106102918919029676e+00 -1.101425106430791390e+00 -1.099621986960702458e+00 -1.099725185324116783e+00
-1.115306295189303576e+00 -1.105466766015029911e+00 -1.111831519763442078e+00 -1.135808236537615645e+00 -1.113050389942582319e+00 -1.104869108925828458e+00 -1.099234682756796477e+00
-9.185157117038333929e-01 -9.478713518486108214e-01 -1.096219638146854081e+00 -1.113377491910412243e+00 -1.111638297655630936e+00 -1.109180850833061616e+00 -1.104789927527702442e+00
-1.016911003446568484e+00 -1.125145824363577240e+00 -1.054475228674354836e+00 -1.100728451383185202e+00 -1.108484703863150456e+00 -1.106565177426584334e+00 -1.102813325589123927e+00
-1.115306295189303576e+00 -1.144824882712124126e+00 -1.115886705488208452e+00 -1.107736559963783174e+00 -1.109722634487978254e+00 -1.101669064128207864e+00 -1.102250110088929258e+00
-1.016911003446568484e+00 -1.021667820655662196e+00 -1.042780568291624466e+00 -1.097897523306890832e+00 -1.097274562717030166e+00 -1.101216468046887886e+00 -1.099349923322716194e+00
-9.964046729928212054e-01 -1.127603437620383398e+00 -1.096908211068690520e+00 -1.124079511848087076e+00 -1.106753387054791649e+00 -1.097523831607331024e+00 -1.098008469830870304e+00
-8.980093812500861139e-01 -1.043965321871413998e+00 -1.084465015626975504e+00 -1.090292814095781271e+00 -1.099335764256970549e+00 -1.096946929306568119e+00 -1.101837078897403455e+00
-1.213701586932038667e+00 -1.152202260556067115e+00 -1.132202485934544756e+00 -1.104021398600720349e+00 -1.097979716269875672e+00 -1.102337938268687090e+00 -1.102290196358084451e+00
-1.115306295189303576e+00 -1.164503941060671233e+00 -1.121627161973935971e+00 -1.096540000166792872e+00 -1.105931053796733510e+00 -1.098705526911695873e+00 -1.103118425346795162e+00
-1.115306295189303576e+00 -1.144824882712124126e+00 -1.089093191399221672e+00 -1.124616250518503779e+00 -1.116218314236956388e+00 -1.107381118722544855e+00 -1.103261255994014256e+00
-1.213701586932038667e+00 -1.103004614684699680e+00 -1.061099161780237221e+00 -1.078498816863513898e+00 -1.089055676954329810e+00 -1.092862570906784736e+00 -1.098626645563614446e+00
-1.115306295189303576e+00 -1.103004614684699680e+00 -1.113056123764116112e+00 -1.113850772954965151e+00 -1.101536283860963250e+00 -1.108116840015444637e+00 -1.103671295158228594e+00
-1.115306295189303576e+00 -1.127603437620383398e+00 -1.135339209247516079e+00 -1.126734271446489410e+00 -1.112602157226096899e+00 -1.103906374964812365e+00 -1.101593998188827861e+00
-1.094799964735556408e+00 -1.052744856018506869e+00 -1.110459746343090082e+00 -1.107523304752394022e+00 -1.100713415994522215e+00 -1.103028803113484502e+00 -1.098555480337539025e+00
-1.115306295189303576e+00 -1.144824882712124126e+00 -1.103739801692493305e+00 -1.117285643265693240e+00 -1.097397233417241491e+00 -1.102580528057987674e+00 -1.102167170189251921e+00
-1.115306295189303576e+00 -1.078405791749015963e+00 -1.096908211068690520e+00 -1.103938350305236238e+00 -1.111069365105633366e+00 -1.102768410008129862e+00 -1.103635606116350587e+00
-1.016911003446568484e+00 -1.062665858881801872e+00 -1.097928499017999382e+00 -1.100667085049009231e+00 -1.104190439622350528e+00 -1.102321294590210554e+00 -1.104038692175266956e+00
-1.016911003446568484e+00 -1.103004614684699680e+00 -1.085652620383416256e+00 -1.094668542960214541e+00 -1.114359151020913874e+00 -1.103312417122750411e+00 -1.101274014911926225e+00
-9.964046729928212054e-01 -1.103004614684699458e+00 -1.073711414132543229e+00 -1.064914098083099780e+00 -1.106687078872139685e+00 -1.099357957108523465e+00 -1.100796670632902430e+00
-9.964046729928212054e-01 -1.062665858881801872e+00 -1.115595482649151649e+00 -1.090360485633772303e+00 -1.097194855533235369e+00 -1.096916583847029392e+00 -1.096870330110229830e+00
-1.016911003446568484e+00 -1.024694050502925169e+00 -1.100694807635608008e+00 -1.095743335082912662e+00 -1.108778845037154515e+00 -1.106237810876628869e+00 -1.097544101560809171e+00
-1.016911003446568484e+00 -1.105466766015030133e+00 -1.111623546232658022e+00 -1.095990724789881465e+00 -1.106176963924966561e+00 -1.101526549501390839e+00 -1.098621013659960788e+00
-1.115306295189303576e+00 -1.127603437620383175e+00 -1.112497445092952564e+00 -1.116110868405901790e+00 -1.099150686061277860e+00 -1.099491588451815272e+00 -1.101547833908729235e+00
-8.980093812500861139e-01 -1.103004614684699680e+00 -1.090809538415919100e+00 -1.111239955674713009e+00 -1.114666097299446434e+00 -1.107037894623569940e+00 -1.100507320834946734e+00
-1.016911003446568484e+00 -9.888693900747504983e-01 -1.072521585076295025e+00 -1.099696802677971652e+00 -1.084660854253948425e+00 -1.097301891796817586e+00 -1.100493831894628460e+00
-1.016911003446568484e+00 -1.125145824363577240e+00 -1.100012269878968274e+00 -1.095054833948076345e+00 -1.103907937460904432e+00 -1.105169785358822931e+00 -1.100919699672571195e+00
-1.213701586932038667e+00 -1.164503941060671233e+00 -1.146972774777301085e+00 -1.110830248997475067e+00 -1.106249400624217172e+00 -1.100292130091848009e+00 -1.098883545456799560e+00
-1.115306295189303576e+00 -1.164503941060671233e+00 -1.128233811787157759e+00 -1.103340053179277191e+00 -1.097317964346698815e+00 -1.100434217325331865e+00 -1.100038828292918325e+00
-1.115306295189303576e+00 -1.078405791749015741e+00 -1.097171708163593440e+00 -1.093192339281951808e+00 -1.089977164351634942e+00 -1.095971644956781121e+00 -1.098932650099808228e+00
