(-0.9834727290331735+0j)
-8.817324499460567067e-01 -9.003070339848100456e-01 -8.787294180236407959e-01 -9.600546123758968431e-01 -9.595866848865914900e-01 -9.764013944527751843e-01 -9.734749764573122910e-01
-8.042217321281640574e-01 -8.593669329385597022e-01 -9.853277786021705786e-01 -1.055415055993061069e+00 -1.006997414355532250e+00 -9.955754419567960367e-01 -9.808712818627669527e-01
-8.054275322400563653e-01 -8.527456782931142065e-01 -9.113029052902961169e-01 -1.006496094992719303e+00 -9.706856776189065616e-01 -9.749445248576269485e-01 -9.942540153497068101e-01
-7.962369004274489903e-01 -7.994907229996646159e-01 -8.701172132347370081e-01 -9.202111823889936870e-01 -9.457743390009689666e-01 -9.866170325766016047e-01 -9.832413790535304843e-01
-8.672231943491615080e-01 -8.849269152433494323e-01 -8.115357425516718237e-01 -9.793878138744002149e-01 -9.519132382795243430e-01 -9.802936871997094403e-01 -9.711171497223720639e-01
-8.370074334429118412e-01 -7.693076060533587945e-01 -8.277153431093275948e-01 -8.631973691364703827e-01 -9.461203886202317337e-01 -9.661967067512445828e-01 -9.815699269005849770e-01
-7.702393550647945730e-01 -8.610367719041077672e-01 -8.190815046057486892e-01 -9.930989232197463545e-01 -9.667890790019704195e-01 -9.891361814539396669e-01 -9.781970778635143970e-01
-8.817324499460567067e-01 -7.883394624107619153e-01 -1.017228872854259114e+00 -1.008639425597698036e+00 -9.823758395032113899e-01 -9.894962844301488092e-01 -9.784008139438953311e-01
-8.211210709967721177e-01 -7.959811720210325792e-01 -8.757277921647546037e-01 -1.020988889115315157e+00 -9.939684266300345961e-01 -9.862241378269862579e-01 -9.795085237721063987e-01
-8.525427084936429978e-01 -8.932268073510423179e-01 -1.052429638293037595e+00 -9.960149725893416850e-01 -1.003537410517561845e+00 -9.938064005437958759e-01 -9.893914311914222548e-01
-8.125787071392182037e-01 -9.577328859566929253e-01 -9.775442817920644289e-01 -1.041054741956576102e+00 -9.826425086875761883e-01 -9.927262366382474390e-01 -9.953502484784106930e-01
-8.966252398946633617e-01 -8.553496991816195161e-01 -9.159497769811548729e-01 -1.026557547544978188e+00 -9.993923278341463323e-01 -9.904843163082746038e-01 -9.871393749008769980e-01
-8.394256427090610595e-01 -8.125450516323122763e-01 -7.954567187524249627e-01 -9.191869241748757968e-01 -9.775421896210777506e-01 -9.737133212094355450e-01 -9.769147470187804494e-01
-7.759125206815286058e-01 -8.085831827680530770e-01 -9.308358412034293261e-01 -9.491769921132043875e-01 -9.550989766640558543e-01 -9.711063593440957264e-01 -9.789581561471786264e-01
-8.817324499460567067e-01 -8.276356939884472741e-01 -8.649309018528138493e-01 -8.909974738036852138e-01 -9.710094491574745579e-01 -9.740889303542069610e-01 -9.819640346581002266e-01
-9.152987937347525360e-01 -9.040666462793032210e-01 -9.652523136559583161e-01 -9.924537118430916127e-01 -9.889665228853854462e-01 -9.748451532366853023e-01 -9.928010162510360059e-01
-8.614944958899982685e-01 -8.475633991642088638e-01 -9.928802378823856634e-01 -1.019339930497488167e+00 -9.669047256418952241e-01 -9.869208554568354996e-01 -9.818475249683078498e-01
-7.769244183843315721e-01 -8.202287723136597597e-01 -8.660437597282679700e-01 -1.022219282049932287e+00 -9.701444864180455152e-01 -9.628087379814374014e-01 -9.831802748980118523e-01
-8.942962586212006570e-01 -9.050234797506195861e-01 -9.901926826871183529e-01 -1.024882427007578256e+00 -9.704704977393762144e-01 -9.555737299001660912e-01 -9.764543540303423086e-01
-8.183990770141782445e-01 -8.991928283289490897e-01 -9.548291818309996293e-01 -1.067120660811684996e+00 -1.011769332142977929e+00 -9.840852964462405428e-01 -9.825547722234515557e-01
-7.726259540287141458e-01 -8.272046529950867200e-01 -9.811684516509918685e-01 -9.710798257821318114e-01 -9.852136558764726937e-01 -9.828495396564507214e-01 -9.860155765786382531e-01
-7.463601507241628408e-01 -8.972300659508637422e-01 -1.003509428278176019e+00 -1.061328907011268585e+00 -1.000137011046927205e+00 -9.961250521198772301e-01 -9.828385494490530228e-01
-9.318884208495200605e-01 -9.473034781148489403e-01 -1.051323233470089269e+00 -1.040697099433025574e+00 -9.927037617877543241e-01 -9.743826900615935038e-01 -9.791912978966650360e-01
-8.327012830169111535e-01 -8.381657851929471548e-01 -7.685664714284285992e-01 -9.412493103104181413e-01 -1.015811970820098331e+00 -9.960992989702488476e-01 -9.925516762435548923e-01
-8.817324499460567067e-01 -8.783537224559045953e-01 -9.806255148509820385e-01 -1.003287371937597650e+00 -9.962211780897013425e-01 -9.888713725582298775e-01 -9.802146997765974756e-01
-7.754707220842197435e-01 -7.965524660682470337e-01 -8.838854984557378280e-01 -9.634854508235048964e-01 -9.726105352672733684e-01 -9.778584036210560271e-01 -9.782749523395535274e-01
-8.020611899686453938e-01 -9.704681292351547972e-01 -1.015403478419183436e+00 -1.006877841523420747e+00 -9.668609567575519037e-01 -9.905043484622642058e-01 -9.813148261046971133e-01
-8.817324499460567067e-01 -9.381621319830448780e-01 -9.401615021533886729e-01 -1.028005756589448705e+00 -9.995047782695454242e-01 -9.886311783484839077e-01 -9.821355775105994335e-01
-6.902971334172944839e-01 -7.523249511469055628e-01 -9.202648270368637418e-01 -1.004054509110179350e+00 -9.823698197642547481e-01 -9.614701784796534367e-01 -9.672985915304539439e-01
-8.413602101219803675e-01 -9.500731880446986466e-01 -1.041300729463052521e+00 -9.884687085910275339e-01 -9.983619908016986289e-01 -9.915555806076697953e-01 -9.761773456079680944e-01
-6.881966871276635755e-01 -8.198569101357360278e-01 -8.169206165307869583e-01 -8.680917372867008597e-01 -9.514317720917663257e-01 -9.900374236121965987e-01 -9.824915158588196640e-01
-8.988109678339071262e-01 -8.906248550567644751e-01 -9.328370857386651949e-01 -1.036661158852001829e+00 -1.017770453863582336e+00 -9.858805352970936298e-01 -9.833017934643171198e-01
-8.034186801939857681e-01 -9.295315291155353821e-01 -9.798476267927276329e-01 -1.028905361126974505e+00 -1.000687763813346010e+00 -9.875793812307300801e-01 -9.815362961014838517e-01
-9.407077712956837257e-01 -8.539299173963010858e-01 -9.284446264746541999e-01 -1.027037752672869786e+00 -9.969718500158666341e-01 -9.891654551451443123e-01 -9.917029760524247450e-01
-8.893579679753238487e-01 -9.147285018582775873e-01 -1.040426743533211962e+00 -9.649918972212514490e-01 -9.567932459799322054e-01 -9.640246066759456944e-01 -9.797922149196798269e-01
-9.407077712956837257e-01 -9.429504445832509463e-01 -9.397528152423592074e-01 -1.011217564991377271e+00 -9.840715986878555421e-01 -9.991920034545466178e-01 -9.920419790283523387e-01
-8.398356464842801072e-01 -9.349861773542881282e-01 -1.012612122068299758e+00 -1.009005562232050845e+00 -9.522901190624076806e-01 -9.743446179275107033e-01 -9.869296283591899588e-01
-8.102781749854464088e-01 -9.281179406568044188e-01 -9.319540081294922507e-01 -1.001822628983162655e+00 -9.980740813874757755e-01 -9.968836806535605888e-01 -9.835919474196062051e-01
-8.316435136573120390e-01 -8.923022868289101073e-01 -8.716826069870335925e-01 -9.551141467660203555e-01 -9.763560192680513783e-01 -9.824601629722564677e-01 -9.824972906466782341e-01
-6.942542031255386492e-01 -7.725966730634417079e-01 -8.935872784060534535e-01 -1.024107841435111688e+00 -1.012062970733628831e+00 -9.783964475819089124e-01 -9.776819035131212310e-01
-9.407077712956837257e-01 -9.132225403605235270e-01 -9.345706390564626487e-01 -9.935363827607350817e-01 -1.013503961397194786e+00 -1.004150314833013535e+00 -9.921373942658114897e-01
-8.431034613463724847e-01 -8.721165230485724562e-01 -8.405206257577106932e-01 -9.308440626501828241e-01 -9.651424391560340377e-01 -9.828421178555846183e-01 -9.838451297230165205e-01
-7.488602597941902417e-01 -8.399825848310567000e-01 -9.896023146964114670e-01 -9.416485906205159795e-01 -9.656853572941894726e-01 -9.897562726318247517e-01 -9.760931868232949338e-01
-8.951316400040522092e-01 -8.690096751329526858e-01 -9.503107262835195357e-01 -1.006523805126134485e+00 -1.013633019603275676e+00 -9.983657790711886193e-01 -9.837492384926906919e-01
-8.548577619709474273e-01 -9.651573282092557049e-01 -9.332396804687099756e-01 -9.538066730264922466e-01 -9.793750520604858067e-01 -9.715608392431540619e-01 -9.675261797729887148e-01
-7.974396821542542035e-01 -7.455553131759279362e-01 -9.395353309546483622e-01 -9.266034098434551280e-01 -9.999607271049301138e-01 -9.981413456568095643e-01 -9.903552061533220652e-01
-7.711745924170738675e-01 -7.415299043156151626e-01 -9.520008297098957462e-01 -1.005702805564964164e+00 -9.985162816452772816e-01 -9.909147469068479985e-01 -9.831148325088308049e-01
-7.392714782811556917e-01 -8.457863992810721321e-01 -9.669358882474891059e-01 -9.591480967133749758e-01 -9.934940737460167259e-01 -9.850406138944843848e-01 -9.891218858823431770e-01
-7.911420657713209570e-01 -7.395769706083106243e-01 -9.428546436481757276e-01 -9.479193240562089340e-01 -9.692812036446921686e-01 -9.916326983197103484e-01 -9.926191608689964863e-01
-8.134432567882042830e-01 -8.735058975365901368e-01 -1.003155574744349021e+00 -1.023401793640964730e+00 -9.912299146511642789e-01 -9.771279923224855946e-01 -9.776064521616076863e-01
