(-0.9834727290331735+0j)
-9.108956573863055128e-01 -9.395162022083802800e-01 -9.392248583549762664e-01 -9.677692056147783051e-01 -9.868556801147997382e-01 -9.847863010785874449e-01 -9.853709911483465866e-01
-8.817324499460567067e-01 -9.851102221080227928e-01 -9.969897371924842933e-01 -9.609208375726225881e-01 -9.793734431578213773e-01 -9.884312355106893433e-01 -9.848778883270805640e-01
-6.013076656242200002e-01 -8.461055109301568455e-01 -9.130473722163945371e-01 -9.334165437777925955e-01 -9.682986419516077525e-01 -9.801726547837612546e-01 -9.828601737515614278e-01
-8.075266184071757669e-01 -1.071968608243714982e+00 -1.009960837047547244e+00 -9.974792336764877199e-01 -9.903541744466038965e-01 -9.862859089468104523e-01 -9.811632661677054390e-01
-8.653077085638603005e-01 -9.531018453526312051e-01 -9.555513815904291830e-01 -9.507694233777939097e-01 -9.646103183174656870e-01 -9.755549426801217727e-01 -9.810085972577814450e-01
-1.036681919120331141e+00 -8.444407465965950710e-01 -9.180571990772804503e-01 -9.470756465827547821e-01 -9.803157184904669474e-01 -9.823792992373245880e-01 -9.804961565564765946e-01
-9.440287189911500398e-01 -8.216989516305654995e-01 -9.323352880189891279e-01 -9.691595510998329832e-01 -9.796823853745333377e-01 -9.830118985841752588e-01 -9.813721761052248693e-01
-7.926854520993995568e-01 -8.804522393190723495e-01 -9.884606137886837729e-01 -9.712457337946860392e-01 -9.909232977057613745e-01 -9.908111751909594034e-01 -9.853792184354220884e-01
-1.018692626626056974e+00 -8.673159336840636779e-01 -9.325043593716698664e-01 -9.695835981968559114e-01 -9.770695856999580542e-01 -9.854203425799631377e-01 -9.812728103580030670e-01
-8.075266184071757669e-01 -8.997669659511824403e-01 -9.647482501550574963e-01 -9.664875339174555657e-01 -9.692609188505780793e-01 -9.779461029158275087e-01 -9.819644965462002162e-01
-1.117633735344564894e+00 -1.092191735959805676e+00 -9.887202912950080469e-01 -1.005395226203150472e+00 -9.867227407176607512e-01 -9.860750752845949263e-01 -9.865373835112790646e-01
-1.028586737497907633e+00 -1.049136044693290026e+00 -1.014870309826558792e+00 -1.011361162445812756e+00 -1.005694122627415865e+00 -9.896519847792286662e-01 -9.888423450224730349e-01
-9.506706143820826682e-01 -9.690341996560036808e-01 -1.016163211469967464e+00 -9.874336508049523786e-01 -9.920948049797951862e-01 -9.875965914706689164e-01 -9.879789838669534863e-01
-1.036681919120331141e+00 -9.623913892958491090e-01 -1.026482749025506180e+00 -9.979852253576833032e-01 -9.934303231459213901e-01 -9.857952803244723894e-01 -9.834411477821980441e-01
-9.557301028960973888e-01 -9.539024801699081957e-01 -1.000909009182667564e+00 -9.958133808376397056e-01 -9.801512530656770750e-01 -9.811281143741145128e-01 -9.790493318851462012e-01
-1.068163180985310934e+00 -9.910053959393486656e-01 -9.960472436340070956e-01 -9.739793402935993383e-01 -9.728197240943862178e-01 -9.788589247197023724e-01 -9.816033149825997839e-01
-1.073110236421236152e+00 -1.003373034529162044e+00 -9.738026668259075480e-01 -9.616039494262582643e-01 -9.811376365972256375e-01 -9.800200822535458656e-01 -9.809543876159140252e-01
-1.073110236421236152e+00 -8.805408808587533720e-01 -9.656049979549232720e-01 -9.797638433644230149e-01 -9.614481185914578454e-01 -9.693291952719470528e-01 -9.807052481978035807e-01
-9.692220722668030142e-01 -1.039717612228739707e+00 -9.826273181849588534e-01 -9.798473164751874132e-01 -9.894514251393234927e-01 -9.849641042725844065e-01 -9.815969280666427821e-01
-5.244034402111978910e-01 -9.032848028694971942e-01 -9.334155065420571828e-01 -1.004037381335529444e+00 -9.869015006279064917e-01 -9.842765315538686277e-01 -9.814705356482872345e-01
-1.028586737497907633e+00 -8.690359575438598716e-01 -9.643177715918036519e-01 -9.734566079020993135e-01 -9.868066870547252956e-01 -9.841448386294751050e-01 -9.866397697576435588e-01
-9.440287189911500398e-01 -9.509505266628272002e-01 -9.650501841315780593e-01 -9.868362028335078140e-01 -9.778216037081979284e-01 -9.845402663263452814e-01 -9.845979218882818795e-01
-7.041575794280460210e-01 -9.596682227232635753e-01 -9.589164814060510134e-01 -9.972815422736398538e-01 -9.867976552606403384e-01 -9.881926577191013639e-01 -9.889771744217941141e-01
-1.036681919120331141e+00 -1.054028736882666850e+00 -1.011046288593456133e+00 -9.974553815576278071e-01 -9.781598551712653578e-01 -9.701598728547724537e-01 -9.791505200711991819e-01
-1.077157827232448017e+00 -1.094801171794139716e+00 -9.308861779149500970e-01 -9.659382820792029589e-01 -9.796448458910843593e-01 -9.856982961073619265e-01 -9.831060543688758813e-01
-1.061979361690404078e+00 -1.063665857861742392e+00 -1.047108830463644669e+00 -9.941720352304191932e-01 -9.798489648993465861e-01 -9.845024336505669993e-01 -9.849693146704084912e-01
-5.244034402111978910e-01 -9.008160291302631517e-01 -9.445008769361955547e-01 -9.867164869436466645e-01 -9.856970366279060869e-01 -9.866187350609071371e-01 -9.849610066121360363e-01
-1.117633735344564894e+00 -1.023900053400715215e+00 -1.018166179307988806e+00 -1.001356784226611119e+00 -9.869208125313926327e-01 -9.837006336313601773e-01 -9.835486781044434634e-01
-1.018692626626056974e+00 -1.045433466820248292e+00 -9.917132279344276213e-01 -9.773313617742580561e-01 -9.840459279796394121e-01 -9.822861687285342480e-01 -9.833329118770240962e-01
-1.073110236421236152e+00 -1.063665857861742392e+00 -1.005691562422337704e+00 -9.697012647363139060e-01 -9.880402481141310478e-01 -9.839707758196523102e-01 -9.778556621541917293e-01
-1.068163180985310934e+00 -1.069500222995020344e+00 -9.773730016975048507e-01 -9.641458977896080196e-01 -9.788640714025899081e-01 -9.896171425017317169e-01 -9.834589206097293923e-01
-8.446295341766162368e-01 -9.401854225500191342e-01 -9.968774805578737297e-01 -9.733733737854171064e-01 -9.802800935215996159e-01 -9.823870976397469645e-01 -9.832849788294191207e-01
-5.648793483233147672e-01 -9.375336481951345169e-01 -1.020203911665664487e+00 -1.004961594782858736e+00 -9.910651982990859032e-01 -9.821521235337554723e-01 -9.833007394095533149e-01
-9.603662117455594727e-01 -9.814064804182061064e-01 -9.797529321647605594e-01 -9.833254153048596180e-01 -9.769063595704304825e-01 -9.824100624413713012e-01 -9.821717250484978123e-01
-8.372089510227281872e-01 -9.154494460336080053e-01 -9.058879530854800910e-01 -9.680708222246321437e-01 -9.669508296979958395e-01 -9.740224016793195272e-01 -9.784853319766791957e-01
-9.962060110082141540e-01 -1.028586737497907633e+00 -9.754338898966563587e-01 -9.979292568344877434e-01 -9.947865075556133752e-01 -9.843216220882273770e-01 -9.831358088243040694e-01
-8.817324499460567067e-01 -9.910053959393486656e-01 -9.622408239630263482e-01 -9.734970716342142838e-01 -9.820925265449125252e-01 -9.818111341216123611e-01 -9.825934218464625891e-01
-1.077157827232448017e+00 -1.081533601082406371e+00 -9.980816058478901853e-01 -1.001190311400404376e+00 -9.853488309557312252e-01 -9.820650264381129979e-01 -9.845410358815627205e-01
-8.372089510227281872e-01 -9.008160291302631517e-01 -9.499197329488018315e-01 -9.456473223779912063e-01 -9.622735102864605761e-01 -9.739787693369803545e-01 -9.807906103790698937e-01
-1.073110236421236152e+00 -1.012183343157734061e+00 -1.017120819497203899e+00 -1.011042413761715997e+00 -9.889032898101806079e-01 -9.832748705482952101e-01 -9.800632797852933953e-01
-6.053552564354316434e-01 -9.509505266628272002e-01 -9.959598846158744800e-01 -9.911196083893039077e-01 -9.756744110178630081e-01 -9.853186482264391088e-01 -9.822628708930400965e-01
-1.028586737497907633e+00 -1.015740673118975756e+00 -9.914553300316958362e-01 -9.931454051686999795e-01 -9.876701652662372988e-01 -9.886326742346450702e-01 -9.853459256456278403e-01
-1.073110236421236152e+00 -1.028586737497907633e+00 -1.000736642705997159e+00 -1.006787453123109799e+00 -9.813244160807566008e-01 -9.858706500472602663e-01 -9.819319813690454701e-01
-1.117633735344564894e+00 -9.819185646689999603e-01 -9.479257614687592870e-01 -9.877883440324756181e-01 -9.811303343984367764e-01 -9.799672250048985234e-01 -9.858989044841098837e-01
-9.962060110082141540e-01 -9.662701187597216856e-01 -9.061976031512670726e-01 -9.735038044049246775e-01 -9.652037553065712094e-01 -9.824798631692343021e-01 -9.845437381087137618e-01
-8.119545486677977042e-01 -9.682163963869798717e-01 -9.425730294217854466e-01 -9.652942007002943692e-01 -9.759956690248207112e-01 -9.838319361563565568e-01 -9.841252214229883055e-01
-1.006324988036243262e+00 -1.025686856244479861e+00 -1.001471712127359748e+00 -9.888704734627303816e-01 -9.882252476827126930e-01 -9.836229857901784834e-01 -9.852966186185414532e-01
-9.962060110082141540e-01 -9.342262233385043579e-01 -9.711045637786682727e-01 -9.774331119050817529e-01 -9.793779464322447392e-01 -9.822776743501617780e-01 -9.851035230609263005e-01
-1.073110236421236152e+00 -9.941274801105857151e-01 -9.506302938396237190e-01 -9.720008294114511616e-01 -9.911009074438845712e-01 -9.813349890477772730e-01 -9.829834993673522980e-01
-1.117633735344564894e+00 -9.754807573850152735e-01 -9.862145743409815868e-01 -9.791863699273128940e-01 -9.777202741444107614e-01 -9.804278336476720535e-01 -9.803244060423251804e-01
