(-0.9543388539987278+0j)
-1.023670378447743223e+00 -9.771564816714559676e-01 -9.638553195868575507e-01 -9.580940973802236638e-01 -9.534311471988099473e-01 -9.520241041251606973e-01 -9.579296306082345502e-01
-8.468059071570019913e-01 -1.004541948193893308e+00 -9.409250124183430319e-01 -9.485939121276608654e-01 -9.570610793724037002e-01 -9.562693361222355248e-01 -9.533406377698472323e-01
-7.699599506351291200e-01 -9.132570597857686545e-01 -9.487135395944490401e-01 -9.728349901701109914e-01 -9.651088643028600256e-01 -9.521218207799085897e-01 -9.544219428974334285e-01
-9.882974841895949547e-01 -1.013400828501829221e+00 -9.841894510300034371e-01 -9.594500433577830556e-01 -9.606772678196066062e-01 -9.519304160319901342e-01 -9.519305176973247296e-01
-9.321880587995844403e-01 -8.681538326474591560e-01 -9.491488139542525460e-01 -9.362073219567115245e-01 -9.480464557590504437e-01 -9.572549722636269909e-01 -9.521847107348565542e-01
-1.023670378447743223e+00 -8.861412017962077003e-01 -9.764009238538974289e-01 -9.758214966846003868e-01 -9.605361761746217253e-01 -9.513494187738127383e-01 -9.508459215800467712e-01
-1.023670378447743223e+00 -9.588995039898310369e-01 -9.309755838766717861e-01 -9.615297314173507637e-01 -9.541846460519651796e-01 -9.475520719639471956e-01 -9.549338359230593598e-01
-9.882974841895949547e-01 -8.955392991698964966e-01 -9.487135395944490401e-01 -9.428039754715956677e-01 -9.565724905300243552e-01 -9.520105380963173047e-01 -9.538658329974163408e-01
-9.882974841895949547e-01 -9.951438508202042899e-01 -9.742400224883321913e-01 -9.386445993524603626e-01 -9.537889833980660592e-01 -9.554235950662339771e-01 -9.534629835022048194e-01
-9.321880587995844403e-01 -9.768868731385793591e-01 -9.110767267933295166e-01 -9.508566765601420556e-01 -9.621120173411598087e-01 -9.542505827385014960e-01 -9.511782434755451376e-01
-8.614422702832879031e-01 -9.135266683186450409e-01 -9.314108582364755140e-01 -9.580940973802236638e-01 -9.518793887605243587e-01 -9.569236724303185060e-01 -9.538343309678394277e-01
-9.175516956732985285e-01 -9.677583842977670603e-01 -9.093510997875680069e-01 -9.422633097625010556e-01 -9.535859825701857861e-01 -9.553937085557028253e-01 -9.531488614343401888e-01
-9.529245899314467971e-01 -9.406425263082059951e-01 -9.465526382288839136e-01 -9.699400218420783926e-01 -9.473411223623999788e-01 -9.610046317371616631e-01 -9.548171911343915630e-01
-9.882974841895949547e-01 -8.861412017962077003e-01 -9.569373411303585542e-01 -9.650569036409348822e-01 -9.491337080832091821e-01 -9.530205518425508560e-01 -9.543875212744232783e-01
-9.529245899314467971e-01 -9.860153619793918800e-01 -9.361679353274091619e-01 -9.559228711341991591e-01 -9.505891356084852362e-01 -9.507737241859450794e-01 -9.546967457165972393e-01
-1.023670378447743223e+00 -9.043981794778326311e-01 -9.288146825111067706e-01 -9.543838487837260631e-01 -9.464602755906509346e-01 -9.541066590915345813e-01 -9.543278082049609923e-01
-9.882974841895949547e-01 -9.768868731385793591e-01 -9.521802640394250172e-01 -9.456989437996282666e-01 -9.580038353270482476e-01 -9.530735418491915745e-01 -9.544075436989263306e-01
-6.638412678606843143e-01 -9.317836460002699717e-01 -9.738047481285287965e-01 -9.793486689081842833e-01 -9.578008344991679746e-01 -9.565815610210114395e-01 -9.534374760948822747e-01
-1.023670378447743223e+00 -9.951438508202042899e-01 -9.314108582364755140e-01 -9.630687537678238597e-01 -9.611796003883765760e-01 -9.552362188798926290e-01 -9.580969965329829696e-01
-9.882974841895949547e-01 -9.135266683186450409e-01 -9.543411654049899218e-01 -9.516719568286070574e-01 -9.610729304735056155e-01 -9.484372369977460693e-01 -9.562954288526289703e-01
-8.260693760251396345e-01 -9.951438508202042899e-01 -9.590982424959237918e-01 -9.596331197306966487e-01 -9.505065484218666594e-01 -9.578781479524460796e-01 -9.513054868335932834e-01
-9.529245899314467971e-01 -9.680279928306434467e-01 -9.240576054201730116e-01 -9.382870100162792326e-01 -9.484042919583064446e-01 -9.587741245622437569e-01 -9.565423143104720971e-01
-6.992141621188325828e-01 -9.677583842977670603e-01 -9.612591438614888073e-01 -9.431701282174226320e-01 -9.544220686099593731e-01 -9.515109370112000420e-01 -9.543305118375239315e-01
-9.882974841895949547e-01 -9.951438508202042899e-01 -9.664514953122261831e-01 -9.521210843512448729e-01 -9.498390414798595360e-01 -9.483422747958427657e-01 -9.532801213823857145e-01
-8.468059071570019913e-01 -1.022529317342641741e+00 -9.919779782061095563e-01 -9.559228711341991591e-01 -9.618608510567746572e-01 -9.517756808090243048e-01 -9.487898671835963693e-01
-1.023670378447743223e+00 -9.860153619793918800e-01 -9.443917368633188980e-01 -9.373801915613575453e-01 -9.487380454293099508e-01 -9.572888873357352502e-01 -9.525262405246069930e-01
-1.023670378447743223e+00 -1.004272339661016922e+00 -9.772714725735045516e-01 -9.440683832626985961e-01 -9.546628958924827657e-01 -9.577477903343224463e-01 -9.531298582887071102e-01
-1.059043272705891603e+00 -9.860153619793918800e-01 -9.612591438614888073e-01 -9.617128077902643568e-01 -9.419460919207788274e-01 -9.526214218650258525e-01 -9.563887602271019528e-01
-9.529245899314467971e-01 -9.771564816714559676e-01 -9.699182197572020492e-01 -9.655975693500294943e-01 -9.522853904162851268e-01 -9.540197540127853815e-01 -9.529733068942096708e-01
-9.882974841895949547e-01 -9.951438508202042899e-01 -9.439564625035152812e-01 -9.550160526792774718e-01 -9.491096253549567985e-01 -9.555022367864494104e-01 -9.554200055804923375e-01
-1.023670378447743223e+00 -9.677583842977670603e-01 -9.521802640394250172e-01 -9.432616664038794285e-01 -9.557949089486168504e-01 -9.506230175245566905e-01 -9.522061238344879941e-01
-1.023670378447743223e+00 -1.022529317342641741e+00 -9.616944182212925352e-01 -9.617128077902643568e-01 -9.587332514519509852e-01 -9.592805086617828270e-01 -9.554875358690781972e-01
-8.614422702832879031e-01 -9.406425263082059951e-01 -9.642905939466611676e-01 -9.603568618127048540e-01 -9.610488477452532319e-01 -9.521082547510653082e-01 -9.555325560614689184e-01
-9.882974841895949547e-01 -8.952696906370201102e-01 -9.898170768405443187e-01 -9.332208154422221291e-01 -9.397612482705999248e-01 -9.592845372233599344e-01 -9.534314814726279064e-01
-9.175516956732985285e-01 -9.223855486265811754e-01 -9.357326609676057672e-01 -9.585432249028615903e-01 -9.612518485731336160e-01 -9.569495303792725505e-01 -9.534936044960884427e-01
-9.529245899314467971e-01 -9.682976013635198331e-01 -9.595335168557272976e-01 -9.480532464185662533e-01 -9.464843583189033183e-01 -9.565652405393236801e-01 -9.505722157574467701e-01
-1.023670378447743223e+00 -9.860153619793918800e-01 -9.534706166853827991e-01 -9.673196680734159614e-01 -9.355704790698697870e-01 -9.532812670787980114e-01 -9.541772514327182542e-01
-8.968151645414361717e-01 -9.951438508202042899e-01 -9.971703296568468211e-01 -9.367479876658060256e-01 -9.521890595032757032e-01 -9.542709317817663628e-01 -9.520788804764398483e-01
-1.023670378447743223e+00 -9.223855486265811754e-01 -9.686123966777913097e-01 -9.574618934846722551e-01 -9.615856020441371221e-01 -9.543224414442951220e-01 -9.555534595216652605e-01
-8.614422702832879031e-01 -9.315140374673935852e-01 -9.694829453973985434e-01 -9.447091505678957279e-01 -9.588158386385696730e-01 -9.536884541794772296e-01 -9.554997410744576758e-01
-9.882974841895949547e-01 -9.497710151490185160e-01 -9.690476710375948155e-01 -9.563719986568370857e-01 -9.573225846586501664e-01 -9.551397763338774771e-01 -9.560854526894884131e-01
-9.882974841895949547e-01 -9.680279928306434467e-01 -9.898170768405443187e-01 -9.760875478343247202e-01 -9.564520768887627700e-01 -9.583044099876576460e-01 -9.536835582347259477e-01
-9.882974841895949547e-01 -1.013400828501829221e+00 -9.686123966777913097e-01 -9.602653236262480574e-01 -9.608217641891206862e-01 -9.536640765746349224e-01 -9.531200630373262150e-01
-1.023670378447743223e+00 -9.860153619793918800e-01 -9.391993854125815222e-01 -9.530279028061665603e-01 -9.477127022880468266e-01 -9.529092691589597930e-01 -9.531257639810160054e-01
-8.968151645414361717e-01 -9.406425263082059951e-01 -9.815932753046348047e-01 -9.565550750297504567e-01 -9.459441992954898959e-01 -9.555891418651986102e-01 -9.563808652902843210e-01
-9.882974841895949547e-01 -9.315140374673935852e-01 -9.664514953122261831e-01 -9.381954718298224360e-01 -9.530251455430492902e-01 -9.559666486907257843e-01 -9.570992275284885276e-01
-1.023670378447743223e+00 -8.861412017962077003e-01 -9.815932753046348047e-01 -9.419057204263199257e-01 -9.544702340664639184e-01 -9.558375651813350027e-01 -9.553377824148346908e-01
-8.260693760251396345e-01 -9.497710151490185160e-01 -9.443917368633188980e-01 -9.543838487837260631e-01 -9.528943928999260571e-01 -9.532378145394233560e-01 -9.543335091486510047e-01
-9.882974841895949547e-01 -9.500406236818950134e-01 -9.439564625035152812e-01 -9.628856773949104886e-01 -9.547317393527106066e-01 -9.511864201923134754e-01 -9.523062531492149096e-01
-1.023670378447743223e+00 -9.677583842977670603e-01 -9.491488139542525460e-01 -9.531194409926233568e-01 -9.481668694003120290e-01 -9.461959182468293594e-01 -9.531813827427870756e-01
