(-0.9543388539987278+0j)
-7.279609765527937926e-01 -8.024709910003282598e-01 -9.746574051224934365e-01 -9.704208291843653411e-01 -9.744137962021539590e-01 -9.551923773397901218e-01 -9.488422014782749159e-01
-7.051214324710450843e-01 -8.457171077144293170e-01 -9.276597150854297702e-01 -9.669922659434522227e-01 -9.688316935942521413e-01 -9.643482547322348442e-01 -9.621650620215069782e-01
-7.510738244847875444e-01 -9.156875677284331827e-01 -9.186663636595674420e-01 -9.680453866288495357e-01 -9.755481531259155847e-01 -9.660486394274223620e-01 -9.555759039067805993e-01
-7.655288521237270105e-01 -8.420262992007537806e-01 -9.639964791235402508e-01 -9.660360869245564475e-01 -9.492389865629904389e-01 -9.476300245118678411e-01 -9.573020182805871414e-01
-8.050204214462359786e-01 -8.499102348305630494e-01 -9.166397665731066402e-01 -9.665218326321888265e-01 -9.361461353688458331e-01 -9.528100950657630852e-01 -9.545820386800091262e-01
-7.981981852915425169e-01 -8.507336189823581085e-01 -9.861833795634742383e-01 -9.825594462990563382e-01 -9.423892624837506560e-01 -9.512123023449934323e-01 -9.525108977174499003e-01
-6.870269567676217104e-01 -7.380447808149743771e-01 -9.462976284868621635e-01 -9.443176507580763879e-01 -9.391142520557840268e-01 -9.539831688416151589e-01 -9.544917261377395823e-01
-7.925971883408359231e-01 -8.811538867344959058e-01 -9.875844705374973165e-01 -9.880800643316119958e-01 -9.796948071875104525e-01 -9.688243647913079570e-01 -9.567731819594411657e-01
-8.093101402048988868e-01 -8.430897777057092535e-01 -9.196201362325990836e-01 -9.859383677712559857e-01 -9.570217408326734398e-01 -9.693053672621733119e-01 -9.595416044777269615e-01
-8.321369102403177731e-01 -9.359043483342833758e-01 -9.158961895209439819e-01 -9.645345444752714270e-01 -9.703328501605144041e-01 -9.662821481597030360e-01 -9.583948947317497691e-01
-8.335439683508464315e-01 -7.990241034547769239e-01 -9.585532440563965251e-01 -9.787210374322797835e-01 -9.539392787976033183e-01 -9.632407904834432433e-01 -9.536043397976252667e-01
-7.656261743759888994e-01 -8.839308409620766360e-01 -1.000572884746627533e+00 -9.634035888031793338e-01 -9.641792972002771744e-01 -9.658151273659658642e-01 -9.569404870067625968e-01
-7.607623899201074735e-01 -8.481708878222694592e-01 -8.397084736300818308e-01 -9.516923738244953412e-01 -9.640372025409019718e-01 -9.589282936746696961e-01 -9.554592709854885513e-01
-7.560960803215541759e-01 -8.163671137000609868e-01 -8.601940290043676995e-01 -9.580438671643156656e-01 -9.510697344951801746e-01 -9.548764393961023389e-01 -9.494672344879850900e-01
-7.351295179823152948e-01 -6.727441115467521771e-01 -7.441705403170179034e-01 -8.997463777031419196e-01 -9.293758232624753646e-01 -9.489374841015701945e-01 -9.546128074031114963e-01
-7.349001155305551203e-01 -9.003680388022070602e-01 -8.760982711299033499e-01 -9.884454981875521185e-01 -9.756608577876604294e-01 -9.653362651035721775e-01 -9.600719782918580858e-01
-7.793284707335284001e-01 -8.379939435473833242e-01 -9.818899912367040628e-01 -9.385917512644785798e-01 -9.440611896421861049e-01 -9.649913612557168285e-01 -9.599094742564471261e-01
-7.747491167571125548e-01 -8.069349679163279054e-01 -9.123947169289727821e-01 -9.836885345701420480e-01 -9.595947237567511445e-01 -9.433764212971744723e-01 -9.528740863658847760e-01
-8.405309571754403519e-01 -8.338231819882916396e-01 -9.937403124963575252e-01 -9.766862896264405514e-01 -9.519292354423166680e-01 -9.518381686746271164e-01 -9.555632913634624082e-01
-6.893202277139592882e-01 -9.518778897931997607e-01 -9.786305471898487651e-01 -9.692369230692424731e-01 -9.585863167477808311e-01 -9.577189327159099097e-01 -9.557628236808954902e-01
-6.829061713679140944e-01 -7.263352625983214850e-01 -8.980564531899252190e-01 -9.645951455085429727e-01 -9.817201351832046674e-01 -9.585781220584094209e-01 -9.578959014550740836e-01
-7.103686627066836401e-01 -8.107492183132187780e-01 -9.529283462063913301e-01 -9.323113878183109104e-01 -9.568034841414642111e-01 -9.577041975409740227e-01 -9.545131933078487840e-01
-8.147920078768372543e-01 -8.501240088239598869e-01 -9.208459460484738068e-01 -9.151947384181869927e-01 -9.338830589232355317e-01 -9.382077329293028178e-01 -9.562605063463820443e-01
-8.230838023651331214e-01 -8.747257509787392804e-01 -9.538769474013495397e-01 -9.393889111977460349e-01 -9.516406150817142695e-01 -9.546978007457670445e-01 -9.512281013808305818e-01
-7.769961645013190310e-01 -7.583258444632638984e-01 -7.758926919525470645e-01 -9.458845892281002588e-01 -9.545627979467710134e-01 -9.438723825030940207e-01 -9.500322908056735294e-01
-6.593029411134654350e-01 -8.000113893670010023e-01 -8.865361563667696343e-01 -9.731177269456950940e-01 -9.458541281391614763e-01 -9.442877060039267523e-01 -9.510735037618063270e-01
-8.564774834778028367e-01 -7.583161933950031131e-01 -9.380480156202667397e-01 -9.524271136334487853e-01 -9.587792747412446914e-01 -9.498512006001924579e-01 -9.523971780978194301e-01
-7.064769783302307093e-01 -7.909677818401185112e-01 -9.243834082061849200e-01 -9.528164019337159729e-01 -9.335526082094265377e-01 -9.428194021150400062e-01 -9.538639138186335575e-01
-6.948160083001786447e-01 -8.490203288167044171e-01 -9.284887941226045438e-01 -9.629522819026163916e-01 -9.551007888584341909e-01 -9.645037511451832746e-01 -9.550817518519747473e-01
-8.368932172821124116e-01 -8.113771839236140204e-01 -9.477041796984471134e-01 -9.529964074334441593e-01 -9.617103738214398678e-01 -9.457332723743298031e-01 -9.516109871386770891e-01
-7.875554431951042877e-01 -7.863352488530142015e-01 -9.036881641236054197e-01 -9.523521906743637189e-01 -9.595786996411966863e-01 -9.546344988640304008e-01 -9.562571137406519206e-01
-8.405900456857422487e-01 -8.526952459720174016e-01 -9.283888379833238336e-01 -9.502773387665220950e-01 -9.362332310335722552e-01 -9.495499647075682503e-01 -9.542763247944097138e-01
-7.024799312226845949e-01 -7.844318056379059323e-01 -9.282076456804427833e-01 -9.650006569919949984e-01 -9.731811724150803977e-01 -9.606138601121245735e-01 -9.567068723098692828e-01
-7.985763322867013292e-01 -8.393284078609308807e-01 -9.934062645276269254e-01 -9.892995484519707672e-01 -9.728020182330718857e-01 -9.626291249897007685e-01 -9.551603875240889385e-01
-6.066868819455286665e-01 -6.921983359471872710e-01 -8.609361039921347158e-01 -9.310490426637805239e-01 -9.361684592751700063e-01 -9.454594457778643379e-01 -9.541634478890546056e-01
-8.247408501029575012e-01 -9.135995643977381508e-01 -9.801218028725456888e-01 -9.372021196993481906e-01 -9.462672751431276952e-01 -9.461712065107255043e-01 -9.468611411429316282e-01
-8.862530001285396919e-01 -7.504944689156289872e-01 -9.141004946814492715e-01 -9.529058328637245445e-01 -9.514349948820653990e-01 -9.484507146472372918e-01 -9.512801250424833821e-01
-6.494445679513620728e-01 -8.433244284003559299e-01 -9.232014568145732181e-01 -9.651310916614433966e-01 -9.397208810513675292e-01 -9.455838048111434579e-01 -9.471667851693010842e-01
-7.661728317935043719e-01 -8.194144718617937251e-01 -9.285545004470325825e-01 -9.760099272281413940e-01 -9.741138056497800068e-01 -9.613340233820139025e-01 -9.574023587353623910e-01
-7.981147662181752311e-01 -8.403291548849803894e-01 -9.733221270413047188e-01 -9.605719815158725305e-01 -9.646301096240142980e-01 -9.476984667426445741e-01 -9.546879923777178423e-01
-7.075337124663038102e-01 -7.897679427289571175e-01 -9.128049878735369216e-01 -9.493282940679752535e-01 -9.361951674624158226e-01 -9.551552905401204940e-01 -9.596884920292539922e-01
-8.613658027993679189e-01 -9.052225936799330741e-01 -9.907592088954617626e-01 -9.702724523433103876e-01 -9.555047143135707577e-01 -9.582963804739368374e-01 -9.540494652615484350e-01
-7.641994652052213066e-01 -7.143938827647561274e-01 -9.102887518682313273e-01 -9.020080266702554805e-01 -9.434204932663881049e-01 -9.426555863262791046e-01 -9.524317068576877432e-01
-7.790835761681429439e-01 -7.594421352569608041e-01 -8.695505333622699506e-01 -9.383250079693410406e-01 -9.328779054577645002e-01 -9.418524972478665713e-01 -9.465905294386667279e-01
-7.414895833897904298e-01 -7.581092255798536073e-01 -9.595320436968555189e-01 -9.582071863173480253e-01 -9.527883450561884793e-01 -9.516323061038971520e-01 -9.542746249247711088e-01
-7.697163479236157624e-01 -8.778041673910483844e-01 -9.760086332196131753e-01 -9.455295648140549236e-01 -9.622157354622247194e-01 -9.555422057759997978e-01 -9.556292892809643558e-01
-7.820720788203093798e-01 -7.908460509317294385e-01 -9.903461791129393177e-01 -9.800649725282247759e-01 -9.529377758636912166e-01 -9.560626500881653778e-01 -9.520672806606382821e-01
-7.487111883582300287e-01 -9.637722357783674587e-01 -9.968024466977952747e-01 -9.731274040826989324e-01 -9.734124439994503719e-01 -9.602387739039155434e-01 -9.596062481115854581e-01
-6.424003082287768063e-01 -7.449773428313731793e-01 -9.119497009888659633e-01 -9.482221007458189188e-01 -9.576183485938637441e-01 -9.554036014994088388e-01 -9.576218088685248819e-01
-7.312712358291084680e-01 -8.212149227673622987e-01 -9.118733059991250833e-01 -9.656856036602474713e-01 -9.549150963404673398e-01 -9.538329680346862016e-01 -9.518906412177332577e-01
