(-0.9543388539987278+0j)
-9.641730930788283693e-01 -9.770755991115929184e-01 -9.784835458950913445e-01 -9.599296198639262201e-01 -9.566727013844801286e-01 -9.584145083142254773e-01 -9.559560123261628961e-01
-9.641730930788283693e-01 -9.657562729489854725e-01 -9.536821454828721123e-01 -9.504519707962786335e-01 -9.609574687948752025e-01 -9.557803778446183340e-01 -9.554010525757304917e-01
-8.698453750570998011e-01 -9.571693372424245894e-01 -9.662055979113451931e-01 -9.685991545551136950e-01 -9.633032875403080286e-01 -9.523185216132641351e-01 -9.546138477338467210e-01
-9.641730930788283693e-01 -9.997142514368078103e-01 -9.556577275076542088e-01 -9.607356675591889328e-01 -9.627348388638478083e-01 -9.572203191249026855e-01 -9.549083384122157847e-01
-9.641730930788283693e-01 -8.951079255172942339e-01 -9.334908568801043582e-01 -9.425275689457290884e-01 -9.457505313579817052e-01 -9.511617606532385416e-01 -9.530788684866082772e-01
-9.641730930788283693e-01 -9.911273157302468162e-01 -9.759828657627320769e-01 -9.520068633776550548e-01 -9.577610856886591417e-01 -9.542460335509024283e-01 -9.538761926465247898e-01
-8.384028023831902043e-01 -9.393196306013896768e-01 -9.521914878149927430e-01 -9.621432576680806203e-01 -9.567070218326749753e-01 -9.539512998348380624e-01 -9.541837412651084094e-01
-8.069602297092806076e-01 -8.776935775748213597e-01 -9.357657589006854737e-01 -9.499373080192929919e-01 -9.495161504840687883e-01 -9.504589991166145779e-01 -9.498452843151281577e-01
-8.698453750570998011e-01 -9.403852301677240177e-01 -9.560973316763312635e-01 -9.542576725474788413e-01 -9.558542439367471166e-01 -9.536818851390405083e-01 -9.549620204303831406e-01
-8.058753064986118320e-01 -8.783238184425937733e-01 -9.359333275732977242e-01 -9.484031313773099159e-01 -9.497629060429497727e-01 -9.499389885259170718e-01 -9.524349960446858443e-01
-9.012879477310092868e-01 -9.290659040051165718e-01 -9.582867191797588280e-01 -9.680193932493003084e-01 -9.606960680715985745e-01 -9.577493110221366734e-01 -9.553886695537308071e-01
-8.384028023831902043e-01 -9.458500110798171434e-01 -9.558770710988644392e-01 -9.614193191972645325e-01 -9.542661518080185479e-01 -9.545530232447083652e-01 -9.560938766983962944e-01
-9.641730930788283693e-01 -9.122817969304161112e-01 -9.601615705907520226e-01 -9.460992157123722102e-01 -9.472126864566545734e-01 -9.530680120616887852e-01 -9.571514531455004304e-01
-8.058753064986118320e-01 -9.907368780439759215e-01 -9.759562884006549588e-01 -9.653840866316401037e-01 -9.516886179648316180e-01 -9.513680025806999785e-01 -9.517743664033915252e-01
-9.327305204049188836e-01 -9.911273157302468162e-01 -9.536076545766964951e-01 -9.554419126952553576e-01 -9.532433674800648848e-01 -9.604657534792859774e-01 -9.552067072995453767e-01
-8.698453750570998011e-01 -9.911273157302468162e-01 -9.812499723059112666e-01 -9.624402369760013398e-01 -9.614911569526949364e-01 -9.534932445186308225e-01 -9.547855863779270980e-01
-9.012879477310092868e-01 -9.657562729489854725e-01 -9.632678173013847767e-01 -9.648672190597208376e-01 -9.529000231533877319e-01 -9.571556649502734881e-01 -9.555792202443316175e-01
-8.698453750570998011e-01 -9.911273157302468162e-01 -9.708350542996457833e-01 -9.580021971012527837e-01 -9.579361708260665242e-01 -9.554274058662319824e-01 -9.546309925239531147e-01
-9.641730930788283693e-01 -8.849744371856966829e-01 -9.587763552555754742e-01 -9.702573860741456890e-01 -9.578048085941710532e-01 -9.588852314963733914e-01 -9.556690890382277814e-01
-9.327305204049188836e-01 -9.684886634050320353e-01 -9.374437192098628024e-01 -9.514875277641690055e-01 -9.603693288507029191e-01 -9.581963234780814798e-01 -9.562985720522579891e-01
-9.327305204049188836e-01 -9.684886634050320353e-01 -9.771768783940935066e-01 -9.524162191346364770e-01 -9.536191964870023297e-01 -9.564001347503845452e-01 -9.556324957904303030e-01
-9.327305204049188836e-01 -9.064272516799017909e-01 -9.595238520707956020e-01 -9.556301678403043010e-01 -9.469650691937818721e-01 -9.508463603967878264e-01 -9.539267143034174667e-01
-9.641730930788283693e-01 -1.002446641892854373e+00 -9.756538001790625581e-01 -9.724266143306001808e-01 -9.718806229212675341e-01 -9.563764436019313031e-01 -9.545816143508903950e-01
-9.327305204049188836e-01 -1.013765968055461819e+00 -9.788652828053620025e-01 -9.612838763671061049e-01 -9.511339881973437382e-01 -9.487752375419759021e-01 -9.546813752340050918e-01
-8.698453750570998011e-01 -9.798079895676393702e-01 -9.605923434873345768e-01 -9.573600145262608496e-01 -9.547920857840100917e-01 -9.553159003748075140e-01 -9.520486229967866088e-01
-8.698453750570998011e-01 -9.684886634050320353e-01 -9.664956031668592296e-01 -9.470676576859484719e-01 -9.478015957592946794e-01 -9.500874051903605011e-01 -9.544599620397765660e-01
-9.012879477310092868e-01 -9.473461277539808600e-01 -9.450948738698674578e-01 -9.615656262965187606e-01 -9.569660410783528137e-01 -9.569452894367793672e-01 -9.545796659088168212e-01
-9.012879477310092868e-01 -9.798079895676393702e-01 -9.692484275249493297e-01 -9.601124247825840730e-01 -9.559830400103344061e-01 -9.542934718120716919e-01 -9.551950639353474770e-01
-9.012879477310092868e-01 -9.103454799669581377e-01 -9.179239603973301520e-01 -9.538153798415858198e-01 -9.513698804884529459e-01 -9.524449499774443328e-01 -9.529883761040554013e-01
-9.327305204049188836e-01 -9.393196306013896768e-01 -9.614963508631818589e-01 -9.561955977228467907e-01 -9.601549664473225665e-01 -9.559735478120994223e-01 -9.551185671232076402e-01
-9.012879477310092868e-01 -9.684886634050320353e-01 -9.468622133061892487e-01 -9.506552151155787111e-01 -9.611038538550020771e-01 -9.553576835400877654e-01 -9.568979598443861923e-01
-8.384028023831902043e-01 -9.502035980654353065e-01 -9.755104609595344201e-01 -9.676231210174002229e-01 -9.580141935308612577e-01 -9.537770903414908297e-01 -9.539939611547818554e-01
-8.698453750570998011e-01 -9.357165227482195924e-01 -9.365336864937084949e-01 -9.518094866608681759e-01 -9.551862463884428500e-01 -9.566312964673472363e-01 -9.566144709402668589e-01
-8.698453750570998011e-01 -9.544369467863780265e-01 -9.478223486303052336e-01 -9.348226823560552567e-01 -9.570497903015593444e-01 -9.575002609861398284e-01 -9.554585519185070375e-01
-6.790200925923046693e-01 -9.219750849727194053e-01 -9.468055080678658975e-01 -9.535491356876204527e-01 -9.529613460592266660e-01 -9.555692564680986489e-01 -9.564025715187685073e-01
-8.687604518464309145e-01 -9.790835432283893081e-01 -9.745925141641962330e-01 -9.684968938120530613e-01 -9.703273149475726278e-01 -9.611667625305471141e-01 -9.541661092428792568e-01
-9.327305204049188836e-01 -8.885775450388668784e-01 -9.119696813451372286e-01 -9.614990250272410499e-01 -9.569964453150507921e-01 -9.532053277116767642e-01 -9.577844153984458320e-01
-8.058753064986118320e-01 -9.517857572341692496e-01 -9.601060367222029601e-01 -9.697354506963455911e-01 -9.598264331388237647e-01 -9.584508755581462314e-01 -9.537499271268737866e-01
-9.327305204049188836e-01 -9.290659040051165718e-01 -9.165674002797600251e-01 -9.505601556776950289e-01 -9.540942896660019601e-01 -9.542958378321486634e-01 -9.553575519333381560e-01
-7.744327338247022352e-01 -9.403852301677240177e-01 -9.583195417920578052e-01 -9.396321584632904012e-01 -9.559864377601230423e-01 -9.581861842736751900e-01 -9.561391832688008741e-01
-8.384028023831902043e-01 -8.713508168795058850e-01 -8.990242290454374396e-01 -9.456491657100788428e-01 -9.547688089016580504e-01 -9.537865554090692033e-01 -9.550654033522751885e-01
-9.327305204049188836e-01 -9.544369467863780265e-01 -9.554106916359735857e-01 -9.588717970352843567e-01 -9.595365091568872629e-01 -9.532093026928987189e-01 -9.552002430668207200e-01
-9.327305204049188836e-01 -9.798079895676393702e-01 -9.926578835134354239e-01 -9.585041268366846223e-01 -9.609211885032553635e-01 -9.555172264393847481e-01 -9.569210279517899043e-01
-7.429901611507926384e-01 -9.262035921029296848e-01 -9.460180366597740198e-01 -9.443307524248818474e-01 -9.482904093588704342e-01 -9.527709305043570165e-01 -9.537902140849529031e-01
-9.641730930788283693e-01 -1.002446641892854373e+00 -9.792298846316808136e-01 -9.668498331386983224e-01 -9.573110396406127043e-01 -9.522291557335547107e-01 -9.557808697784440088e-01
-9.956156657527379661e-01 -9.517857572341692496e-01 -9.630477995449733264e-01 -9.623499836263957885e-01 -9.514835974289201914e-01 -9.569867658224942009e-01 -9.544196053283071635e-01
-9.012879477310092868e-01 -9.192426945166728425e-01 -9.630570921446012234e-01 -9.699686489067120831e-01 -9.560051170042986879e-01 -9.512050491876489211e-01 -9.519392472490951773e-01
-7.744327338247022352e-01 -9.177465778425091258e-01 -9.505978852551361102e-01 -9.721611198934049236e-01 -9.600236682494487361e-01 -9.592655122919545585e-01 -9.560773014684151860e-01
-8.384028023831902043e-01 -9.911273157302468162e-01 -9.605885813189050104e-01 -9.708650326484031812e-01 -9.534739021514813118e-01 -9.535182251848581814e-01 -9.541725934553091371e-01
-9.641730930788283693e-01 -9.789459132912599060e-01 -9.526915614166466817e-01 -9.489825626985133322e-01 -9.535839841555955321e-01 -9.516214172762440526e-01 -9.538712471627806000e-01
