(-0.9543388539987278+0j)
-7.204378986737215440e-01 -9.481562246607139199e-01 -9.083416827922279335e-01 -9.275729483662511488e-01 -9.480448022940775044e-01 -9.522502984571664664e-01 -9.546037051553858399e-01
-8.767067718479355509e-01 -8.987526273145547417e-01 -9.321615879430259488e-01 -9.578538992796283846e-01 -9.549988673541478512e-01 -9.560452275773758668e-01 -9.538239677829967178e-01
-9.961581273580724094e-01 -9.794542606250579153e-01 -9.758713689578686346e-01 -9.615818602607468790e-01 -9.621106888409112212e-01 -9.521257163793896972e-01 -9.523863175309812412e-01
-9.175516956732985285e-01 -9.758129332749544416e-01 -9.705708439391512732e-01 -9.444646420542432974e-01 -9.531783289291178018e-01 -9.534817104464794468e-01 -9.548921059040709203e-01
-9.961581273580724094e-01 -9.781909429729811478e-01 -9.808202870293359910e-01 -9.691710904808633620e-01 -9.732565268202513220e-01 -9.605476206568075437e-01 -9.534928748643087815e-01
-9.647155546841628126e-01 -9.380067985248456974e-01 -9.784236048529767471e-01 -9.621520363832648526e-01 -9.575988388589620204e-01 -9.531089843122437788e-01 -9.552092920608985516e-01
-9.304145663126250909e-01 -9.719715329935265657e-01 -9.604964074816024766e-01 -9.609466787990375014e-01 -9.687073983028106072e-01 -9.606180902789189791e-01 -9.560709817393502341e-01
-7.110051268715487094e-01 -8.963916288093771723e-01 -9.323196796262740449e-01 -9.474725176333622656e-01 -9.497149497505078530e-01 -9.549310066001860386e-01 -9.549870382442160466e-01
-9.561403075912784377e-01 -1.005505919234099377e+00 -9.629355051413863720e-01 -9.484401187055857552e-01 -9.535367492822601765e-01 -9.531836192244356187e-01 -9.543206012431378893e-01
-8.584604148235724930e-01 -9.190759607348660820e-01 -9.556503808431011660e-01 -9.506289965711740564e-01 -9.548515037267222283e-01 -9.500021127316791159e-01 -9.539292486648478508e-01
-9.741483264863356473e-01 -9.004748164462157423e-01 -9.469872915897925569e-01 -9.640466710621167223e-01 -9.577884216877858847e-01 -9.566298434176745413e-01 -9.522242636444792074e-01
-1.059043272705891603e+00 -9.355340903837494615e-01 -9.764845826324306532e-01 -9.603089230023605927e-01 -9.614699496957621605e-01 -9.566946251633938747e-01 -9.538803563837181532e-01
-9.961581273580724094e-01 -9.546528664110331963e-01 -9.534387061132139074e-01 -9.499951495409391100e-01 -9.533386270759524050e-01 -9.498517962566461748e-01 -9.545467646763335923e-01
-9.304145663126250909e-01 -9.672649524685339451e-01 -9.488336860937840456e-01 -9.492530585921181707e-01 -9.605877520486253429e-01 -9.532011960878862267e-01 -9.552553424824422601e-01
-8.614422702832879031e-01 -9.274488574104584604e-01 -9.688552577000539845e-01 -9.608535454235050954e-01 -9.586158595428024842e-01 -9.572666693647648994e-01 -9.565055184614414951e-01
-4.229937106873967734e-01 -9.315786635508880309e-01 -9.390635479766662463e-01 -9.479993279795426719e-01 -9.616294543923685767e-01 -9.608408299910647932e-01 -9.545711330964802288e-01
-9.647155546841628126e-01 -9.647155546841628126e-01 -9.341995113303283027e-01 -9.588880218756140605e-01 -9.446947946121616591e-01 -9.555186665876876928e-01 -9.557790065153448644e-01
-1.027600700031981784e+00 -9.701057099996901467e-01 -9.700847739994014063e-01 -9.571864488532321191e-01 -9.525411183746930188e-01 -9.506269788176077151e-01 -9.495034705983798062e-01
-9.741483264863356473e-01 -9.517045563303315747e-01 -9.274841804378162191e-01 -9.402621726065055752e-01 -9.484051766559178365e-01 -9.544342431061333398e-01 -9.537959292479853968e-01
-9.458500110798171434e-01 -9.647155546841628126e-01 -9.534821117880181163e-01 -9.539837581191972227e-01 -9.591476796927184134e-01 -9.600232435896691729e-01 -9.564186226051186734e-01
-8.801454120799581116e-01 -9.002006637747368423e-01 -9.329195139137180792e-01 -9.368197937676034925e-01 -9.477967749758133831e-01 -9.542869184348459211e-01 -9.549443436739604163e-01
-9.175516956732985285e-01 -9.882974841895949547e-01 -9.766680946903598670e-01 -9.662116396344413438e-01 -9.659173174986480648e-01 -9.569943964663785163e-01 -9.539077667942165162e-01
-8.789630837553186193e-01 -9.213607306386581985e-01 -9.505408078475452438e-01 -9.393231806210952106e-01 -9.554546584393867059e-01 -9.579163722984735951e-01 -9.562535569898487076e-01
-1.002446641892854373e+00 -9.997142514368079214e-01 -9.612364156146893102e-01 -9.624020212836077448e-01 -9.632023728165566290e-01 -9.559573753160937049e-01 -9.565168254511748902e-01
-7.770345294867587738e-01 -9.090477037410996664e-01 -9.314874829561854419e-01 -9.530674664434148902e-01 -9.503143758083334447e-01 -9.483997981753615747e-01 -9.496509244241030379e-01
-1.002446641892854373e+00 -9.937394679216178250e-01 -9.685557397811954683e-01 -9.557334080771738849e-01 -9.529494522176366056e-01 -9.534808331486182009e-01 -9.543510065674919440e-01
-9.882974841895949547e-01 -9.567314717535982949e-01 -9.396780554921554396e-01 -9.639146702204254291e-01 -9.628613012779446700e-01 -9.587637649252380712e-01 -9.570788905989172646e-01
-9.458500110798171434e-01 -9.475650604983939518e-01 -9.567665444915516293e-01 -9.594436886699495570e-01 -9.539431962726281355e-01 -9.563044041436254972e-01 -9.547970956159284039e-01
-9.175516956732985285e-01 -9.647155546841628126e-01 -9.717901335357924664e-01 -9.624645153755818638e-01 -9.493984248976492513e-01 -9.516849963772886500e-01 -9.543975502595660743e-01
-9.961581273580724094e-01 -9.475650604983939518e-01 -9.663008944828473945e-01 -9.498440642507240961e-01 -9.534141862719319738e-01 -9.528040155234277497e-01 -9.531441819089661038e-01
-9.529245899314467971e-01 -9.818660488699316735e-01 -9.572225856297680302e-01 -9.634133146229114653e-01 -9.584838164071750599e-01 -9.589574695652839376e-01 -9.553295005690574104e-01
-9.647155546841628126e-01 -9.517045563303315747e-01 -9.354002260341710562e-01 -9.546297778506097620e-01 -9.521401656272185932e-01 -9.535751133708865179e-01 -9.536682202890721660e-01
-9.882974841895949547e-01 -1.004272339661016922e+00 -9.755400469161644716e-01 -9.588309921247260004e-01 -9.556803531655668760e-01 -9.511703929764636634e-01 -9.512696070585222596e-01
-9.882974841895949547e-01 -9.904412959628160484e-01 -9.533428558510410600e-01 -9.589564508341805738e-01 -9.625312273528489060e-01 -9.533928209886682881e-01 -9.556869686430934374e-01
-1.023670378447743223e+00 -9.584491985645816614e-01 -9.413520442381093645e-01 -9.477637923500205064e-01 -9.612394918407611843e-01 -9.577475719074797222e-01 -9.547835280754120024e-01
-8.362806069814804344e-01 -9.497710151490185160e-01 -9.596886223744297562e-01 -9.664168064648748224e-01 -9.600483618995159230e-01 -9.492889888438592605e-01 -9.529448668504654218e-01
-9.175516956732985285e-01 -9.561403075912784377e-01 -9.721624797911413429e-01 -9.519554515577465237e-01 -9.410011981387809143e-01 -9.499303214474922319e-01 -9.533165169906270275e-01
-8.801454120799581116e-01 -9.273093871852793324e-01 -9.537006076696931123e-01 -9.602351579503312085e-01 -9.615414887863572568e-01 -9.552566695446517153e-01 -9.550731111872028389e-01
-1.059043272705891603e+00 -1.024742284334353659e+00 -9.911706228789604056e-01 -9.643141244394727307e-01 -9.591192010702154214e-01 -9.514555021857055150e-01 -9.535862851103634741e-01
-8.973386132400709148e-01 -9.497710151490185160e-01 -9.614628050957051419e-01 -9.660159255490611274e-01 -9.679371224094663884e-01 -9.647369436623629557e-01 -9.569330140983500765e-01
-9.647155546841628126e-01 -9.038373455153804192e-01 -9.331609716328792548e-01 -9.489588028742921288e-01 -9.513294133409122555e-01 -9.488213209418072669e-01 -9.556803877337356479e-01
-9.458500110798171434e-01 -9.696801714221485735e-01 -9.123021843754948179e-01 -9.567420602067218116e-01 -9.528264038202343134e-01 -9.556884077931517840e-01 -9.540553620374695454e-01
-5.258966758020098275e-01 -9.191337322216066585e-01 -9.946461792876789554e-01 -9.585806332326834989e-01 -9.451152979573043122e-01 -9.539318633767057687e-01 -9.538716652490510928e-01
-1.007591790148584909e+00 -9.904412959628160484e-01 -9.317870429061483328e-01 -9.424651955633724931e-01 -9.640147050940389706e-01 -9.554953963372804226e-01 -9.524270548416465809e-01
-8.821788014151502599e-01 -9.436193233570405736e-01 -9.702297765601723967e-01 -9.643491635795466976e-01 -9.544848605412015186e-01 -9.580092185687645312e-01 -9.566661428547814650e-01
-9.961581273580724094e-01 -9.224304833820605731e-01 -9.415030579255040388e-01 -9.548343776586047937e-01 -9.566344167914974106e-01 -9.574745925821818160e-01 -9.570130019615510353e-01
-1.002446641892854373e+00 -1.005505919234099377e+00 -9.921193134527669377e-01 -9.543849638305372807e-01 -9.510896061844078542e-01 -9.545877070676392906e-01 -9.542172403593602859e-01
-9.961581273580724094e-01 -9.943614089195632610e-01 -9.604313563423573230e-01 -9.585557649556191162e-01 -9.531961157191013445e-01 -9.569161822253512417e-01 -9.554593180021143661e-01
-8.973386132400709148e-01 -9.290239857029681803e-01 -9.331609716328792548e-01 -9.512178951080068057e-01 -9.327989054611098840e-01 -9.503837584684899920e-01 -9.535796989577830507e-01
-1.018617107839436375e+00 -9.492651106799622207e-01 -9.688552577000539845e-01 -9.467613452627660076e-01 -9.497618453914282721e-01 -9.546387696440914450e-01 -9.532230099938887591e-01
