(-0.9412240336932628+0j)
-9.934405358412187192e-01 -9.624519977174224028e-01 -9.153677601682133069e-01 -9.322210710304812409e-01 -9.391211035312876376e-01 -9.377819028349817509e-01 -9.423975748398952801e-01
-9.270365255759407397e-01 -9.206595715687106996e-01 -9.122858353279550414e-01 -9.510865037736726535e-01 -9.433859309350195455e-01 -9.389680430947574541e-01 -9.408117113626340844e-01
-9.934405358412187192e-01 -9.683545764076693096e-01 -9.408754863470230045e-01 -9.444650166330926799e-01 -9.412055067813929199e-01 -9.416272718390799046e-01 -9.421009512512723560e-01
-8.827671853990888273e-01 -9.624519977174224028e-01 -9.491501293707336195e-01 -9.426156447196993859e-01 -9.463544379821817731e-01 -9.388717805948741946e-01 -9.421902900843540651e-01
-9.491711956643668069e-01 -9.383673076394514201e-01 -9.120579029587290165e-01 -9.399159295714611950e-01 -9.424085453277952773e-01 -9.392878208555851538e-01 -9.405312586210119452e-01
-9.934405358412187192e-01 -9.565494190271754960e-01 -9.508050579754757647e-01 -9.501618178169759510e-01 -9.396629521264573404e-01 -9.416936096858450345e-01 -9.406817059073039333e-01
-9.713058657527927631e-01 -9.506468403369284781e-01 -9.290630537446021853e-01 -9.473877599468860655e-01 -9.423955155548473517e-01 -9.456377592393562237e-01 -9.423640456475301797e-01
-9.491711956643668069e-01 -9.029518354979699790e-01 -9.458402721612493291e-01 -9.365308432793194582e-01 -9.427741209822244617e-01 -9.407378600609522801e-01 -9.403347885301336362e-01
-9.491711956643668069e-01 -9.206595715687106996e-01 -9.359107005327965689e-01 -9.342934711094295075e-01 -9.401218095910536254e-01 -9.423854603651460327e-01 -9.399339574994804991e-01
-9.491711956643668069e-01 -9.388416829564346644e-01 -9.458402721612493291e-01 -9.399159295714611950e-01 -9.367541157573264776e-01 -9.402435704804779082e-01 -9.404539793208009923e-01
-9.713058657527927631e-01 -9.388416829564346644e-01 -8.969356131468240179e-01 -9.403782725498095463e-01 -9.441040524709297665e-01 -9.417365114200221266e-01 -9.409194363696127272e-01
-9.934405358412187192e-01 -9.447442616466815712e-01 -9.524599865802179099e-01 -9.398415868496093895e-01 -9.384962638055447393e-01 -9.455714213925909828e-01 -9.420576352227769679e-01
-9.934405358412187192e-01 -9.206595715687106996e-01 -9.307179823493443305e-01 -9.317587280521328896e-01 -9.403111123047420694e-01 -9.430852520264461081e-01 -9.416013712609139219e-01
-9.491711956643668069e-01 -9.206595715687106996e-01 -9.576527047636701484e-01 -9.359198148572678289e-01 -9.413118183645081682e-01 -9.426104280675602354e-01 -9.389323077823475971e-01
-9.491711956643668069e-01 -9.506468403369284781e-01 -9.441853435565072949e-01 -9.354574718789194776e-01 -9.473215329098119142e-01 -9.436260269986884719e-01 -9.423938976051158267e-01
-1.015575205929644786e+00 -9.683545764076693096e-01 -9.491501293707336195e-01 -9.450017023332928368e-01 -9.494889272904905031e-01 -9.406141909574815552e-01 -9.415196039370662406e-01
-8.588536078719760658e-01 -9.506468403369284781e-01 -9.590797009991863797e-01 -9.409893009718612866e-01 -9.310736266409620487e-01 -9.423764537750862758e-01 -9.409674574614198539e-01
-9.270365255759407397e-01 -9.742571550979162165e-01 -9.392205577422808593e-01 -9.502361605388277566e-01 -9.455300048631563037e-01 -9.407313715204228544e-01 -9.408200936607252762e-01
-9.934405358412187192e-01 -9.447442616466815712e-01 -9.425304149517651497e-01 -9.559329617227110276e-01 -9.438681088521576612e-01 -9.433386919405086779e-01 -9.412507766489641714e-01
-1.015575205929644786e+00 -9.506468403369284781e-01 -9.541149151849600552e-01 -9.459263882899894282e-01 -9.388151985548900402e-01 -9.406181614484810938e-01 -9.421520558286771152e-01
-9.713058657527927631e-01 -9.329391042661876465e-01 -9.290630537446021853e-01 -9.451503877769962259e-01 -9.404873852454826988e-01 -9.410446607407211284e-01 -9.413188628622267684e-01
-9.049018554875147835e-01 -9.206595715687106996e-01 -9.290630537446021853e-01 -9.384545579145644467e-01 -9.396862725789991710e-01 -9.431631145128009930e-01 -9.417295380988542908e-01
-9.270365255759407397e-01 -9.388416829564346644e-01 -9.222154069564076906e-01 -9.473134172250343710e-01 -9.344310297950951805e-01 -9.389510955226987310e-01 -9.427013358584014346e-01
-9.049018554875147835e-01 -9.447442616466815712e-01 -9.441853435565072949e-01 -9.380665576580679010e-01 -9.423022337446801400e-01 -9.435077808276864930e-01 -9.402264697739732835e-01
-1.015575205929644786e+00 -8.970492568077229611e-01 -9.423024825825392359e-01 -9.533982186654141877e-01 -9.427610912092765361e-01 -9.434699151925697302e-01 -9.414654158740640710e-01
-9.713058657527927631e-01 -9.506468403369284781e-01 -9.541149151849600552e-01 -9.383058724708610576e-01 -9.297539858318506489e-01 -9.423126339778511440e-01 -9.442078643783864411e-01
-9.713058657527927631e-01 -8.911466781174760543e-01 -9.593076333684122936e-01 -9.444650166330926799e-01 -9.414544801731129509e-01 -9.427380676620304989e-01 -9.414069568271006272e-01
-9.270365255759407397e-01 -9.742571550979162165e-01 -9.491501293707336195e-01 -9.384545579145644467e-01 -9.428907232449335041e-01 -9.400420388906519653e-01 -9.393587197866253291e-01
-9.049018554875147835e-01 -9.447442616466815712e-01 -9.359107005327965689e-01 -9.516231894738726993e-01 -9.413118183645081682e-01 -9.403867052055374653e-01 -9.386054555266327704e-01
-9.491711956643668069e-01 -8.606850340322751425e-01 -9.559977761589280032e-01 -9.473877599468860655e-01 -9.475341560760421888e-01 -9.409653458128965919e-01 -9.415455616201972022e-01
-9.934405358412187192e-01 -9.388416829564346644e-01 -9.474952007659914743e-01 -9.361428430228228015e-01 -9.422789132921383093e-01 -9.375075448578609194e-01 -9.413393046931886055e-01
-9.491711956643668069e-01 -9.206595715687106996e-01 -9.493780617399595334e-01 -9.339054708529330728e-01 -9.426314591736195680e-01 -9.415454388617252590e-01 -9.407252389754746646e-01
-8.588536078719760658e-01 -9.860623124784100302e-01 -9.543428475541859690e-01 -9.417653014848544890e-01 -9.325462199382722472e-01 -9.392878208555851538e-01 -9.409776783769008279e-01
-9.270365255759407397e-01 -9.565494190271754960e-01 -9.222154069564076906e-01 -9.370675289795195040e-01 -9.373528959371738578e-01 -9.429576124319756225e-01 -9.391404033267459761e-01
-9.270365255759407397e-01 -8.965748814907399389e-01 -9.474952007659914743e-01 -9.436890161200994775e-01 -9.419963287682826536e-01 -9.405648006827750374e-01 -9.412129764726379078e-01
-9.934405358412187192e-01 -9.206595715687106996e-01 -9.593076333684122936e-01 -9.403782725498095463e-01 -9.516227105390334673e-01 -9.431331898596831964e-01 -9.413162134559798222e-01
-9.270365255759407397e-01 -9.742571550979162165e-01 -9.323729109540863647e-01 -9.445393593549444855e-01 -9.428310525669019171e-01 -9.404620496423623521e-01 -9.411377528294917472e-01
-9.491711956643668069e-01 -9.683545764076693096e-01 -9.590797009991863797e-01 -9.389912436147644925e-01 -9.433495807095297891e-01 -9.412970350467229075e-01 -9.407111237855390051e-01
-9.491711956643668069e-01 -9.801597337881631233e-01 -9.439574111872812701e-01 -9.506985035171761078e-01 -9.323102763195002529e-01 -9.389341479506401189e-01 -9.409259800503142479e-01
-9.934405358412187192e-01 -9.624519977174224028e-01 -9.139407639326970756e-01 -9.388425581710611034e-01 -9.525171050156844288e-01 -9.417729246136695709e-01 -9.401426467930606989e-01
-9.934405358412187192e-01 -9.147569928784637927e-01 -9.493780617399595334e-01 -9.337567854092294617e-01 -9.370703114133180911e-01 -9.419290364197882015e-01 -9.407532523156705295e-01
-9.713058657527927631e-01 -9.565494190271754960e-01 -9.408754863470230045e-01 -9.483124459035827680e-01 -9.422192426141069443e-01 -9.423919489056756804e-01 -9.388209055405898340e-01
-9.934405358412187192e-01 -9.624519977174224028e-01 -9.541149151849600552e-01 -9.431523304198994317e-01 -9.457295982564386527e-01 -9.402450229219472266e-01 -9.404872914734906386e-01
-9.491711956643668069e-01 -9.388416829564346644e-01 -9.304900499801184166e-01 -9.235271838109528897e-01 -9.387555278768586753e-01 -9.401682260436529104e-01 -9.404139064477343712e-01
-9.713058657527927631e-01 -9.147569928784637927e-01 -9.439574111872812701e-01 -9.399159295714611950e-01 -9.412055067813929199e-01 -9.423789718246164959e-01 -9.417321875051011260e-01
-9.713058657527927631e-01 -9.683545764076693096e-01 -9.642724191826387292e-01 -9.332200997090295269e-01 -9.380710174730841899e-01 -9.448236918980538190e-01 -9.409778954165760601e-01
-9.713058657527927631e-01 -9.565494190271754960e-01 -9.290630537446021853e-01 -9.232878689981596221e-01 -9.391677444363712990e-01 -9.441163460881635272e-01 -9.418975607701860486e-01
-9.713058657527927631e-01 -9.329391042661876465e-01 -9.574247723944442345e-01 -9.421533017413510347e-01 -9.445759397084739772e-01 -9.432424294406254184e-01 -9.406804610390961940e-01
-9.270365255759407397e-01 -9.506468403369284781e-01 -9.524599865802179099e-01 -9.469254169685377143e-01 -9.442336845065867346e-01 -9.388249083696977859e-01 -9.414944570427925541e-01
-9.270365255759407397e-01 -9.270365255759407397e-01 -9.104029743539869823e-01 -9.413773012283578323e-01 -9.418070260545940986e-01 -9.394958409859406334e-01 -9.405336909875834372e-01
