(-0.9412240336932628+0j)
-9.089312173433772291e-01 -9.107437816245367301e-01 -9.369065407650980504e-01 -9.500169768762356526e-01 -9.431131929914432499e-01 -9.420440754595925670e-01 -9.401603111771121846e-01
-9.089312173433772291e-01 -9.447442616466815712e-01 -9.519485963552964947e-01 -9.346504893035267880e-01 -9.369763474939789560e-01 -9.406295473654575634e-01 -9.392874179380734656e-01
-8.892559550425540582e-01 -9.589104505032741699e-01 -9.430531215562186764e-01 -9.532796728424530741e-01 -9.455470625485504765e-01 -9.422156659415271696e-01 -9.431639365254269602e-01
-8.695806927417309984e-01 -9.319930649094256836e-01 -9.285544786704468256e-01 -9.292078629893412156e-01 -9.347722609102764313e-01 -9.387508525892980238e-01 -9.396032004803344106e-01
-8.892559550425540582e-01 -9.801597337881631233e-01 -9.331240007050694008e-01 -9.364617681571667518e-01 -9.377328103150557315e-01 -9.419278565687796423e-01 -9.416733070131338978e-01
-9.089312173433772291e-01 -9.589104505032741699e-01 -9.460213515058341072e-01 -9.442077821832726148e-01 -9.416280955687664767e-01 -9.419475716824291522e-01 -9.405308735790953722e-01
-9.482817419450234597e-01 -9.461592537660182822e-01 -9.211826371186087048e-01 -9.396328630408004035e-01 -9.429843780462449088e-01 -9.411012297567624696e-01 -9.420548223187208414e-01
-8.499054304409079386e-01 -9.119835942772089865e-01 -9.162130235370227194e-01 -9.402510399234048633e-01 -9.460727726701351203e-01 -9.434818389976766806e-01 -9.422982316984991336e-01
-9.089312173433772291e-01 -9.589104505032741699e-01 -9.303044997520557580e-01 -9.452263736326180776e-01 -9.430676293531228271e-01 -9.395739810885959109e-01 -9.417421166475179461e-01
-8.499054304409079386e-01 -9.376611672183852164e-01 -9.305441119368221825e-01 -9.351444630657543833e-01 -9.442268839092886612e-01 -9.423223980888618678e-01 -9.399826802472754927e-01
-9.089312173433772291e-01 -9.249099704811294398e-01 -9.448234188809359058e-01 -9.330085190670168727e-01 -9.366578817843378424e-01 -9.377998432935555906e-01 -9.409417477436989863e-01
-8.892559550425540582e-01 -9.461592537660183933e-01 -9.371484861756922413e-01 -9.337011001165086421e-01 -9.434776618804453507e-01 -9.455276403229936344e-01 -9.418487875929711928e-01
-8.302301681400847677e-01 -9.234949783617926178e-01 -9.479276748728822088e-01 -9.382131583373155559e-01 -9.391289574009634711e-01 -9.400517189468657886e-01 -9.415944403503939686e-01
-8.892559550425540582e-01 -9.589104505032741699e-01 -9.390286360855957248e-01 -9.457885091739993699e-01 -9.398356519299477796e-01 -9.393040991267364026e-01 -9.407400700718211439e-01
-9.089312173433772291e-01 -9.730766393598668795e-01 -9.361830377591433550e-01 -9.495086995862114243e-01 -9.426658655557766942e-01 -9.407409059423024189e-01 -9.418127308275643372e-01
-9.286064796442002889e-01 -9.603254426226108809e-01 -9.322906451139285622e-01 -9.432231769723826709e-01 -9.431975406172725673e-01 -9.404661725985389298e-01 -9.409543335429162436e-01
-9.089312173433772291e-01 -9.730766393598668795e-01 -9.331240007050694008e-01 -9.421626107052891719e-01 -9.448299427723938493e-01 -9.416435167088565983e-01 -9.403815276889684327e-01
-8.499054304409079386e-01 -8.898489241887830303e-01 -9.213867290021977574e-01 -9.432260280636468597e-01 -9.464327388963545973e-01 -9.440393640027606725e-01 -9.437174142661113319e-01
-8.695806927417309984e-01 -9.659935449315705247e-01 -9.603299505828808424e-01 -9.539109042116820092e-01 -9.451918075092172744e-01 -9.439880200735892846e-01 -9.436785793106654552e-01
-8.302301681400847677e-01 -9.249099704811294398e-01 -9.310672483981404790e-01 -9.409245260755620954e-01 -9.353213960568618202e-01 -9.391189983036475342e-01 -9.396064678818799587e-01
-9.286064796442002889e-01 -9.341182643656349427e-01 -9.456553713761240987e-01 -9.429310076984085409e-01 -9.428755699589161932e-01 -9.410165754360546586e-01 -9.398112773249502894e-01
-8.695806927417309984e-01 -9.376611672183852164e-01 -9.317709965571128183e-01 -9.401260430928979339e-01 -9.470074260014271772e-01 -9.442153870015446149e-01 -9.424913357321783591e-01
-8.892559550425540582e-01 -9.730766393598668795e-01 -9.541611295515385338e-01 -9.409559260528606028e-01 -9.441705971226251881e-01 -9.435688156502368695e-01 -9.423646092012070152e-01
-9.286064796442002889e-01 -9.801597337881631233e-01 -9.322906451139285622e-01 -9.369153436969286375e-01 -9.397212946838888747e-01 -9.410961924784382315e-01 -9.418879311480334859e-01
-9.089312173433772291e-01 -9.319930649094256836e-01 -9.420420849730833934e-01 -9.482508586634139647e-01 -9.425662058753715433e-01 -9.393705315336691175e-01 -9.411212993096966795e-01
-8.892559550425540582e-01 -9.589104505032741699e-01 -9.408858072978488751e-01 -9.411130467800614685e-01 -9.397707887282620298e-01 -9.422015825972235303e-01 -9.390385398811702533e-01
-8.695806927417309984e-01 -9.376611672183852164e-01 -9.379795085410053135e-01 -9.428578917518849467e-01 -9.404813436494923184e-01 -9.419268897807817620e-01 -9.413992203198494613e-01
-7.743442893741345756e-01 -9.193618176400176756e-01 -9.227589659854760207e-01 -9.321043152213278615e-01 -9.386517184547127357e-01 -9.401693666983497177e-01 -9.398011572739760622e-01
-8.499054304409079386e-01 -9.234949783617926178e-01 -9.249270862171822261e-01 -9.286729768148196396e-01 -9.377226354675067821e-01 -9.382987801683557727e-01 -9.397266801945753922e-01
-8.892559550425540582e-01 -9.518273560749779261e-01 -9.440999158749812104e-01 -9.443659451847412623e-01 -9.466008577263488322e-01 -9.433484862254689629e-01 -9.413519203979958672e-01
-9.286064796442002889e-01 -9.730766393598668795e-01 -9.452788030191519031e-01 -9.513196243102677307e-01 -9.504757821023225306e-01 -9.430310031626771838e-01 -9.403621059368664215e-01
-9.089312173433772291e-01 -9.730766393598668795e-01 -9.450653642915300967e-01 -9.431107637157252199e-01 -9.440685264240264996e-01 -9.428164514852915845e-01 -9.419647426506181365e-01
-8.499054304409079386e-01 -9.376611672183852164e-01 -9.538965746720082794e-01 -9.453695518610640836e-01 -9.391543028114281988e-01 -9.429343109314174409e-01 -9.421819619521891731e-01
-9.482817419450234597e-01 -9.659935449315705247e-01 -9.593645021663319561e-01 -9.530191183599110438e-01 -9.398271496574068795e-01 -9.405653770475079778e-01 -9.425892943166032101e-01
-9.089312173433772291e-01 -9.589104505032741699e-01 -9.539382296216719626e-01 -9.455366877793731639e-01 -9.416384073625839735e-01 -9.408495730944026469e-01 -9.404861147937249033e-01
-7.153185024716652851e-01 -9.267400410028263646e-01 -9.306758441013138761e-01 -9.493635717566366594e-01 -9.364331664969958169e-01 -9.416749475972499006e-01 -9.405794439011713193e-01
-8.892559550425540582e-01 -9.730766393598668795e-01 -9.442320087003892581e-01 -9.422897466934697652e-01 -9.432432096235361385e-01 -9.423605704537706407e-01 -9.424864583648915328e-01
-7.349937647724883449e-01 -9.046053709144002974e-01 -9.046928650126455640e-01 -9.319583578071244379e-01 -9.362561823867991961e-01 -9.431396684456976320e-01 -9.417988848820117997e-01
-8.302301681400847677e-01 -8.703097619577431221e-01 -9.121422796127145460e-01 -9.414954187100270655e-01 -9.445645348465665503e-01 -9.415623605421752362e-01 -9.418505721964010036e-01
-9.089312173433772291e-01 -9.390761593377219274e-01 -9.462442514357007894e-01 -9.485084070604161699e-01 -9.440853023995068316e-01 -9.422062962133248565e-01 -9.407518572180058047e-01
-9.286064796442002889e-01 -9.488747110912523208e-01 -9.451043090821000803e-01 -9.502933077133448592e-01 -9.470424381735638164e-01 -9.453287489567506752e-01 -9.420202025776531762e-01
-8.892559550425540582e-01 -9.447442616466815712e-01 -9.261250188420804275e-01 -9.443898480452703748e-01 -9.444931158118814452e-01 -9.427876396570201711e-01 -9.417796456755982426e-01
-8.499054304409079386e-01 -9.036606871962403753e-01 -9.230670603829753684e-01 -9.291660649625821389e-01 -9.415988151702654463e-01 -9.383279442737695319e-01 -9.409080211196473309e-01
-9.089312173433772291e-01 -9.801597337881631233e-01 -9.572201666056125990e-01 -9.440668909684001298e-01 -9.403605458548827123e-01 -9.407499703821112780e-01 -9.404272815647682915e-01
-9.089312173433772291e-01 -9.589104505032741699e-01 -9.428754405642242320e-01 -9.340728220032133988e-01 -9.366810562450172961e-01 -9.388962830520286573e-01 -9.409176783946455735e-01
-8.302301681400847677e-01 -9.267400410028263646e-01 -9.426634661414599048e-01 -9.405725732018846985e-01 -9.373659425812838064e-01 -9.397334618723871547e-01 -9.422570329396993127e-01
-9.089312173433772291e-01 -9.589104505032741699e-01 -9.379795085410053135e-01 -9.420354194964937200e-01 -9.402962193243260547e-01 -9.402372949198776197e-01 -9.415531697958947621e-01
-8.499054304409079386e-01 -9.518273560749779261e-01 -9.468130521473112626e-01 -9.488731207725398242e-01 -9.449526992234715816e-01 -9.400477623999971000e-01 -9.412517918480118873e-01
-9.089312173433772291e-01 -9.193618176400176756e-01 -9.412180150240032628e-01 -9.394520654939713111e-01 -9.391856818187374056e-01 -9.408353345271456281e-01 -9.403871540697470444e-01
-8.499054304409079386e-01 -9.305780727900889726e-01 -9.201561190429543569e-01 -9.459343574208654015e-01 -9.343056316871628519e-01 -9.408286044624670774e-01 -9.400063806228079466e-01
