(-0.9360549199556063+0j)
-8.784215349705365439e-01 -9.547627823419079229e-01 -9.489740464643831031e-01 -9.416905066941080316e-01 -9.369612486215470604e-01 -9.361994196075871244e-01 -9.353324440572069465e-01
-8.422419357360061420e-01 -9.287134708930461224e-01 -9.299067270340439784e-01 -9.282046766314417940e-01 -9.367459295403720576e-01 -9.346741957877156004e-01 -9.358106634461180739e-01
-8.904814013820466778e-01 -9.504212304337642525e-01 -9.489740464643831031e-01 -9.450944915787652389e-01 -9.380043055335827162e-01 -9.354549359116431928e-01 -9.349985710565258401e-01
-8.904814013820466778e-01 -9.504212304337642525e-01 -9.439837569147926377e-01 -9.365816447000522293e-01 -9.332186967445179615e-01 -9.363585179646177759e-01 -9.358154765152901788e-01
-8.543018021475162760e-01 -9.460796785256206931e-01 -9.448775956828151523e-01 -9.424313858593201809e-01 -9.403658854922058996e-01 -9.372333173679997520e-01 -9.365706348832225636e-01
-9.025412677935568118e-01 -9.634458861581952638e-01 -9.539643360139734574e-01 -9.446433345891099842e-01 -9.421224205119707040e-01 -9.389188331654956254e-01 -9.357264692300000242e-01
-8.784215349705365439e-01 -9.373965747093333523e-01 -9.489740464643831031e-01 -9.404185647978453577e-01 -9.386284893128638007e-01 -9.370109905747646684e-01 -9.364332156032695309e-01
-9.025412677935568118e-01 -9.460796785256206931e-01 -9.411348785206223866e-01 -9.378875950250000759e-01 -9.345669867026067390e-01 -9.341407449007024244e-01 -9.363678508440116399e-01
-8.784215349705365439e-01 -9.504212304337642525e-01 -9.402998939197385608e-01 -9.350399065844701152e-01 -9.411038994266623936e-01 -9.381594208409147484e-01 -9.361677722124783774e-01
-8.543018021475162760e-01 -9.417381266174770227e-01 -9.328144595953529183e-01 -9.270593478216273553e-01 -9.326750339331906225e-01 -9.366917032730863735e-01 -9.368532153706194965e-01
-8.663616685590264099e-01 -9.330550228011897929e-01 -9.452313293021903373e-01 -9.395446967239863278e-01 -9.331943197852514693e-01 -9.366737109177365461e-01 -9.364078484542320835e-01
-8.904814013820466778e-01 -9.460796785256206931e-01 -9.327556054282143405e-01 -9.276204579611706524e-01 -9.341838225031209308e-01 -9.345879105385617169e-01 -9.363768182799129258e-01
-8.904814013820466778e-01 -9.460796785256206931e-01 -9.439837569147926377e-01 -9.388794498614745354e-01 -9.358534253471624265e-01 -9.363908254465844738e-01 -9.356410167228775832e-01
-8.663616685590264099e-01 -9.135171220199383990e-01 -9.242089702457033651e-01 -9.307798063448025072e-01 -9.317896399873950575e-01 -9.361834827927908442e-01 -9.352899001824391823e-01
-8.784215349705365439e-01 -9.135171220199383990e-01 -9.283054210272712048e-01 -9.369955924926761659e-01 -9.366045110623835157e-01 -9.382276093092358771e-01 -9.361781080820146261e-01
-8.422419357360061420e-01 -9.287134708930461224e-01 -9.340031778156119291e-01 -9.449801946008310471e-01 -9.381772745341379061e-01 -9.352970508204045963e-01 -9.355051504522462480e-01
-8.301820693244960081e-01 -9.373965747093333523e-01 -9.315080330408167519e-01 -9.295611405283232820e-01 -9.348829742506512552e-01 -9.356765689664654495e-01 -9.359814671936528274e-01
-9.025412677935568118e-01 -9.460796785256206931e-01 -9.377458949778046948e-01 -9.398413320945016025e-01 -9.377551780180830576e-01 -9.379214614443318609e-01 -9.367124685044223575e-01
-8.904814013820466778e-01 -9.417381266174770227e-01 -9.299067270340439784e-01 -9.350815292269494261e-01 -9.377182494395107648e-01 -9.370656941739117229e-01 -9.357286005380088811e-01
-8.904814013820466778e-01 -9.591043342500515934e-01 -9.427361845273950491e-01 -9.381481479982294314e-01 -9.363931903785273070e-01 -9.368045160875259070e-01 -9.375968814072699331e-01
-9.025412677935568118e-01 -9.547627823419079229e-01 -9.439837569147926377e-01 -9.410802462378640154e-01 -9.374459005490898278e-01 -9.363939792214450719e-01 -9.373975672896732725e-01
-8.784215349705365439e-01 -9.460796785256206931e-01 -9.439837569147926377e-01 -9.406372462154931613e-01 -9.342363181320761933e-01 -9.378288892106934060e-01 -9.355186996721782666e-01
-8.904814013820466778e-01 -9.417381266174770227e-01 -9.377458949778046948e-01 -9.296434538846095608e-01 -9.340040325286400602e-01 -9.341220935597815966e-01 -9.344601541262558264e-01
-8.904814013820466778e-01 -9.504212304337642525e-01 -9.439837569147926377e-01 -9.375326965687397207e-01 -9.358706189067098613e-01 -9.347424105010347928e-01 -9.365296298107866901e-01
-8.422419357360061420e-01 -9.243719189849024520e-01 -9.389934673652022834e-01 -9.414562076624027886e-01 -9.372429720078701010e-01 -9.340538266115181454e-01 -9.354692086461111611e-01
-8.904814013820466778e-01 -9.352248815606566401e-01 -9.386397337458272094e-01 -9.422020661177069600e-01 -9.406706689007052757e-01 -9.365218867589670815e-01 -9.360698667405566997e-01
-8.904814013820466778e-01 -9.547627823419079229e-01 -9.427361845273950491e-01 -9.389658540748070381e-01 -9.390309909258911514e-01 -9.367479557517541799e-01 -9.370406500369734548e-01
-9.025412677935568118e-01 -9.460796785256206931e-01 -9.353096043701480955e-01 -9.350069494050743391e-01 -9.405342282423895250e-01 -9.371090218144977335e-01 -9.353480415461419284e-01
-8.904814013820466778e-01 -9.460796785256206931e-01 -9.389934673652022834e-01 -9.352960668337366723e-01 -9.372348070430089884e-01 -9.367067986988958372e-01 -9.364762298006215069e-01
-8.663616685590264099e-01 -9.417381266174770227e-01 -9.340620319827505069e-01 -9.379500745573086107e-01 -9.383081985463666008e-01 -9.361090916230363490e-01 -9.357929908571770428e-01
-8.543018021475162760e-01 -9.373965747093333523e-01 -9.502216188517806916e-01 -9.438947135441089209e-01 -9.405530351182742610e-01 -9.375648019663795907e-01 -9.361923595052893399e-01
-8.784215349705365439e-01 -9.417381266174770227e-01 -9.364983225904071062e-01 -9.365074102617448881e-01 -9.406658997395281885e-01 -9.362283659937946645e-01 -9.358037047456430058e-01
-8.784215349705365439e-01 -9.460796785256206931e-01 -9.348970165836343327e-01 -9.369830534979290970e-01 -9.386610936249323300e-01 -9.373290376431228088e-01 -9.364742018964036241e-01
-8.663616685590264099e-01 -9.243719189849024520e-01 -9.352507502030095177e-01 -9.313503233670504811e-01 -9.364796991969204232e-01 -9.363578503811603726e-01 -9.358998057085747835e-01
-8.784215349705365439e-01 -9.460796785256206931e-01 -9.464789016895879259e-01 -9.437886967369585323e-01 -9.376982356211083225e-01 -9.359686432566756142e-01 -9.354551893898644943e-01
-8.663616685590264099e-01 -9.243719189849024520e-01 -9.377458949778046948e-01 -9.329505317095665440e-01 -9.365202474867180271e-01 -9.361165710266297069e-01 -9.365915063170622279e-01
-9.025412677935568118e-01 -9.634458861581952638e-01 -9.452901834693289151e-01 -9.380034232453189347e-01 -9.365750271727217857e-01 -9.357846108429911380e-01 -9.365630320339503045e-01
-8.422419357360061420e-01 -9.417381266174770227e-01 -9.464789016895879259e-01 -9.383738628279252314e-01 -9.358249082222616089e-01 -9.351928536155702520e-01 -9.362097320835636172e-01
-8.543018021475162760e-01 -9.113472632604715518e-01 -9.389934673652022834e-01 -9.458127222594241434e-01 -9.384139762499331683e-01 -9.374688382275961906e-01 -9.361157307881132761e-01
-8.784215349705365439e-01 -9.417381266174770227e-01 -9.402410397525998720e-01 -9.460373906823594803e-01 -9.388353333694361424e-01 -9.377656171350361447e-01 -9.363264652564420309e-01
-8.904814013820466778e-01 -9.504212304337642525e-01 -9.245627038650784391e-01 -9.290421853295289800e-01 -9.357038774758104083e-01 -9.364604639283572451e-01 -9.362543626068057234e-01
-8.663616685590264099e-01 -9.330550228011897929e-01 -9.464789016895879259e-01 -9.349957353730298237e-01 -9.397134640821460660e-01 -9.377141905849001313e-01 -9.366034523801302081e-01
-8.301820693244960081e-01 -9.200303670767587816e-01 -9.340031778156119291e-01 -9.355958277307760973e-01 -9.349619280372655217e-01 -9.367913390388173944e-01 -9.353889387391667309e-01
-8.663616685590264099e-01 -9.048340182036511692e-01 -9.348970165836343327e-01 -9.298522050871993461e-01 -9.373117230871892414e-01 -9.362632845452807384e-01 -9.351426460868894619e-01
-9.025412677935568118e-01 -9.547627823419079229e-01 -9.552119084013710459e-01 -9.468680013451638011e-01 -9.349620557554685352e-01 -9.348650877916910851e-01 -9.361005136024164175e-01
-8.663616685590264099e-01 -9.373965747093333523e-01 -9.236688650970560355e-01 -9.318401692755988730e-01 -9.359118908618923038e-01 -9.365008937623542362e-01 -9.360275373517583652e-01
-8.904814013820466778e-01 -9.547627823419079229e-01 -9.402998939197385608e-01 -9.425339557907951304e-01 -9.344221208904597287e-01 -9.363345909185938343e-01 -9.373048035826218038e-01
-8.663616685590264099e-01 -9.373965747093333523e-01 -9.439837569147926377e-01 -9.404407313983043082e-01 -9.347463585164152988e-01 -9.350636619386550885e-01 -9.370179601120871560e-01
-8.784215349705365439e-01 -9.019390388018186933e-01 -9.329512157583268461e-01 -9.409288893227462092e-01 -9.380448062367713336e-01 -9.362112392339883016e-01 -9.364682791078420276e-01
-8.663616685590264099e-01 -8.809545655142561049e-01 -9.270578486398736162e-01 -9.311561108123547204e-01 -9.325884386543098481e-01 -9.380515609737872795e-01 -9.371175742000867892e-01
