(-0.9360549199556063+0j)
-8.130375376530514231e-01 -9.591043342500515934e-01 -9.461660676808000270e-01 -9.386871300851288291e-01 -9.371735924586481747e-01 -9.369401939818231551e-01 -9.356726233417698158e-01
-8.835900491468979823e-01 -9.399291466557504471e-01 -9.423093834474959296e-01 -9.371224873089598617e-01 -9.348425038223204808e-01 -9.358897078115129275e-01 -9.360288247364696446e-01
-9.308842468471179021e-01 -9.238056296055793259e-01 -9.184548354894435107e-01 -9.366526002501456283e-01 -9.385391916651414368e-01 -9.369543783251987890e-01 -9.360764043278105850e-01
-9.417381266174770227e-01 -9.369141800528729691e-01 -9.441206855914582308e-01 -9.398804046650767186e-01 -9.377785586780010840e-01 -9.364700306556736908e-01 -9.364954890572129154e-01
-9.037495474212201563e-01 -9.213072941085657108e-01 -9.375024662192881220e-01 -9.359609820220358145e-01 -9.372058411840651360e-01 -9.361974248855612357e-01 -9.354307738928739901e-01
-8.494778555829122224e-01 -9.308842468471179021e-01 -9.410224861930577278e-01 -9.392459256556647818e-01 -9.362054331027371834e-01 -9.374724408782963980e-01 -9.362309934383528098e-01
-7.897792238594247838e-01 -9.238056296055793259e-01 -9.417381266174770227e-01 -9.376015933191758078e-01 -9.337125752265081902e-01 -9.360739794300398930e-01 -9.356566471200884472e-01
-9.200303670767587816e-01 -9.426819422496821588e-01 -9.392333851320094906e-01 -9.351655032275828505e-01 -9.357854781405731126e-01 -9.339935309426875554e-01 -9.344881896757163409e-01
-8.680845066178135561e-01 -9.267096777046720524e-01 -9.302604606534191634e-01 -9.368309725317585102e-01 -9.393812475493998893e-01 -9.358985914022319719e-01 -9.355440328425126406e-01
-7.820264525948825707e-01 -9.404611995856700934e-01 -9.333142199300341613e-01 -9.313517004806153299e-01 -9.349957271086185573e-01 -9.371228661336521437e-01 -9.362480136488021687e-01
-9.127944472298527012e-01 -9.399291466557504471e-01 -9.347606324793890087e-01 -9.369552930079756425e-01 -9.380860544292088932e-01 -9.359889800703092844e-01 -9.363595618233939710e-01
-8.680845066178135561e-01 -9.334685039352986768e-01 -9.330945028187714874e-01 -9.343636388307863250e-01 -9.380830096271036700e-01 -9.350246043189687217e-01 -9.367910768658888054e-01
-7.789253440890656632e-01 -9.078701022702100332e-01 -9.220383603946085138e-01 -9.333343483342371183e-01 -9.369435111033946884e-01 -9.388296401208491293e-01 -9.360676033263670703e-01
-8.680845066178135561e-01 -9.083668473397917831e-01 -9.163178580593946965e-01 -9.334085156802494065e-01 -9.369720320639185474e-01 -9.358633750207646651e-01 -9.362314420726337572e-01
-9.580189462730156480e-01 -9.373965747093333523e-01 -9.354611840996789329e-01 -9.385640022697608886e-01 -9.346253031721488691e-01 -9.371187532421610955e-01 -9.367673415827284522e-01
-8.525789640887291299e-01 -9.357935709858239415e-01 -9.291216081652488024e-01 -9.298808424603447476e-01 -9.327794542945935241e-01 -9.342675846514114646e-01 -9.363982409698241582e-01
-8.543018021475162760e-01 -9.192550899503045825e-01 -9.415021727094257109e-01 -9.387188991760276879e-01 -9.373417022011294453e-01 -9.378071706878458036e-01 -9.357238675598221755e-01
-8.169139232853225296e-01 -9.475825234169011901e-01 -9.466841984115647035e-01 -9.406758742933322148e-01 -9.378236073213458424e-01 -9.344609269660721917e-01 -9.358650620174931989e-01
-8.657594395672882914e-01 -9.288161860375697687e-01 -9.350188398085392816e-01 -9.411308490337462196e-01 -9.359750578021394096e-01 -9.336142451727629243e-01 -9.349486238491910850e-01
-9.146011342050669457e-01 -9.354066967514341746e-01 -9.442919806810908812e-01 -9.397507319275095750e-01 -9.391557109722090679e-01 -9.354398724156141043e-01 -9.362196308419520330e-01
-8.467643856403224145e-01 -9.308842468471179021e-01 -9.393842731733027529e-01 -9.394122952381143143e-01 -9.369374893461585030e-01 -9.382599475740653894e-01 -9.366850972425442290e-01
-9.308842468471179021e-01 -9.354066967514341746e-01 -9.430948615887718711e-01 -9.438930232014588473e-01 -9.378136029299419807e-01 -9.351259173460920726e-01 -9.359572488774758892e-01
-9.308842468471179021e-01 -9.468458347447048506e-01 -9.209483136907944401e-01 -9.358237264242440512e-01 -9.398440621610812951e-01 -9.365597445481115280e-01 -9.354435479214573412e-01
-8.874664347791690888e-01 -9.254573069619383974e-01 -9.165488942674886452e-01 -9.309867024954971981e-01 -9.323740952324441889e-01 -9.331026000201618764e-01 -9.349668933398367354e-01
-8.467643856403224145e-01 -9.288742691118662131e-01 -9.342849457362427668e-01 -9.372161758403008136e-01 -9.355283141861915341e-01 -9.369622450837249428e-01 -9.347462656022131888e-01
-9.127944472298527012e-01 -9.200303670767587816e-01 -9.471650665026565274e-01 -9.412176723000895695e-01 -9.418855239817570668e-01 -9.374807911620819389e-01 -9.362276138330197783e-01
-8.603317353532713430e-01 -9.363111867322974069e-01 -9.436141058370453027e-01 -9.290337186605703845e-01 -9.366603355211726711e-01 -9.380651376435468203e-01 -9.362338843824096202e-01
-8.603317353532713430e-01 -9.417381266174770227e-01 -9.427970417170242756e-01 -9.318152525442369161e-01 -9.367613384753926686e-01 -9.366136035390911774e-01 -9.358676530192453491e-01
-8.525789640887291299e-01 -9.276919292676005790e-01 -9.289374360234854411e-01 -9.363600974788535147e-01 -9.346569977379980410e-01 -9.343092966566821644e-01 -9.356787947187656940e-01
-8.835900491468979823e-01 -9.504212304337642525e-01 -9.522261452719813501e-01 -9.423469124357261029e-01 -9.381058665112429473e-01 -9.377546366038400638e-01 -9.379492760365224502e-01
-8.603317353532713430e-01 -9.269037266024821031e-01 -9.167991176029445244e-01 -9.234214682554051645e-01 -9.349094232802130922e-01 -9.359751077062571367e-01 -9.366657622365295310e-01
-9.580189462730156480e-01 -9.394530992974013950e-01 -9.417223014371670642e-01 -9.366542075496426811e-01 -9.369716694610830121e-01 -9.367388955147324392e-01 -9.368910983582664498e-01
-8.422419357360061420e-01 -9.426819422496821588e-01 -9.442753972131453510e-01 -9.330987329503731553e-01 -9.363246130077392815e-01 -9.370854147565317316e-01 -9.365602044681502480e-01
-9.019390388018186933e-01 -9.365080714035469711e-01 -9.347371907266743829e-01 -9.394754890735541597e-01 -9.395959520186976111e-01 -9.371409592792557808e-01 -9.369293872321750039e-01
-8.525789640887291299e-01 -9.334685039352986768e-01 -9.213819139432162242e-01 -9.389592963936681524e-01 -9.339066764416050770e-01 -9.347403179924321792e-01 -9.365839700872342632e-01
-8.033465735723737122e-01 -9.434079542744553404e-01 -9.412503117963372246e-01 -9.416141067518042362e-01 -9.351516642173345328e-01 -9.360485066308603663e-01 -9.359386506246069048e-01
-8.525789640887291299e-01 -9.276919292676005790e-01 -9.353016289577242848e-01 -9.354894766587169563e-01 -9.316075398717345024e-01 -9.341871906313242713e-01 -9.358804477099902375e-01
-9.634458861581952638e-01 -9.215802661906637994e-01 -9.247887462318788998e-01 -9.346176629114046897e-01 -9.364250321768010643e-01 -9.363833192992173649e-01 -9.361318972716706766e-01
-8.603317353532713430e-01 -9.525920063878361432e-01 -9.380436933851531434e-01 -9.366199685204676939e-01 -9.375952119797603679e-01 -9.385839598832812491e-01 -9.359390488525373142e-01
-9.417381266174770227e-01 -9.308842468471179021e-01 -9.287548083910008856e-01 -9.339823809836029778e-01 -9.350686239312852033e-01 -9.378088722956190448e-01 -9.353444511989408294e-01
-8.983226075360405405e-01 -9.460796785256206931e-01 -9.380249572223541277e-01 -9.381201666940239825e-01 -9.376523770530446056e-01 -9.363420060190280614e-01 -9.363465029275290785e-01
-8.365550414843336835e-01 -9.147823773879815157e-01 -9.343724773642553272e-01 -9.355506390401227002e-01 -9.351202178035838974e-01 -9.370580023174650552e-01 -9.359992486693018421e-01
-7.333372146643475364e-01 -9.170264835246471069e-01 -9.369487964856935136e-01 -9.395035356839980256e-01 -9.387577225200929298e-01 -9.376748138958923562e-01 -9.357668023676821711e-01
-9.127944472298527012e-01 -9.444515965600668306e-01 -9.441206855914582308e-01 -9.408590463095832801e-01 -9.389528671876122834e-01 -9.360716100125661132e-01 -9.358818986983553634e-01
-8.494778555829122224e-01 -9.308842468471179021e-01 -9.297044773068614543e-01 -9.359593081721101493e-01 -9.376920313935536155e-01 -9.375138276234301626e-01 -9.362405303368666054e-01
-7.590273288389113304e-01 -8.998069580994847438e-01 -9.176957103821009598e-01 -9.354436583729339727e-01 -9.366773271987807181e-01 -9.372749190125325702e-01 -9.366316381351811327e-01
-9.489740464643831031e-01 -9.328942245823695911e-01 -9.335315345959860345e-01 -9.274498770076931020e-01 -9.308712932044205246e-01 -9.350904565430112614e-01 -9.360435472875152652e-01
-9.851536456989135049e-01 -9.471650665026565274e-01 -9.394141296757738679e-01 -9.332025815997260221e-01 -9.336105685946256560e-01 -9.349617423598641786e-01 -9.362025377231641965e-01
-9.308842468471179021e-01 -9.363111867322974069e-01 -9.420164312269734275e-01 -9.407697507271847170e-01 -9.406951113970924983e-01 -9.368407575487327499e-01 -9.363158100371378190e-01
-8.784215349705365439e-01 -9.517570925593469289e-01 -9.402524492709997128e-01 -9.355377110702112198e-01 -9.372683704068592858e-01 -9.350278246689576189e-01 -9.350369429258905685e-01
