(-0.9360549199556063+0j)
-4.671232557441341582e-01 -7.222643459313426995e-01 -8.734513301082628134e-01 -9.357288473015340502e-01 -9.430586426259119914e-01 -9.310791122892901894e-01 -9.343541592928158446e-01
-4.943380624748264784e-01 -7.176239836730353705e-01 -8.689200997990236264e-01 -9.337743256206093578e-01 -9.388723194861569032e-01 -9.395354994455485942e-01 -9.392209074203701213e-01
-4.339910044880340712e-01 -7.146368839732669676e-01 -8.799554153893414110e-01 -9.423781982532752899e-01 -9.356343148812508170e-01 -9.374135263746260494e-01 -9.368566967372464749e-01
-5.512832696202822902e-01 -7.100975894469520044e-01 -8.906103424020707093e-01 -9.478152750018764561e-01 -9.348150120021705423e-01 -9.374001098239456153e-01 -9.371226473376124133e-01
-4.339910044880340712e-01 -7.106547067742419177e-01 -8.683462267641158805e-01 -9.454972611380377812e-01 -9.339660360928151439e-01 -9.383096869483001923e-01 -9.368574978814145915e-01
-5.269385594365671999e-01 -7.404720579025989569e-01 -8.721597314838877013e-01 -9.470574253993042646e-01 -9.191871194943285195e-01 -9.345454117719305120e-01 -9.372826462449164175e-01
-4.841325099508168583e-01 -7.262970569963639322e-01 -8.620062500920656623e-01 -9.350391849062016369e-01 -9.397650776328529965e-01 -9.351908921439817668e-01 -9.347621934564707136e-01
-3.838494990252513395e-01 -6.928686883703082389e-01 -8.805247305139952685e-01 -9.113182201202828514e-01 -9.430426595256254929e-01 -9.319341290259522959e-01 -9.375126624626425320e-01
-4.943380624748264784e-01 -7.325413927485462384e-01 -8.733834606045162152e-01 -8.778866953141198914e-01 -9.366750389046383241e-01 -9.392320041159027966e-01 -9.357682205411876897e-01
-4.540476066731471971e-01 -7.050186446160118248e-01 -8.823663984286247430e-01 -9.409167576859464033e-01 -9.353461133839316988e-01 -9.367724544203378523e-01 -9.326250390310846239e-01
-4.640759077657037324e-01 -7.355784039136447072e-01 -8.810124984308264073e-01 -9.534943508095699016e-01 -9.431283906194241062e-01 -9.321768685557212386e-01 -9.340056464571843131e-01
-4.968536561588975942e-01 -7.287270393688423109e-01 -8.698981711161443142e-01 -9.445099180113463166e-01 -9.403477523546349692e-01 -9.326698257719078233e-01 -9.362072446620042232e-01
-4.991749615896516890e-01 -7.263987471290223041e-01 -8.625360613411942046e-01 -9.404884486875771943e-01 -9.280546307852683974e-01 -9.312230752189243344e-01 -9.359409400321754280e-01
-5.371441119605768755e-01 -7.145189716192759111e-01 -8.731433729179887138e-01 -9.217494962449952478e-01 -9.435496001690053536e-01 -9.359741934928950124e-01 -9.364947512458280388e-01
-5.269385594365671999e-01 -7.264829702390158683e-01 -8.688760360265874727e-01 -9.401248354371875005e-01 -9.379716481847149012e-01 -9.347276725089637139e-01 -9.361966905446582610e-01
-4.218186493961765815e-01 -7.282547675522120789e-01 -8.819419440919430420e-01 -9.401146190428042448e-01 -9.383152402094013800e-01 -9.396080761626623978e-01 -9.361934460286709392e-01
-5.113473166815092341e-01 -7.247617067918159517e-01 -8.391946026339716092e-01 -9.061409470810565248e-01 -9.355517788215264030e-01 -9.417928735359980541e-01 -9.337209548187044295e-01
-4.116130968721669614e-01 -6.954166274800892555e-01 -8.882682410732603007e-01 -9.519253224067856234e-01 -9.319233739335150979e-01 -9.346176880744818671e-01 -9.396328841475445337e-01
-4.510002586947168268e-01 -7.267699512136602813e-01 -8.693344261084708924e-01 -9.369323495639128030e-01 -9.398515334094448281e-01 -9.400419656465937024e-01 -9.369929161991130684e-01
-5.161842157963343336e-01 -7.212181121654237526e-01 -8.645170179401583388e-01 -9.428827269466442118e-01 -9.319057050482704163e-01 -9.360739245951912313e-01 -9.367548472832063489e-01
-5.342740154135996455e-01 -7.223317244193375730e-01 -8.698844934120683048e-01 -9.497218764966235405e-01 -9.413474007415589817e-01 -9.409783635705216698e-01 -9.362578429714980555e-01
-4.810851619723864880e-01 -7.469515959620972589e-01 -8.681628703340310560e-01 -9.354144878713158695e-01 -9.284262590994816211e-01 -9.349907408459923186e-01 -9.341355416044045956e-01
-4.388279036028592817e-01 -7.096084730083229708e-01 -8.733267293480735383e-01 -9.448307919087545192e-01 -9.425357709228306957e-01 -9.440657987419734942e-01 -9.354445061121280380e-01
-4.266555485110017365e-01 -7.193452471202352871e-01 -8.646142652788526561e-01 -9.428702977789182871e-01 -9.413875475108832713e-01 -9.325393735024248842e-01 -9.351873463950242105e-01
-4.932575170642440332e-01 -7.658511822366332877e-01 -8.754378607975212834e-01 -9.484725355060863450e-01 -9.330736326177058171e-01 -9.342749383541462116e-01 -9.376021163919366908e-01
-4.792956108359916478e-01 -7.165945945291151142e-01 -8.959540101560132808e-01 -9.453348996513206703e-01 -9.341738182995186213e-01 -9.365480692046541655e-01 -9.395124654883739712e-01
-4.388279036028592817e-01 -7.309885755213334502e-01 -8.723760134391047583e-01 -9.362615022735353287e-01 -9.357123141789269738e-01 -9.296261461742097998e-01 -9.365930833746587414e-01
-4.538703552416941123e-01 -7.258416298017323909e-01 -8.740829485929966225e-01 -9.398857122371921946e-01 -9.288529673410417242e-01 -9.415630202788725089e-01 -9.372010075134431517e-01
-4.520808041052992721e-01 -7.413323784258658566e-01 -8.598353547393098317e-01 -8.985579066609535870e-01 -9.385471885961406135e-01 -9.410466887161572647e-01 -9.369965067421164306e-01
-5.464463705054571907e-01 -7.260780769103805099e-01 -8.791799503100188318e-01 -9.466649780842992801e-01 -9.326507819415600364e-01 -9.326644795540419697e-01 -9.379525039263951758e-01
-4.631726137865743720e-01 -7.326593051025372949e-01 -8.593587290430964032e-01 -9.397161992788878315e-01 -9.401226590141052997e-01 -9.367873916542422963e-01 -9.377751257708890620e-01
-4.739269574268072382e-01 -7.243736580851792839e-01 -8.671067994992723849e-01 -9.534873967727055533e-01 -9.361147637665225840e-01 -9.288776775243985373e-01 -9.366123688837343364e-01
-4.368611010350114121e-01 -7.142825245106277920e-01 -8.740839607997230587e-01 -9.411054219617372985e-01 -9.307876351891610778e-01 -9.381718788123898367e-01 -9.345826594420527655e-01
-4.690900583119820277e-01 -7.278835634675741018e-01 -8.717600970718996090e-01 -9.459796099203288122e-01 -9.438232743779210177e-01 -9.410423260200272422e-01 -9.367012799880445328e-01
-5.133141192493571037e-01 -7.312412448513143648e-01 -8.608574898288666732e-01 -9.196309776873566877e-01 -9.405087413134474161e-01 -9.332120299500286098e-01 -9.353604282570655570e-01
-5.161842157963343336e-01 -7.464624795234682253e-01 -8.817109742125804894e-01 -9.380963068346057643e-01 -9.326713336276654109e-01 -9.405205691102855869e-01 -9.386646764758290740e-01
-4.461633595798916163e-01 -7.271579999202969491e-01 -8.686010003881318164e-01 -9.471794288743859980e-01 -9.294808820009362593e-01 -9.369312124896392868e-01 -9.363314088848069261e-01
-4.991749615896516890e-01 -6.857646988788366205e-01 -8.670389260222119976e-01 -9.336630437062196641e-01 -9.361283107886181343e-01 -9.313398867714499652e-01 -9.359558152579874335e-01
-4.467121506961148070e-01 -7.147891079719215224e-01 -8.556065115033644197e-01 -9.394836613276681403e-01 -9.276432600083167612e-01 -9.360718848059296215e-01 -9.325904555764787940e-01
-4.889694090656420133e-01 -7.357300055116331450e-01 -8.727133504509835271e-01 -9.446734846020962140e-01 -9.333855475747773189e-01 -9.292140228950207526e-01 -9.364008860977620641e-01
-4.339910044880340712e-01 -7.293178459401297165e-01 -8.673615731232884318e-01 -9.313884583624737479e-01 -9.386383429728989425e-01 -9.391989175757017305e-01 -9.353600182342337588e-01
-4.617546023349496931e-01 -7.117683190281557382e-01 -8.668555695921271731e-01 -9.359360398470997211e-01 -9.418492557848181512e-01 -9.393986071077483624e-01 -9.352974548752248651e-01
-5.314039188666223046e-01 -7.466309257434555757e-01 -8.557073065322432504e-01 -9.391689312325374184e-01 -9.331156079335891640e-01 -9.375424954576172532e-01 -9.349231191823944576e-01
-4.116130968721669614e-01 -7.205430824841427828e-01 -8.728105977896778445e-01 -9.428929433410274674e-01 -9.273553796600287891e-01 -9.419332059173219918e-01 -9.328085334284922370e-01
-3.838494990252513395e-01 -7.542078538355350137e-01 -8.747631907470776458e-01 -9.430776113919596693e-01 -9.415627908086368070e-01 -9.402846392705869194e-01 -9.371192193609734211e-01
-4.583357146717491615e-01 -7.331821107851637098e-01 -8.636204958175172086e-01 -9.363019077856983285e-01 -9.393581705829017192e-01 -9.382426219134031298e-01 -9.369968718284495957e-01
-3.867195955722286804e-01 -7.290308649654853035e-01 -8.793815423544336651e-01 -9.384841311682022846e-01 -9.447983724942430328e-01 -9.386930461607191356e-01 -9.332431033632681006e-01
-5.221016603217421004e-01 -6.923796163149907867e-01 -8.859773028705693054e-01 -9.400338052331156380e-01 -9.283391318414528914e-01 -9.387787046128637236e-01 -9.343889441032338095e-01
-4.660427103335516574e-01 -7.579198946819145633e-01 -8.609932328096737697e-01 -9.428702977789182871e-01 -9.345906767151270778e-01 -9.358208890222071696e-01 -9.346308752393762687e-01
-4.368611010350114121e-01 -7.413660676698633489e-01 -8.668793753234376176e-01 -9.160269825820479550e-01 -9.422252504575826526e-01 -9.406778916220002174e-01 -9.357371992670098226e-01
