(-0.9341510956709371+0j)
-9.517759883712277880e-01 -9.441319883397406576e-01 -9.445519883414708051e-01 -9.400719883230167495e-01 -9.389070142249538176e-01 -9.357113791870685926e-01 -9.349510431850599490e-01
-8.591112061231026553e-01 -9.206065102293899960e-01 -9.281253474395843028e-01 -9.306990245309901821e-01 -9.338939839781523755e-01 -9.336324153164838879e-01 -9.338373891385299830e-01
-7.858504239549063408e-01 -9.356059883046203840e-01 -9.352255177148178777e-01 -9.353732179728000418e-01 -9.382944599022476906e-01 -9.348165477589652772e-01 -9.342411826300158761e-01
-8.914512062563173522e-01 -9.388399883179419092e-01 -9.328406839454035371e-01 -9.311265426188792826e-01 -9.342389909963996208e-01 -9.347078288201033924e-01 -9.342810247045425509e-01
-9.485419883579062628e-01 -9.420739883312634344e-01 -9.163030728603653863e-01 -9.291766481307945913e-01 -9.343964448538332190e-01 -9.351380879442166005e-01 -9.342646272497188153e-01
-9.185119882342069886e-01 -9.197172056304758758e-01 -9.316198952649451526e-01 -9.338262491904187890e-01 -9.321417079362791513e-01 -9.339829886558979055e-01 -9.338762655135057766e-01
-9.369919883103297042e-01 -9.310783882859703375e-01 -9.262281976882410506e-01 -9.303298768572649813e-01 -9.336474663458199652e-01 -9.333468232327720715e-01 -9.337984492781226109e-01
-8.483312060786978304e-01 -9.323719882912989698e-01 -9.364144883079508208e-01 -9.375017814158779217e-01 -9.352237573138963977e-01 -9.345560895383684397e-01 -9.349065905828044531e-01
-9.462319883483909511e-01 -9.362527883072847557e-01 -9.360562921039436990e-01 -9.359653216394339115e-01 -9.351395588469988418e-01 -9.337608140459392470e-01 -9.336854259118141375e-01
-8.591112061231026553e-01 -9.380790471383368967e-01 -9.254713215574544849e-01 -9.326190034394981065e-01 -9.336471674502979656e-01 -9.338304651809687940e-01 -9.339229215277509155e-01
-9.215919882468941449e-01 -9.296769882801978468e-01 -9.323719882912989698e-01 -9.329173329728759345e-01 -9.339963488229521271e-01 -9.353977653113636492e-01 -9.346704383371018388e-01
-8.101054240548173357e-01 -9.462319883483909511e-01 -9.369919883103297042e-01 -9.326266566925114354e-01 -9.331372610027289793e-01 -9.336431070887670769e-01 -9.335487283257553059e-01
-8.822112062182559944e-01 -9.458469883468050288e-01 -9.376937604651190972e-01 -9.359100684162129369e-01 -9.348944660280826824e-01 -9.345376599912212923e-01 -9.347232236470059963e-01
-8.483312060786978304e-01 -9.294319882791886034e-01 -9.305753216172314435e-01 -9.346907052819822814e-01 -9.328766389275271464e-01 -9.338498406215064440e-01 -9.335389711943300473e-01
-8.637312061421333897e-01 -9.277519882722683464e-01 -9.357175055464590496e-01 -9.355381421504948003e-01 -9.337983180789963811e-01 -9.342809805303509130e-01 -9.337513635351089025e-01
-8.452512060660106741e-01 -9.408825146421448959e-01 -9.362527883072847557e-01 -9.380069883145105702e-01 -9.371337061023243820e-01 -9.360988357638531099e-01 -9.344292140689101078e-01
-9.129679882113701517e-01 -9.291379882779775556e-01 -9.301569197890240392e-01 -9.363982533681248777e-01 -9.340571498321890154e-01 -9.341260835687866804e-01 -9.341568140341324211e-01
-9.388399883179419092e-01 -9.345279883001800236e-01 -9.395119883207099232e-01 -9.315834387958141782e-01 -9.339412094168131340e-01 -9.347397562925103820e-01 -9.347968241951640778e-01
-8.360112060279494273e-01 -9.353119883034093363e-01 -9.357761988316373181e-01 -9.357409574002011343e-01 -9.358039610633619443e-01 -9.341838429493605211e-01 -9.338202888470736873e-01
-9.517759883712277880e-01 -9.200792276185223439e-01 -9.280645375507745598e-01 -9.345676403084608452e-01 -9.358101437320730520e-01 -9.342815049443697895e-01 -9.345016460180438633e-01
-8.698912061675074803e-01 -9.291379882779775556e-01 -9.340740935614681995e-01 -9.352046890328944428e-01 -9.326320141673671849e-01 -9.333731745549982417e-01 -9.338589318843444342e-01
-8.637312061421333897e-01 -9.388399883179419092e-01 -9.333519882953358326e-01 -9.319304078299124328e-01 -9.344205060801311635e-01 -9.339610187075115810e-01 -9.338341642486924776e-01
-9.517759883712277880e-01 -9.453079883445848486e-01 -9.337384671701671746e-01 -9.325759942228356580e-01 -9.342315874797663122e-01 -9.349912469710126572e-01 -9.344613862357318279e-01
-9.485419883579062628e-01 -9.323719882912989698e-01 -9.371151883108370662e-01 -9.345434415578290910e-01 -9.335493804873222778e-01 -9.336622143066731772e-01 -9.337670147291941003e-01
-7.904704239739370752e-01 -9.369919883103297042e-01 -9.426446942159671938e-01 -9.320984719651359551e-01 -9.345450203006273604e-01 -9.345731981523781595e-01 -9.343832789485407853e-01
-9.431519883357037948e-01 -9.323719882912989698e-01 -9.418373541839470953e-01 -9.333752540142424836e-01 -9.340691793798975295e-01 -9.338927619937895663e-01 -9.336496533404106124e-01
-9.000319881580843839e-01 -9.204572514001145844e-01 -9.347974883012900582e-01 -9.329433663855253300e-01 -9.336881426035322784e-01 -9.341672045324302953e-01 -9.344897267753409231e-01
-8.544912061040720319e-01 -9.308319882849553917e-01 -9.303756919867796071e-01 -9.309692209102884419e-01 -9.341268938123480359e-01 -9.336875660094573481e-01 -9.337223524515483319e-01
-8.671962061564062463e-01 -8.738112061836547095e-01 -9.301203270329270190e-01 -9.358164943421807269e-01 -9.358965766189191182e-01 -9.340703614837164714e-01 -9.343084965406373010e-01
-8.544912061040720319e-01 -9.323719882912989698e-01 -9.343682845958183325e-01 -9.357823883053471015e-01 -9.351768158890594318e-01 -9.339747420827190227e-01 -9.342566955480688939e-01
-8.698912061675074803e-01 -9.420739883312634344e-01 -9.328150019917540448e-01 -9.318848357778352076e-01 -9.330624751686161789e-01 -9.343562663063054163e-01 -9.344308521640872778e-01
-9.323719882912989698e-01 -9.323719882912989698e-01 -9.289100123653915020e-01 -9.313587998096545251e-01 -9.348715079154694685e-01 -9.350754733793391615e-01 -9.350601344426079375e-01
-8.483312060786978304e-01 -9.253415534797305719e-01 -9.314979342336444645e-01 -9.310404889266111761e-01 -9.327032594152729894e-01 -9.329022101836694780e-01 -9.336982836017855281e-01
-8.729712061801946366e-01 -9.337780752536126716e-01 -9.339495492734070092e-01 -9.350572590604828704e-01 -9.337529422272466961e-01 -9.349312465982460019e-01 -9.340302912504061528e-01
-9.485419883579062628e-01 -9.382519883155198137e-01 -9.386719883172498502e-01 -9.359940683062190070e-01 -9.341905016305647180e-01 -9.349132723240123344e-01 -9.347891631921170230e-01
-8.591112061231026553e-01 -9.476909357228217035e-01 -9.233312859090712088e-01 -9.289903450391834294e-01 -9.325577574678236559e-01 -9.337217644842646935e-01 -9.340027720365468022e-01
-8.544912061040720319e-01 -9.431519883357037948e-01 -9.363591115953939781e-01 -9.359379959105507130e-01 -9.353493261471151898e-01 -9.346483585244353964e-01 -9.344086047300848019e-01
-8.052544240348351590e-01 -9.510951462631600517e-01 -9.422895883321514843e-01 -9.385095065647557355e-01 -9.350289632866625178e-01 -9.351790318792720935e-01 -9.341077741309686822e-01
-8.671962061564062463e-01 -9.441319883397406576e-01 -9.397639883217480117e-01 -9.365599019776145173e-01 -9.352372943636080294e-01 -9.334675520612228938e-01 -9.341176592152821145e-01
-8.397072060431738372e-01 -9.144053215506242616e-01 -9.310783882859703375e-01 -9.370589448323445314e-01 -9.355608543077031936e-01 -9.336755294060785637e-01 -9.334866639433705426e-01
-9.323719882912989698e-01 -9.420739883312634344e-01 -9.376163126372256684e-01 -9.376034589010837639e-01 -9.347482974288122692e-01 -9.356759006563890591e-01 -9.342624388012977787e-01
-9.259039882646560304e-01 -9.323719882912989698e-01 -9.352375579233560554e-01 -9.283061797233285173e-01 -9.322463646462939568e-01 -9.332478423390306865e-01 -9.339951269220581054e-01
-7.966304239993111658e-01 -9.420739883312634344e-01 -9.332703216283326775e-01 -9.359397463131127193e-01 -9.349499726072239003e-01 -9.348991119336372835e-01 -9.344131557546628830e-01
-9.323719882912989698e-01 -9.356059883046203840e-01 -9.359653216394339115e-01 -9.333078033481536639e-01 -9.340512378383707404e-01 -9.349829047900022339e-01 -9.343678570847790965e-01
-9.517759883712277880e-01 -9.431519883357037948e-01 -9.451377778175679145e-01 -9.354558476374446041e-01 -9.326575816028745969e-01 -9.339180479307196414e-01 -9.341265895110157924e-01
-7.939354239882099318e-01 -9.365902491782400752e-01 -9.379159883141356957e-01 -9.339731151803580822e-01 -9.340130548365459529e-01 -9.346183818957669587e-01 -9.345730857676608494e-01
-8.591112061231026553e-01 -9.365902491782400752e-01 -9.332703216283326775e-01 -9.346656053220234739e-01 -9.351403201485662953e-01 -9.339567055883390978e-01 -9.339859647920902841e-01
-8.526432060964597159e-01 -9.323719882912989698e-01 -9.316333256601949664e-01 -9.311588494286540119e-01 -9.333756702271417405e-01 -9.328771298896434416e-01 -9.336216643445629515e-01
-9.517759883712277880e-01 -9.323719882912989698e-01 -9.228290727382932879e-01 -9.297520849756768513e-01 -9.326565465291498658e-01 -9.346637063414163782e-01 -9.340058565890922981e-01
-9.647119884245136667e-01 -9.348596806092386302e-01 -9.396745689665410017e-01 -9.356059883046203840e-01 -9.358589754725342713e-01 -9.340208077365876882e-01 -9.352343284347409691e-01
