(-0.9341510956709371+0j)
-9.323719882912989698e-01 -9.444994883412545228e-01 -9.264790752765663662e-01 -9.334746439883591096e-01 -9.358643503439370015e-01 -9.330912680940359749e-01 -9.340862808466299239e-01
-9.323719882912989698e-01 -9.323719882912989698e-01 -9.302452636998407298e-01 -9.341744158415877797e-01 -9.338290333474172922e-01 -9.338142070768071790e-01 -9.329050578274342698e-01
-9.323719882912989698e-01 -9.444994883412545228e-01 -9.264319882668310413e-01 -9.281310445429902245e-01 -9.352296861349852497e-01 -9.338457214913560289e-01 -9.346010060707531375e-01
-9.431519883357037948e-01 -9.242869882579953789e-01 -9.383119883157668983e-01 -9.341744158415877797e-01 -9.353594537883282989e-01 -9.336317229492374636e-01 -9.335406908276897564e-01
-9.215919882468941449e-01 -9.364144883079508208e-01 -9.396319883212043145e-01 -9.304273759133958599e-01 -9.328140945504503900e-01 -9.345080207006519757e-01 -9.357997904693937663e-01
-9.323719882912989698e-01 -9.242869882579953789e-01 -9.369919883103297042e-01 -9.284335874155733581e-01 -9.329034414772012784e-01 -9.346086412566704249e-01 -9.336492827351239310e-01
-9.431519883357037948e-01 -9.364144883079508208e-01 -9.317119882885802618e-01 -9.323264783031561809e-01 -9.345934652097122042e-01 -9.344371020440095377e-01 -9.341025542881618016e-01
-9.323719882912989698e-01 -9.404569883246025608e-01 -9.422719883320789247e-01 -9.330262501563848510e-01 -9.350803050212924683e-01 -9.360698562614864215e-01 -9.355795328180460668e-01
-9.539319883801087308e-01 -9.114403362432428324e-01 -9.304390752928782815e-01 -9.307810836373078267e-01 -9.356347784053640204e-01 -9.331424745030703072e-01 -9.346071993656044352e-01
-9.323719882912989698e-01 -9.485419883579062628e-01 -9.396319883212043145e-01 -9.321806273437651669e-01 -9.336084897808584193e-01 -9.354646114882868568e-01 -9.344953831339781747e-01
-9.215919882468941449e-01 -9.525844883745581138e-01 -9.330319882940176779e-01 -9.360078462944414479e-01 -9.344282346966166219e-01 -9.332252246331798062e-01 -9.349523879882238875e-01
-9.539319883801087308e-01 -9.364144883079508208e-01 -9.330790753037530028e-01 -9.349398596317231025e-01 -9.347837501385324321e-01 -9.334421935042438445e-01 -9.336640833572811271e-01
-9.431519883357037948e-01 -9.404569883246025608e-01 -9.396319883212043145e-01 -9.319437564080885750e-01 -9.328429242017239886e-01 -9.342343335807634652e-01 -9.341531220973038341e-01
-9.323719882912989698e-01 -9.323719882912989698e-01 -9.277519882722683464e-01 -9.272854217303704294e-01 -9.355254626595845835e-01 -9.347914654225699671e-01 -9.347313297277446420e-01
-9.431519883357037948e-01 -9.242869882579953789e-01 -9.343519882994549830e-01 -9.368534691070611320e-01 -9.341581143015948996e-01 -9.343331703556785328e-01 -9.349945897496114711e-01
-9.539319883801087308e-01 -9.404569883246025608e-01 -9.172390752385050083e-01 -9.345426306510775660e-01 -9.346733006759135876e-01 -9.339869920687804417e-01 -9.343000440123936379e-01
-9.539319883801087308e-01 -9.364144883079508208e-01 -9.262852636835288145e-01 -9.310324616585623492e-01 -9.341550685097552709e-01 -9.341990589344100204e-01 -9.333438879193232118e-01
-9.431519883357037948e-01 -9.323719882912989698e-01 -9.409519883266416196e-01 -9.344769587141710243e-01 -9.350893333933065765e-01 -9.339723840270985900e-01 -9.346069435044062068e-01
-9.323719882912989698e-01 -9.364144883079508208e-01 -9.356719883048922881e-01 -9.283570745248657108e-01 -9.342427986311313548e-01 -9.354213230278132230e-01 -9.351525530112325679e-01
-9.647119884245136667e-01 -9.162019882246916769e-01 -9.422719883320789247e-01 -9.375387338747119825e-01 -9.310094832093431805e-01 -9.350338436372729323e-01 -9.337603625294089715e-01
-9.431519883357037948e-01 -9.162019882246916769e-01 -9.330319882940176779e-01 -9.328840653287706619e-01 -9.359540526293668172e-01 -9.348925700618517798e-01 -9.336279166151301157e-01
-9.431519883357037948e-01 -9.121594882080398259e-01 -9.330319882940176779e-01 -9.349398596317231025e-01 -9.351907544839113129e-01 -9.330234643536028383e-01 -9.339744245152836744e-01
-9.647119884245136667e-01 -9.323719882912989698e-01 -9.330319882940176779e-01 -9.311126406810467104e-01 -9.371058152876373670e-01 -9.347308485196197392e-01 -9.335360843001734299e-01
-9.539319883801087308e-01 -9.364144883079508208e-01 -9.396319883212043145e-01 -9.342400877784943214e-01 -9.354982498136856783e-01 -9.336036445200270872e-01 -9.348217743353091080e-01
-8.591112061231026553e-01 -9.444994883412545228e-01 -9.356719883048922881e-01 -9.314808554905364968e-01 -9.346811953310882881e-01 -9.350277427322080115e-01 -9.329201708356634759e-01
-9.323719882912989698e-01 -9.283294882746471188e-01 -9.422719883320789247e-01 -9.387670785823993835e-01 -9.329234102962297159e-01 -9.355520853916114987e-01 -9.352449854139825991e-01
-9.323719882912989698e-01 -9.404569883246025608e-01 -9.303919882831430677e-01 -9.317979054486975610e-01 -9.354082522586306681e-01 -9.341690080770792548e-01 -9.332646452665064318e-01
-9.215919882468941449e-01 -9.485419883579062628e-01 -9.396319883212043145e-01 -9.334891510739369291e-01 -9.349611224562848211e-01 -9.334833391956640636e-01 -9.357542800323628285e-01
-9.431519883357037948e-01 -9.404569883246025608e-01 -9.396790753309396393e-01 -9.326290211757393145e-01 -9.342398618427965040e-01 -9.335321755932095567e-01 -9.339005139653483445e-01
-9.539319883801087308e-01 -9.283294882746471188e-01 -9.317119882885802618e-01 -9.341744158415877797e-01 -9.347632982309687089e-01 -9.324601264344200002e-01 -9.346699063610164337e-01
-9.431519883357037948e-01 -9.283294882746471188e-01 -9.330319882940176779e-01 -9.344769587141710243e-01 -9.360448285425824189e-01 -9.343908539965040116e-01 -9.343849156566030878e-01
-9.215919882468941449e-01 -9.404569883246025608e-01 -9.369919883103297042e-01 -9.330919220932913927e-01 -9.347912894350283164e-01 -9.337123929950847945e-01 -9.341341131715956703e-01
-9.215919882468941449e-01 -9.364144883079508208e-01 -9.356719883048922881e-01 -9.327092001982237868e-01 -9.328538646487383179e-01 -9.347623929062449655e-01 -9.371002471463352190e-01
-9.323719882912989698e-01 -9.444994883412545228e-01 -9.356719883048922881e-01 -9.353225815267907084e-01 -9.342643842555345968e-01 -9.331129736894475668e-01 -9.338509661366225512e-01
-9.323719882912989698e-01 -9.323719882912989698e-01 -9.304390752928782815e-01 -9.360078462944414479e-01 -9.339576672839209337e-01 -9.322796121957896975e-01 -9.336181584901230845e-01
-9.431519883357037948e-01 -9.404569883246025608e-01 -9.357190753146276130e-01 -9.349398596317231025e-01 -9.331515532483378728e-01 -9.335493823494954713e-01 -9.336826877231583222e-01
-9.431519883357037948e-01 -9.444994883412545228e-01 -9.343519882994549830e-01 -9.395325223725345953e-01 -9.351691688595080709e-01 -9.334077633929720452e-01 -9.354640923050551171e-01
-9.000319881580843839e-01 -9.444994883412545228e-01 -9.330319882940176779e-01 -9.340942368191033074e-01 -9.310835824505441227e-01 -9.349102655636631898e-01 -9.362405266878894849e-01
-9.431519883357037948e-01 -9.404569883246025608e-01 -9.303919882831430677e-01 -9.303471968909114986e-01 -9.371682446381146558e-01 -9.337077938690212520e-01 -9.333546949087836442e-01
-9.539319883801087308e-01 -9.404569883246025608e-01 -9.330319882940176779e-01 -9.334891510739369291e-01 -9.337696497887796321e-01 -9.344644375408109882e-01 -9.354205237978550080e-01
-9.431519883357037948e-01 -9.444994883412545228e-01 -9.317119882885802618e-01 -9.361682043394103925e-01 -9.356336446885245017e-01 -9.327081991651915427e-01 -9.339609058983044942e-01
-9.215919882468941449e-01 -9.404569883246025608e-01 -9.383119883157668983e-01 -9.380016347922640607e-01 -9.355769515630476540e-01 -9.338478931345944867e-01 -9.343825915540695526e-01
-9.539319883801087308e-01 -9.242869882579953789e-01 -9.330790753037530028e-01 -9.339375449059111878e-01 -9.330940817647003227e-01 -9.329044101355046248e-01 -9.339945634617352610e-01
-9.108119882024892089e-01 -9.364144883079508208e-01 -9.383119883157668983e-01 -9.300446540183282540e-01 -9.337023114859137607e-01 -9.347849918686319537e-01 -9.344393615377679652e-01
-9.323719882912989698e-01 -9.364144883079508208e-01 -9.369919883103297042e-01 -9.319582634936665055e-01 -9.365112164465989597e-01 -9.316041325389341488e-01 -9.337221080918638449e-01
-9.431519883357037948e-01 -9.404569883246025608e-01 -9.276052636889660086e-01 -9.335548230108434709e-01 -9.350382674893255031e-01 -9.346870184710193152e-01 -9.328184974389790440e-01
-9.323719882912989698e-01 -9.242869882579953789e-01 -9.357190753146276130e-01 -9.323409853887341114e-01 -9.329351891904581473e-01 -9.355698318168395033e-01 -9.367227466778881295e-01
-9.431519883357037948e-01 -9.202444882413435279e-01 -9.343519882994549830e-01 -9.409832309303205466e-01 -9.345953772847123142e-01 -9.327527815534133460e-01 -9.342152881689926858e-01
-9.323719882912989698e-01 -9.323719882912989698e-01 -9.330319882940176779e-01 -9.349398596317231025e-01 -9.340174062012374101e-01 -9.328077422921584594e-01 -9.336582675453422020e-01
-9.647119884245136667e-01 -9.100142927325980402e-01 -9.357190753146276130e-01 -9.342400877784943214e-01 -9.340260792145727020e-01 -9.342727432164528167e-01 -9.332063760865736413e-01
