(-0.9341510956709371+0j)
-7.220326470182024670e-01 -8.341767318921582408e-01 -9.260902248099629475e-01 -9.252706578042086960e-01 -9.395234630461750669e-01 -9.362421704648762333e-01 -9.346372188609807230e-01
-6.520505233393774080e-01 -7.667719981415106467e-01 -9.308848015773917295e-01 -9.401883397056329805e-01 -9.310566567858100662e-01 -9.308638014994242704e-01 -9.334998660312765484e-01
-6.428196329327586778e-01 -7.726233975492673434e-01 -9.436600341385796842e-01 -9.339994183387458904e-01 -9.347324975493667143e-01 -9.362079282083222154e-01 -9.346748101271968867e-01
-6.431470301822772573e-01 -8.047396811598968025e-01 -9.407483117908568282e-01 -9.354905210315654918e-01 -9.305860027233772147e-01 -9.343481405738907064e-01 -9.334021512243176888e-01
-6.276318246147071234e-01 -7.438065934018631697e-01 -9.190887658064591514e-01 -9.423971107104560652e-01 -9.314987118742635852e-01 -9.353037692521894986e-01 -9.354209248224806261e-01
-6.279592218642257029e-01 -8.076044440775778099e-01 -9.605192883064754827e-01 -9.434887696769558296e-01 -9.334672625958166936e-01 -9.338915990462146599e-01 -9.352320525220424452e-01
-5.173883993941230663e-01 -7.800063016853342468e-01 -9.521008051932517979e-01 -9.217059353463979976e-01 -9.305553637617962615e-01 -9.368464193145260577e-01 -9.340719476243555253e-01
-7.457965512438355926e-01 -7.680015756039482167e-01 -9.246288746652969737e-01 -9.317564204910673276e-01 -9.284423817546243463e-01 -9.350682987302668669e-01 -9.313470245390949032e-01
-6.517231260898588285e-01 -7.868981099471231699e-01 -9.418617898992959203e-01 -9.377283102263738179e-01 -9.322325509794796572e-01 -9.344907893280278710e-01 -9.352909221397175399e-01
-5.728375092539337299e-01 -8.143216380073305949e-01 -8.883720656541351790e-01 -9.393524335665048852e-01 -9.312908774521420074e-01 -9.348685297746217593e-01 -9.315895663532651749e-01
-6.348983315242143766e-01 -7.995903776493769044e-01 -9.220815053845590192e-01 -9.448671837055013789e-01 -9.336827856150942129e-01 -9.359858848228728156e-01 -9.329105352352756730e-01
-6.279592218642257029e-01 -7.951577243124630101e-01 -9.210893665400006203e-01 -9.479013642379505722e-01 -9.385074189129649636e-01 -9.340929658286806214e-01 -9.332975045607749820e-01
-6.593170302488846612e-01 -7.731508791144681148e-01 -9.412378501368312556e-01 -9.072751423045126717e-01 -9.387931042885534483e-01 -9.340885593291526900e-01 -9.341491712922588286e-01
-6.352257287737329561e-01 -8.121335010032404433e-01 -9.355394988587577565e-01 -9.365625148620396745e-01 -9.396528736922373781e-01 -9.361844466184743307e-01 -9.338364010822592931e-01
-6.200379204556812907e-01 -8.093615031052159292e-01 -9.378899736292471978e-01 -9.350423939792348316e-01 -9.298719812234537141e-01 -9.329163556181034878e-01 -9.347222918938947744e-01
-6.665835371583918034e-01 -8.308663367216562179e-01 -9.147984215920781370e-01 -9.399890339670344819e-01 -9.363706042416879427e-01 -9.356734042768868331e-01 -9.345002184028741166e-01
-6.038679203890739977e-01 -7.639854459671170384e-01 -9.092758066665431738e-01 -9.472575121449683389e-01 -9.276887732072220949e-01 -9.340040137453835545e-01 -9.341830415552083711e-01
-6.985961400420879208e-01 -7.820871193933986998e-01 -9.294161043291890856e-01 -9.252347033898007389e-01 -9.254726255583616279e-01 -9.362722843700090891e-01 -9.357971955191846103e-01
-5.725101120044151504e-01 -7.754099497236610627e-01 -9.426549532397179298e-01 -9.227700601609825082e-01 -9.335490058140720748e-01 -9.354887752851885896e-01 -9.344568960919747980e-01
-6.910022358830620881e-01 -7.636507715794138562e-01 -9.405403571287200837e-01 -9.335554451293706091e-01 -9.283032763748898519e-01 -9.324262702396872715e-01 -9.353347025003473370e-01
-6.906748386335435086e-01 -8.149309688849109001e-01 -9.298944527736305865e-01 -9.366383741206432134e-01 -9.324448916464491699e-01 -9.303922037451881621e-01 -9.339497980925217657e-01
-6.203653177051998702e-01 -7.703534112327976580e-01 -9.428279277540541070e-01 -9.412257885942436619e-01 -9.369728790962212894e-01 -9.320041497744475656e-01 -9.356547306580605960e-01
-5.645888105958707381e-01 -7.788021942065426195e-01 -9.369514688187530194e-01 -9.256547476654377604e-01 -9.329781568860245899e-01 -9.362031042727307906e-01 -9.331115656583750528e-01
-6.276318246147071234e-01 -7.749643174708399362e-01 -9.305663147381990630e-01 -9.297704737847053424e-01 -9.369982464339825512e-01 -9.320742693282833002e-01 -9.344942748224829288e-01
-6.355531260232515356e-01 -7.935079845808503674e-01 -9.268780430475694887e-01 -9.386413833799163164e-01 -9.256206102717137174e-01 -9.360030245815019745e-01 -9.348240252683301943e-01
-6.276318246147071234e-01 -7.913453175604061585e-01 -9.426366281945721681e-01 -9.330675326294677330e-01 -9.324323515173313925e-01 -9.314300086552861346e-01 -9.334263769704937985e-01
-5.725101120044151504e-01 -7.804373796617860570e-01 -9.160481451313950974e-01 -9.089930561016785759e-01 -9.361058003154330009e-01 -9.359578036506071008e-01 -9.341402485077370255e-01
-6.045227148881111567e-01 -8.206750489966420092e-01 -9.527706651570990726e-01 -9.357898856085906658e-01 -9.305456448079795218e-01 -9.355704051022248890e-01 -9.340177069472404003e-01
-6.279592218642257029e-01 -8.081464799191475645e-01 -9.465147382450043168e-01 -9.477450095602122371e-01 -9.361174001890439911e-01 -9.369096704688931743e-01 -9.328414900916417452e-01
-6.834083317240362554e-01 -7.573646556261129925e-01 -9.327510798876096354e-01 -9.254190276058276154e-01 -9.330812066323059817e-01 -9.349602847134870220e-01 -9.341003077611312877e-01
-6.834083317240362554e-01 -8.110112428368285720e-01 -9.324971671360631209e-01 -9.149675927768985417e-01 -9.309246447418371151e-01 -9.350181496287122140e-01 -9.339636084778359937e-01
-5.170610021446044868e-01 -7.708663385216292241e-01 -9.301540394691103497e-01 -9.376549471030681815e-01 -9.382324551452327910e-01 -9.344669168123146408e-01 -9.338859253841430563e-01
-6.669109344079103829e-01 -7.865452427139586478e-01 -9.529566196137655432e-01 -9.428609003053186610e-01 -9.425282720473093789e-01 -9.324425911901677022e-01 -9.332521771231063745e-01
-5.563401119378078574e-01 -7.978587886053847278e-01 -9.357677394616217281e-01 -9.377100274411369618e-01 -9.386664161014847130e-01 -9.277000434942839213e-01 -9.344268370583944661e-01
-6.279592218642257029e-01 -7.985499687953445669e-01 -9.523327588444676639e-01 -9.434002039177218357e-01 -9.337046189154516451e-01 -9.364019045826080800e-01 -9.345075299557112913e-01
-6.352257287737329561e-01 -7.714756693992095293e-01 -9.306198697790964980e-01 -9.391390911604926561e-01 -9.334789621947688909e-01 -9.382629526568446732e-01 -9.345867410071240222e-01
-6.282866191137442824e-01 -7.949940256877037204e-01 -9.401831392053479064e-01 -9.334802397486725578e-01 -9.366731017775625778e-01 -9.358503286562426249e-01 -9.346676067369460439e-01
-5.962740162300481650e-01 -8.177138824902122627e-01 -9.303549379808013775e-01 -9.286990686993241706e-01 -9.361844488338011416e-01 -9.355927612455018361e-01 -9.343250498266471027e-01
-6.352257287737329561e-01 -7.989810467717965992e-01 -8.993177481857008715e-01 -9.309899718674020663e-01 -9.327028515873219128e-01 -9.357654053618754686e-01 -9.344369108157883907e-01
-6.669109344079103829e-01 -7.980370415065130008e-01 -9.259265582947449058e-01 -9.314572248433934387e-01 -9.334938681885071032e-01 -9.323412055789601638e-01 -9.346648763023909234e-01
-5.725101120044151504e-01 -8.198911037870255658e-01 -9.393989929109531900e-01 -9.286914691642830233e-01 -9.348152140524403908e-01 -9.355739407254262119e-01 -9.340664132560956290e-01
-6.358805232727701151e-01 -7.759228770124926289e-01 -9.312105025533639058e-01 -9.408988601217226355e-01 -9.302278550954250491e-01 -9.350452064762185822e-01 -9.343156482730287093e-01
-6.282866191137442824e-01 -7.860068454414810279e-01 -9.532142454136638410e-01 -9.345781017559284809e-01 -9.327516038171688173e-01 -9.331065295076239607e-01 -9.346045498467661083e-01
-6.038679203890739977e-01 -7.992520646925814765e-01 -9.410502225205613636e-01 -9.416273926769639369e-01 -9.403490984125709717e-01 -9.342683429571416731e-01 -9.355526480880733686e-01
-6.041953176385925772e-01 -8.065640352235454724e-01 -9.344903828780408706e-01 -9.303367416785097710e-01 -9.361427447886691011e-01 -9.353749683285355054e-01 -9.372508242284089963e-01
-6.906748386335435086e-01 -8.177848160953150591e-01 -9.201765749833284991e-01 -9.442111168713307467e-01 -9.371729953566398930e-01 -9.319648917932017440e-01 -9.313880167589703163e-01
-6.038679203890739977e-01 -7.490122762411166590e-01 -9.399972226367084849e-01 -9.304964830828930111e-01 -9.365078333686687184e-01 -9.366646733357477661e-01 -9.305623881027973443e-01
-6.045227148881111567e-01 -7.984681194829650330e-01 -9.378899325241074614e-01 -9.363390319545903395e-01 -9.314650794694463443e-01 -9.315564061420584796e-01 -9.345323294472993592e-01
-6.596444274984032408e-01 -7.647020961407229311e-01 -9.400801628746400240e-01 -9.368234763422816913e-01 -9.303860210953712739e-01 -9.354646880983455981e-01 -9.354380254092042879e-01
-5.725101120044151504e-01 -8.210133619534374372e-01 -9.233165379339154377e-01 -9.276350977560262612e-01 -9.373739817322273016e-01 -9.343326717655331404e-01 -9.341259828194196091e-01
