(-0.9341510956709371+0j)
-9.404569883246025608e-01 -9.414271883285990627e-01 -9.376366394757758016e-01 -9.323759562009339419e-01 -9.362005683493849206e-01 -9.349179106497590430e-01 -9.343213297247979776e-01
-9.404569883246025608e-01 -9.284911882753132950e-01 -9.293636161858835898e-01 -9.335861179891329353e-01 -9.354299252666459230e-01 -9.354244480075148971e-01 -9.344780280236835157e-01
-9.323719882912989698e-01 -9.414271883285990627e-01 -9.406450115811910706e-01 -9.371181316555591279e-01 -9.352463398751457158e-01 -9.339271570863252325e-01 -9.344040057827851520e-01
-9.323719882912989698e-01 -9.336655882966276021e-01 -9.331240813176527871e-01 -9.296205384336733157e-01 -9.323400557763084073e-01 -9.344832515407173190e-01 -9.337430254195941970e-01
-9.404569883246025608e-01 -9.440143883392562163e-01 -9.383887325021296189e-01 -9.393256401970755398e-01 -9.350887444949145255e-01 -9.354875542674527811e-01 -9.340507210079755929e-01
-9.485419883579062628e-01 -9.466015883499134809e-01 -9.361324534230681671e-01 -9.382218859263173893e-01 -9.354885753228647793e-01 -9.344882781166387042e-01 -9.349298729267782049e-01
-9.242869882579953789e-01 -9.259039882646560304e-01 -9.316198952649451526e-01 -9.299476968052658998e-01 -9.332169850371211384e-01 -9.332184918799710793e-01 -9.339154320741240856e-01
-9.242869882579953789e-01 -9.310783882859703375e-01 -9.306770712212668606e-01 -9.342268612249522430e-01 -9.364785244372495487e-01 -9.336511530904845202e-01 -9.339249431520517675e-01
-9.566269883912099647e-01 -9.466015883499134809e-01 -9.391408255284834361e-01 -9.340276196974361955e-01 -9.324290751233510477e-01 -9.342245939324549386e-01 -9.338256563534089727e-01
-9.162019882246916769e-01 -9.310783882859703375e-01 -9.353803603967143498e-01 -9.355728756764977172e-01 -9.346854807636826301e-01 -9.340759807844505325e-01 -9.337249119114652274e-01
-9.485419883579062628e-01 -9.491887883605705234e-01 -9.413971046075448879e-01 -9.362351282389526075e-01 -9.325438791743185796e-01 -9.330308043749074853e-01 -9.343614133264801502e-01
-9.404569883246025608e-01 -9.388399883179419092e-01 -9.376366394757758016e-01 -9.355728756764977172e-01 -9.332494365135641790e-01 -9.351994227494871970e-01 -9.344263197748875482e-01
-9.404569883246025608e-01 -9.466015883499134809e-01 -9.398929185548372534e-01 -9.367909732839665438e-01 -9.330664750014779907e-01 -9.328070948295476006e-01 -9.339436050992024896e-01
-9.323719882912989698e-01 -9.310783882859703375e-01 -9.331240813176527871e-01 -9.343323781606927003e-01 -9.347058740430476131e-01 -9.347395185874265433e-01 -9.344973001290264314e-01
-9.242869882579953789e-01 -9.259039882646560304e-01 -9.212235292783063079e-01 -9.322755191817831966e-01 -9.354840340070578186e-01 -9.342558623082375391e-01 -9.341944386660681054e-01
-9.323719882912989698e-01 -9.336655882966276021e-01 -9.398929185548372534e-01 -9.386633876346206495e-01 -9.357236231439963747e-01 -9.360402670843160911e-01 -9.352468315583173375e-01
-9.242869882579953789e-01 -9.259039882646560304e-01 -9.331240813176527871e-01 -9.316998757200755099e-01 -9.340014460590766454e-01 -9.337533070473693630e-01 -9.343892938437035056e-01
-9.404569883246025608e-01 -9.414271883285990627e-01 -9.398929185548372534e-01 -9.362351282389526075e-01 -9.365149710999517429e-01 -9.342224626224211459e-01 -9.337591137907712557e-01
-9.242869882579953789e-01 -9.388399883179419092e-01 -9.346282673703605326e-01 -9.335861179891329353e-01 -9.367272318622477112e-01 -9.358630086888074517e-01 -9.346834877045107071e-01
-9.566269883912099647e-01 -9.310783882859703375e-01 -9.346282673703605326e-01 -9.371181316555591279e-01 -9.345619277545778036e-01 -9.336508860656582698e-01 -9.344426560124514669e-01
-9.242869882579953789e-01 -9.362527883072847557e-01 -9.301157092122375181e-01 -9.344691214057394557e-01 -9.347645240992663584e-01 -9.344086059774787678e-01 -9.343594340484069338e-01
-9.404569883246025608e-01 -9.388399883179419092e-01 -9.306770712212668606e-01 -9.326167341443325487e-01 -9.341822735082676576e-01 -9.336034181654562225e-01 -9.333686820165482123e-01
-9.323719882912989698e-01 -9.388399883179419092e-01 -9.276686991158515916e-01 -9.322709722059576709e-01 -9.340183307823017866e-01 -9.336668475804021927e-01 -9.341854995551058805e-01
-9.404569883246025608e-01 -9.440143883392562163e-01 -9.383887325021296189e-01 -9.319344544926306817e-01 -9.328908356833276461e-01 -9.333768298259983442e-01 -9.337582825136017117e-01
-9.162019882246916769e-01 -9.310783882859703375e-01 -9.353803603967143498e-01 -9.351313739681943460e-01 -9.333729895226691164e-01 -9.348037488425234853e-01 -9.340916452717114016e-01
-8.020204240215136338e-01 -9.214267276240729609e-01 -9.257119171850993755e-01 -9.282351623144274866e-01 -9.342596285090447594e-01 -9.343282622411712701e-01 -9.341593010177748901e-01
-9.242869882579953789e-01 -9.362527883072847557e-01 -9.398929185548372534e-01 -9.362351282389526075e-01 -9.354222393841127303e-01 -9.345007162896165065e-01 -9.347665382678553847e-01
-9.242869882579953789e-01 -9.362527883072847557e-01 -9.413971046075448879e-01 -9.290507180447182822e-01 -9.349924832854538126e-01 -9.339728142377718978e-01 -9.338628777566715389e-01
-9.485419883579062628e-01 -9.414271883285990627e-01 -9.331240813176527871e-01 -9.355728756764977172e-01 -9.322782792717559941e-01 -9.333840319724191481e-01 -9.344590498586513583e-01
-9.485419883579062628e-01 -9.440143883392562163e-01 -9.361324534230681671e-01 -9.386633876346206495e-01 -9.362592184056036659e-01 -9.354690458863866853e-01 -9.339503000771776087e-01
-9.485419883579062628e-01 -9.440143883392562163e-01 -9.361324534230681671e-01 -9.332589596175404623e-01 -9.360325056667586630e-01 -9.347503842158521037e-01 -9.343480173408857947e-01
-9.404569883246025608e-01 -9.207295882433417233e-01 -9.263552440804683208e-01 -9.329238654266780451e-01 -9.320463578989579556e-01 -9.335409517379402722e-01 -9.336693049926887422e-01
-9.485419883579062628e-01 -9.121228754613205369e-01 -9.306770712212668606e-01 -9.338867647400216354e-01 -9.337501317609810947e-01 -9.345588835784099935e-01 -9.343988543201000585e-01
-9.323719882912989698e-01 -9.362527883072847557e-01 -9.269166060894976633e-01 -9.335338612220976939e-01 -9.349216571141250043e-01 -9.351111801036792182e-01 -9.342059749049980155e-01
-9.485419883579062628e-01 -9.362527883072847557e-01 -9.368845464494219843e-01 -9.309450435585830963e-01 -9.319490034696288339e-01 -9.331536674381670782e-01 -9.339793818146830962e-01
-9.485419883579062628e-01 -9.310783882859703375e-01 -9.323719882912989698e-01 -9.339572594194048838e-01 -9.339907545681938039e-01 -9.338432483149432528e-01 -9.337511589909269771e-01
-9.323719882912989698e-01 -9.336655882966276021e-01 -9.316198952649451526e-01 -9.365519883085171582e-01 -9.358885593782889645e-01 -9.346687506980999594e-01 -9.340728713708811304e-01
-9.081169881913879749e-01 -9.207295882433417233e-01 -9.331240813176527871e-01 -9.346898722598910858e-01 -9.340059392136056404e-01 -9.332552944456067312e-01 -9.337264852321507380e-01
-9.404569883246025608e-01 -9.414271883285990627e-01 -9.406450115811910706e-01 -9.368973808014074978e-01 -9.358231683956295122e-01 -9.348481013493706859e-01 -9.343334093526712847e-01
-9.404569883246025608e-01 -9.362527883072847557e-01 -9.383887325021296189e-01 -9.377093626205363908e-01 -9.361674147906535737e-01 -9.336198200704250993e-01 -9.345907652566909363e-01
-9.323719882912989698e-01 -9.362527883072847557e-01 -9.368845464494219843e-01 -9.341419630341469826e-01 -9.336525470173220320e-01 -9.341251692180232435e-01 -9.334604198613274395e-01
-9.242869882579953789e-01 -9.310783882859703375e-01 -9.264881804627831396e-01 -9.344753626072148656e-01 -9.339159430529554440e-01 -9.340439157385519442e-01 -9.337497839041052350e-01
-9.323719882912989698e-01 -9.362527883072847557e-01 -9.361324534230681671e-01 -9.333447369098093471e-01 -9.337450797028343796e-01 -9.343892028814528850e-01 -9.341188322187976567e-01
-9.323719882912989698e-01 -9.310783882859703375e-01 -9.301157092122375181e-01 -9.314548612135338246e-01 -9.328205739549610964e-01 -9.350121195710821009e-01 -9.343976814114920426e-01
-9.081169881913879749e-01 -9.284911882753132950e-01 -9.368845464494219843e-01 -9.371181316555591279e-01 -9.329488890730885942e-01 -9.341922245895568633e-01 -9.344825033338458597e-01
-9.404569883246025608e-01 -9.336655882966276021e-01 -9.331240813176527871e-01 -9.336919882967362749e-01 -9.331410681498710780e-01 -9.343527410432836966e-01 -9.344117804127016758e-01
-9.404569883246025608e-01 -9.310783882859703375e-01 -9.338761743440067153e-01 -9.331388230982742282e-01 -9.340059392136056404e-01 -9.344577781265596128e-01 -9.346392833511310005e-01
-9.647119884245136667e-01 -9.491887883605705234e-01 -9.376366394757758016e-01 -9.355728756764977172e-01 -9.349205285848143365e-01 -9.345532717220824681e-01 -9.346518255563472932e-01
-9.242869882579953789e-01 -9.414271883285990627e-01 -9.225369843136894676e-01 -9.320475289587580869e-01 -9.336873792634512448e-01 -9.341836192417587448e-01 -9.341497292619200810e-01
-9.242869882579953789e-01 -9.336655882966276021e-01 -9.368845464494219843e-01 -9.302524552685224046e-01 -9.324138904779391002e-01 -9.333242514283704994e-01 -9.337242237823394353e-01
