(-0.9332610574596039+0j)
-8.557133502496017119e-01 -9.321494133563105189e-01 -9.320092273112065007e-01 -9.337101161907874758e-01 -9.332045376187282359e-01 -9.335696264508979159e-01 -9.333915222297827219e-01
-8.505474944875206500e-01 -9.325966735954517306e-01 -9.330886598585070857e-01 -9.327028283078121484e-01 -9.332170766119146643e-01 -9.331704447836750571e-01 -9.331312460860152758e-01
-9.330886598585070857e-01 -9.330886598585070857e-01 -9.340002814635801620e-01 -9.339717121255294296e-01 -9.337451900222497603e-01 -9.327980648827343124e-01 -9.331226594294046439e-01
-7.768620818515303839e-01 -9.339496358188539293e-01 -9.342694268898398269e-01 -9.337832287004674825e-01 -9.336936699928047867e-01 -9.332926049201988317e-01 -9.332676440619883662e-01
-9.345646186476730399e-01 -9.330886598585070857e-01 -9.346384165871314265e-01 -9.338094769415881125e-01 -9.338228391532209516e-01 -9.335437372414423507e-01 -9.332577049295086580e-01
-9.296447560171196001e-01 -9.316127010693410204e-01 -9.340793719224678160e-01 -9.333595286999645246e-01 -9.332131383106053724e-01 -9.333997980198990296e-01 -9.334228552713583760e-01
-8.577796925544342033e-01 -9.337774406267844718e-01 -9.346893475594335587e-01 -9.339562081544290351e-01 -9.340075322500268618e-01 -9.334512513729307237e-01 -9.331693041344847339e-01
-8.571893090387677772e-01 -9.340279063607036525e-01 -9.330886598585070857e-01 -9.338094769415881125e-01 -9.339061139571220860e-01 -9.336787699640859417e-01 -9.334424672832540848e-01
-8.591572540909890865e-01 -9.353845957527653354e-01 -9.345646186476730399e-01 -9.332778853442975642e-01 -9.327225629079253233e-01 -9.332542286795636466e-01 -9.332940165476939498e-01
-9.330886598585070857e-01 -9.301367422801749552e-01 -9.292822398232893910e-01 -9.329272268659419831e-01 -9.334097955864820717e-01 -9.332909194372215334e-01 -9.334641100631491106e-01
-8.495143233351044598e-01 -9.317410453118771807e-01 -9.312978298609856376e-01 -9.329661494451770842e-01 -9.336550668465253278e-01 -9.333167341654989846e-01 -9.333208635069792924e-01
-8.557133502496017119e-01 -9.368950798937246693e-01 -9.353845957527653354e-01 -9.348039633161865369e-01 -9.336924611813477437e-01 -9.333240908103261901e-01 -9.333418589201029070e-01
-9.227569483343448509e-01 -9.273488201228613503e-01 -9.293896520288686958e-01 -9.328256708378920292e-01 -9.327452906192796878e-01 -9.333737815929699089e-01 -9.333050229548757182e-01
-7.809209685217369801e-01 -9.316127010693410204e-01 -9.320289971380801841e-01 -9.323307350748812894e-01 -9.327043292328817126e-01 -9.332203139495309774e-01 -9.331516427976296324e-01
-8.608792060116828848e-01 -9.319406919113779608e-01 -9.329389249088815284e-01 -9.332476092665711320e-01 -9.336522077598249370e-01 -9.335216499101467447e-01 -9.333445381677031305e-01
-7.731721848786153872e-01 -9.285427067878756491e-01 -9.305431657148728330e-01 -9.326285431509532264e-01 -9.333845018184500075e-01 -9.331662390872080826e-01 -9.331508205196903383e-01
-8.522694464082143373e-01 -9.341218310109232759e-01 -9.340279063607036525e-01 -9.328844758362904166e-01 -9.321565720743179018e-01 -9.327791590206701011e-01 -9.332332980032126413e-01
-8.542373914604357577e-01 -9.335806461215624408e-01 -9.329344552088927323e-01 -9.333366209350869580e-01 -9.332019461690790330e-01 -9.332543643988910897e-01 -9.330548526356501338e-01
-9.286607834910090009e-01 -9.277161698659427413e-01 -9.314415754126260660e-01 -9.325923767721935320e-01 -9.332665883003697926e-01 -9.331854468082975140e-01 -9.333294945214085647e-01
-8.512854738821036271e-01 -9.325966735954517306e-01 -9.315692905167184401e-01 -9.332056226304786817e-01 -9.331219521620220947e-01 -9.334323145903147267e-01 -9.333639715099519840e-01
-8.577796925544342033e-01 -9.335806461215624408e-01 -9.335926457865149075e-01 -9.340633496249374224e-01 -9.335329120629638489e-01 -9.334071466502505965e-01 -9.332372554272405640e-01
-8.608792060116828848e-01 -9.341218310109232759e-01 -9.346080292002956202e-01 -9.336536753324846671e-01 -9.338125377359961510e-01 -9.333688080468398596e-01 -9.334047724318919048e-01
-9.351550021633394660e-01 -9.341218310109232759e-01 -9.330886598585070857e-01 -9.330886598585070857e-01 -9.333147366971101810e-01 -9.329052101590268320e-01 -9.330994672032880688e-01
-9.296447560171196001e-01 -9.325966735954517306e-01 -9.329297104504430393e-01 -9.328502357464110162e-01 -9.331916337275186768e-01 -9.334764964141832877e-01 -9.332744509595307658e-01
-9.316127010693410204e-01 -9.339496358188539293e-01 -9.334810033341081059e-01 -9.334081973283264722e-01 -9.321363419865782429e-01 -9.330451246628806983e-01 -9.333339195031190583e-01
-8.522694464082143373e-01 -9.365325636998944603e-01 -9.355624499417571904e-01 -9.334685021939541638e-01 -9.336990187562824728e-01 -9.335178519687823417e-01 -9.333630759777363783e-01
-8.505474944875206500e-01 -9.330886598585070857e-01 -9.339355214588481724e-01 -9.341173584085318282e-01 -9.333925337268647038e-01 -9.332554526427837560e-01 -9.331949456657855357e-01
-9.310223175536745943e-01 -9.322276838981602420e-01 -9.334017420259058673e-01 -9.339991171958853533e-01 -9.334307695116249581e-01 -9.331596332738371080e-01 -9.333668632790534936e-01
-8.536470079447693315e-01 -9.330886598585070857e-01 -9.350976037659830542e-01 -9.339243129964907020e-01 -9.327184682403774074e-01 -9.333475118948377780e-01 -9.334405120307290860e-01
-7.857178345865266644e-01 -9.320554887060907845e-01 -9.321494133563105189e-01 -9.330487690804214473e-01 -9.335010366938835125e-01 -9.334475158608740442e-01 -9.333543781906611381e-01
-7.783380406406964491e-01 -9.339496358188539293e-01 -9.350976037659830542e-01 -9.333938158950856323e-01 -9.337476300696153642e-01 -9.334954690588873616e-01 -9.333013046395617351e-01
-9.434203713826692095e-01 -9.375165362260051705e-01 -9.344848370915019853e-01 -9.334561910984969790e-01 -9.330310694932664184e-01 -9.335312200747962752e-01 -9.334037078933747900e-01
-9.279228040964259128e-01 -9.341218310109232759e-01 -9.312978298609856376e-01 -9.326818995622802033e-01 -9.331478334640291861e-01 -9.332871648374708728e-01 -9.331308259689661266e-01
-8.557133502496017119e-01 -9.325966735954517306e-01 -9.346039775487174905e-01 -9.340707617144160535e-01 -9.338900714442387452e-01 -9.334044045065926776e-01 -9.333935090412381896e-01
-9.382545156205881476e-01 -9.345646186476730399e-01 -9.342089659273921098e-01 -9.328294412898004984e-01 -9.333335926748126399e-01 -9.334548550261311251e-01 -9.333483825478677831e-01
-9.310223175536745943e-01 -9.314573369862708674e-01 -9.330886598585070857e-01 -9.332928438807236438e-01 -9.336324341492524548e-01 -9.334078621752939231e-01 -9.332300042721045630e-01
-9.330886598585070857e-01 -9.306287285432303102e-01 -9.326963163829059544e-01 -9.335343415320983551e-01 -9.327245311096525882e-01 -9.329007188674277584e-01 -9.331542683496927282e-01
-9.330886598585070857e-01 -9.336324341492524548e-01 -9.336324341492524548e-01 -9.325280243494439292e-01 -9.331765893182871752e-01 -9.333128561302791448e-01 -9.333179786830358982e-01
-9.330886598585070857e-01 -9.322276838981602420e-01 -9.323810083842493102e-01 -9.333308093473545730e-01 -9.330861841078823549e-01 -9.333217394341568607e-01 -9.333118796961696884e-01
-9.392876867730043378e-01 -9.305057319774664437e-01 -9.318198531801011875e-01 -9.327885686524109987e-01 -9.334457201229987566e-01 -9.328326228348124971e-01 -9.331581894503586661e-01
-7.804043829455289405e-01 -9.345646186476730399e-01 -9.339815238173853063e-01 -9.331265049556651814e-01 -9.337971805055068630e-01 -9.327065223418690154e-01 -9.333609308998843668e-01
-8.522694464082143373e-01 -9.324809121217916275e-01 -9.319406919113779608e-01 -9.322486833118271976e-01 -9.332939256503778314e-01 -9.328512175085249547e-01 -9.331557256833764580e-01
-7.783380406406964491e-01 -9.341218310109232759e-01 -9.330886598585070857e-01 -9.336449827867311368e-01 -9.332256725054274282e-01 -9.331484831373377808e-01 -9.333337573448395874e-01
-8.591572540909890865e-01 -9.330886598585070857e-01 -9.329431427947864064e-01 -9.335143108950829660e-01 -9.335092025718118025e-01 -9.333996266058559588e-01 -9.333089579347588760e-01
-9.330886598585070857e-01 -9.358075313122339312e-01 -9.349285536915770134e-01 -9.334713158408833866e-01 -9.333217059831122597e-01 -9.335299123628322260e-01 -9.332929137884360404e-01
-7.794860085878255740e-01 -9.335806461215624408e-01 -9.343041553319378911e-01 -9.334741714825429693e-01 -9.332569287758386567e-01 -9.332257513262582904e-01 -9.333058177674922185e-01
-8.536470079447693315e-01 -9.325448855677617166e-01 -9.338373346066347613e-01 -9.328892059680792270e-01 -9.327454801630559178e-01 -9.332558557707345548e-01 -9.334105906945084907e-01
-8.571893090387677772e-01 -9.348106117792007730e-01 -9.347199827307431930e-01 -9.338039321947951832e-01 -9.337099431795591320e-01 -9.335359200976482974e-01 -9.334119911422594784e-01
-7.783380406406964491e-01 -9.326394550096304137e-01 -9.309135626955254983e-01 -9.327529724804656253e-01 -9.331109264781711765e-01 -9.330152749194456918e-01 -9.332051662899025768e-01
-9.365325636998944603e-01 -9.368950798937246693e-01 -9.354501939211726791e-01 -9.346091758941384997e-01 -9.335416158961007405e-01 -9.333220559592316778e-01 -9.330775677127080003e-01
