(-0.9332610574596039+0j)
-8.535718554395104185e-01 -9.197483718209369385e-01 -9.322710707847338130e-01 -9.333503593411232035e-01 -9.336213158052215633e-01 -9.334907301692864090e-01 -9.331740628916316282e-01
-6.987612049055338392e-01 -8.525198129582564066e-01 -9.372672391070698827e-01 -9.351866143760200201e-01 -9.332786573484023185e-01 -9.335306917415957528e-01 -9.331324076142750723e-01
-6.809601763594729240e-01 -8.484074447461478208e-01 -9.324581725034872814e-01 -9.320571266095440954e-01 -9.329938402073536530e-01 -9.335557049277802832e-01 -9.337681116533270709e-01
-7.109601528170215179e-01 -7.823153696154805381e-01 -9.391763683518479233e-01 -9.339431700122272639e-01 -9.302049402029944902e-01 -9.326381800283648493e-01 -9.333435296507954781e-01
-9.114832942803300364e-01 -9.345439572834957076e-01 -9.340680222164621238e-01 -9.337690873538790903e-01 -9.328300413677895753e-01 -9.334311680096355479e-01 -9.330514808617379474e-01
-6.161050437334739671e-01 -9.307073069105838981e-01 -9.377282775285376015e-01 -9.373505289061502266e-01 -9.337924299636699565e-01 -9.342000222541272381e-01 -9.340293486478601359e-01
-6.177501617730156713e-01 -7.036795846234744634e-01 -9.350749359071358624e-01 -9.320400658764520507e-01 -9.332191674750152099e-01 -9.326637466660236964e-01 -9.328470518135231204e-01
-7.088078810379591088e-01 -7.869600860060202985e-01 -9.327961246364827597e-01 -9.337338071088475688e-01 -9.332112540788611854e-01 -9.332504082832279169e-01 -9.334493285844523980e-01
-7.820616397416823018e-01 -7.783536255990989305e-01 -9.344199303342168861e-01 -9.320784111155577811e-01 -9.342647385839534246e-01 -9.331554025369686034e-01 -9.332550738415398284e-01
-7.593326993013282955e-01 -7.744599549429068697e-01 -9.329177085910816958e-01 -9.325385913889195910e-01 -9.324080624303229259e-01 -9.333601935094798518e-01 -9.332349372636862261e-01
-8.548501166795871020e-01 -9.292443932130602935e-01 -9.328360083283030457e-01 -9.336581181223063686e-01 -9.334676972279623008e-01 -9.332733328319909871e-01 -9.332893601492593394e-01
-7.030806615062783482e-01 -9.369902611745609677e-01 -9.338596000256501606e-01 -9.343078650147499387e-01 -9.338800047144180105e-01 -9.331605467979171564e-01 -9.331684553673846860e-01
-6.197266717743588060e-01 -6.262012212548402346e-01 -9.309343807703434059e-01 -9.318301681816402171e-01 -9.335264645960664742e-01 -9.335480305665001532e-01 -9.334850138749578585e-01
-7.267770615705896331e-01 -8.573777527895539707e-01 -9.357001171398838801e-01 -9.347899564582147214e-01 -9.343172096490987011e-01 -9.323387978619225303e-01 -9.331005549113131625e-01
-7.044282259583800609e-01 -8.480626912859009492e-01 -9.337165380581620155e-01 -9.318013850771630358e-01 -9.327645083277698035e-01 -9.329574957762932774e-01 -9.325813078164784109e-01
-6.977323779732396147e-01 -7.782792966611100649e-01 -9.299039749304909286e-01 -9.312410910714399304e-01 -9.337814180381190932e-01 -9.339012544748364064e-01 -9.330046059864505192e-01
-6.114104780121373262e-01 -7.798626490079416662e-01 -9.348688534695182017e-01 -9.321537673760037501e-01 -9.333025993503427653e-01 -9.330603718705141603e-01 -9.325356961914744724e-01
-6.145681921548885596e-01 -8.610356660468156953e-01 -9.372397339000697603e-01 -9.366525927630287018e-01 -9.341002902511306161e-01 -9.325162403644832176e-01 -9.332083560779873554e-01
-6.423077273705172230e-01 -7.842917887454172732e-01 -9.398952205959999473e-01 -9.347790533645063960e-01 -9.348803824569491550e-01 -9.318654331264267787e-01 -9.332579036404333728e-01
-7.083681778419523845e-01 -7.707432055322561704e-01 -9.299943088708381156e-01 -9.335584532908172140e-01 -9.329814426880933542e-01 -9.333042070922713540e-01 -9.329516013895949866e-01
-6.287315560843566020e-01 -8.654464985747378769e-01 -9.367771999812609662e-01 -9.341278152085368269e-01 -9.332887880731112196e-01 -9.331255798493466314e-01 -9.331167485648454996e-01
-6.134849552270186246e-01 -8.547370170256403110e-01 -9.323878324035662635e-01 -9.299368462695120074e-01 -9.304661508413728521e-01 -9.326870884143625418e-01 -9.330269830391334507e-01
-6.326800888112106280e-01 -7.773082559346038423e-01 -9.323700568549240231e-01 -9.314680582257145458e-01 -9.323901846543972693e-01 -9.337302689100233088e-01 -9.334532472911140077e-01
-7.778344877248546396e-01 -9.366783759999280923e-01 -9.330100085709017721e-01 -9.372010153804074539e-01 -9.346880662924926808e-01 -9.340128094593125319e-01 -9.332361851293082822e-01
-6.921349054261511924e-01 -8.543519429810639831e-01 -9.344275417769660752e-01 -9.317346231080773089e-01 -9.328408889024775164e-01 -9.326825002329146574e-01 -9.333103271035413373e-01
-6.965520538468930045e-01 -7.899816075793727466e-01 -9.383861270777765773e-01 -9.326289132929056480e-01 -9.326629537782984425e-01 -9.332230433846468998e-01 -9.326927365739283715e-01
-7.225566990381226962e-01 -8.674265163189276429e-01 -9.328880142893367644e-01 -9.346999269560528623e-01 -9.338880676550296300e-01 -9.334852388867590500e-01 -9.332405194056139219e-01
-6.446892340852209413e-01 -7.794558078205049423e-01 -9.356964059565333613e-01 -9.366598560172648691e-01 -9.343352221357309473e-01 -9.344637655070358040e-01 -9.340299720589103627e-01
-6.164004131891955840e-01 -9.304397261477727055e-01 -9.351323326522191781e-01 -9.302927975746339007e-01 -9.322504938116705775e-01 -9.319492192582603529e-01 -9.329612689895244726e-01
-6.244400199142933205e-01 -7.086376359983759254e-01 -9.320922635230897146e-01 -9.340052553555218129e-01 -9.336297284076304770e-01 -9.331522999392418694e-01 -9.331758875829578859e-01
-6.315933142875244100e-01 -9.306690306024667514e-01 -9.374779290253654196e-01 -9.355625789710260154e-01 -9.334570026247606123e-01 -9.332672836330289101e-01 -9.337476655193629460e-01
-7.041196428863962797e-01 -8.490752948252058285e-01 -9.327529534430722968e-01 -9.327296826822814024e-01 -9.327150805117068177e-01 -9.336265758764062950e-01 -9.336778905386045047e-01
-8.509164841848121386e-01 -8.553879413222433836e-01 -9.319792146047813919e-01 -9.341597521941986670e-01 -9.327775012968616553e-01 -9.337619599632831502e-01 -9.338288429736433249e-01
-7.701074251823433192e-01 -9.352760819662544467e-01 -9.381210723290405173e-01 -9.319033313013729281e-01 -9.322947266507174424e-01 -9.338256854080846381e-01 -9.339491736743594785e-01
-6.179180127449629412e-01 -7.796177809949543791e-01 -9.338387884975768438e-01 -9.341564371867067118e-01 -9.346734017411858497e-01 -9.339047196079701685e-01 -9.327095063031646260e-01
-6.215425732051562679e-01 -7.808513178558139645e-01 -9.399728666068083438e-01 -9.332539608851564417e-01 -9.343580126273449693e-01 -9.331022422086391321e-01 -9.329426865945992242e-01
-6.238532539330353677e-01 -6.912536313774967356e-01 -9.282165119017359300e-01 -9.313280667326013784e-01 -9.326131467368101724e-01 -9.333026155082295716e-01 -9.329946082859557066e-01
-6.227879125674606886e-01 -8.590703657010101413e-01 -9.349539543447994427e-01 -9.364312633394398233e-01 -9.349718623079524837e-01 -9.336755286609860205e-01 -9.331862075099369713e-01
-6.923118963602762355e-01 -8.535622712772886755e-01 -9.353016150211325153e-01 -9.324372910604736830e-01 -9.334335074361032047e-01 -9.334666481431653784e-01 -9.334080779460097732e-01
-6.182301962364764591e-01 -7.809219549038846075e-01 -9.382559304919741994e-01 -9.378426901630159129e-01 -9.346044098160042335e-01 -9.338625449231023889e-01 -9.334652724659621148e-01
-7.046117192191146961e-01 -7.745569867541926001e-01 -8.574091241633186034e-01 -9.366186212189641092e-01 -9.314198965123976492e-01 -9.330375798933041587e-01 -9.333792046584022950e-01
-7.038377731583574937e-01 -8.513408357873516463e-01 -9.325440178085043774e-01 -9.350046108709648696e-01 -9.340193240256546847e-01 -9.339476504834162141e-01 -9.336238671352512508e-01
-7.049588977461327399e-01 -7.015633535834492340e-01 -9.346895339536988034e-01 -9.321178649341052003e-01 -9.333765545981187461e-01 -9.341988734467331357e-01 -9.322707798778504529e-01
-7.776906154631855195e-01 -8.579591126726674455e-01 -9.319474351114465094e-01 -9.310627082498825757e-01 -9.318616290909449429e-01 -9.334499008368474238e-01 -9.335737344416270567e-01
-6.335575646887815493e-01 -7.102826982955949831e-01 -9.355935263777388489e-01 -9.342781577442191843e-01 -9.342254088490351549e-01 -9.338159724216484880e-01 -9.333275397854662314e-01
-7.730469307031837545e-01 -8.558607589850570907e-01 -9.312254495029775869e-01 -9.349859819228103497e-01 -9.341279831368121123e-01 -9.341242453747021779e-01 -9.335877899359512622e-01
-7.917778240469426354e-01 -8.655055888204938874e-01 -9.421229353889928326e-01 -9.361675192253796629e-01 -9.341577561886078573e-01 -9.335533782125036151e-01 -9.332750700230411089e-01
-6.227110301872592624e-01 -7.767178284383918774e-01 -9.355560000379167240e-01 -9.343561587394992873e-01 -9.332454968702057485e-01 -9.332289036649684677e-01 -9.332307506182073720e-01
-6.205129588007235464e-01 -7.621895107209805120e-01 -9.263759747149667989e-01 -9.323492668415440665e-01 -9.336763900730706833e-01 -9.334201111330667766e-01 -9.331389950790608401e-01
-6.146191249051021765e-01 -8.556175600234776635e-01 -9.322203647701000628e-01 -9.323758966560343753e-01 -9.304620458133587846e-01 -9.324837474184825004e-01 -9.331824489836624270e-01
