(-0.9332610574596039+0j)
-9.305057319774664437e-01 -9.313667079378133984e-01 -9.340726323846176848e-01 -9.336707281133894698e-01 -9.336184912187205365e-01 -9.332003076139634423e-01 -9.332518916266177023e-01
-9.330886598585070857e-01 -9.305057319774664437e-01 -9.325966735954517306e-01 -9.332341769222276540e-01 -9.330479036000290938e-01 -9.334694073322431507e-01 -9.335279358307179143e-01
-9.408374435016286785e-01 -9.356715877395476166e-01 -9.350566049107283950e-01 -9.335252110496687905e-01 -9.332109286339409504e-01 -9.335152115396099237e-01 -9.331935668150784791e-01
-9.382545156205881476e-01 -9.365325636998944603e-01 -9.343186255161454179e-01 -9.346165890275732746e-01 -9.338834068988272064e-01 -9.335001180429619572e-01 -9.332572540929674476e-01
-9.330886598585070857e-01 -9.287837800567727564e-01 -9.318586942008686425e-01 -9.335252110496687905e-01 -9.333739536678526960e-01 -9.334236031248763776e-01 -9.331741623554749010e-01
-9.279228040964259128e-01 -9.296447560171196001e-01 -9.313667079378133984e-01 -9.328703842629261223e-01 -9.337203818649153497e-01 -9.335094860136889938e-01 -9.332822244994519734e-01
-9.253398762153853818e-01 -9.322276838981602420e-01 -9.308747216747580433e-01 -9.335979695815290746e-01 -9.337203818649153497e-01 -9.332704617319482754e-01 -9.332709734134735369e-01
-9.330886598585070857e-01 -9.322276838981602420e-01 -9.328426667269793526e-01 -9.328703842629261223e-01 -9.328645004368782967e-01 -9.331831310362009857e-01 -9.332451100580875236e-01
-9.356715877395476166e-01 -9.339496358188539293e-01 -9.340726323846176848e-01 -9.308665871708438067e-01 -9.327694590615330794e-01 -9.334886669911202084e-01 -9.333801653279989452e-01
-9.330886598585070857e-01 -9.339496358188539293e-01 -9.325966735954517306e-01 -9.341072793045511746e-01 -9.328917278369670552e-01 -9.331414929910633038e-01 -9.332487369704030034e-01
-9.305057319774664437e-01 -9.330886598585070857e-01 -9.340726323846176848e-01 -9.336707281133894698e-01 -9.335777349602425446e-01 -9.332825480579698407e-01 -9.331339977044008638e-01
-9.356715877395476166e-01 -9.348106117792007730e-01 -9.338266392530900628e-01 -9.323610745399040223e-01 -9.331294161169849666e-01 -9.332023906950780434e-01 -9.331967811610454300e-01
-9.330886598585070857e-01 -9.322276838981602420e-01 -9.333346529900347077e-01 -9.333796939859482222e-01 -9.333943317970917475e-01 -9.331012280497968936e-01 -9.333156972883088764e-01
-9.305057319774664437e-01 -9.330886598585070857e-01 -9.328426667269793526e-01 -9.334524525178085064e-01 -9.337611381233933416e-01 -9.331279588581070650e-01 -9.333260143286515875e-01
-9.305057319774664437e-01 -9.330886598585070857e-01 -9.338266392530900628e-01 -9.338890037089703222e-01 -9.335369787017645526e-01 -9.336468986357893129e-01 -9.332481813494910572e-01
-9.305057319774664437e-01 -9.330886598585070857e-01 -9.338266392530900628e-01 -9.331614183903673698e-01 -9.336796256064374688e-01 -9.338587430948604995e-01 -9.333681637023386601e-01
-9.305057319774664437e-01 -9.322276838981602420e-01 -9.328426667269793526e-01 -9.330886598585070857e-01 -9.332924411508968232e-01 -9.335667412728975156e-01 -9.333322502757906980e-01
-9.253398762153853818e-01 -9.270618281360790691e-01 -9.323506804639239975e-01 -9.327976257310658381e-01 -9.319611831628238363e-01 -9.330098058948839146e-01 -9.331753176178361198e-01
-9.305057319774664437e-01 -9.322276838981602420e-01 -9.325966735954517306e-01 -9.330159013266468016e-01 -9.337611381233933416e-01 -9.332216503539551011e-01 -9.334179860648258442e-01
-9.330886598585070857e-01 -9.348106117792007730e-01 -9.348106117792007730e-01 -9.340345207726908905e-01 -9.337611381233933416e-01 -9.331165078062654272e-01 -9.332637121319262707e-01
-9.356715877395476166e-01 -9.296447560171196001e-01 -9.338266392530900628e-01 -9.318852066168880066e-01 -9.330343747416398603e-01 -9.329697272134379604e-01 -9.330785096914711030e-01
-9.305057319774664437e-01 -9.339496358188539293e-01 -9.321046873323963755e-01 -9.344710719638527063e-01 -9.334350880555696284e-01 -9.333300628268100807e-01 -9.334454877509622550e-01
-9.305057319774664437e-01 -9.296447560171196001e-01 -9.335806461215624408e-01 -9.341072793045511746e-01 -9.338834068988272064e-01 -9.334064265471138100e-01 -9.333525732301511946e-01
-9.305057319774664437e-01 -9.322276838981602420e-01 -9.333346529900347077e-01 -9.333069354540879381e-01 -9.336592474771984174e-01 -9.334142351541492300e-01 -9.332650244173628096e-01
-9.408374435016286785e-01 -9.339496358188539293e-01 -9.330886598585070857e-01 -9.326521086673452698e-01 -9.334147099263306879e-01 -9.332331014057968499e-01 -9.332642824263507331e-01
-9.330886598585070857e-01 -9.365325636998944603e-01 -9.355485911737837501e-01 -9.337434866452497539e-01 -9.336388693479594769e-01 -9.335781923247391534e-01 -9.333348943273331866e-01
-9.330886598585070857e-01 -9.339496358188539293e-01 -9.330886598585070857e-01 -9.333796939859482222e-01 -9.332177779047906574e-01 -9.331928364645303287e-01 -9.332990405905373654e-01
-9.305057319774664437e-01 -9.365325636998944603e-01 -9.335806461215624408e-01 -9.330886598585070857e-01 -9.335369787017645526e-01 -9.334236031248763776e-01 -9.333236147694240481e-01
-9.305057319774664437e-01 -9.305057319774664437e-01 -9.318586942008686425e-01 -9.330159013266468016e-01 -9.331294161169849666e-01 -9.332252927987614299e-01 -9.332106607499597306e-01
-9.330886598585070857e-01 -9.313667079378133984e-01 -9.311207148062856653e-01 -9.317790062850217492e-01 -9.334962224432866718e-01 -9.336556440275159963e-01 -9.335060981293638038e-01
-9.330886598585070857e-01 -9.348106117792007730e-01 -9.343186255161454179e-01 -9.334524525178085064e-01 -9.334758443140476203e-01 -9.334884807312997523e-01 -9.333927378812251208e-01
-9.279228040964259128e-01 -9.313667079378133984e-01 -9.340726323846176848e-01 -9.333069354540879381e-01 -9.333128192801357637e-01 -9.331945820880426234e-01 -9.333043580406474860e-01
-9.382545156205881476e-01 -9.330886598585070857e-01 -9.330886598585070857e-01 -9.333796939859482222e-01 -9.334147099263306879e-01 -9.334350541767181264e-01 -9.333721300880517546e-01
-9.382545156205881476e-01 -9.339496358188539293e-01 -9.338266392530900628e-01 -9.340345207726908905e-01 -9.334147099263306879e-01 -9.333283522653366138e-01 -9.333199631863473567e-01
-9.305057319774664437e-01 -9.330886598585070857e-01 -9.340726323846176848e-01 -9.329431427947864064e-01 -9.332109286339409504e-01 -9.331964789093366575e-01 -9.333916863291535915e-01
-9.382545156205881476e-01 -9.356715877395476166e-01 -9.343186255161454179e-01 -9.343255549001321381e-01 -9.338426506403492144e-01 -9.335172946207244138e-01 -9.333467001591292389e-01
-9.279228040964259128e-01 -9.330886598585070857e-01 -9.343186255161454179e-01 -9.341072793045511746e-01 -9.338834068988272064e-01 -9.331529440429049416e-01 -9.333322502757906980e-01
-9.408374435016286785e-01 -9.356715877395476166e-01 -9.345646186476730399e-01 -9.343255549001321381e-01 -9.335981130894814850e-01 -9.335802754058536435e-01 -9.333643937354597631e-01
-9.356715877395476166e-01 -9.339496358188539293e-01 -9.345646186476730399e-01 -9.345438304957129905e-01 -9.339852975450221306e-01 -9.331565864877112704e-01 -9.333724149268646242e-01
-9.330886598585070857e-01 -9.322276838981602420e-01 -9.306287285432303102e-01 -9.330159013266468016e-01 -9.324637871229484176e-01 -9.329991567414520626e-01 -9.332698253238174146e-01
-9.382545156205881476e-01 -9.356715877395476166e-01 -9.348106117792007730e-01 -9.342527963682718539e-01 -9.327355520739050165e-01 -9.332189177165838290e-01 -9.333400872273408533e-01
-9.356715877395476166e-01 -9.356715877395476166e-01 -9.353025980422561281e-01 -9.341800378364114588e-01 -9.335234498433753192e-01 -9.334229630900041652e-01 -9.333656891588042459e-01
-9.356715877395476166e-01 -9.330886598585070857e-01 -9.318586942008686425e-01 -9.333069354540879381e-01 -9.340056756742610711e-01 -9.330189876057906062e-01 -9.331688595788772966e-01
-9.356715877395476166e-01 -9.339496358188539293e-01 -9.345646186476730399e-01 -9.337434866452497539e-01 -9.334147099263306879e-01 -9.334293286507971965e-01 -9.335357909502655094e-01
-9.305057319774664437e-01 -9.296447560171196001e-01 -9.316127010693410204e-01 -9.330159013266468016e-01 -9.333739536678526960e-01 -9.331243164133007362e-01 -9.332701408238601726e-01
-9.356715877395476166e-01 -9.356715877395476166e-01 -9.328426667269793526e-01 -9.337434866452497539e-01 -9.336592474771984174e-01 -9.335667412728975156e-01 -9.333720668492540007e-01
-9.356715877395476166e-01 -9.330886598585070857e-01 -9.340726323846176848e-01 -9.335252110496687905e-01 -9.334962224432866718e-01 -9.338301154652562941e-01 -9.333933081756495831e-01
-9.382545156205881476e-01 -9.348106117792007730e-01 -9.321046873323963755e-01 -9.329431427947864064e-01 -9.323415183475145529e-01 -9.331128653614590984e-01 -9.331530829291929674e-01
-9.305057319774664437e-01 -9.322276838981602420e-01 -9.340726323846176848e-01 -9.331614183903673698e-01 -9.333943317970917475e-01 -9.332422831167034305e-01 -9.332754142534327446e-01
-9.330886598585070857e-01 -9.322276838981602420e-01 -9.316127010693410204e-01 -9.336707281133894698e-01 -9.336388693479594769e-01 -9.335209370655307426e-01 -9.335095802513704299e-01
