(-0.9331917641317224+0j)
-7.028072498495161469e-01 -9.185968257481917920e-01 -9.266014614060725796e-01 -9.321002627413584873e-01 -9.331740468776438258e-01 -9.331553629182869347e-01 -9.328935724415949871e-01
-6.269141700980452869e-01 -7.794685595777823828e-01 -9.372204485928066209e-01 -9.365018379222659339e-01 -9.349873026227693007e-01 -9.335088398814873623e-01 -9.337957187198229203e-01
-7.103794890608368107e-01 -9.380205374342122093e-01 -9.333997600990767696e-01 -9.330792165616225153e-01 -9.334477967028673717e-01 -9.334606587889020535e-01 -9.326693299131330050e-01
-5.860678894918225357e-01 -8.465106463869401798e-01 -9.304589173204240726e-01 -9.326594005458188619e-01 -9.329285736553135644e-01 -9.328505567458501568e-01 -9.331091836180477328e-01
-7.019924095846197254e-01 -7.707134854356153530e-01 -9.284745210435600971e-01 -9.307437954631572197e-01 -9.330911979770065701e-01 -9.327588848448271630e-01 -9.329658269882487032e-01
-7.063334820639346479e-01 -8.685686135662369356e-01 -9.416971931063305989e-01 -9.354918235345898170e-01 -9.348870499615511420e-01 -9.340663452916538878e-01 -9.330128664678323247e-01
-6.874877965571835059e-01 -7.710393317716222050e-01 -9.287556551808346939e-01 -9.329687250036131640e-01 -9.333843281015025140e-01 -9.337718137842370147e-01 -9.334424243846141112e-01
-7.661136985562941870e-01 -9.256807241194799918e-01 -9.348081195916624342e-01 -9.365154813292183578e-01 -9.342314954929579196e-01 -9.335200725365148111e-01 -9.339461485032397592e-01
-6.194387364624619474e-01 -9.208497377711500897e-01 -9.309845424611308262e-01 -9.336498187721198327e-01 -9.322774923229690813e-01 -9.332277116669021044e-01 -9.329658068490528366e-01
-7.008530136359815144e-01 -6.998774846404774985e-01 -9.316962560944801464e-01 -9.342851333678587888e-01 -9.324769018017686761e-01 -9.328480266578257352e-01 -9.333906406660393840e-01
-6.771583291138801863e-01 -7.650718071166215939e-01 -9.311093091919491194e-01 -9.310859511145846978e-01 -9.326977665623105151e-01 -9.334491098317634350e-01 -9.329886733791341591e-01
-7.051030631256739456e-01 -9.401717017494533035e-01 -9.330288726562713242e-01 -9.315793863889868520e-01 -9.320856236602289568e-01 -9.327344510159651936e-01 -9.329406494834230346e-01
-6.295427428925437496e-01 -8.468453547778204138e-01 -8.522231066337162542e-01 -9.326388605292120770e-01 -9.318936843977264628e-01 -9.334517879223552805e-01 -9.331246840038341928e-01
-6.998749799430499241e-01 -8.582253449859541528e-01 -9.349796911707634051e-01 -9.342222809653706328e-01 -9.336827792793568337e-01 -9.333678637553400881e-01 -9.329002502616605685e-01
-6.892937938352936555e-01 -9.295515749465580457e-01 -9.326339208346198228e-01 -9.336551809699445981e-01 -9.336668051194312312e-01 -9.337033955755574821e-01 -9.330252425252753001e-01
-6.884982664160099741e-01 -7.691270827933036625e-01 -9.382236025973079707e-01 -9.350820881336481261e-01 -9.337276148978088663e-01 -9.334698546524466956e-01 -9.330174703655306212e-01
-6.181215525277147238e-01 -7.023356691858457790e-01 -9.375870151437742939e-01 -9.328157642752855638e-01 -9.310875685712279859e-01 -9.329864354969619189e-01 -9.333697866381083230e-01
-7.666745013347132653e-01 -8.514607943005196855e-01 -9.349692505355871042e-01 -9.329426199196918512e-01 -9.327540949914692181e-01 -9.326489804589878085e-01 -9.331807904374496143e-01
-6.270977506699696447e-01 -8.522449175170260238e-01 -9.288133443092236874e-01 -9.336275709815534674e-01 -9.344834342123395921e-01 -9.331285743693226165e-01 -9.331296791363652421e-01
-6.405815189076811134e-01 -8.605190055207212474e-01 -9.331614341955100089e-01 -9.344231042157219447e-01 -9.328928597962689029e-01 -9.331668565306452390e-01 -9.332039350588503535e-01
-5.999005543428996834e-01 -6.921317160926514500e-01 -9.317168986802826236e-01 -9.316970886472676350e-01 -9.340927418929595438e-01 -9.327007022105080480e-01 -9.329945860444149863e-01
-7.889340841278061900e-01 -8.527823791739133075e-01 -9.327348604829236445e-01 -9.337432426474598923e-01 -9.330280362548118989e-01 -9.330796448044211822e-01 -9.330608520127242622e-01
-6.857093416370767525e-01 -7.736586231974991179e-01 -9.341308651092419257e-01 -9.346439556365820911e-01 -9.343354247877255769e-01 -9.337241617702788377e-01 -9.331119853937377417e-01
-7.841153626765152707e-01 -8.523068297149536399e-01 -9.319088507800661336e-01 -9.326315523617565439e-01 -9.327762191580272200e-01 -9.336452407686918198e-01 -9.339167179780839545e-01
-6.200945489271074695e-01 -7.818547504391257785e-01 -9.322555265580577677e-01 -9.316965516739132980e-01 -9.321019925900534409e-01 -9.335681555123651609e-01 -9.329260739074588527e-01
-6.140187095971030296e-01 -8.547104397398597175e-01 -9.315070376747305314e-01 -9.325760454430762625e-01 -9.326484323653968511e-01 -9.331830116557674470e-01 -9.332452859244899646e-01
-6.856819252776538143e-01 -8.546460363107156732e-01 -9.348554755190753296e-01 -9.331772554065569381e-01 -9.337425617741160755e-01 -9.336366313287320917e-01 -9.330873277967755008e-01
-8.048848355404785160e-01 -7.719499306055035426e-01 -9.376289117324151379e-01 -9.381581697020263677e-01 -9.366710357712521029e-01 -9.342084387088253061e-01 -9.335875330331276922e-01
-7.032562735599882098e-01 -8.586249919082653559e-01 -9.303346515009466300e-01 -9.345803018663566553e-01 -9.337853645011188197e-01 -9.338916403264161392e-01 -9.328159928679295998e-01
-6.133925548317122889e-01 -8.585573621522224474e-01 -9.334564974595900289e-01 -9.333634218279617256e-01 -9.331550853298558046e-01 -9.335700404377672568e-01 -9.336987862795051996e-01
-6.173350700165446403e-01 -7.030134243560139939e-01 -9.396599484205467867e-01 -9.334861772593129325e-01 -9.337365915295177121e-01 -9.336364029328921843e-01 -9.335274508017992190e-01
-7.126884778730997461e-01 -7.762746470003736299e-01 -9.332534469313868986e-01 -9.325727038251853118e-01 -9.321990348594011433e-01 -9.333777160354163049e-01 -9.334911351388360812e-01
-7.697645168015092576e-01 -9.333828805991634114e-01 -9.370556767085210792e-01 -9.316176611938966623e-01 -9.320422179957645881e-01 -9.328329739963908684e-01 -9.328803864613203212e-01
-7.066230089740442866e-01 -8.502242242111845982e-01 -9.349189109925262198e-01 -9.328122374515332993e-01 -9.332224958659592895e-01 -9.333664941355706013e-01 -9.328384573289245640e-01
-7.492858766541149462e-01 -8.482801683862288833e-01 -9.289227821119793171e-01 -9.307156719100285747e-01 -9.319437918821104061e-01 -9.333071283640160809e-01 -9.333315099408807658e-01
-7.718446639188887293e-01 -9.320461063721942052e-01 -9.339041370861306257e-01 -9.331445847019298467e-01 -9.329600123668783107e-01 -9.340132063328555612e-01 -9.335236760715227566e-01
-6.676516057572654539e-01 -8.421090209691876050e-01 -9.246744214700821640e-01 -9.315848518309898241e-01 -9.333634167164206463e-01 -9.334649625568317566e-01 -9.332901603400475254e-01
-7.746866494157974570e-01 -7.763651027616886857e-01 -9.346578770460088892e-01 -9.338158353817967994e-01 -9.330651994959067164e-01 -9.333767669865069561e-01 -9.336244055631544025e-01
-6.688460324057713402e-01 -7.009875634928370847e-01 -9.365070611935195632e-01 -9.340342073729190897e-01 -9.338579430560679517e-01 -9.330549167378514586e-01 -9.331943357607691558e-01
-6.228539734938463024e-01 -6.984207431237554609e-01 -9.325404359797878628e-01 -9.334315276680611451e-01 -9.324119890249972231e-01 -9.329791619690508409e-01 -9.330216886308363433e-01
-8.585562207382161359e-01 -9.456548376966479319e-01 -9.347804889005576490e-01 -9.363531647070847397e-01 -9.341259998405186948e-01 -9.340694077578444166e-01 -9.335428278509479982e-01
-6.309006568100234968e-01 -8.570768175871545935e-01 -9.314405554638151008e-01 -9.339262337211362563e-01 -9.338327900470813070e-01 -9.329457330167246765e-01 -9.329512997923650186e-01
-7.609122723921902809e-01 -8.545535159265431613e-01 -9.358347563736478802e-01 -9.338759558270162131e-01 -9.347622058826160485e-01 -9.340721872734120135e-01 -9.336518918900357233e-01
-7.045790175055760551e-01 -8.614359895755916430e-01 -9.350544767707337224e-01 -9.332463144711062863e-01 -9.344464387762073665e-01 -9.333613588260929461e-01 -9.332166079059091013e-01
-6.956980869076392349e-01 -7.770834895944063181e-01 -9.346714989887688896e-01 -9.340615333722642744e-01 -9.322209791152581415e-01 -9.337155204948224263e-01 -9.336373442422266633e-01
-6.001548455375341762e-01 -8.487780466958899650e-01 -9.318160585134932505e-01 -9.332714888947870602e-01 -9.338319991808393672e-01 -9.340129978211471062e-01 -9.337354358223527440e-01
-6.748263069006139592e-01 -7.712474034617252672e-01 -9.285986270525486974e-01 -9.325997876992413449e-01 -9.327552378700472158e-01 -9.324181230817485400e-01 -9.326397588115765691e-01
-6.829349639722037679e-01 -7.683434855715970402e-01 -9.284046405729795559e-01 -9.313928021992563533e-01 -9.344558541392753437e-01 -9.339723414360213694e-01 -9.337167792166363167e-01
-6.269786713673990430e-01 -8.500122906725892102e-01 -9.271247056193188119e-01 -9.287404507424034117e-01 -9.308409838124211966e-01 -9.325691895815195753e-01 -9.325274053610838054e-01
-7.408536330419996929e-01 -7.871942042574048282e-01 -9.331764256082225595e-01 -9.318025216437521019e-01 -9.338349483043637544e-01 -9.333278455503204452e-01 -9.329571714983191377e-01
