(-0.9331713618436485+0j)
-9.324414841083927818e-01 -9.335326769414018511e-01 -9.333356079006609463e-01 -9.332399232816441792e-01 -9.331214515769563622e-01 -9.331914118599667907e-01 -9.331889308375064251e-01
-9.331585536843701734e-01 -9.330338459320262068e-01 -9.336897163332422700e-01 -9.333619776775552435e-01 -9.332127798413594189e-01 -9.331449295627813889e-01 -9.331736297529636959e-01
-9.338756232603475649e-01 -9.332832614367140289e-01 -9.332647862141445483e-01 -9.332602656809627639e-01 -9.324795087376032132e-01 -9.330351503631846288e-01 -9.331585749904340865e-01
-9.324414841083927818e-01 -9.330338459320262068e-01 -9.337605380197586680e-01 -9.333212928789182961e-01 -9.331442836430572374e-01 -9.331930146978006935e-01 -9.331997316030660183e-01
-9.338756232603475649e-01 -9.340315079507774954e-01 -9.332647862141445483e-01 -9.332806080802811266e-01 -9.331271595934815810e-01 -9.331337096979435142e-01 -9.331853305823198941e-01
-9.345926928363249564e-01 -9.345303389601530286e-01 -9.328398560950468266e-01 -9.331382112850516997e-01 -9.332013638083090923e-01 -9.332042345626385682e-01 -9.331929811245912587e-01
-9.324414841083927818e-01 -9.330338459320262068e-01 -9.331939645276283724e-01 -9.330161568891406354e-01 -9.332926920727122599e-01 -9.332010288869706516e-01 -9.331713795934721833e-01
-9.345926928363249564e-01 -9.335326769414018511e-01 -9.331939645276283724e-01 -9.332806080802811266e-01 -9.333155241388129131e-01 -9.332603338868279419e-01 -9.332010816987609259e-01
-9.324414841083927818e-01 -9.322855994179628514e-01 -9.323441042894329289e-01 -9.330161568891406354e-01 -9.332299038909350752e-01 -9.331096671304337509e-01 -9.331943312202861662e-01
-9.331585536843701734e-01 -9.335326769414018511e-01 -9.340438247658238158e-01 -9.337891680632439684e-01 -9.333383562049137883e-01 -9.333388729406930651e-01 -9.332382155798342183e-01
-9.324414841083927818e-01 -9.327844304273384957e-01 -9.326982127220142527e-01 -9.329144448925480448e-01 -9.331328676100067998e-01 -9.331753834816269855e-01 -9.331767799762519244e-01
-9.324414841083927818e-01 -9.327844304273384957e-01 -9.325565693489816788e-01 -9.330975264864146412e-01 -9.330586633951792885e-01 -9.331160784817695841e-01 -9.331502280942514105e-01
-9.331585536843701734e-01 -9.327844304273384957e-01 -9.324857476624655028e-01 -9.329347872918665185e-01 -9.329901671968769961e-01 -9.331529437519512360e-01 -9.331574286046243616e-01
-9.324414841083927818e-01 -9.330338459320262068e-01 -9.333356079006609463e-01 -9.330568416877775828e-01 -9.330986195108557091e-01 -9.331689721302910412e-01 -9.332105323686255005e-01
-9.338756232603475649e-01 -9.335326769414018511e-01 -9.334064295871771222e-01 -9.331992384830072318e-01 -9.330301233125533056e-01 -9.332042345626385682e-01 -9.331925310926929562e-01
-9.331585536843701734e-01 -9.345303389601530286e-01 -9.331939645276283724e-01 -9.329958144898220507e-01 -9.331385756265320186e-01 -9.331593551032870693e-01 -9.331934311564895612e-01
-9.331585536843701734e-01 -9.332832614367140289e-01 -9.329106777815632245e-01 -9.328941024932295711e-01 -9.331671157091578905e-01 -9.331305040222754865e-01 -9.330996359166879861e-01
-9.331585536843701734e-01 -9.327844304273384957e-01 -9.333356079006609463e-01 -9.332399232816441792e-01 -9.333155241388129131e-01 -9.332731565894998305e-01 -9.332015317306592284e-01
-9.324414841083927818e-01 -9.327844304273384957e-01 -9.324857476624655028e-01 -9.331382112850516997e-01 -9.331899477752587657e-01 -9.330952415899278485e-01 -9.331817303271333630e-01
-9.338756232603475649e-01 -9.332832614367140289e-01 -9.334064295871771222e-01 -9.332195808823257055e-01 -9.332698600066113848e-01 -9.331689721302910412e-01 -9.332064820815406669e-01
-9.331585536843701734e-01 -9.335326769414018511e-01 -9.333356079006609463e-01 -9.332399232816441792e-01 -9.332413199239855128e-01 -9.332090430761406097e-01 -9.332163827833035441e-01
-9.317244145324152793e-01 -9.325350149226506735e-01 -9.331939645276283724e-01 -9.333009504795997113e-01 -9.331899477752587657e-01 -9.331850005086308464e-01 -9.331848805504215916e-01
-9.353097624123023479e-01 -9.337820924460895622e-01 -9.334064295871771222e-01 -9.330364992884591091e-01 -9.331671157091578905e-01 -9.331978232113027349e-01 -9.332114324324221055e-01
-9.317244145324152793e-01 -9.330338459320262068e-01 -9.329106777815632245e-01 -9.332195808823257055e-01 -9.331728237256831093e-01 -9.331962203734687211e-01 -9.331520282218446205e-01
-9.338756232603475649e-01 -9.337820924460895622e-01 -9.336188946467260941e-01 -9.332806080802811266e-01 -9.332241958744098564e-01 -9.331369153736114308e-01 -9.331412274562850273e-01
-9.324414841083927818e-01 -9.322855994179628514e-01 -9.326273910354980767e-01 -9.331992384830072318e-01 -9.330700794282296151e-01 -9.331224898331056394e-01 -9.331367271373018912e-01
-9.331585536843701734e-01 -9.330338459320262068e-01 -9.331231428411119744e-01 -9.328330752952740390e-01 -9.331043275273808169e-01 -9.331689721302910412e-01 -9.331880307737097091e-01
-9.331585536843701734e-01 -9.335326769414018511e-01 -9.326982127220142527e-01 -9.331585536843701734e-01 -9.332413199239855128e-01 -9.331369153736114308e-01 -9.331808302633367580e-01
-9.331585536843701734e-01 -9.335326769414018511e-01 -9.336188946467260941e-01 -9.332806080802811266e-01 -9.332241958744098564e-01 -9.331882061842988740e-01 -9.332042319220490434e-01
-9.331585536843701734e-01 -9.332832614367140289e-01 -9.331231428411119744e-01 -9.330568416877775828e-01 -9.331385756265320186e-01 -9.332587310489939281e-01 -9.332123324962187105e-01
-9.338756232603475649e-01 -9.335326769414018511e-01 -9.330523211545957984e-01 -9.330975264864146412e-01 -9.332070718248343111e-01 -9.331689721302910412e-01 -9.331857806142181966e-01
-9.338756232603475649e-01 -9.337820924460895622e-01 -9.336897163332422700e-01 -9.332399232816441792e-01 -9.331899477752587657e-01 -9.332122487518085263e-01 -9.331880307737097091e-01
-9.353097624123023479e-01 -9.332832614367140289e-01 -9.334064295871771222e-01 -9.333619776775552435e-01 -9.331442836430572374e-01 -9.332138515896425401e-01 -9.331848805504215916e-01
-9.324414841083927818e-01 -9.330338459320262068e-01 -9.331939645276283724e-01 -9.334230048755107756e-01 -9.333326481883885695e-01 -9.331994260491367488e-01 -9.331799301995400420e-01
-9.338756232603475649e-01 -9.335326769414018511e-01 -9.332647862141445483e-01 -9.331992384830072318e-01 -9.331385756265320186e-01 -9.331513409141172222e-01 -9.331848805504215916e-01
-9.317244145324152793e-01 -9.325350149226506735e-01 -9.331939645276283724e-01 -9.332195808823257055e-01 -9.331556996761075640e-01 -9.331705749681249440e-01 -9.332037818901508519e-01
-9.324414841083927818e-01 -9.335326769414018511e-01 -9.335480729602096961e-01 -9.337891680632439684e-01 -9.334867646345688108e-01 -9.333100218596813713e-01 -9.332519353032704412e-01
-9.331585536843701734e-01 -9.332832614367140289e-01 -9.331939645276283724e-01 -9.331178688857331149e-01 -9.332413199239855128e-01 -9.330159163091767960e-01 -9.331500243843662279e-01
-9.324414841083927818e-01 -9.332832614367140289e-01 -9.330523211545957984e-01 -9.331585536843701734e-01 -9.331385756265320186e-01 -9.331689721302910412e-01 -9.331565285408277566e-01
-9.345926928363249564e-01 -9.340315079507774954e-01 -9.332647862141445483e-01 -9.331178688857331149e-01 -9.329730431473013397e-01 -9.331192841574376118e-01 -9.331560785089294541e-01
-9.345926928363249564e-01 -9.327844304273384957e-01 -9.332647862141445483e-01 -9.334230048755107756e-01 -9.334125604197411885e-01 -9.333132275353492879e-01 -9.331893808694047276e-01
-9.331585536843701734e-01 -9.325350149226506735e-01 -9.330523211545957984e-01 -9.330568416877775828e-01 -9.331614076926327828e-01 -9.331914118599667907e-01 -9.331452777433698609e-01
-9.345926928363249564e-01 -9.335326769414018511e-01 -9.331231428411119744e-01 -9.331382112850516997e-01 -9.330415393456037432e-01 -9.331321068601095003e-01 -9.331320231084335726e-01
-9.331585536843701734e-01 -9.337820924460895622e-01 -9.333356079006609463e-01 -9.333823200768738282e-01 -9.331499916595823452e-01 -9.331561494276192636e-01 -9.331700294977771648e-01
-9.338756232603475649e-01 -9.335326769414018511e-01 -9.329814994680794005e-01 -9.331178688857331149e-01 -9.330586633951792885e-01 -9.331032557790978066e-01 -9.330978108104879265e-01
-9.345926928363249564e-01 -9.330338459320262068e-01 -9.329814994680794005e-01 -9.332195808823257055e-01 -9.332299038909350752e-01 -9.332491140219900672e-01 -9.331857806142181966e-01
-9.324414841083927818e-01 -9.335326769414018511e-01 -9.334064295871771222e-01 -9.330568416877775828e-01 -9.330986195108557091e-01 -9.332010288869706516e-01 -9.332109824005239140e-01
-9.331585536843701734e-01 -9.332832614367140289e-01 -9.327690344085306506e-01 -9.329347872918665185e-01 -9.330643714117043963e-01 -9.331689721302910412e-01 -9.331853305823198941e-01
-9.317244145324152793e-01 -9.325350149226506735e-01 -9.332647862141445483e-01 -9.331992384830072318e-01 -9.333041081057625865e-01 -9.331946175356347073e-01 -9.332055820177440619e-01
-9.331585536843701734e-01 -9.332832614367140289e-01 -9.326982127220142527e-01 -9.330364992884591091e-01 -9.331899477752587657e-01 -9.331497380762832083e-01 -9.331578786365226641e-01
