(-0.9331713618436485+0j)
-9.322024609164003550e-01 -9.325848980235882379e-01 -9.329673351307761209e-01 -9.327811486443819966e-01 -9.332982076841860319e-01 -9.332445745519191149e-01 -9.332551761039697968e-01
-9.341146464523399917e-01 -9.325848980235882379e-01 -9.322024609164003550e-01 -9.333095157003654663e-01 -9.331585536843701734e-01 -9.331290744277581650e-01 -9.331962175907457802e-01
-9.302902753804604963e-01 -9.333497722379641148e-01 -9.329673351307761209e-01 -9.331208131803713224e-01 -9.331585536843701734e-01 -9.331391175056105158e-01 -9.332303079127226564e-01
-9.312463681484304256e-01 -9.325848980235882379e-01 -9.332222932022348205e-01 -9.330830726763725824e-01 -9.331907815304815168e-01 -9.332380653247502877e-01 -9.332975823121725245e-01
-9.322024609164003550e-01 -9.325848980235882379e-01 -9.330948141665055262e-01 -9.334982182203594991e-01 -9.333089502995564057e-01 -9.333334792932065360e-01 -9.330719743426227897e-01
-9.341146464523399917e-01 -9.329673351307761209e-01 -9.333497722379641148e-01 -9.331208131803713224e-01 -9.332874650688155471e-01 -9.330159912058841876e-01 -9.332184581758131703e-01
-9.331585536843701734e-01 -9.337322093451521088e-01 -9.337322093451521088e-01 -9.330453321723737314e-01 -9.331263258382588299e-01 -9.332168622206489239e-01 -9.332456915003157771e-01
-9.331585536843701734e-01 -9.322024609164003550e-01 -9.325848980235882379e-01 -9.330830726763725824e-01 -9.331692962997406582e-01 -9.331355836549269922e-01 -9.332233714478177511e-01
-9.341146464523399917e-01 -9.344970835595279857e-01 -9.334772512736935202e-01 -9.331962941883689133e-01 -9.333948912225200623e-01 -9.332309976233832405e-01 -9.331348939442665191e-01
-9.312463681484304256e-01 -9.333497722379641148e-01 -9.338596883808814031e-01 -9.332340346923677643e-01 -9.333411781456677492e-01 -9.332551761039697968e-01 -9.331348939442665191e-01
-9.331585536843701734e-01 -9.333497722379641148e-01 -9.330948141665055262e-01 -9.330830726763725824e-01 -9.330940979921474865e-01 -9.330543050892050605e-01 -9.331207585415322026e-01
-9.341146464523399917e-01 -9.337322093451521088e-01 -9.322024609164003550e-01 -9.333472562043642062e-01 -9.332767224534450623e-01 -9.331497190576611978e-01 -9.333440808452572179e-01
-9.312463681484304256e-01 -9.337322093451521088e-01 -9.334772512736935202e-01 -9.332717751963666153e-01 -9.333519207610382340e-01 -9.331915667916657053e-01 -9.329422365926340888e-01
-9.350707392203099211e-01 -9.325848980235882379e-01 -9.336047303094228145e-01 -9.330075916683748805e-01 -9.332767224534450623e-01 -9.332551761039697968e-01 -9.331348913806069012e-01
-9.312463681484304256e-01 -9.322024609164003550e-01 -9.327123770593175323e-01 -9.330453321723737314e-01 -9.335023173762244664e-01 -9.331921252658639254e-01 -9.331619165648761260e-01
-9.350707392203099211e-01 -9.333497722379641148e-01 -9.328398560950468266e-01 -9.331585536843701734e-01 -9.331155832228883451e-01 -9.330493648517554917e-01 -9.330642169305951583e-01
-9.312463681484304256e-01 -9.333497722379641148e-01 -9.328398560950468266e-01 -9.330075916683748805e-01 -9.332230093765928602e-01 -9.332380653247502877e-01 -9.331301119087240803e-01
-9.331585536843701734e-01 -9.333497722379641148e-01 -9.341146464523399917e-01 -9.331585536843701734e-01 -9.329974144538134562e-01 -9.332133283699654003e-01 -9.331391175056105158e-01
-9.322024609164003550e-01 -9.341146464523399917e-01 -9.327123770593175323e-01 -9.333472562043642062e-01 -9.332230093765928602e-01 -9.332522007274846043e-01 -9.331773001524692468e-01
-9.302902753804604963e-01 -9.325848980235882379e-01 -9.328398560950468266e-01 -9.331962941883689133e-01 -9.333841486071495774e-01 -9.330331019851036967e-01 -9.331177831650470100e-01
-9.331585536843701734e-01 -9.329673351307761209e-01 -9.328398560950468266e-01 -9.333849967083629462e-01 -9.332444946073337189e-01 -9.331124156898612521e-01 -9.333576577737932034e-01
-9.331585536843701734e-01 -9.333497722379641148e-01 -9.333497722379641148e-01 -9.336869207403535320e-01 -9.332337519919633451e-01 -9.330619312647705499e-01 -9.329977634782680163e-01
-9.331585536843701734e-01 -9.337322093451521088e-01 -9.327123770593175323e-01 -9.332340346923677643e-01 -9.332230093765928602e-01 -9.331774313889313888e-01 -9.332091048086212925e-01
-9.322024609164003550e-01 -9.341146464523399917e-01 -9.334772512736935202e-01 -9.334604777163606482e-01 -9.329651866077021127e-01 -9.332239299220160822e-01 -9.330818861840129985e-01
-9.312463681484304256e-01 -9.337322093451521088e-01 -9.329673351307761209e-01 -9.330453321723737314e-01 -9.332337519919633451e-01 -9.330442620113525987e-01 -9.333435223710588868e-01
-9.322024609164003550e-01 -9.341146464523399917e-01 -9.338596883808814031e-01 -9.331208131803713224e-01 -9.332230093765928602e-01 -9.330678820177409349e-01 -9.331608790839102108e-01
-9.331585536843701734e-01 -9.322024609164003550e-01 -9.328398560950468266e-01 -9.334604777163606482e-01 -9.334700895301131229e-01 -9.332693115067041134e-01 -9.332103529934800967e-01
-9.341146464523399917e-01 -9.337322093451521088e-01 -9.336047303094228145e-01 -9.333472562043642062e-01 -9.334271190686314057e-01 -9.331885914151805128e-01 -9.332543551568470708e-01
-9.312463681484304256e-01 -9.322024609164003550e-01 -9.332222932022348205e-01 -9.328943701563785496e-01 -9.333196929149268906e-01 -9.332339729998684330e-01 -9.332898249001448931e-01
-9.322024609164003550e-01 -9.337322093451521088e-01 -9.328398560950468266e-01 -9.329321106603772895e-01 -9.334486042993722643e-01 -9.330018558031498710e-01 -9.332262155878408016e-01
-9.322024609164003550e-01 -9.329673351307761209e-01 -9.343696045237985803e-01 -9.336869207403535320e-01 -9.329437013769612541e-01 -9.333293869683246813e-01 -9.330902020702389610e-01
-9.341146464523399917e-01 -9.329673351307761209e-01 -9.337322093451521088e-01 -9.332717751963666153e-01 -9.331263258382588299e-01 -9.331850575644968782e-01 -9.329516896192598940e-01
-9.322024609164003550e-01 -9.329673351307761209e-01 -9.336047303094228145e-01 -9.335359587243582391e-01 -9.335023173762244664e-01 -9.331880329409821817e-01 -9.331808340031527704e-01
-9.350707392203099211e-01 -9.333497722379641148e-01 -9.329673351307761209e-01 -9.331962941883689133e-01 -9.332552372227042037e-01 -9.332097945192818766e-01 -9.331002451480914228e-01
-9.341146464523399917e-01 -9.333497722379641148e-01 -9.336047303094228145e-01 -9.331208131803713224e-01 -9.332337519919633451e-01 -9.332339729998684330e-01 -9.332198375971342275e-01
-9.350707392203099211e-01 -9.329673351307761209e-01 -9.330948141665055262e-01 -9.334982182203594991e-01 -9.331478110689996885e-01 -9.331856160386950982e-01 -9.331815237138132435e-01
-9.350707392203099211e-01 -9.329673351307761209e-01 -9.330948141665055262e-01 -9.329698511643760295e-01 -9.332552372227042037e-01 -9.330896435960407409e-01 -9.333004264521955751e-01
-9.322024609164003550e-01 -9.329673351307761209e-01 -9.325848980235882379e-01 -9.331962941883689133e-01 -9.331263258382588299e-01 -9.331391175056105158e-01 -9.331986344930328636e-01
-9.341146464523399917e-01 -9.322024609164003550e-01 -9.338596883808814031e-01 -9.333095157003654663e-01 -9.330511275306656582e-01 -9.331002451480914228e-01 -9.331666986004185649e-01
-9.341146464523399917e-01 -9.329673351307761209e-01 -9.329673351307761209e-01 -9.328943701563785496e-01 -9.331370684536293147e-01 -9.330967112974077882e-01 -9.331426513562941505e-01
-9.312463681484304256e-01 -9.333497722379641148e-01 -9.334772512736935202e-01 -9.330075916683748805e-01 -9.332552372227042037e-01 -9.330612705674786733e-01 -9.331149390250239595e-01
-9.331585536843701734e-01 -9.333497722379641148e-01 -9.324574189878589436e-01 -9.333095157003654663e-01 -9.330403849152952844e-01 -9.333305039167212325e-01 -9.330153014952236035e-01
-9.341146464523399917e-01 -9.329673351307761209e-01 -9.338596883808814031e-01 -9.335359587243582391e-01 -9.330940979921474865e-01 -9.332734038315859681e-01 -9.333152515655904757e-01
-9.341146464523399917e-01 -9.341146464523399917e-01 -9.339871674166106974e-01 -9.334227372123617972e-01 -9.332337519919633451e-01 -9.332975823121725245e-01 -9.331420928820958194e-01
-9.331585536843701734e-01 -9.337322093451521088e-01 -9.332222932022348205e-01 -9.327056676363844057e-01 -9.333304355302973754e-01 -9.332168622206489239e-01 -9.330371943099855514e-01
-9.341146464523399917e-01 -9.325848980235882379e-01 -9.333497722379641148e-01 -9.333849967083629462e-01 -9.330296422999247996e-01 -9.331043374729732776e-01 -9.331419616456335664e-01
-9.341146464523399917e-01 -9.314375867020243671e-01 -9.338596883808814031e-01 -9.336114397323558300e-01 -9.333089502995564057e-01 -9.331456267327793430e-01 -9.332898249001448931e-01
-9.341146464523399917e-01 -9.337322093451521088e-01 -9.334772512736935202e-01 -9.332340346923677643e-01 -9.330618701460361430e-01 -9.332804715329530154e-01 -9.332657776560204788e-01
-9.331585536843701734e-01 -9.325848980235882379e-01 -9.329673351307761209e-01 -9.336869207403535320e-01 -9.329866718384429713e-01 -9.332663361302188099e-01 -9.333046500135397938e-01
-9.341146464523399917e-01 -9.333497722379641148e-01 -9.328398560950468266e-01 -9.329698511643760295e-01 -9.333734059917790926e-01 -9.331779898631298309e-01 -9.332163037464507038e-01
