(-0.9331656739420768+0j)
-6.943211566061957551e-01 -7.724316783254647767e-01 -9.312981656810723763e-01 -9.357204991540922778e-01 -9.351642026631152849e-01 -9.338316150221273038e-01 -9.332212619845762225e-01
-5.972111345164974328e-01 -8.611668730381270009e-01 -9.377948740715726927e-01 -9.355959103994829773e-01 -9.338316776534939523e-01 -9.331117292378705574e-01 -9.330318012895968405e-01
-6.962362754470705628e-01 -9.342944453771774294e-01 -9.314715314945841707e-01 -9.327314522036158628e-01 -9.338881332466557605e-01 -9.334973380177320479e-01 -9.329430401771442449e-01
-6.053264835208791439e-01 -6.057147731693800496e-01 -9.303660536256470603e-01 -9.333438207950884857e-01 -9.334157763992065870e-01 -9.339034083264662334e-01 -9.333677214486247875e-01
-6.900014484201468790e-01 -9.243983867495075835e-01 -9.273363133140091197e-01 -9.300056555741851305e-01 -9.318189023733248755e-01 -9.330362273700841813e-01 -9.332367671799867148e-01
-6.878915063714907685e-01 -9.476666629857105617e-01 -9.376194865102788212e-01 -9.340390601762411649e-01 -9.344714780545091415e-01 -9.342263837324400466e-01 -9.335920039967989803e-01
-6.944457092633544715e-01 -7.714768137684487881e-01 -9.361619600951743836e-01 -9.332270704298094577e-01 -9.316668134149694858e-01 -9.319503075583848162e-01 -9.329787015939505768e-01
-6.681755699751201760e-01 -8.413464983907779082e-01 -9.264491502852106874e-01 -9.310806606784804984e-01 -9.320982009716670680e-01 -9.326616711430817386e-01 -9.327268459145309221e-01
-7.703568507037735769e-01 -9.312863874313728196e-01 -9.376904566260527707e-01 -9.352879114489247581e-01 -9.345294356910571754e-01 -9.335077716962463246e-01 -9.331727248794040586e-01
-6.999043931891805181e-01 -9.347026018682874637e-01 -9.317081153158003337e-01 -9.324391278883529255e-01 -9.336507051260533041e-01 -9.333682917734955620e-01 -9.332874706163593048e-01
-6.009628671125377686e-01 -6.890930766115723749e-01 -8.537862605890289558e-01 -9.332376392397830900e-01 -9.346493932374173585e-01 -9.333324494118973025e-01 -9.331365032884999522e-01
-6.575513167306672457e-01 -8.444119906049589730e-01 -9.342312087017011768e-01 -9.320827597423734234e-01 -9.329855266370860045e-01 -9.336439952468360559e-01 -9.334001999400555194e-01
-6.967696307770898656e-01 -6.911691101722963193e-01 -9.365607195035509092e-01 -9.336768708725211585e-01 -9.339503148863138593e-01 -9.339352551447697159e-01 -9.332350165574491152e-01
-6.173893766394041860e-01 -8.592971137637881451e-01 -9.377841854785226028e-01 -9.353839472035399005e-01 -9.336754508325063595e-01 -9.330615932571062476e-01 -9.331403005187816069e-01
-7.874191767920437623e-01 -8.476287581177948116e-01 -9.370259914094797304e-01 -9.343126653556721450e-01 -9.300766229064494350e-01 -9.321306605756548569e-01 -9.328565353356096379e-01
-6.959606014868355839e-01 -8.512615186097449715e-01 -9.349293387496910857e-01 -9.349762712869466030e-01 -9.338963210560702333e-01 -9.331513997430094243e-01 -9.330768053525430039e-01
-7.747212886685937994e-01 -9.318588113550896335e-01 -9.343381370184264956e-01 -9.350345491653775376e-01 -9.328278830495039253e-01 -9.326104141205165954e-01 -9.326992770699389368e-01
-6.039798227268874387e-01 -7.709953245530659638e-01 -9.322704240068894199e-01 -9.336317890039655953e-01 -9.337690022953516467e-01 -9.325380153820107543e-01 -9.333796965046550209e-01
-6.799457673364562860e-01 -8.555740436484071676e-01 -9.329744656510292611e-01 -9.331563534559735862e-01 -9.335553692719069652e-01 -9.333539768509229173e-01 -9.333919577350816565e-01
-6.788859779725504584e-01 -9.305657010645460581e-01 -9.354611431486824502e-01 -9.345770478400069470e-01 -9.323378444800520803e-01 -9.325919015191187489e-01 -9.329929850642206812e-01
-7.630574936946435960e-01 -9.332750111070886589e-01 -9.365858550751806622e-01 -9.327794034933609701e-01 -9.326553324258517463e-01 -9.326938311527214198e-01 -9.327513955032918913e-01
-6.281689307399670463e-01 -7.805448174134748118e-01 -9.356127312100774862e-01 -9.326548113735378953e-01 -9.323140712474999869e-01 -9.335342675352139574e-01 -9.330932873347068668e-01
-7.130689932390369412e-01 -8.559269895550616347e-01 -9.339889271932416692e-01 -9.304261732348374503e-01 -9.321824672498943976e-01 -9.317624768335190932e-01 -9.327231334423788933e-01
-5.902879282260269367e-01 -7.608442776863998391e-01 -9.314453453332660615e-01 -9.312244878247502022e-01 -9.335348685976614380e-01 -9.332541587530683858e-01 -9.333519367371467812e-01
-6.770839473014766963e-01 -8.534398893845110967e-01 -9.335386233125988475e-01 -9.336009967725326097e-01 -9.339133278012633488e-01 -9.337628943303687423e-01 -9.330155955370116327e-01
-6.036755139247992341e-01 -6.920218411276723991e-01 -9.339429396565154251e-01 -9.326550687884407331e-01 -9.321780317274265260e-01 -9.329831365452508907e-01 -9.328078257717314914e-01
-6.092527660569522219e-01 -7.670666677943620559e-01 -9.357497441319181375e-01 -9.320928518578228683e-01 -9.327641779436031122e-01 -9.335454201944438646e-01 -9.332176924258785977e-01
-5.914550876233025667e-01 -8.410328889727487489e-01 -9.322871998243715819e-01 -9.330787269789011518e-01 -9.338591736550300171e-01 -9.337203687323418766e-01 -9.332648504820646451e-01
-6.038275227554357194e-01 -8.618711684878276325e-01 -9.360233001786925078e-01 -9.325070971756389548e-01 -9.330107282174566752e-01 -9.341139321914977423e-01 -9.335024030863128264e-01
-7.052580320840433625e-01 -9.424880425946159379e-01 -9.385813867157659640e-01 -9.331865567041842668e-01 -9.344001209319086065e-01 -9.335350846455172658e-01 -9.332695875765630866e-01
-6.891441913195187619e-01 -9.375816743667598763e-01 -9.351749346527584716e-01 -9.337436092330464454e-01 -9.333183552544073169e-01 -9.334222831869080084e-01 -9.331291210185643781e-01
-6.797861215796817680e-01 -8.492506800898163011e-01 -9.321286303266534956e-01 -9.332579903106904551e-01 -9.321056295460536933e-01 -9.329433968402406352e-01 -9.330779923482238614e-01
-7.747234523723285360e-01 -8.554467334546467239e-01 -9.318330023547942709e-01 -9.333730416039625055e-01 -9.336355394171439448e-01 -9.331256760543013007e-01 -9.332619683120152443e-01
-6.931225927302299139e-01 -8.445714406030665478e-01 -9.285078646858585527e-01 -9.325667219826140331e-01 -9.339140530533164286e-01 -9.335252337257998745e-01 -9.333724304712046616e-01
-6.982686426724652451e-01 -9.368462659202475562e-01 -9.325517538831155084e-01 -9.337110721907049271e-01 -9.325054012146748450e-01 -9.329809136615496712e-01 -9.329493678296981729e-01
-5.868226546561670087e-01 -6.024678281447636286e-01 -9.360113829709438837e-01 -9.365503177386215183e-01 -9.322079020727619403e-01 -9.333910481931022574e-01 -9.333100328498514786e-01
-7.418024657800192934e-01 -8.526304458951817766e-01 -9.327173781777787775e-01 -9.353969275101396974e-01 -9.334936332763887901e-01 -9.341684623894557227e-01 -9.335314065571010955e-01
-7.759910774809387624e-01 -7.661234830576982846e-01 -9.298876409095176987e-01 -9.297242772095539731e-01 -9.315016122548930300e-01 -9.332269810650575259e-01 -9.327286231507943004e-01
-7.571837139309255393e-01 -8.482141724662742854e-01 -9.335146485586713894e-01 -9.298800614890523342e-01 -9.323335187263726009e-01 -9.329075592159665753e-01 -9.330192341394073496e-01
-6.752620378580869165e-01 -8.467739577495601022e-01 -8.577804332234918450e-01 -9.355924473241468142e-01 -9.319579561031287041e-01 -9.326970318591675246e-01 -9.327403416403196035e-01
-7.887136164515337056e-01 -8.522188304742412956e-01 -9.360553238234262663e-01 -9.357126322544148112e-01 -9.330857628718913777e-01 -9.334938568971937745e-01 -9.333659532289920735e-01
-6.832138136488281610e-01 -9.371616635775762427e-01 -9.315037197897537702e-01 -9.320912094866434794e-01 -9.316854969249410701e-01 -9.325867145648635281e-01 -9.330821032535595583e-01
-7.512301956402112069e-01 -9.309833158398923558e-01 -9.312997602651373885e-01 -9.321807965223055659e-01 -9.324375184722463183e-01 -9.326930654299409040e-01 -9.328841833732512967e-01
-6.993726803492021915e-01 -9.344049935960075937e-01 -9.344595465454692551e-01 -9.335603237387890552e-01 -9.321866384901319469e-01 -9.326921802093607328e-01 -9.331621967816557950e-01
-6.272685350366679069e-01 -6.890681218132996833e-01 -9.322546918947021144e-01 -9.344559478955958287e-01 -9.340860249934274107e-01 -9.333431740727503589e-01 -9.335573740891586203e-01
-6.801054130932308039e-01 -9.255526505083236932e-01 -9.327788669978308578e-01 -9.336655885919173947e-01 -9.337944960981793274e-01 -9.328571883380294416e-01 -9.331374091451234420e-01
-6.669281685379884195e-01 -7.681342592045541373e-01 -9.333513932916782663e-01 -9.324154398726134385e-01 -9.313150795586450093e-01 -9.324561227709471378e-01 -9.327827668420658469e-01
-6.933811792811481745e-01 -7.800330958975482121e-01 -9.328184234097364191e-01 -9.354809563127817196e-01 -9.334877867716455668e-01 -9.335572197427025598e-01 -9.332362195227020818e-01
-6.888342890228713600e-01 -6.775107693853639201e-01 -9.306662596732618864e-01 -9.320428802882266828e-01 -9.321490138974775075e-01 -9.327668457489309839e-01 -9.329416098326124285e-01
-6.883509977773629718e-01 -8.502270478954786492e-01 -9.328652565003475727e-01 -9.318257772326733468e-01 -9.322909321621312140e-01 -9.333408990189778764e-01 -9.332039672669879549e-01
