(-0.9331656739420768+0j)
-9.317256936194454608e-01 -9.324919932519631915e-01 -9.331129601955552300e-01 -9.332060451822637992e-01 -9.331239568208535839e-01 -9.331438091153743120e-01 -9.331418140910499037e-01
-8.508576795413187455e-01 -9.325877807060278801e-01 -9.330940858203700117e-01 -9.331990345442544577e-01 -9.330937813949637949e-01 -9.331648356474304684e-01 -9.331251736730776791e-01
-8.514324042657070990e-01 -9.334019740655780106e-01 -9.333614486042429714e-01 -9.332767289635059971e-01 -9.332227912406667603e-01 -9.332040759749969938e-01 -9.331968839413271599e-01
-8.519250254580399417e-01 -9.334498677926104104e-01 -9.331202462595052927e-01 -9.330850010588701560e-01 -9.331415418461933564e-01 -9.331972154423786581e-01 -9.331584959636649579e-01
-7.688402160144154340e-01 -9.326835681600926797e-01 -9.329629482344480307e-01 -9.331165274524652054e-01 -9.332015138958724698e-01 -9.331995632603433677e-01 -9.331584646823313234e-01
-8.517197666279012758e-01 -9.332381271046779059e-01 -9.333499156666298369e-01 -9.333473235471800855e-01 -9.331776652267805838e-01 -9.331531875846901247e-01 -9.331674366848252689e-01
-9.336414427007398986e-01 -9.333221511871907516e-01 -9.334687112261969011e-01 -9.332476919014224270e-01 -9.331707915423596011e-01 -9.332058240981542241e-01 -9.331331573834281690e-01
-9.341203799710634526e-01 -9.333499156666298369e-01 -9.330826825520289747e-01 -9.331802438478355999e-01 -9.331241051147555199e-01 -9.331690194736006472e-01 -9.331774762882817376e-01
-8.517197666279012758e-01 -9.336414427007398986e-01 -9.332249755091540644e-01 -9.331746818016957157e-01 -9.331284577571704597e-01 -9.331395051760099646e-01 -9.331507046398533900e-01
-7.702770278253863179e-01 -9.331625054304162337e-01 -9.332558048986611121e-01 -9.333282914086051818e-01 -9.332351354780037411e-01 -9.332044258776103218e-01 -9.331252595300200126e-01
-7.696612513349702089e-01 -9.328033024776735127e-01 -9.330519814449569349e-01 -9.332132164355093629e-01 -9.332099087779909263e-01 -9.331790416277292444e-01 -9.331576948216925294e-01
-9.331625054304162337e-01 -9.330028596736417157e-01 -9.330123907635984315e-01 -9.330482818973264703e-01 -9.331691727706064032e-01 -9.331671978269249212e-01 -9.331242569072287774e-01
-8.519250254580399417e-01 -9.336414427007398986e-01 -9.333041629329063005e-01 -9.333594876948235752e-01 -9.332339307574356591e-01 -9.332061859964677630e-01 -9.331845460218707311e-01
-8.517197666279012758e-01 -9.331625054304162337e-01 -9.329266109539882113e-01 -9.331165274524652054e-01 -9.331937047725973322e-01 -9.331700527019117786e-01 -9.331747006935741107e-01
-8.527460607785947166e-01 -9.331625054304162337e-01 -9.330234591261287180e-01 -9.331319349663530494e-01 -9.330795486283971485e-01 -9.331116076444572194e-01 -9.331590863285413873e-01
-8.525818537144838061e-01 -9.336414427007398986e-01 -9.333315421140598867e-01 -9.331391426367419140e-01 -9.331413519156454006e-01 -9.331708160385774331e-01 -9.331144372147376354e-01
-9.345993172413870065e-01 -9.341682736980958524e-01 -9.333732378293586596e-01 -9.332077593457224207e-01 -9.331896150872269757e-01 -9.331721855869867799e-01 -9.331890910121161120e-01
-9.337782819208323426e-01 -9.330188242493191453e-01 -9.333677642605548996e-01 -9.333335544555317886e-01 -9.332291126004612636e-01 -9.331611252077351981e-01 -9.331716288726121800e-01
-8.521987038982248297e-01 -9.333499156666298369e-01 -9.331833287899955476e-01 -9.332327495633970793e-01 -9.331675825039532635e-01 -9.331847098627815695e-01 -9.331538625595153791e-01
-7.702770278253863179e-01 -9.332249755091540644e-01 -9.330804018983607229e-01 -9.330765423306145445e-01 -9.331706970598973028e-01 -9.331596714820711291e-01 -9.331808028964468926e-01
-9.334498677926104104e-01 -9.328432139168671977e-01 -9.330848399271205462e-01 -9.332817168907151517e-01 -9.332138201379509557e-01 -9.331751460035332402e-01 -9.331749425258186736e-01
-8.517197666279012758e-01 -9.332582928844809222e-01 -9.333816801134456886e-01 -9.332423283088034927e-01 -9.331950434809627160e-01 -9.332152409572838092e-01 -9.331829564014483269e-01
-8.510013607224158338e-01 -9.328751430682220569e-01 -9.332636893607663131e-01 -9.331153968464499515e-01 -9.331544061530150369e-01 -9.331834637874644178e-01 -9.331747524661644366e-01
-9.317256936194454608e-01 -9.327399137213071567e-01 -9.332088541985120722e-01 -9.331891130565452830e-01 -9.331625054304162337e-01 -9.331671855991816589e-01 -9.331535537360634569e-01
-7.701173820686116889e-01 -9.334019740655780106e-01 -9.331246945932853976e-01 -9.332280860524937438e-01 -9.331345262771670868e-01 -9.331504391813577604e-01 -9.331673030152015658e-01
-9.317256936194454608e-01 -9.328204073801851237e-01 -9.329734512447621642e-01 -9.331806929216943658e-01 -9.331995948486567771e-01 -9.332145740268961154e-01 -9.331986075587545004e-01
-8.514324042657070990e-01 -9.325708770376636148e-01 -9.331034583696914408e-01 -9.331036197004584087e-01 -9.331387844807068621e-01 -9.331262363944111682e-01 -9.331488467671462672e-01
-8.527973754861293276e-01 -9.332249755091540644e-01 -9.334139474973361938e-01 -9.332244855477522805e-01 -9.331817914949930293e-01 -9.331583380742130007e-01 -9.331609433954705102e-01
-9.326835681600926797e-01 -9.336414427007398986e-01 -9.334056581984266909e-01 -9.333168736415122790e-01 -9.331767941666579969e-01 -9.330388270459604172e-01 -9.331385339103632770e-01
-8.517197666279012758e-01 -9.331625054304162337e-01 -9.332215524911410265e-01 -9.332622025764836238e-01 -9.331464337099355522e-01 -9.331763475480556735e-01 -9.331601742051955917e-01
-7.702770278253863179e-01 -9.335997959815812708e-01 -9.333421069067876497e-01 -9.331816629212291714e-01 -9.330998797599505679e-01 -9.331587317946684612e-01 -9.331520234912518141e-01
-9.329572466002775677e-01 -9.332381271046779059e-01 -9.333041629329063005e-01 -9.332613953121430272e-01 -9.331641742013929708e-01 -9.331836891942959511e-01 -9.331505211433256397e-01
-8.519250254580399417e-01 -9.330779870885944627e-01 -9.330940858203700117e-01 -9.330752496524220563e-01 -9.331324326250703960e-01 -9.331811169823718277e-01 -9.331593722772758559e-01
-9.328751430682220569e-01 -9.333061866115133220e-01 -9.332980537144700550e-01 -9.331500114146686897e-01 -9.331866941814427330e-01 -9.332178906579178257e-01 -9.331738452904490000e-01
-8.511039901374852779e-01 -9.331000353516784029e-01 -9.331050329579774205e-01 -9.330188242493191453e-01 -9.331382075982126434e-01 -9.331496521618196649e-01 -9.331583535451036804e-01
-9.317256936194454608e-01 -9.329089504049508097e-01 -9.332268402876239266e-01 -9.332793193987878322e-01 -9.332605076233032593e-01 -9.331704694997956517e-01 -9.331596249985006919e-01
-8.524381725333867177e-01 -9.326835681600926797e-01 -9.331827422164862273e-01 -9.332483706780838606e-01 -9.331572679633045597e-01 -9.331705587771971233e-01 -9.331715816928859430e-01
-8.512408293575777218e-01 -9.332381271046779059e-01 -9.331202462595052927e-01 -9.331678073190176059e-01 -9.331609317044458063e-01 -9.331525338657975510e-01 -9.331650928819036350e-01
-9.345993172413870065e-01 -9.335850971395253106e-01 -9.331833287899955476e-01 -9.330182472164633145e-01 -9.331575337632502798e-01 -9.331197106553112963e-01 -9.331561792754393680e-01
-8.527460607785947166e-01 -9.335543631970446565e-01 -9.334332091049469815e-01 -9.334264096405945343e-01 -9.331993467589027036e-01 -9.331550991839679954e-01 -9.331465825677485171e-01
-9.326835681600926797e-01 -9.331625054304162337e-01 -9.333315421140598867e-01 -9.331978368683909730e-01 -9.332616538477814805e-01 -9.332082518753399558e-01 -9.331892100231128362e-01
-9.333677642605548996e-01 -9.333061866115133220e-01 -9.330519814449569349e-01 -9.331331827403964718e-01 -9.331724144773884122e-01 -9.331681216329347217e-01 -9.331188598040482951e-01
-8.521987038982248297e-01 -9.334748558241054983e-01 -9.333851100771863862e-01 -9.332910007956249920e-01 -9.332279638272713562e-01 -9.331804828640473115e-01 -9.331216836758644551e-01
-8.510013607224158338e-01 -9.329356404076314391e-01 -9.330583886325197751e-01 -9.331802438478355999e-01 -9.331657487979353460e-01 -9.331611348627110170e-01 -9.331516518160167806e-01
-8.515145077977626098e-01 -9.332249755091540644e-01 -9.329334484750441137e-01 -9.331564936655167841e-01 -9.326947102238969389e-01 -9.330300642549307355e-01 -9.331145719696558594e-01
-8.508576795413187455e-01 -9.328751430682220569e-01 -9.329771103580328795e-01 -9.331142092350894757e-01 -9.331159340992083440e-01 -9.331315909094917149e-01 -9.331596186852252339e-01
-7.702770278253863179e-01 -9.338010884575144166e-01 -9.332331683063656014e-01 -9.331495611798669154e-01 -9.331127149221152273e-01 -9.329633040472855576e-01 -9.331201290772287438e-01
-9.336414427007398986e-01 -9.330868837561546725e-01 -9.331816629212291714e-01 -9.332423283088034927e-01 -9.331859062742431377e-01 -9.331489761289947227e-01 -9.331859619955633622e-01
-7.699896654631921411e-01 -9.332309250404624557e-01 -9.332759379418086310e-01 -9.331681845284833798e-01 -9.331625054304162337e-01 -9.331946415778901160e-01 -9.331753167759342382e-01
-9.345993172413870065e-01 -9.338330176088692758e-01 -9.334102316047215853e-01 -9.332204413905360596e-01 -9.331849056145516963e-01 -9.331761633373646392e-01 -9.331632882919187466e-01
