-0.3023519334089387 0 0 0 0 0 0
-0.139401412689336 0 0 0 0 3 0
0.0001428009717476 0 0 0 0 0 3
0.0444468167274421 0 0 0 0 3 3
-0.174421846225144 0 0 0 3 0 0
0.0516363181312691 0 0 0 3 0 3
0.0293570317740626 0 0 0 0 2 2
-0.0004557154054308 0 0 0 3 2 2
0.0293570317740626 0 0 0 0 1 1
-0.0004557154054308 0 0 0 3 1 1
0.0001428009717476 0 0 3 0 0 0
0.1057469896037201 0 0 3 0 0 3
0.0182994611427858 0 0 3 0 2 2
0.0182994611427858 0 0 3 0 1 1
0.0293570317740625 0 2 2 0 0 0
0.0182994611427858 0 2 2 0 0 3
0.0293570317740625 0 1 1 0 0 0
0.0182994611427858 0 1 1 0 0 3
0.0091423752129265 0 2 2 0 2 2
0.0091423752129265 0 1 1 0 2 2
0.0091423752129265 0 2 2 0 1 1
0.0091423752129265 0 1 1 0 1 1
0.0052299333011391 2 3 2 2 3 2
0.0052299333011391 1 3 1 2 3 2
0.0052299333011391 2 3 2 1 3 1
0.0052299333011391 1 3 1 1 3 1
-0.1394014126893359 0 3 0 0 0 0
0.0535891919403686 0 3 0 0 0 3
-0.0046217105749353 0 3 0 0 2 2
-0.0046217105749353 0 3 0 0 1 1
0.0055244250078686 2 2 0 2 3 2
0.0055244250078686 1 1 0 2 3 2
0.0055244250078686 2 2 0 1 3 1
0.0055244250078686 1 1 0 1 3 1
-0.174421846225144 3 0 0 0 0 0
0.0568662514324082 3 0 0 0 0 3
-0.0059801404132994 3 0 0 0 2 2
-0.0059801404132994 3 0 0 0 1 1
0.058385357443914 0 0 0 3 3 0
0.0535891919403686 0 0 3 0 3 0
-0.0046217105749353 0 2 2 0 3 0
-0.0046217105749353 0 1 1 0 3 0
0.0055244250078686 2 3 2 2 2 0
0.0055244250078686 1 3 1 2 2 0
0.0055244250078686 2 3 2 1 1 0
0.0055244250078686 1 3 1 1 1 0
0.0784948594716187 0 3 0 0 3 0
0.0103080180952902 2 2 0 2 2 0
0.0103080180952902 1 1 0 2 2 0
0.0103080180952902 2 2 0 1 1 0
0.0103080180952902 1 1 0 1 1 0
0.0686933755392042 3 0 0 0 3 0
0.0568662514324082 0 0 3 3 0 0
-0.0059801404132994 0 2 2 3 0 0
-0.0059801404132994 0 1 1 3 0 0
0.0686933755392042 0 3 0 3 0 0
0.0782363777898522 3 0 0 3 0 0
0.0444468167274421 0 3 3 0 0 0
0.0516363181312691 3 0 3 0 0 0
-0.0004557154054308 3 2 2 0 0 0
-0.0004557154054308 3 1 1 0 0 0
0.058385357443914 3 3 0 0 0 0
