(-0.8244177024448512-9.61924061440674e-18j)
-1.534889807705661191e+00 -3.552430652606037853e-01 -1.125626730069540837e+00 -7.544722190021859731e-01 -8.673629366104413929e-01 -7.824292208032066487e-01 -7.974569701775362507e-01
-2.696777153270641936e+00 -6.115207285417845195e-02 -8.458142828804936508e-01 -9.186257644315088955e-01 -7.487583181644121844e-01 -8.668060369418123523e-01 -7.912080913643538826e-01
-7.166442072875645053e-02 -9.053158865867220184e-01 -1.164910650736838749e+00 -8.529173744278709668e-01 -7.867458678547347706e-01 -7.982126261358130082e-01 -8.186220378742162795e-01
8.403689973838927019e-01 -1.665341781308097069e+00 -1.266380190997255628e+00 -8.923779987106054135e-01 -9.125594021851600735e-01 -7.772096571073616733e-01 -8.254967219236938325e-01
6.209579805636100680e-01 -3.423140120051206825e-01 -3.381878480735452386e-01 -9.278230450535223106e-01 -7.047891300687094684e-01 -7.605141430717785589e-01 -7.990574961147811628e-01
-1.826422290504972512e+00 -1.050311818356994165e+00 -1.115722432575802836e+00 -6.857619027588059968e-01 -8.176168078625896118e-01 -7.790587784702569518e-01 -8.379891314618913567e-01
-4.924318861779782841e-01 -1.115167444307118672e+00 -8.817772522610921593e-01 -9.357525202458141234e-01 -7.552906029830710466e-01 -8.134169560868952376e-01 -7.990796352675242353e-01
-1.693555969526027383e+00 -4.071951368678070615e-01 -1.045775837710172018e+00 -7.448218571620724981e-01 -7.575360127925809817e-01 -8.077760948076987413e-01 -8.241502794806400134e-01
-1.447167237570741172e+00 -8.893374082810661108e-01 -1.076502287091628318e+00 -7.423304557188605823e-01 -8.623406119101616474e-01 -8.724401089770752460e-01 -8.095430663945285543e-01
-1.071907845796300496e+00 -1.459950294983065167e+00 -6.499226555489079349e-01 -1.017031493426406197e+00 -7.926865328610518402e-01 -8.164105960079981461e-01 -8.068212479816413429e-01
-1.033160361033598651e+00 -3.966795046566615746e-01 -1.032389890962646994e+00 -6.746379327600691145e-01 -8.245260696919992638e-01 -7.887519617738663058e-01 -8.230312603435852026e-01
-1.025596859147642759e+00 -7.631561101209914932e-01 -7.577033381357786146e-01 -5.731429801115224265e-01 -7.631051679034696056e-01 -8.409710217619682515e-01 -7.802030801026774709e-01
-1.425267065372807895e+00 -6.669119582282443393e-01 -1.214984001199014729e+00 -1.085077732757546487e+00 -9.538422289460911641e-01 -7.601396730348570774e-01 -7.819085103257501501e-01
-1.644843678067534842e+00 -1.921122228687308420e+00 -7.698580480941341619e-01 -6.608362598604321514e-01 -9.666017117735520303e-01 -8.581329370196711936e-01 -7.934989837176770200e-01
8.894813203758463738e-01 2.679841622992719108e-01 -1.007848851053639860e+00 -7.527529568504274238e-01 -8.386075033326068073e-01 -8.515124029732575872e-01 -8.628556167498669938e-01
-5.345305775731759024e-01 -2.415286177279667434e-01 -1.007405589156550763e+00 -8.248922488242701467e-01 -8.680610401745576521e-01 -8.062431273468367854e-01 -8.278916560169988781e-01
-1.876089227818846794e+00 3.246847206346769044e-01 -9.796211050077210380e-01 -6.572135243925786297e-01 -9.257444071505096517e-01 -7.753894671709178343e-01 -8.300505193796376968e-01
-2.020635916298848311e+00 -1.776395953535137906e+00 -7.085867027076097058e-01 -9.628578058322994071e-01 -7.158826967858111789e-01 -8.617918169539580120e-01 -8.521383531612692908e-01
-3.307506217068619581e+00 -1.265732294816032111e+00 -7.247920203273653383e-01 -8.375979726037339201e-01 -8.327268569748151883e-01 -7.911776328081797649e-01 -7.832057849509251879e-01
-2.654146705404446305e+00 -1.803765438494224327e+00 -1.015385591687325784e+00 -8.705761010934688349e-01 -7.603755943164131059e-01 -8.865269431263509414e-01 -8.160682267051928562e-01
