(-0.8244177024448512-9.61924061440674e-18j)
-1.692002559571675224e+00 -3.961493272931621568e-01 -9.725510415943515730e-01 -5.951194820139266151e-01 -6.538200636703273005e-01 -7.726214514169420511e-01 -7.800593956049837185e-01
3.519816033334985939e-01 1.593524328816839364e-02 -3.398456104560463320e-01 -1.083330024991760121e+00 -8.671314908773490870e-01 -8.293446447726970927e-01 -7.422380401255095350e-01
-1.363577612335917122e+00 -7.407019833978067958e-01 -5.793399619351343732e-01 -7.135454764272588513e-01 -7.492914306126918778e-01 -8.050234870360590822e-01 -8.218859160818929865e-01
-2.831689355957584531e-01 -4.983951214870732116e-01 -1.499565665521046753e+00 -8.010711207570441195e-01 -8.662670689381413158e-01 -8.787730618203778432e-01 -7.603984982528203540e-01
-1.675302787980593955e+00 -5.514189582526544120e-01 -1.059076590223764436e+00 -7.857683414484657458e-01 -8.593691222356688586e-01 -9.525702331365627495e-01 -8.373070304115328710e-01
-1.345371966500606309e+00 -1.608604942439012753e+00 -4.471074514264720134e-01 -1.172560650006348348e+00 -7.094020640819047596e-01 -8.599579625189199827e-01 -8.211837525224132683e-01
-1.241350381409995096e+00 -1.704332412111095429e+00 -1.223317608599356676e+00 -5.526953796295308585e-01 -8.474396030823413417e-01 -8.559475219404608648e-01 -7.739000616005508038e-01
-2.128992998471668230e+00 -1.121612662407266647e+00 -8.936776971239144274e-01 -1.212605101771678129e+00 -8.233243330964608031e-01 -9.860394991315953872e-01 -8.012207615336963684e-01
-1.998933449986123101e+00 -1.221959917067306556e+00 -1.140401370204021880e+00 -7.710464269375858493e-01 -7.870871747444554423e-01 -8.028645008325313581e-01 -8.234703603628736879e-01
-2.619293715556073820e+00 -5.198959574119152993e-01 -1.069736678300422517e+00 -1.142182156182843578e+00 -7.956192493521355713e-01 -9.265684403459233387e-01 -8.122470761301031628e-01
7.283858597871479823e-01 -2.581745387106196610e+00 -1.051832392556599993e+00 -1.016583669319765626e+00 -8.109354899475285094e-01 -7.570588315298751869e-01 -8.693062117726794158e-01
-1.503957543215958204e+00 -7.451231343770043924e-01 -1.621481189339594398e+00 -7.589613874240922486e-01 -8.720854396716487544e-01 -8.363501846093076564e-01 -8.190736573403657461e-01
-1.637995773882612305e+00 -1.945469406832140091e+00 -4.435245013378023016e-01 -7.607414290504098675e-01 -7.823028098760866911e-01 -8.248676722945729178e-01 -8.025850051478514713e-01
-1.456852265623894471e+00 -7.509923551253201435e-01 -7.872887078916308567e-01 -8.703783836214261660e-01 -8.460246517792332499e-01 -8.845632551012782008e-01 -8.489753560886359463e-01
-1.810901294573358022e+00 -8.673172259690087316e-01 -9.178689721999226947e-01 -9.319333792064000699e-01 -7.276499207176025941e-01 -7.286796580808168056e-01 -8.161909701715278631e-01
-1.159629185524344575e+00 -1.245506802246907796e+00 -9.833036933713805716e-01 -1.136084856874243432e+00 -7.052034404422266034e-01 -7.968876460931787475e-01 -7.879068783422783495e-01
-2.161968954969685885e+00 -6.884515881128839832e-01 -6.455781945191746418e-01 -6.454760667624961368e-01 -9.656351588494339611e-01 -8.372940872260382639e-01 -8.038955776381843110e-01
-1.018739292577952593e-01 -1.073760779446254698e+00 -7.353195987179821369e-01 -1.009158075721617864e+00 -8.822819537051831418e-01 -9.456146670876310889e-01 -8.347162040479646494e-01
-2.257918435385957157e+00 -9.470580526183415282e-01 -1.171214769712799031e+00 -7.855618550468063122e-01 -7.360177528457880758e-01 -8.493242663914049029e-01 -7.970710965650940061e-01
-1.443104178966181372e+00 -7.816372451848596636e-01 -7.917610796739713575e-01 -9.605282630769430563e-01 -7.594610982443926739e-01 -7.527241695886602857e-01 -8.618674570043101113e-01
3.398036417801858500e-01 -2.842595697465528093e-01 -8.675442629736123124e-01 -5.003985969184827631e-01 -8.694971038004730701e-01 -7.864098464683075829e-01 -8.905860160580840734e-01
-2.147426200771128446e+00 -1.592319046838511998e+00 -1.569664406840314552e-01 -7.983951949902987621e-01 -6.881240903507717110e-01 -8.500234133275258452e-01 -8.445252818951416440e-01
2.553493662197978131e-02 -6.802500927854365775e-01 -9.324924172393530553e-01 -8.811155149422768007e-01 -9.372868836281201821e-01 -8.102860236526628901e-01 -8.130160324605804067e-01
-8.497986841625340126e-01 -1.548784174682847237e+00 -2.719072817298104350e-01 -4.884478219154598788e-01 -8.257735017450238413e-01 -7.917265931995211004e-01 -8.179702375265924807e-01
8.196218623509396450e-02 -9.090959646282370521e-02 -1.044134422802271978e+00 -5.881543410560496898e-01 -8.398896259121946262e-01 -8.988188726795249828e-01 -8.369340220437687661e-01
-1.514591098165344096e+00 -9.484560977079078414e-01 -1.172346120824122151e+00 -6.629179889684578830e-01 -8.697849639153145684e-01 -8.649540387702794320e-01 -7.891881176508762641e-01
-1.993875656918507211e+00 -1.754312739736253679e+00 -4.948830408700840566e-01 -1.088329037412100408e+00 -7.300666200666947603e-01 -9.234090008826566498e-01 -8.447329086268388076e-01
-9.742471112021622304e-01 -3.009575962737816024e-01 -9.842967476474078214e-01 -9.777404116277262913e-01 -9.244771551931389997e-01 -8.614782208406869257e-01 -8.454639976983940874e-01
-6.203288354333869048e-01 -1.531688195705597000e+00 -9.212121737880512029e-01 -3.967926545873825539e-01 -8.696922061524140490e-01 -8.283071085876764217e-01 -8.018478575991883073e-01
-4.503387516401287094e-01 4.427521441637813915e-01 -6.520827905137951408e-01 -4.517747391915639676e-01 -9.118543237292453529e-01 -8.943989690920187696e-01 -7.529656245155018635e-01
-4.107419501046718491e-01 -6.701824641021169038e-01 -1.371112647885207814e+00 -1.158372499276933754e+00 -9.029011540534901403e-01 -8.551591993911680234e-01 -8.275032904243111442e-01
-8.863229660246436659e-01 -1.643226249340432599e+00 -1.017354297151153775e+00 -6.672693003705865156e-01 -7.809643085176024568e-01 -8.165469659534064784e-01 -7.863856881731813298e-01
-6.108804831277079295e-01 -8.499932471283893065e-01 -6.162679927102642230e-01 -5.200188963479063231e-01 -6.497271844589249667e-01 -7.744905658614907873e-01 -8.480546212945101470e-01
-1.480759346511675290e+00 -1.707735500206308821e-02 -1.314674221891848127e+00 -8.705652528424800973e-01 -7.987531346878551375e-01 -7.695623684400850761e-01 -8.220357526414832083e-01
-1.372673356500719200e+00 -1.218580211452600093e+00 -7.721981025699468093e-01 -1.047514977646896384e+00 -9.551862991950262893e-01 -8.349870944892283653e-01 -8.388176251087323676e-01
1.572559695800847812e-01 -6.179971999599471744e-01 -5.827397804341346577e-01 -7.176693289021788269e-01 -8.610442698187377175e-01 -7.718748400874997362e-01 -8.118351724633310340e-01
-1.136337440778203201e+00 -1.196057603067181008e+00 -1.313626587295599224e+00 -9.421680333459914181e-01 -7.914132935481317244e-01 -8.439582527865664430e-01 -7.953204351155133134e-01
-1.866648946798760811e+00 -2.675777556320804607e+00 -1.035036147647635962e+00 -9.764224962594412194e-01 -8.566366368753033367e-01 -7.680958197157103928e-01 -8.415353932899372058e-01
-1.287486561439894706e+00 -1.228740575886485109e+00 -4.994999682049826584e-01 -1.066097773547882488e+00 -9.648194334480824086e-01 -8.732152175174180408e-01 -8.511054593136692104e-01
5.421829800627685492e-01 -1.627382994645613645e-01 -4.214558317217873551e-01 -6.191823105154025120e-01 -1.006074329158020086e+00 -8.310688877145543385e-01 -8.281533238880043335e-01
-1.249411593670331611e+00 -4.609097959316846849e-01 -1.099242169572418826e+00 -6.691608707858373029e-01 -8.897842374312343594e-01 -7.793414528094965155e-01 -8.037154378350200856e-01
-1.483618953864858092e+00 -1.555283539241626711e-01 -1.104439937429792851e+00 -8.940067480376272524e-01 -8.227552870717488309e-01 -8.746054555889607451e-01 -8.652210756081242238e-01
1.746444703418728872e-01 -9.540473574702611481e-01 -1.057315321640714734e+00 -9.060920829982679336e-01 -6.853331738786159200e-01 -7.715936696694110086e-01 -7.806638779875194611e-01
-6.851453193473051595e-01 -1.747174344786825984e+00 -1.013178495124924527e+00 -6.670309991896526958e-01 -8.401358136600874937e-01 -7.710006081684017687e-01 -8.349000466826109745e-01
-1.388956588538154069e+00 -7.217143386703863683e-01 -1.315072121085650414e+00 -9.221179617797001793e-01 -9.357535815088720010e-01 -8.914925001573682506e-01 -8.304491423814127637e-01
-1.973583899804074449e+00 -8.127551684402564147e-01 -6.893488781276122523e-01 -6.561640273562392434e-01 -7.857202127241974532e-01 -8.810094156915143637e-01 -8.326259746368315229e-01
-1.130947419467420501e+00 -1.029083190439762374e+00 -1.188172322817045101e+00 -5.321741227504990235e-01 -8.570294300153232792e-01 -7.661264133915506314e-01 -7.980247696803067781e-01
-1.072811382253105128e+00 -5.110379748364608510e-01 -1.573848919037526439e+00 -1.028841119688061800e+00 -9.522431105997969381e-01 -7.864670226473796655e-01 -8.284293970929548223e-01
-1.265196502788114241e+00 -1.171658153322192586e+00 -1.074503713332684907e+00 -8.115241063306389835e-01 -6.670926386286025744e-01 -7.518459192736993701e-01 -8.450160021343543493e-01
-1.861091916382699107e+00 -1.354748285481519821e+00 -1.175659031169800972e+00 -6.521586948588142807e-01 -8.034893289214047885e-01 -9.280257337588505573e-01 -7.934565230477289566e-01
