(-0.8244177024448512-9.61924061440674e-18j)
-1.372174690717911094e-01 -6.720428534923733599e-01 -8.510263078539933579e-01 -9.012396253050066752e-01 -7.949403000940656883e-01 -8.185572764066589846e-01 -8.319140025116334991e-01
-2.419818932618273077e+00 -1.805747562464641742e+00 -1.228797191900288022e+00 -1.061196179238115045e+00 -8.639783343684054318e-01 -8.766038933770974317e-01 -8.325361944922595736e-01
-2.614435214983512057e-01 -9.276577147284860159e-01 -1.209188734927610920e+00 -8.659747721417805355e-01 -9.192255378388364262e-01 -7.800521768552669544e-01 -8.061036153074793154e-01
3.371385898247915014e-01 -3.402727954284825995e-01 -4.274619550883039798e-01 -7.226638173231387796e-01 -8.161523406744684017e-01 -8.039752277367836486e-01 -8.194111657270121141e-01
-2.496809665146963175e-01 -3.725664018463331617e-01 -3.378830544282662718e-01 -7.327706994762618331e-01 -8.481976226436680477e-01 -8.400138630491407188e-01 -7.973728149144335697e-01
-3.656401466716212578e-01 -9.043332612359505918e-01 -8.318344105442275760e-01 -8.368506872816112718e-01 -7.773535917793853445e-01 -8.788872881616712762e-01 -8.486308108333816547e-01
-1.667797260916560331e+00 -1.149228059953155245e+00 -1.074141938516319339e+00 -8.502665781000178225e-01 -9.166913510059130354e-01 -8.411509975253449456e-01 -7.950698091724590633e-01
-2.252907749407608851e+00 -1.069794790627214942e+00 -5.479472032623451394e-01 -8.268762050475670922e-01 -8.840525199281603630e-01 -7.608142194403576530e-01 -8.203105898796055895e-01
-5.362351296668355083e-01 -5.518689360914883490e-01 -4.745993202397250643e-01 -7.052327829522101466e-01 -8.416938713134357597e-01 -8.281453197509817121e-01 -8.652052744185499966e-01
-7.949984860950117804e-01 -6.669027178411218726e-01 -9.661030330033971714e-01 -6.068193709549534187e-01 -9.369156486423682040e-01 -7.995130911304830779e-01 -8.175770124545759243e-01
4.939421319102621499e-01 -7.699766481942931229e-01 -7.395210455620659928e-01 -1.029072274077452498e+00 -9.852105112393280129e-01 -8.896462055472547092e-01 -8.587204327343620491e-01
1.622382244579907151e-01 -1.419160978312689725e+00 -9.920338562325541343e-01 -9.752871954088347950e-01 -8.680938590202592620e-01 -8.839155308576365222e-01 -8.010196313056520134e-01
-9.490597543560321814e-01 4.401095015337557204e-01 -6.744476165759419883e-01 -7.601832217272911363e-01 -7.528948508464857747e-01 -7.889297868346601961e-01 -8.055664173897635338e-01
-3.460920006679454319e-01 -1.975017711259998254e+00 -7.786664832167815575e-01 -8.334280115721038884e-01 -8.308686466057119135e-01 -8.581733182046711317e-01 -8.419044808519138279e-01
1.165803657313357000e+00 -1.015826932731650922e+00 -5.821912282713054276e-01 -7.607198729002427884e-01 -7.329099215901482278e-01 -7.395714588630279973e-01 -7.945872189928877560e-01
-5.845662636361218523e-01 -3.841139603580108752e-01 -3.632840203694794878e-01 -7.737735737588677942e-01 -8.028300350635952931e-01 -8.229108991736003853e-01 -8.197571887806980317e-01
1.100597283701021833e+00 -3.996964143487913290e-02 -8.032415038095470639e-01 -9.718372035127283981e-01 -9.445577243403381340e-01 -7.995412330266520318e-01 -7.961589845845006286e-01
-2.891970876724489159e+00 -1.308556054452515438e+00 -1.047884912799349255e+00 -9.772997017828254362e-01 -9.277739814002343710e-01 -8.691957761187074638e-01 -8.108365798146871528e-01
-2.279030676412339584e+00 -1.803152110732575419e+00 -8.306116817751471038e-01 -9.255548637295482051e-01 -7.572524532898478045e-01 -7.718882483068353340e-01 -8.340894033786308004e-01
-8.417375330705633152e-01 -2.423392212003028234e-02 -8.527856719823438958e-01 -1.164491619976526282e+00 -8.005897986592956928e-01 -7.587869149638886146e-01 -8.125160275691051259e-01
