(-1.1963990743203268+0j)
-1.358215304375690380e+00 -8.899113540155754176e-01 -1.903910552140918533e+00 -1.209203101432799965e+00 -1.045843476277209749e+00 -1.171488470605802634e+00 -1.204536535193359459e+00
-8.731339705505278825e-01 -3.634127760094053028e-01 -1.051559087206270782e+00 -1.126331581641107693e+00 -1.227283415486020601e+00 -1.163273966659658321e+00 -1.188934863657392427e+00
-2.362390595944495075e+00 -1.305642189004558640e+00 -1.099052447687738354e+00 -1.274660726192155202e+00 -1.265399772637752607e+00 -1.180781139913534616e+00 -1.206815153254517048e+00
-9.435787739323189260e-01 -1.343040958352222258e+00 -1.056397527684404869e+00 -8.895139124402677844e-01 -1.222527713129665905e+00 -1.190170837212173760e+00 -1.217448397757840972e+00
-1.300843723749121050e+00 -1.504053285431118159e+00 -1.573219829680787774e+00 -1.185732923054603427e+00 -1.178563526798851235e+00 -1.239310092999996726e+00 -1.171606785382243610e+00
-1.506196426171232394e+00 -7.508412388894687428e-01 -1.494778341171345781e+00 -1.054543255605695506e+00 -1.110184989336223005e+00 -1.224131246618196833e+00 -1.161697876201102764e+00
-1.332367476394779926e+00 -1.419502672374783891e+00 -1.339864464972934766e+00 -1.050149669990676493e+00 -1.156545448033018841e+00 -1.195587642919293536e+00 -1.188080359756067850e+00
-1.406279877940325829e+00 -1.763599589741240870e+00 -1.434715649886749045e+00 -1.039067465606264395e+00 -1.141927758707530494e+00 -1.264628426392111926e+00 -1.252325854030547969e+00
-2.743865008782768289e+00 -1.420621073193214734e+00 -8.212396209754877496e-01 -1.168194533111000855e+00 -1.075139711745877635e+00 -1.233193095338000589e+00 -1.165805834453886858e+00
-1.816503401878027724e+00 -1.383606932766013653e+00 -8.646142863448360583e-01 -1.310217549345593868e+00 -1.345836153743844132e+00 -1.141400260797785338e+00 -1.200745023650473531e+00
4.554574817104303230e-01 -1.725704166653328597e+00 -6.984851996349621395e-01 -1.490016536124643798e+00 -1.152244208776315393e+00 -1.227707283761311441e+00 -1.194026788406106210e+00
1.608422311969504026e-03 -1.478958908785267035e+00 -1.322109228679905879e+00 -1.181339105525288202e+00 -1.218600498401491317e+00 -1.190949572337073770e+00 -1.216201286738553211e+00
-1.138024087673408458e+00 8.505094028275611562e-02 -1.607632598332803031e+00 -1.196968713785319105e+00 -1.241254498817596641e+00 -1.241388146922075331e+00 -1.165108570717424019e+00
6.652732382661780131e-01 -6.167791212425457470e-01 -9.977568996850850747e-01 -1.302526767999707902e+00 -1.278856532365967080e+00 -1.165594344831719642e+00 -1.207838533425213301e+00
-9.316495828036407412e-01 -1.899764321443475401e+00 -9.833267772587348521e-01 -1.210852326745532448e+00 -1.067206506430540491e+00 -1.234644470755047685e+00 -1.192908731600202055e+00
-6.596363133722006333e-01 -1.542020543477661043e+00 -1.128446381818648980e+00 -1.040344891663413707e+00 -1.185298277992919758e+00 -1.133462953222042824e+00 -1.230916731033872891e+00
-9.224884062869381784e-01 -1.420785941137769681e+00 -1.101915963392009923e+00 -1.174540947860057916e+00 -1.159394374114772974e+00 -1.199003690324534688e+00 -1.188277648357350280e+00
-5.107525907147076882e-01 -1.167102496452108618e+00 -1.396522155779618135e+00 -1.331274674668275981e+00 -1.247988328847184913e+00 -1.235094145683968581e+00 -1.180835197474503495e+00
-1.998176801261048463e-01 -1.364492789108540993e+00 -7.678498414135210837e-01 -1.299116224470922898e+00 -1.176576512360216542e+00 -1.253880115250178395e+00 -1.193307321258242570e+00
-2.024922702799715424e+00 -1.468168885859968409e+00 -9.739182551932707987e-01 -1.226950510989180732e+00 -1.090876203164998781e+00 -1.174080163410021527e+00 -1.184413137025387197e+00
