(-1.1963990743203268+0j)
-1.219513671081791095e+00 -1.140504451186318491e+00 -7.160718121271159031e-01 -9.700920508342367743e-01 -1.101872351969805930e+00 -1.189737307630746255e+00 -1.203128249712621223e+00
9.840734964538333518e-02 -4.630137243507718714e-01 -9.821961266622444287e-01 -1.198488158502549084e+00 -1.180921975632345244e+00 -1.170212699906743259e+00 -1.187683746036703347e+00
-3.134890494008762962e-01 -1.105878830587159189e+00 -1.461804238389952104e+00 -1.314854913433077588e+00 -1.232181351535124536e+00 -1.218061778255717043e+00 -1.204631425600848127e+00
-5.462475810196782966e-01 -7.949564187853312980e-01 -1.097420584532309729e+00 -1.450631607080689278e+00 -1.222368110071944347e+00 -1.221936672355156350e+00 -1.176779999321495573e+00
7.749628551767465678e-01 -2.197473900932951640e-01 -8.775176509203016506e-01 -1.036761785334583408e+00 -1.128312378656987747e+00 -1.092844224759460303e+00 -1.138225624596321817e+00
-2.242193505522276920e-01 -1.368984825250416648e+00 -1.526731115478879630e+00 -1.096574031090001622e+00 -1.249768960907925219e+00 -1.194716604219523859e+00 -1.183028680188715986e+00
-2.220828085519500839e+00 -2.109604675679045638e+00 -1.465197155578346955e+00 -1.200496116762261867e+00 -1.113775530464722774e+00 -1.193525758513510393e+00 -1.203817706814809707e+00
-5.208716016215875211e-01 -1.437538513367766280e+00 -8.863082265494695022e-01 -1.190791576059091472e+00 -1.120424706382833868e+00 -1.112360307956784533e+00 -1.174785088164214120e+00
-8.638219612744030274e-01 -1.232382173690513838e+00 -6.972672553128452799e-01 -1.158391491644623628e+00 -1.270838225598843518e+00 -1.216656359676370647e+00 -1.188362879229012181e+00
-1.949423886197827471e-01 -9.496997339622801348e-01 -1.367105832718586322e+00 -1.130376894392456144e+00 -1.214750894741379206e+00 -1.221343043631807124e+00 -1.213516752272662202e+00
-2.718847575976015563e-01 -8.526485030516750552e-01 -1.533147554848902194e+00 -1.624622406362566718e+00 -1.431109584040096916e+00 -1.225478498027252616e+00 -1.230190781737534600e+00
-2.636821182113247009e-02 -1.849884000715215304e+00 -1.002320543779546824e+00 -1.227671411910346677e+00 -1.209641290393556057e+00 -1.200838367697915743e+00 -1.189574257479709463e+00
-5.018519167624033717e-01 -9.451351603375250932e-01 -1.290591867997392228e+00 -1.120383660147650673e+00 -1.113068254932708889e+00 -1.189068453639904988e+00 -1.202984402029029010e+00
-1.128138394675481715e+00 -1.389187593462384296e+00 -1.304206550733607584e+00 -1.154281494691410836e+00 -1.093151506075042967e+00 -1.155198916915629148e+00 -1.200964560530717540e+00
-1.076756541452151161e+00 -1.564901616800762785e+00 -1.521734057955531627e+00 -1.149088851552883206e+00 -1.082730913702338427e+00 -1.187733723330665958e+00 -1.182918110111787158e+00
-1.006781951940919795e+00 -1.015263330109075435e+00 -1.123705175751979368e+00 -1.160865636797577594e+00 -1.259283529333531604e+00 -1.223995088635743134e+00 -1.198537391260223739e+00
2.827873241636083002e-01 -1.380432260203903416e+00 -3.169007985290590024e-01 -1.126674712266982681e+00 -1.099494325957157237e+00 -1.166171248325424070e+00 -1.170359502491278736e+00
5.333161010448468353e-01 -3.604303739546899088e-03 -1.052296605130767615e+00 -9.520330832578909330e-01 -1.258424737602728438e+00 -1.161732643523085695e+00 -1.179901638101025219e+00
-6.344537698148917659e-01 -4.844577097582122849e-02 -9.853400693622273998e-01 -1.291824813344548240e+00 -1.446275730148665506e+00 -1.237307716084652398e+00 -1.223428319039906675e+00
-1.749313500085886153e-01 -1.630955121553574250e+00 -1.702391701533779944e+00 -1.408442792222492024e+00 -1.270958451079009510e+00 -1.187931496674687448e+00 -1.177343151021513101e+00
