(-1.1963990743203268+0j)
-6.835634060878164053e-01 -4.259382194795693355e-01 -1.188855996165606665e+00 -9.290458222137805144e-01 -1.158150715353353011e+00 -1.212849525341324064e+00 -1.193103981884231723e+00
-5.441788670115460524e-02 -5.841715852029897293e-01 -9.849700992172247815e-01 -1.077438373398254878e+00 -1.192037134848018765e+00 -1.128597992499445368e+00 -1.230307096380262255e+00
2.297985490967591193e-02 -7.797979774558388977e-01 -3.917744799407534284e-01 -7.681545602048454047e-01 -1.110008787027877419e+00 -1.185694582179486645e+00 -1.227367916273125692e+00
-7.371036735150088282e-01 -6.005200272272729345e-01 -1.084773679779800659e+00 -1.100231521633890486e+00 -1.283142979009215034e+00 -1.275637861063940282e+00 -1.230590746301442717e+00
-1.127440549825437843e+00 -1.608297720916810114e+00 -1.299357854661481904e+00 -1.071528448054009264e+00 -1.374509151981027077e+00 -1.273933847876704384e+00 -1.177411485630815102e+00
-1.509611587670004473e+00 -6.165470957558696341e-01 -1.677201516434594586e+00 -9.712372489747325144e-01 -1.185352073248850280e+00 -1.265055045047764448e+00 -1.147575264996312239e+00
7.183720835333449184e-01 -1.286430594868626542e+00 -1.891629558388729482e+00 -1.245050644413785657e+00 -1.129619901105886726e+00 -1.212286551156404713e+00 -1.101071970866173144e+00
3.058038050906248806e-01 -8.415430361650784175e-01 -6.437792136040025870e-01 -1.273478630999375971e+00 -1.187989098206693850e+00 -1.218991316843877293e+00 -1.133992153220648502e+00
-3.482205100776368800e-01 -7.970292492498994852e-01 -9.904277065135068669e-01 -1.512872687408662209e+00 -1.242924420404813546e+00 -1.049243154575154158e+00 -1.171234640621638512e+00
-4.464231285280927386e-01 -9.786009054822553122e-02 -1.651616687289777285e+00 -1.526492326722144410e+00 -1.175278596829554267e+00 -1.156372465978094066e+00 -1.252582184294098067e+00
-3.532110708829657719e-01 -7.094163371458035439e-01 -1.252835335220895185e+00 -8.347016389418644433e-01 -1.023186067503057073e+00 -1.192141542177139524e+00 -1.126419061548161737e+00
-8.322519158357157831e-01 -7.883928712919042736e-01 -6.721169893071936574e-01 -1.430080591611989194e+00 -1.252285581955611571e+00 -1.340498814349975198e+00 -1.147825135324684442e+00
-1.772607424169392321e-01 -4.704769541541841682e-01 -1.259040169725351488e+00 -1.038761454605019674e+00 -1.035876013507468940e+00 -1.105407491572546697e+00 -1.229232337415228304e+00
3.690083307730684936e-03 -1.355793030452479453e+00 -1.806641559261348506e+00 -1.799282434796441343e+00 -1.087114332420933138e+00 -1.197865530260359357e+00 -1.203840415598630642e+00
-7.795664846329884989e-01 -1.420782624417355477e-01 -9.602737245596637550e-01 -1.045638709361123908e+00 -8.904591322545774013e-01 -1.286230708731861849e+00 -1.228744686811203746e+00
-7.745908958819415213e-01 -1.716673321451861245e+00 -7.884658051144469715e-01 -9.166305360547758463e-01 -1.267689330139802451e+00 -1.186863839662334552e+00 -1.232235002893161679e+00
2.687484571238507591e-01 -1.329605821397818577e+00 -8.313062100236203733e-01 -8.645149850253833756e-01 -1.314877808523776448e+00 -1.336750462794379368e+00 -1.208344375463449083e+00
-3.423674043342908591e-02 -1.028406014669989821e+00 -1.372156571627120902e+00 -9.729115073639726941e-01 -1.167307084226085312e+00 -1.194330736208063737e+00 -1.253986902938225123e+00
-8.037072705317482857e-02 -9.356206079569239220e-01 -1.283191493289415952e+00 -1.090941985445796458e+00 -1.290544489993465493e+00 -1.199331202137955188e+00 -1.204598171497203163e+00
-1.586979110421251060e-01 -1.286112187638956961e+00 -8.289962096726025687e-01 -9.670581741666484099e-01 -1.154270067207983974e+00 -1.204703809504952261e+00 -1.246775228093226495e+00
-5.406068180447762828e-01 -1.201613587086556745e+00 -6.013136351228826060e-01 -1.476036830909752684e+00 -1.180605163342388186e+00 -1.083666922027249679e+00 -1.194346033067938073e+00
-7.712661514771390614e-02 -1.079259224925520844e+00 -1.642951639082845805e+00 -1.664708576262316164e+00 -9.167793697259716268e-01 -1.139552410290882944e+00 -1.159642379845787552e+00
-6.580005227881589036e-01 -9.729236848800959514e-01 -9.112990510754108708e-01 -1.001541538068879023e+00 -1.210860364352003060e+00 -1.089863592185520202e+00 -1.235083156672999394e+00
-6.410520283654805862e-01 -4.661069194671773608e-01 -3.801271263470319961e-01 -1.341893860808473615e+00 -1.431073895183412770e+00 -1.269054982099694584e+00 -1.233645127451889589e+00
-1.471220631033470783e-01 -7.581305897506420699e-01 -1.397679130135320191e+00 -8.473944047227571774e-01 -1.117349639280722506e+00 -1.206971206395286877e+00 -1.238861495589215878e+00
-4.206067205944580834e-01 -1.860364964075729155e+00 -8.714241739793905372e-01 -1.586590311269104436e+00 -1.409925558351658559e+00 -1.184601961305226769e+00 -1.189037068545138354e+00
-3.732501836821416896e-01 -1.253439616745546603e+00 -6.376102400857044383e-01 -1.090589334416471878e+00 -1.259833702240817033e+00 -1.270212246785508814e+00 -1.242785242956404357e+00
-7.159515708047226035e-01 -1.210896643870658096e+00 -1.197156729869372493e-01 -1.576990304693023370e+00 -1.170985711357858783e+00 -1.120847731627099053e+00 -1.187449754378209210e+00
1.140671177200859532e+00 -1.352269691237202309e+00 -3.850387400618356937e-01 -1.060935733886440024e+00 -1.159186588991568456e+00 -1.145858539067434512e+00 -1.200173831033062521e+00
1.018145542608663301e-01 -1.122148791593865713e+00 -1.122006360987608753e+00 -1.278602381401538590e+00 -1.215349370251413763e+00 -1.250919106900219901e+00 -1.224508093038504608e+00
-8.414637087762514289e-01 -7.612932452947969164e-01 -1.715358464116736759e+00 -1.040253208140805574e+00 -1.149700832666344485e+00 -1.210751897170345037e+00 -1.209950840359951263e+00
-5.821971010854932738e-01 -1.022477535424317407e+00 -7.706956512230864753e-01 -1.410605255443403427e+00 -1.107946618083957002e+00 -1.225760675931850230e+00 -1.187838199878433310e+00
-5.066131145256709267e-01 -8.936157373525832615e-01 -1.220764367492082503e+00 -1.342375089799946464e+00 -1.332092325999392202e+00 -1.227828168351145610e+00 -1.216461563088464093e+00
-4.230356269188564333e-01 -1.360648122985557151e+00 -1.340220190690623259e+00 -1.120815341434195034e+00 -9.888215818895726983e-01 -1.287590130880032158e+00 -1.180450919657416442e+00
1.491889646653836166e-01 -9.343855698708145585e-01 -5.346480042267061084e-01 -9.264774823667122350e-01 -1.202320375053036461e+00 -1.164756419214071581e+00 -1.165633058115799869e+00
-1.706715124540864048e-01 3.881038550181107882e-01 -1.176504038133619368e+00 -1.332869081839975545e+00 -1.175806466741183165e+00 -1.147322996990158828e+00 -1.213076515590132409e+00
6.071531220476766855e-02 -1.929611679778661770e+00 -1.511544342214206971e+00 -1.315435358353223450e+00 -9.187307259029572348e-01 -1.281545146223413312e+00 -1.247724127897372304e+00
-6.720739483540070225e-01 -7.549930644328990414e-01 -1.648668824536025257e+00 -1.380200042560297824e+00 -1.295772719175070531e+00 -1.262006939228184299e+00 -1.135835591053830473e+00
-3.892665122500603703e-01 -6.351511069821540456e-01 -1.081688845034324498e+00 -1.167409815412511653e+00 -1.119148712529336454e+00 -1.176207751146456371e+00 -1.199253335398533293e+00
-3.129456078751118864e-01 -1.127844705364664524e+00 -9.606821228975164217e-01 -8.291818790886977819e-01 -1.261775378620626720e+00 -1.115843028984671470e+00 -1.158018819143938227e+00
7.732885803258870983e-02 -1.314495485043952527e+00 -6.963502713987106407e-01 -1.360314993989094834e+00 -1.139419091458324207e+00 -1.153895072469600214e+00 -1.193440319841313935e+00
8.251730841065390010e-01 -3.960944368584701780e-01 -1.807814564249033973e+00 -1.153850079952973173e+00 -1.257710271774895361e+00 -1.178235549807638449e+00 -1.176860168818706809e+00
-5.561186438255232289e-01 -1.119721983659653919e+00 -1.641885224395173815e+00 -1.944370605212165870e+00 -1.243517916002119916e+00 -1.145322286924645105e+00 -1.158132670971069089e+00
5.028766220914487883e-02 -1.043526957619158591e+00 1.906793759435691515e-01 -1.357389257501390389e+00 -9.576474433295247835e-01 -1.149329699559931361e+00 -1.218155324861872835e+00
-1.888649175501569966e-01 -1.820672685196558893e+00 -2.080522820396995876e+00 -1.242093874064035042e+00 -1.229417357312913239e+00 -1.215728053226456939e+00 -1.192777998717170718e+00
-9.329426661774871121e-01 -6.863103416317575256e-01 -9.390084282105076730e-01 -9.404385365131887609e-01 -1.073115290908986719e+00 -1.111683318915394292e+00 -1.156070503262333071e+00
-1.407475090857066014e-02 -6.678463744749684183e-01 -1.328954055764214104e+00 -1.113585272185311670e+00 -1.242474415137978960e+00 -1.222250201074273068e+00 -1.202519866097587764e+00
1.194311998104180539e-02 -1.156868258199854171e+00 -1.467937462580850783e+00 -8.415961223092752741e-01 -1.137923331259375281e+00 -1.094537385537575735e+00 -1.214246918471458159e+00
1.076857997400066103e-01 -7.498219381187298804e-01 -1.193933410439194986e+00 -1.131777205861925317e+00 -1.326753827012701503e+00 -1.173922320283428578e+00 -1.236084152420130255e+00
-1.763889002662929473e-01 -7.151779982251020851e-01 -1.762018159241126813e+00 -1.626647175772556020e+00 -1.272345584299400478e+00 -1.285191995756641115e+00 -1.250640357680669279e+00
