(-1.1963990743203268+0j)
-3.026617674062130336e-01 -1.190104093108642180e+00 -1.128645936915909642e+00 -1.163509265936807591e+00 -1.232229570352323833e+00 -1.252618895399712828e+00 -1.233989399530508457e+00
-6.582855555357479682e-01 -8.741688815788029032e-01 -1.588453569849235025e+00 -1.252504537681984775e+00 -1.142497408518976965e+00 -1.243345398953103809e+00 -1.215293253452969680e+00
-3.722310773506131709e-01 -1.534357993606742632e+00 -1.447695930501502470e+00 -1.244889394819450823e+00 -1.179424437895786104e+00 -1.180232931068344815e+00 -1.181140119306846703e+00
-5.487894618556916626e-01 -6.276803703718403238e-01 -6.235846715688089237e-01 -9.573051622802500882e-01 -1.295338854635819770e+00 -1.231340278321183757e+00 -1.195515772407253152e+00
-9.741584908623134309e-01 -7.358526313008749709e-01 -6.578578533163194075e-01 -1.167246893461280743e+00 -1.191979437542152631e+00 -1.122665822183283701e+00 -1.211421717846159263e+00
-5.012380566368004331e-01 -1.149547620976299811e+00 -6.228696872157872821e-01 -1.131116231901903912e+00 -1.293938067093360900e+00 -1.215500598109920727e+00 -1.170335204087621372e+00
-3.325167282618196052e-01 -2.528051302077404472e+00 -1.317173875812763573e+00 -1.051908113881595774e+00 -1.211355072352324536e+00 -1.191176377392428432e+00 -1.181907399141308490e+00
-6.335193901464424293e-01 -1.972775045254118620e+00 -1.380849025610296099e+00 -1.389705155056917940e+00 -1.248720623637079363e+00 -1.156284031209418472e+00 -1.227755011793788986e+00
-5.529958594132082794e-01 -1.131777915907658194e+00 -8.964654666094854507e-01 -1.294484216774629548e+00 -1.197523321519470940e+00 -1.173258752738467026e+00 -1.186523583502448131e+00
2.127362793755684933e-01 -1.938441074965767896e+00 -1.345063923705767994e+00 -1.599836457396679013e+00 -1.162187661235999370e+00 -1.114277502211045601e+00 -1.222704579106933753e+00
-1.251615446564918077e+00 -1.149087245060662177e+00 -8.222068964623225895e-01 -1.523157381336736282e+00 -1.203731360948948614e+00 -1.209199329601726935e+00 -1.172150814445878986e+00
-3.111806515519732752e-03 -1.138080294678891491e+00 -1.384455375318641046e+00 -1.252250584694734936e+00 -1.309990598125151617e+00 -1.063406901262592630e+00 -1.209541860740915631e+00
-1.244867195747945132e+00 -1.851495245215878827e+00 -1.056918848958841028e+00 -1.071136489556010041e+00 -1.292054858653272964e+00 -1.092149949984359436e+00 -1.223441685137766299e+00
-1.641967919526013953e-01 -1.910347266781313280e+00 -9.819420178308464475e-01 -1.290469188879135753e+00 -1.182224031494020666e+00 -1.156965173339086217e+00 -1.156694571642745917e+00
-4.415108398342965090e-01 -1.720162376751070310e+00 -1.421957091328470035e+00 -1.347269684063185702e+00 -1.100886785045049887e+00 -1.148895277227982348e+00 -1.209519300601581193e+00
-6.007391084823596739e-01 -2.611165331001580991e+00 -1.268581190073860165e+00 -1.569797440957520385e+00 -1.111197574405103916e+00 -1.173032367718294111e+00 -1.151758025625821080e+00
-6.650979589039569539e-01 -9.234596692369757553e-01 -8.632736668855759410e-01 -1.214319964575627075e+00 -1.236680621917457312e+00 -1.093144296648556724e+00 -1.179200311413927338e+00
-4.791556756451736399e-01 5.063823666732514273e-02 -8.986441309005721578e-01 -1.469498982808735477e+00 -1.299534043086232549e+00 -1.135142366555435878e+00 -1.215080797289963321e+00
-9.609720235629887197e-01 5.281982809537616452e-01 -1.574303563987728971e+00 -8.176291390011423132e-01 -1.262427827849259776e+00 -1.311627470566577580e+00 -1.193596928129374568e+00
1.387259054598684593e-01 -2.277604962239730302e+00 -7.888328300812935678e-01 -1.320318596120513277e+00 -1.129386813545502299e+00 -1.156200115978329279e+00 -1.201255472013194492e+00
1.664988415966672797e-02 -9.124064645529523787e-01 -1.355739428294858495e+00 -1.234625384694165273e+00 -1.255181011220383169e+00 -1.174117525029066744e+00 -1.216483865015006494e+00
-7.137814250544773920e-01 -1.208289879603281713e+00 -1.274594739929136411e+00 -1.416049402983481809e+00 -1.227082791412450913e+00 -1.231111461668062956e+00 -1.198267443205865979e+00
-1.150250248635547479e+00 -1.937322387414183833e+00 -1.387200303110323940e+00 -1.035955465626053007e+00 -1.242605139125635194e+00 -1.247399209707489298e+00 -1.207777842531671642e+00
-1.258513454756899463e+00 -2.471207680713451094e+00 -1.461597112250818675e+00 -1.423986019473191700e+00 -1.302330357930321814e+00 -1.175253718264210878e+00 -1.212928790150824998e+00
-8.838624677510624472e-02 -1.367922358574641395e+00 -1.015585242515892661e+00 -1.269134690937241849e+00 -1.079210682262351284e+00 -1.200626725518826987e+00 -1.197461177528417409e+00
3.693024248011946287e-01 -5.258185580100607215e-01 -9.133141505350872436e-01 -1.189625371221802563e+00 -1.242464526825177495e+00 -1.190661927652894914e+00 -1.180059685345142606e+00
4.751967856582638428e-01 -1.394071382537868775e+00 -1.317597786755000167e+00 -9.957245061942104902e-01 -1.135988227074292478e+00 -1.200598837670923569e+00 -1.161596785277336785e+00
-7.169610330486366756e-01 -1.234841121306864409e+00 -1.188993174710263556e+00 -1.230603937800264003e+00 -1.170038240782692140e+00 -1.200165705340518585e+00 -1.188741074065126524e+00
3.857704161668435439e-01 -1.336139858228760691e+00 -8.219080163419113516e-01 -1.085635806941167569e+00 -1.315533371708650590e+00 -1.179858181295277308e+00 -1.183425869889578319e+00
-1.233036355174558008e+00 -2.043056594585774377e+00 -1.218838278754510895e+00 -1.174870659988482391e+00 -1.155313269111063246e+00 -1.163095465396683625e+00 -1.194222051557569664e+00
9.791397102317236922e-02 1.819917080626804462e-01 -1.356384902519319979e+00 -1.203032409429244609e+00 -1.339535396395276301e+00 -1.204193635607441193e+00 -1.230123933283310933e+00
-9.732809651432043907e-01 -7.030376304989547354e-01 -9.651088146189377159e-01 -1.345812319159699122e+00 -1.200689072230411547e+00 -1.217232548086881305e+00 -1.172315320656558191e+00
-6.153450161052338441e-01 -2.226310853794606359e+00 -1.509896780103158420e+00 -1.474053113412177263e+00 -1.178138078203534000e+00 -1.222076960984015193e+00 -1.179106416720773431e+00
-1.934627845510453747e-01 -6.668313590320023021e-01 -8.833926084519596600e-01 -1.102030581959112965e+00 -1.049011830211932228e+00 -1.234609129745000811e+00 -1.239589934796446968e+00
9.953491173604259168e-02 -1.728513571516865133e+00 -1.708348723600793706e+00 -8.164924182804955688e-01 -1.137473533448218443e+00 -1.140007651706934411e+00 -1.232315446396835767e+00
-6.157171768798334055e-01 -1.217992443335522035e+00 -1.791167638853913724e+00 -1.188498846394015374e+00 -1.226965274485860569e+00 -1.185610652254211805e+00 -1.209484761721724810e+00
-3.204559912316701786e-01 -4.002612219243121272e-01 -1.441896468077431104e+00 -1.266925469558782158e+00 -1.274777568434020791e+00 -1.112220938218806410e+00 -1.226797493080693080e+00
-4.972675689447171310e-01 -1.708890709995467772e+00 -1.549713954211991984e+00 -1.216628346953687601e+00 -1.187763777220714800e+00 -1.211703240124901937e+00 -1.212355705020743191e+00
-1.087798617827431480e+00 -1.328765041324267759e+00 -1.146324457193679924e+00 -1.364386200951764661e+00 -1.280766130651012968e+00 -1.235017990890820982e+00 -1.117549532419133351e+00
2.658286828862626017e-01 -5.185129959832901481e-01 -1.273228040505876457e+00 -1.592252966721324103e+00 -9.361527449188016270e-01 -1.268187734241514653e+00 -1.168032143048468363e+00
-9.041656208002809558e-01 -4.075487733146206382e-01 -1.664213812258437120e+00 -1.513049221116611553e+00 -1.319740857961950065e+00 -1.135827013693797571e+00 -1.209170378704676807e+00
-7.695386191905688733e-01 -1.820082364049080637e+00 -1.163441619208251510e+00 -1.326030661207342476e+00 -1.159096444008909987e+00 -1.178683124539340543e+00 -1.229949983459346141e+00
-4.776384174807785099e-01 -9.544619627061512457e-01 -6.823017393639070338e-01 -9.501367142209736771e-01 -1.321950236260524658e+00 -1.187128866628314849e+00 -1.240770605216392042e+00
-8.023861198535604533e-01 -2.091978013420423999e+00 -1.136613456351027729e+00 -1.091593265772896393e+00 -1.100666328973517905e+00 -1.228166452856512603e+00 -1.138045567508783940e+00
-6.974903934179244036e-01 -1.112659629238935466e+00 -1.089942751983843827e+00 -9.645974619160020413e-01 -1.163281429843140646e+00 -1.194979722835688207e+00 -1.214405402270390288e+00
7.112653356346989586e-01 -2.632414360377195006e+00 -1.826500332486123979e+00 -1.275443946889876834e+00 -1.136507560326614374e+00 -1.239170837055184382e+00 -1.222764983372949033e+00
-2.511604073332009412e-01 -7.780204656510231187e-01 -8.521946990043580694e-01 -1.620463508925499507e+00 -1.168012938991256799e+00 -1.147226130548321343e+00 -1.250612468685304846e+00
-7.514573199782347279e-01 -1.409014949256361060e+00 -1.429969632067188190e+00 -1.355399698276396503e+00 -1.144349671422332015e+00 -1.169260432869861699e+00 -1.205915301093287040e+00
-1.129334063491774121e+00 -6.155741774702486735e-01 -7.409627222136411229e-01 -1.127908096808201588e+00 -1.199933667765919809e+00 -1.225498195204475671e+00 -1.161869008768305012e+00
-9.429931800954514109e-01 -1.408326718595242388e+00 -8.748065974775836029e-01 -1.199960844562365514e+00 -1.176258448269117185e+00 -1.319221555041997007e+00 -1.226013802820201448e+00
