(-0.029410543910921724+0j)
-8.480004585259097727e-01 4.488938572125752424e-01 1.321170913360116550e-01 -3.145257822323525021e-01 3.822456801137073118e-02 -7.708789330762830239e-02 -4.516288642393712083e-02
-4.610930628126361785e-01 -2.399197354074964761e-01 2.445210826843671470e-01 -3.397677706296065026e-01 -5.395892567242302484e-02 -1.129590958869973738e-01 -7.231253426026876263e-02
-2.658183286375451204e-02 8.833419359933352144e-01 -3.588302283817565996e-01 1.813922777892007787e-01 -8.124536535311696617e-02 -5.415248670477876280e-02 -1.447666968981632662e-02
-2.952121325170513622e-01 6.596566616008150974e-02 -6.489968413091676824e-01 1.946743786577530555e-01 -1.884681454186093175e-01 -3.701154628046518513e-02 -6.531520881803914991e-02
-7.653214708143335487e-01 1.338728100191978410e+00 3.351877463873845775e-01 -3.436343624364889271e-01 7.862148726296781798e-02 4.171296878267623243e-02 1.746507990748377703e-02
-1.753760707507725225e-01 2.077742272458813488e-01 1.334535082637541004e-01 -1.521294417846497937e-01 1.912204016900159731e-02 8.353602299339457637e-02 -9.258098766030609106e-02
3.201030523511256831e-01 -1.616848387262553421e+00 4.213176366623958558e-01 3.038355229313069450e-02 -2.151005790857538902e-01 -7.192031646204632978e-02 -8.058484741266450091e-02
-1.238238893681936348e-01 -3.313050929734621119e-01 -2.104217743940237917e-01 -2.542727942505343397e-02 -7.470484484734957187e-02 -4.123251928275394051e-02 -4.190706858612613939e-02
-7.569924084172539036e-01 -3.798057090896603816e-01 -7.658414956306178745e-01 4.335323209420767210e-01 5.354056924989500366e-02 -6.182422551460803328e-02 -2.480739550723233544e-02
-6.897369688255797215e-02 1.766455439118239212e+00 1.524159057718791066e-01 3.548661370888242517e-02 -1.450179432666135471e-01 -1.318879366646041884e-04 -5.375379947371750067e-02
-9.144959184735481639e-01 -1.038901407023904211e+00 -2.180158642161307003e-01 -2.100768590608491360e-01 -4.249582940889351512e-01 -1.091398416952185368e-01 1.783929182758860199e-02
-5.034784905448644321e-02 9.024069405918752063e-01 -1.139602795715448091e-01 1.651875469990127243e-03 -5.371908417225598753e-02 -1.202707915348499579e-01 -4.629340828431055543e-03
4.253200809706482177e-01 1.685558407776275969e+00 4.096157428569500158e-01 3.483635911470760460e-01 1.904160305586088120e-01 -2.178924149002232913e-02 -7.318535034224704638e-02
-4.542980745619499272e-01 8.624973660943899278e-02 -1.577769686338017507e-01 4.239373767920668890e-01 -2.135648797817698286e-01 -9.981586941610512409e-02 -9.221479352912867467e-02
-2.256059174462273498e-01 -2.513756309978152359e-01 -2.992369222085786706e-01 1.412634796801925940e-02 -2.321321385036321516e-01 -5.726717344664511433e-03 -9.257939582999599737e-03
-1.556577705434861292e+00 2.216485111141601461e-01 -3.653060300254640236e-04 2.179123378430914415e-01 1.154756419929822697e-02 -1.388738320243015079e-01 2.807597622818880367e-02
3.804453414258527344e-01 1.106328568776392268e-01 3.161530432938193247e-01 5.213438094041525361e-03 -1.905956299041097479e-01 -7.479241586094673155e-02 -4.494440157567125560e-02
1.538658324005956812e+00 3.642527473611970046e-02 2.504150157160835444e-01 -6.381549565419372683e-02 2.875234089479264399e-02 -7.242795193354517602e-02 4.249551934041685686e-02
7.335544019569419927e-01 -1.167303414851925014e+00 6.787460662364984687e-01 -3.056192443761999999e-02 -2.494024339018155734e-01 -1.909222898104469268e-02 -2.002480130576797523e-02
2.732606212705010473e-01 1.728873208778415549e+00 1.357289878845984732e-01 -2.215152759336474764e-01 5.972046020316596621e-02 9.618846323892718542e-02 -1.423416792816568910e-02
