(-0.029410543910921724+0j)
-8.525771949376355074e-01 -1.477306816647715737e-01 -4.177431402389023551e-01 3.200205243854856163e-02 -7.042356749292852380e-02 2.160941885737929086e-02 -8.962572208400126916e-02
1.940954885931058527e-01 5.579801812914252368e-01 6.840379813020442956e-01 5.680609024220165115e-02 -2.333827210060171187e-01 -2.584920470534357584e-02 -9.626387554276841230e-02
9.461540172799181025e-01 -8.386223131494936478e-01 2.250823592052791644e-01 -6.515676370909329052e-02 -7.711825826204043999e-02 -3.848607672316180228e-02 -1.464325083817760720e-02
-3.417079492657570938e-02 -6.833654029280527009e-01 6.690533325138676712e-01 4.561152022200645750e-02 7.040454583900182528e-02 -5.469353728261341918e-02 -3.819423523116766139e-02
9.289570107259729204e-01 3.122412509432765937e-01 -2.269135437325147941e-01 2.711429691976466883e-01 -1.205172200467552190e-01 -1.098407840667610380e-01 -5.503310814320319655e-02
1.161131325900943256e+00 -1.191733574896538750e+00 6.588136693585239234e-02 1.880313573515743353e-02 1.179875552708048170e-01 1.418357116995139777e-01 -3.306623771568262260e-03
1.123296795265615655e+00 2.112583947917997251e-01 -2.962379503123668822e-02 2.527247250199702311e-01 -6.993269739440763355e-02 3.430470516993854024e-02 -7.083011829286861571e-03
4.718839024509141611e-01 7.651345290935365195e-01 -2.256078620837478621e-01 7.336861283727205696e-02 1.003301964912532845e-01 6.183055024524652943e-03 -3.646256349992879620e-02
1.648396769799877593e+00 1.525512249742617121e-01 -7.314122211526397077e-01 -3.191217060779952819e-01 2.060481189795515533e-03 -6.633073229975036678e-02 -5.021353223541605293e-02
2.711535060026379895e-01 5.508300564476316108e-01 7.255485716104972949e-02 -1.181328150629372964e-01 4.047066377143079818e-02 -3.741424720528691017e-02 -5.906124221206696112e-02
-1.719797283561504964e-01 4.667679291217622373e-01 4.995474555640135872e-01 -5.178901024194775271e-01 -6.164543075545925177e-03 -2.092527059008056356e-02 -7.231145318527093524e-02
-4.318217070178956285e-02 1.145322123488726473e-01 3.406936851976075098e-02 2.615951205696018800e-01 3.127238299764273366e-03 -3.741787334612868554e-02 1.312811229663281287e-02
-1.860651666968077267e-02 -6.793921042098842733e-01 4.060399047870579814e-01 -1.366020992602299533e-01 8.586004396729320087e-02 -1.045519128595123748e-02 -2.256115015783483058e-02
3.349651295725922795e-01 8.615643474583261074e-01 1.396951030842265018e-01 -1.978712887175108903e-01 4.406980246979377847e-02 7.764840201206393844e-03 4.289213853796201847e-02
-3.419222286386920384e-01 2.339158918282111810e-01 6.239917092744989846e-03 2.758702219395220423e-01 8.776581102998151640e-02 -2.941962708096920731e-03 -5.962631664348905236e-02
3.742100311038749627e-01 6.240608428611684744e-01 -3.652093842505863552e-01 1.083077143288170008e-01 2.333365796650502255e-02 1.632352949887322380e-02 -3.527702720908773570e-02
8.221049254371884385e-02 1.323912143272729103e-02 -5.911170915217363042e-01 -4.237158624288476227e-01 8.516011334340212180e-04 -2.163734933776730041e-02 -6.525556867579998532e-02
3.770165320495305616e-01 -7.874677429116831995e-01 -2.552048897791784343e-01 -1.307002281028482871e-01 -9.143048649029236752e-02 1.125063239651485913e-01 -3.419428795583820402e-02
4.353574877296627621e-01 5.424819417944372058e-01 -3.520881064112261205e-01 1.451825343131029067e-01 -1.096955801146231313e-01 -2.496654874136058910e-02 6.065746246694966870e-03
7.287971806701010191e-01 -1.796431105440248477e-01 6.513712822566360972e-01 -3.572408810558634906e-01 -3.197403736394571760e-03 -9.508973156544817118e-02 -2.741115185935942555e-02
2.732705097762023749e-01 7.450566579117615107e-02 8.772167133371788772e-01 2.437029632402183676e-02 -1.470725266685696531e-01 -6.399508791484681547e-03 -8.969440164769168500e-02
8.904043597409092015e-02 -8.407546519635211713e-01 -4.172156187469194810e-02 -1.528707440210619606e-01 -3.321472283703046091e-02 -1.150073256880965178e-02 -8.309521877354961172e-02
-3.962889877444781828e-01 -2.560374961622862156e-01 -1.221750314613481825e+00 -1.728937164459231068e-01 6.008091535607885947e-02 -4.331984011406470048e-02 -1.035018061620310292e-02
1.687706426215702660e-01 3.017945084022169433e-02 -2.576285722655051735e-01 -5.381532118962071287e-01 -1.591929125973451931e-01 -6.756591553165336439e-02 -3.035903544882333216e-02
-6.824200290604243158e-01 7.038938033024804142e-01 -1.199486377048881725e+00 -1.579018310602517683e-01 1.147316155317712749e-01 -9.162893552765122296e-02 -2.595391208135955363e-03
3.749162460010863063e-01 -4.057356568122296725e-01 4.823428828975550031e-01 8.170889325452015961e-02 -1.297652934336557817e-01 -2.387625412486758802e-02 -9.209935247536318870e-02
3.371006972133473445e-01 -5.848404226331491707e-01 9.003942306974491161e-02 2.461265994088086828e-01 -7.545181440763193415e-02 -5.409958424234684315e-02 -6.834604522963377837e-02
-2.839407489013203723e-01 -3.007761416455627668e-01 -6.054203686406405271e-01 3.858550168610239139e-02 -6.528180134210545549e-02 -8.056921393389732122e-02 -6.299924200838519228e-02
9.955312441627552078e-02 -4.258206082965088068e-01 -2.668830374116900606e-01 -1.783823434630137650e-01 -3.983358616504002470e-01 -9.958527451163670663e-02 -6.863354621325035154e-02
4.062311393375747093e-01 -1.753449072786564256e-02 2.869759105209970240e-01 1.068176578027910245e-01 -3.247697399484166247e-01 -4.173339007253362709e-02 -4.933575229172348919e-02
5.589497147939347377e-01 -2.905705319005019716e-01 4.723874009908993199e-02 5.729948195946685807e-01 -4.602181599881681462e-02 -1.697602033715502334e-01 -6.109670241157957871e-02
3.320077985581523228e-01 -6.448035914903212928e-01 -8.831407224769957098e-01 -8.809913926482179636e-02 -1.054606323884245689e-01 -7.832532267301459128e-02 -5.569640606452486153e-02
-2.664524825558464705e-02 1.571257505383127362e-01 6.856027398804149797e-01 5.992508502440319074e-03 3.967916314076564560e-02 2.321158834765690848e-03 -1.012790909001677897e-01
6.355222212859203967e-01 -3.737237506771853290e-01 -8.442697664676154790e-02 -3.543662845485938684e-01 5.131908995177014710e-03 -8.219904073291456337e-03 2.056657949459142487e-02
5.967577151583796091e-01 -2.552816250669053266e-01 9.004076783528760508e-01 1.603538348041246286e-01 -1.627920342883300842e-01 -7.755941647928077387e-02 -3.190720602359192748e-02
6.599600013434276935e-01 1.290749797023267531e+00 3.199260121501198428e-01 4.144361596104949585e-01 -2.505562837804370391e-03 -2.077708994770112449e-02 -5.930631308850489725e-02
5.861778984755768862e-01 1.623716941647152412e+00 -1.601008838115310084e-01 4.245371766281964554e-01 -7.163313091944309430e-02 1.088261700453846403e-02 2.316808036002279692e-02
-6.288208017606503053e-03 2.621097487299187678e-01 2.585426254400705615e-01 1.954713427941384696e-02 2.585863762495471674e-02 -6.369844891119835761e-02 -2.888617247433472590e-02
-1.301419029742383049e-01 -2.687196558102636912e-01 -3.475826598314135651e-01 -3.301446549162015409e-02 -4.481810396719339284e-02 -6.475535678164415221e-02 -4.697702829605955588e-02
1.569215309263534419e-01 7.134429985656109974e-01 8.557197393083448844e-01 1.559974846421318673e-01 -1.099186368784178802e-01 -9.632845447754315171e-02 -6.079545210398418220e-02
4.516177814387728473e-01 2.987102488210964246e-01 1.780662862936040480e-01 -2.059091685201514255e-01 -1.444377064522935905e-01 -1.370164183095296806e-01 -3.648842964818246881e-02
2.576365710567878331e-01 -4.962267971671612266e-01 -3.717866767904552949e-01 1.554571101158009894e-01 9.572407646565841977e-02 -8.161608031844466704e-02 -2.434540667276330339e-03
-6.693185265787477967e-01 4.917227295782391483e-01 2.423372209596054150e-01 -5.474342219313554914e-01 -7.379286875622340092e-02 6.916545501349090352e-02 -6.324965837159277071e-02
5.612783664944639983e-02 -5.261780689595205729e-01 4.848069702024565553e-01 -3.230929651855279916e-01 -4.686980795016209012e-01 4.880779938675791629e-03 -5.849017008162751829e-02
8.906428279502729417e-01 1.168336547671232184e+00 -5.489256825754519342e-01 4.251136372170849498e-01 -1.029311998001971873e-01 -4.021411633557175902e-02 -3.373333414227767946e-02
3.955457952350746043e-01 9.135695748566102781e-01 -4.156004505651061942e-01 2.913605761201587541e-03 2.727394957219772542e-02 1.190182115939735219e-01 2.012142616060955125e-02
7.131100902761645655e-01 1.149475502657152648e-01 -3.950176743757586317e-01 -6.905533938723218412e-02 1.957339590459581946e-01 -9.748367079430050874e-02 1.458349619680554543e-03
-1.333562864672613313e-02 5.392592670756277684e-01 2.554035233771878577e-02 1.258277718601043815e-01 -1.853365100736878712e-01 -3.960735873391324491e-03 -2.741020785560518980e-02
-6.094536002397226149e-01 -4.658360374693956696e-02 1.892091894945224506e-01 -4.727305932768166574e-01 -2.414456419247545949e-02 -9.615005411076574249e-02 -2.988555465358547214e-02
-1.961165697808866792e-01 -3.955179706989758737e-01 -8.012399123786659860e-01 2.186532187766013213e-02 -2.317203659230654134e-01 -1.146016480977763152e-01 -1.164676362536798127e-01
