(-0.029410543910921724+0j)
1.632238757210585367e-01 -1.308646714078312290e-01 -1.855208845291828335e-01 -3.626750859554347395e-01 -1.341673842266825623e-01 -5.483594371525774003e-02 3.076801265734646629e-03
7.730141711808696803e-02 6.019347903296206059e-01 1.428644660476205419e-01 6.691939501053519035e-02 -1.031876897415615335e-01 -5.794212309654048210e-02 -3.813351511143027450e-02
6.542427075460441332e-02 8.221667609352623085e-01 6.612161342639261141e-01 6.116920747507326173e-02 -3.160844979632904117e-01 2.386433805631439642e-02 -2.460003359164711356e-02
-9.319999631969673182e-01 -4.176214622817120414e-01 -3.364543883251382983e-01 -2.712252074433015858e-01 -1.356681081549292456e-01 -1.292657153188369046e-01 -6.240586050416993547e-02
-2.333261816673534994e-01 5.501339699834711938e-03 7.522238193746612067e-01 1.609839567850304409e-01 1.243172548597567539e-01 4.236566131272807845e-02 -2.638956251558656485e-02
8.137617728806656459e-01 2.429496622517019755e-01 -2.764059982052788356e-02 -3.172766675545555248e-01 -6.489669314062004868e-02 1.038179352582181691e-02 -1.360830859746557653e-02
7.698363186382797263e-01 4.675351853420580683e-01 5.864558477757972343e-02 1.286511993427484901e-01 2.770695087953792268e-02 7.587250631412190138e-03 -3.198011606836070886e-02
-5.908523427716456666e-01 -5.005931528202230973e-01 4.083910458041875025e-01 -5.924180478249793658e-02 -1.652007441303161017e-01 -3.855317311121267410e-02 -8.648509997640274616e-03
4.956429370821416880e-01 -7.878394920033604532e-01 -1.494213639099487012e-01 -1.291480615950171273e-01 -2.552167663109968787e-01 -1.299328299730350411e-01 -1.149746101168507562e-01
-5.071575687174586511e-01 9.490782069925549624e-01 -2.324628176414846592e-01 4.749042698459139678e-02 -2.014581700519082197e-01 -1.056591302071717697e-01 -9.482868315470599496e-02
-5.923087194169757153e-03 -5.408898929971276415e-01 -7.158976299893203832e-01 -3.059795553471983398e-01 -9.841147652643197907e-02 -5.193653289853658594e-02 -2.659644948967744560e-02
3.985538850125591726e-03 -6.927519982673552290e-02 3.999074259686967725e-01 -2.985085228046077122e-01 -5.870905937286916010e-02 -1.380555242761234702e-01 -8.085318052800297139e-02
4.879163310179901458e-01 3.873242522405043187e-02 8.554551159398623983e-02 -6.004962457836243717e-02 -3.870826697304179109e-02 3.881510345598637723e-03 -1.790965133291461120e-02
-6.063165644369101770e-01 -5.687716028957980896e-01 -6.658331798140579849e-01 -5.694004442563518897e-02 -1.021645433209236453e-01 -1.198300194240980165e-01 -4.706652822869131225e-02
6.160068366218834912e-02 -2.433742672823277775e-01 1.000346882911494983e+00 5.802273088556123559e-01 2.945836426660599638e-01 7.174821418648566484e-02 1.104656851213528523e-02
8.971637625779963487e-01 4.118188114179678339e-01 -4.994587475230753970e-01 -2.869799179563086167e-01 1.087530925880629551e-01 -3.025384603767833358e-04 -6.713250507545256984e-02
-5.179051806247000345e-01 -6.456383265260778881e-01 -9.180212232386084081e-02 -8.693098152337125351e-02 3.230761407322776946e-02 -4.712594820273530161e-02 -3.052600096073537772e-02
5.145720658570062112e-01 5.922019754049484552e-02 -6.584510182261102962e-01 1.692346922121694686e-01 1.046468364387809213e-02 -1.717337500038516873e-02 -2.411835872958081883e-02
-1.967723705734214512e-02 -3.319805152733302789e-01 -3.434164193175934243e-02 -2.806138698955484845e-01 2.391049236404430012e-02 5.682017954058202203e-02 -4.590737874221934023e-02
3.276858630013450568e-01 3.773591743130926268e-01 7.297637800691617604e-01 3.252892246460650227e-01 9.433856022005027153e-04 -1.227700079837570901e-02 -1.191591764259705699e-02
