(-0.08961550784964645+0j)
-3.559152798353024671e-01 -1.969877298234143093e-01 -5.926803875602065785e-01 -1.362837574417105291e+00 -2.951236402347351406e-01 -2.485776087637932841e-01 1.565889962850131045e-02
1.546686484736785328e-02 -3.334227793691124653e-01 3.297386963216161759e-02 -1.897395169120576763e-01 -2.876922045089038704e-01 -1.791970283617315973e-01 -5.423491689989307779e-02
-3.368048713519494752e-01 5.567528752534854908e-01 -5.785163845911988068e-01 -7.995065203818535471e-01 -2.961883725795253497e-01 -2.190359608166242977e-01 -6.522435104242045589e-03
-6.804138728189581542e-01 -6.731613406220252060e-02 7.136472431177024456e-01 1.585426492963522282e-01 2.969156219329298629e-01 -2.270606640552108590e-02 -1.644051237873690174e-01
3.743259142972834574e-01 -4.902623531786750588e-01 -4.405364227832989088e-02 -4.215705185453328951e-01 -2.781376308791703167e-01 -1.509493123935126968e-01 -1.452875917857138488e-01
1.357095651430203220e-01 -1.249748057597670714e+00 4.470853805717668328e-01 -8.454304967358060585e-01 -7.098266381211613962e-02 2.361983310906148048e-01 -4.834699040537847325e-02
-1.354836308277307388e-01 2.792901075624623086e-01 1.193218413453251969e+00 -1.985250666344380854e-01 -1.255688887845129442e-01 -6.475729830546464449e-02 -1.142871365597053213e-01
-1.948488343964782654e-01 1.165017140422281772e+00 -2.982314012062797781e-01 -7.204511794244414791e-01 1.497419123508471894e-01 -1.829101966575860660e-03 -1.655265483993681452e-01
1.742230214008454181e-01 -5.777813303374187970e-02 -1.266936981308559362e+00 6.441580569061658434e-02 3.933511946725951614e-01 -1.790533730420288683e-01 -7.617139346661924715e-02
-3.305274782159050018e-01 3.485197114052720480e-01 2.365151193201280588e-01 1.381210602006633092e-01 7.896241510586561319e-01 1.758121827656042302e-01 -1.631006351698127410e-01
-1.734307479736925395e-01 -3.023112318288713185e-01 -5.415357389921579001e-01 -1.331687935607879236e-01 2.171193233823255631e-01 -2.295026930287598910e-01 -1.476157519006317809e-01
5.166730728967813824e-02 -4.477912386571577530e-01 -1.280631651148833372e+00 -2.445058139223102445e-02 1.136807817125399800e-01 -2.339883026605286409e-01 -1.342208504967848937e-01
-2.527749881936284249e-01 6.318721771132770337e-01 2.626169879058851686e-01 5.889566242776106408e-01 4.952056618526999854e-01 -5.348722381208258492e-01 -1.352434426983379345e-01
-2.890521278659284876e-01 2.720503778197630451e-01 -7.861621782771380795e-01 -2.929674041967023079e-01 -2.919454290517856099e-02 2.243665367011420941e-01 -5.753712921387477142e-02
4.886570871980339126e-01 4.263767939887284919e-02 -3.234653200609566293e-01 -4.309516325881344034e-01 -7.059633516951466237e-02 -1.432645292512680912e-01 -2.304455548120543928e-01
-3.593954466184778873e-02 -3.749644199806740907e-01 -2.908650587194377968e-01 7.320824088047872547e-01 -1.850497801314524016e-02 -2.012527056469493314e-01 -1.625750324149794201e-01
-1.477300543144930700e-01 4.385750993020841593e-01 3.842749759373834118e-02 -1.496208167110213649e+00 2.979896261563231841e-01 8.412402334809276905e-02 -8.981101740269367695e-02
-2.397251856567577111e-01 -3.121812406041498678e-01 3.803715570408744417e-01 -5.809066909440795123e-02 5.726613321829358005e-01 -3.502893717235513460e-01 -7.489176804318009584e-02
-2.332656515003405928e-01 2.912769908273676878e-02 1.560066537544926857e-01 3.174830935729570092e-01 -1.997106603292289895e-01 -3.914183543865835668e-01 3.710922373787635398e-02
1.950995840273561377e-01 6.507255229318778533e-02 -1.543925386533795185e+00 -1.593481072394789810e-01 1.380699527308190400e-01 1.121578554932373128e-01 -2.310714526360123922e-01
-5.691472416962558567e-01 -6.920711496867126833e-03 -5.410847393495782365e-01 -1.378736678256851367e-01 -7.465865502187424285e-02 9.777480441432372105e-02 -3.362305484199971939e-02
-4.303412020880814648e-01 -2.434314966796810586e-01 -1.268466898216263905e-01 9.856319446623176828e-02 4.083794040377869417e-02 6.534942998141553272e-02 -6.468327334588716560e-02
3.634538042275348158e-02 -5.956804102747244034e-01 1.607881987176029981e-01 6.155891704914843165e-01 1.068812893832663535e-01 -4.029575810921143253e-03 -6.808099899932383570e-02
-2.193819647357256597e-01 1.279528994246103557e-01 1.378244812222245708e-02 -6.097677868911706156e-01 -7.458790145517854575e-02 -2.382085595489153440e-01 -3.273861680480919661e-02
-2.053705409940913273e-01 -2.091462597408759172e-01 4.827857925256724414e-01 -8.267113040596766327e-01 -4.811635748006050095e-01 -2.337806375324669450e-01 -4.399832066451857260e-02
-1.817772149641386503e-01 1.359307707630317830e-01 -9.180018168838525172e-01 -3.581302988425019707e-02 1.212345378757730407e-01 -3.610099057374341891e-01 5.172971801774731149e-02
-2.028443673140020442e-01 1.346880071247467947e-01 -1.705431325525754160e-01 -6.684421082983265094e-01 -1.270826817056346092e-01 -2.937607709299611125e-01 -2.485440040911253978e-01
2.886663808821620103e-01 -4.937579384858189480e-01 1.602774472545530904e-01 3.525324880443851949e-01 1.129513457946387800e-03 -2.539668481083838802e-01 -5.573548183237831549e-02
1.639652412689412420e-01 4.716594207494116953e-01 -6.747381028483768750e-01 -5.887588311236570116e-01 1.255759813129990188e-01 2.380649567695346247e-01 -1.954584959161904112e-01
-5.128757191193941689e-02 4.448641200222415160e-01 6.851052901672430862e-01 -5.159213401166012902e-01 2.277603428599141167e-01 -8.041503814554927521e-02 -1.040964652905592286e-01
3.883779460493740343e-01 -1.010269745679986508e+00 5.842159113962992478e-01 5.868012507762737640e-01 -4.919033957388725398e-01 6.206856350280604007e-02 -1.398794268545627273e-01
-7.612982146389440929e-02 2.733741643204571359e-01 1.320350796340505672e+00 -1.021607369579688784e+00 -5.516775208071370562e-01 -6.903359253492499792e-02 -1.805156063218233686e-01
-3.788852779631837198e-01 4.614843018080649895e-01 -1.373941785782351876e-01 1.671119563062701541e-01 2.194870718030102474e-01 -1.178955314037378188e-01 -1.853886354166302819e-01
1.173170497702085702e-01 -3.386931952330100026e-01 -2.371397304379127824e-01 -1.920020322297204263e-01 1.977419627120416967e-01 -1.626586408234441394e-01 6.251955500291386802e-02
7.162700784972664270e-02 -4.748467905295286062e-01 3.895691461793995281e-01 -4.251264620228536462e-01 -6.449952078831829860e-01 -1.805223482365387877e-01 -1.233886035733746250e-01
1.852083369682922254e-01 1.504306166441282677e-01 8.091401420417868029e-02 -4.981972734100137412e-01 1.056275706777863033e-01 2.564173665644212674e-01 -9.800162701532233456e-02
4.223905917123343956e-01 -2.870395574074946499e-01 8.226454521275655685e-01 3.552065839813829395e-01 -6.901291538766432532e-02 -1.888173777359876959e-01 -7.296332131856562986e-03
3.832524887643360412e-01 -3.049133342903425081e-01 5.217841394853368620e-01 -6.051405766643516149e-01 -4.807438248592991181e-01 2.140951298298323924e-01 -1.690635948095688124e-01
7.979081696357048781e-02 -8.918148075435203270e-02 -2.751954214282991140e-01 -9.139673606520045679e-01 -6.494558658691913511e-01 -2.695109126588071669e-01 -2.975958690639009599e-02
1.111831922760454505e-01 -6.001893124642103672e-01 8.254257996694516764e-02 -3.410244508409482345e-01 3.529067395942195873e-01 5.429916731065489999e-02 1.437653831463663046e-02
8.678619089832143585e-01 5.388625813347732718e-01 1.377417608779815672e-01 -4.490416730226016728e-01 -1.125718625423143548e-01 -2.830813453212328579e-01 -1.282799200849033261e-01
-2.371732164278188559e-01 7.890861223149322479e-01 5.996558780503850050e-01 1.201078985931056109e-02 -2.440596423660996439e-01 -3.290125506993006876e-01 -4.615178171050001582e-02
1.341827456427124032e-01 -2.626459663689481028e-01 -5.425428166995626134e-01 -6.738746331462418526e-01 -3.063336802249213564e-01 -1.583346764636482384e-01 -4.999376221147391886e-03
-1.110778490337827051e-01 -1.894937814370745988e-01 2.294725203252542811e-01 7.838483276418950485e-01 5.133123017946386035e-01 1.240057831348619910e-01 -1.261650039065645990e-01
-3.397798463096201038e-01 1.250171153989879935e-01 -1.237183500506549849e-01 -3.445539755445878871e-01 -1.719146495724806767e-01 7.736731403450597400e-02 -3.311010375497517449e-02
3.048994811183938225e-01 -6.593660951062921827e-01 7.835888616216348801e-01 -5.495142531344987535e-01 7.809860600092186078e-03 -1.407039529945837142e-01 -1.880350457902255079e-01
-2.808499816105824998e-01 3.012522416740133213e-01 4.397526030475705783e-01 1.031470341196876472e-01 -1.562071502874063933e-01 1.368531308495136989e-01 1.916306294481286143e-03
5.334778494951233907e-02 8.850760114455966110e-02 8.680265352249056932e-01 1.006919533263568534e+00 -2.491260626897083552e-01 -2.076609867021801670e-01 -1.319971043548069933e-01
-3.503367421920647318e-02 -2.367489453151233325e-01 1.833821324785231133e-01 -2.430660544441371196e-01 3.915512827250888783e-01 -2.207243323514800071e-01 -4.854631740191598516e-02
-4.033397361149718696e-01 5.987119806845012659e-01 -5.451610696212068063e-01 4.908987590366967746e-01 -7.829885680051922314e-01 -2.010968831135173940e-01 -7.684568657944092218e-02
