(-0.08961550784964645+0j)
-8.341689664678689220e-02 -5.248079748535726674e-01 1.274040725557196163e-01 1.301076443963461171e-01 2.974538128167114603e-01 1.078100771195049656e-01 -2.647725176656116897e-02
1.511110997396423183e-01 2.446495138298769578e-01 9.540571321020304696e-01 5.632069730352308179e-01 1.156568761816067215e-01 -2.160732067171956122e-02 -9.730315205557918401e-02
-4.514501646577051552e-02 3.872857016274141584e-01 -4.341491066705165380e-01 1.422775103820717313e-01 -1.033231041350360091e-01 -2.318092962039431659e-01 -9.277652797273186480e-02
-4.841949781407460796e-01 -5.735957103534456980e-01 9.209960605375553389e-01 5.854085642869759631e-01 -1.704243723994886689e-02 -9.407854217965400112e-02 -1.873052429826586041e-01
3.244822526280563002e-01 -7.560946634648621489e-02 1.984198175388487972e-01 -6.021901420118833670e-01 3.211136168580220884e-01 1.553662445208734144e-01 -2.035729215375520207e-02
-5.244509401224068945e-01 -4.554127802583871065e-02 -1.047728937994715670e+00 -3.700882083450640625e-01 -1.299982922664303653e-01 -4.356664404789739597e-03 -4.145697780018966355e-02
-6.773208541994027998e-01 2.369831371379920448e-01 -1.023007585708789691e+00 -6.606816308137039573e-02 -5.065356957886647526e-01 -2.484971347192039409e-02 -7.416741256112473202e-02
1.990843304302406802e-01 9.828796888662300058e-01 3.086132012774320810e-01 -2.129280309710269992e-01 -4.637489526440390364e-01 8.796214366308059696e-02 -6.152385259572971249e-02
-1.232676995768525047e-01 2.129996545815897591e-01 -6.268433951068627663e-02 -2.663605313084348170e-02 1.338446702550910861e-01 -2.953296430690498520e-01 -1.353522022620495258e-01
2.078216075613810443e-01 5.283887351050086112e-01 2.725919546266304394e-01 -3.396551092822818196e-01 -4.038287236104896039e-01 3.603105945240346608e-02 -1.797324525002344242e-01
-4.367684285459331184e-01 -1.390653645687844608e-01 -2.862352825341840656e-01 3.534495319568240479e-01 2.241060000361820292e-01 -9.068707191539618351e-02 -6.284790363199593832e-02
-1.117181236824478230e-01 -6.674788183250440765e-01 4.331350300530208974e-01 3.812056271223139559e-02 -2.125306638646407287e-01 -2.591281534502859474e-01 -1.296521823397531747e-01
2.702861732405359430e-03 5.004969960206628876e-01 2.957424083917948865e-01 2.032655177405981728e-01 -5.449683936147526886e-01 -4.410292819583313539e-01 -1.399467260106005972e-01
-1.826519752284290199e-01 -6.218685373517719439e-01 7.126848980391121691e-01 1.036304166279657657e-01 -2.731574555256263137e-01 -3.241154934916258279e-01 1.394211445690082124e-02
-4.771790975794764078e-01 -1.085327465611482800e-01 -5.460144021658069891e-01 -2.399947099875717471e-01 -8.183660732016706518e-03 -3.530285860496529260e-03 -1.649126522804561790e-01
2.572632239388072950e-01 -1.933485623478263804e-01 3.338472318216205714e-01 9.815050843145637360e-01 -5.351747459676130247e-02 -1.117556841004531953e-01 -1.442931621635769324e-01
1.125096356688484733e-02 7.427981731801741594e-01 -1.258639221900694494e-01 -2.706897267901934301e-01 -5.455932346097779329e-01 -1.943690764618082045e-02 -4.750323830356172061e-02
-4.857034403720363880e-01 1.705125198842522838e-01 -7.359669534113658651e-01 2.995180933734584716e-01 -6.094188417429577398e-02 1.312206029781597810e-02 -1.187595680115818841e-01
4.070953179628460372e-01 7.397690767775794152e-01 9.420545837946788792e-01 2.374716660117902889e-01 -4.212823319539518163e-01 -1.499173561273580424e-01 -1.260458794453644948e-02
2.361854046060403445e-01 4.425471846104678253e-01 1.352242981945429134e+00 -5.704376445389415240e-01 -4.970769168917268943e-02 -3.927655075988461392e-02 -1.002723063123047709e-01
-6.425228058994741920e-02 -3.834370168179355165e-01 4.237004084622109090e-01 -1.499949396262159340e-01 -1.872545093863060006e-01 4.947143247916407915e-02 1.399682722372424387e-02
-4.143011307005465271e-01 4.636216519457034280e-02 1.074698196936569428e+00 6.299559774447073546e-02 -2.818122296564391505e-01 -1.220721950538497247e-01 -9.323187295114783446e-02
1.641046825440561352e-01 -2.168104226036981774e-01 2.416128808174453080e-02 -5.587532301679291047e-01 -1.398816294354009448e-01 -5.810474970880880052e-02 3.510266150664151374e-02
-7.521990834206346288e-02 9.667552226698091777e-01 -3.222118994703792039e-01 -5.923201544944318997e-02 -3.948293198756491762e-01 -2.974688974753036952e-01 -1.802211437303515573e-01
-1.710383787460597882e-01 -4.943450905600581535e-01 -5.862299199504893421e-01 7.752802411702416907e-02 -2.270450805947282491e-01 -7.850951069139079641e-02 -1.583838591353283476e-01
7.873674849419661781e-01 1.634147280238566757e-01 -2.772846454039293862e-01 -9.896566482005131338e-02 -1.985304952767616704e-01 -1.952768512642189536e-01 -8.905665909261092916e-02
-8.271454005834277812e-01 3.491133844149455490e-01 7.818851768586654316e-02 3.243846103936781633e-01 -7.240135378253121923e-01 -1.976113534191652893e-02 -6.218241536397140640e-02
1.796439819910441993e-01 7.327559180950287132e-01 -7.787596090431411766e-02 -1.875100134047757716e-01 -1.431802122920957654e-01 -3.738462118562720093e-02 -9.823283422673716181e-02
9.051329610725845909e-02 3.624778222047465581e-01 -6.550003086528202179e-01 -2.221412388573827390e-01 2.140741976311331951e-01 -1.188082425418546251e-01 -1.502438943830013973e-01
3.929950377282372953e-01 -2.640902845199132321e-01 -1.857175719864772312e-01 4.590631602103873998e-01 -1.284557375989230088e-01 -1.509582097402707712e-01 -2.470848444681124911e-01
-2.568177695216875556e-01 -5.272096193504045569e-01 4.178909301360092532e-02 -2.714180559273612348e-01 -1.270719342657010698e-01 2.848692266678251039e-01 -5.183247332853414824e-02
5.553042456981719388e-01 -1.109123882622393475e+00 1.226960765508255946e-01 -5.765146691151293301e-02 5.803041579227635749e-02 -1.193624885719566514e-02 -1.092149543294700931e-01
-1.546591431763127689e-01 -2.045374764329373485e-01 6.791339498018942322e-01 -5.506782846434824519e-01 -9.501705854399818130e-02 1.875139496938095507e-02 -5.795761404013215906e-02
-2.527199494075382802e-01 -9.233699642648541817e-01 3.678271614154943192e-01 2.130958543488103429e-01 -2.650015565074085311e-01 -2.198247922710204472e-02 -5.510842752195210803e-03
1.321843541763815244e-01 -6.677375844434044749e-01 6.504874807702820672e-02 1.613805258917328234e-01 1.653468712973509835e-01 -4.404251878469264692e-02 -1.647054500507485197e-01
1.450271032506544877e-01 9.747399909203152690e-02 1.208849808898776190e-01 -2.253525609780474837e-01 -4.172278858619950237e-02 -1.292301813663868926e-01 -6.984670886469432349e-02
-1.079709321968896907e-02 1.594942887842693835e-01 -4.564445184492269547e-01 8.377036192575901263e-02 -1.577714491745779435e-01 -1.711669879409969952e-01 -1.472674043556693180e-03
-1.179902281375816570e-01 -2.103264201178878245e-01 -6.119515887478571559e-01 2.072198574348907696e-01 2.309200336931364894e-01 -4.159670747861668461e-02 -1.560065392239760318e-01
1.190551819755780172e-01 2.014315378464466011e-01 -7.602094943784654113e-01 2.622731989958321241e-01 -5.976798016820755732e-01 -1.025077886359196389e-02 -5.197064670955628407e-02
2.658838687984096394e-01 -1.142610131424527609e+00 4.542670142218150353e-01 -4.074579999573847006e-02 -8.429713735372343364e-02 -1.069890648883440459e-01 -1.726366912524121555e-02
-5.017556010235180164e-01 -1.367835462149972481e-01 -1.026483884524079127e+00 3.608273492029967500e-02 3.320253960607577604e-01 1.550019435226116238e-01 -9.475662716573807209e-02
-1.187698195092301151e-01 -1.040614624966873292e+00 6.028348972079378143e-01 -4.660059615033154690e-02 -1.802083712145455263e-02 8.860429145637370441e-02 -1.417394995174639516e-01
-6.058583813052482725e-01 -1.271179013704567262e-01 -1.798868214262387133e-01 -3.262762819484262833e-01 -4.776730932577126498e-03 -2.669147313948564415e-01 -2.486693345799585037e-02
2.135483274522304853e-01 2.298088670840182923e-01 -1.008050801269284313e-01 -5.209688868766095826e-01 -3.622370591531635098e-01 -6.543263571080110141e-02 3.691020184323393072e-02
5.364564352134264524e-01 -1.209933192787771283e-01 -1.800129574357220152e-01 -1.315074230988766413e+00 -3.367782756087391860e-01 -5.263138918595450244e-02 -1.685814101641829738e-02
1.799911241903428272e-01 2.600499087566119361e-01 8.402848987795912272e-01 4.224608899460809142e-02 -1.101814182739750819e-01 -7.385727840809114264e-02 -1.413158453255893010e-02
2.117241331466839793e-01 -9.256356803889861928e-02 3.333611040691962790e-01 1.620186773422528648e-01 -3.312495343935020209e-01 -2.336806115561058106e-01 -1.708406853813607407e-01
-5.977764164189768303e-01 -1.636864743418905699e-01 3.194588402243733194e-01 -2.702010425254078863e-01 1.995281710736090397e-01 -1.576462515810931608e-01 -1.818374829342483401e-01
4.345362528160381377e-01 -8.063922747944153591e-02 3.087420584035800442e-01 -1.317051405249568818e-01 -4.852416415728343368e-01 -1.174841438261432364e-01 -9.718664057848680482e-02
6.078243533889394756e-01 4.324762418940207853e-01 5.208487360687397150e-02 -1.135506757660494914e+00 -2.130341426005564198e-01 -2.295845524566957063e-01 -1.938257537829562172e-01
