(-0.08961550784964645+0j)
-2.354485195972768619e-01 1.763840410551489046e-01 2.208526211842033460e-01 -6.707193890335888531e-03 -8.329689755157826392e-03 -6.022329856285793537e-02 -1.630004621526185554e-02
2.635360511160090846e-01 1.158764259939508712e+00 1.539487731276780291e+00 3.900964689633925619e-01 8.944866997660855246e-02 -4.289345254848253575e-03 -7.167578540920355179e-02
-2.453806620394477500e-01 -2.716911732056632722e-01 9.504332686259506224e-02 -1.005459538143866904e+00 -4.708391843106540797e-01 -3.502818476201609021e-01 -2.067925345206578502e-01
-1.588971432894971669e-01 -6.404547201913826093e-01 -4.600728654637832316e-01 9.191925413268309253e-02 1.818992811453017666e-01 -1.954584488437153544e-01 -1.767409807631810381e-01
1.490772216370337133e-01 -5.325982961013171479e-01 -1.814224554821414204e-03 -1.665875422703991249e-02 -7.528179331547642239e-02 -2.322641375250536488e-01 -1.059726800054114348e-01
-5.946508049078764735e-01 3.159383446934641015e-02 1.087361057286627686e-01 -1.607363568295392675e-01 -2.410117767617640794e-01 -6.313689054355564600e-02 -1.295304801070633616e-01
-2.667351153370038919e-01 -4.265408435000521692e-01 2.484654008528363323e-01 1.125678036181360642e-01 -2.129106752308148609e-01 -1.270304489507446122e-01 -6.420198259572394706e-02
-3.095091447784543703e-01 6.153851240067876871e-01 1.372696310948040566e-01 -1.182161634625488456e-01 -1.286113771871745803e-01 -1.740277984523656840e-02 -5.752269870031539306e-02
-2.393691225042706427e-01 6.345989657163925157e-01 5.244334569143330183e-02 -2.006062599875644559e-01 -7.950310425620531196e-02 -1.463921536833788506e-01 -1.460378167066940791e-01
1.436598943592898303e-01 1.974962335412819570e-01 -2.745282408931468132e-02 4.604672844307233781e-01 -4.289129470298718577e-02 -2.482849427184682239e-02 -3.524518195586808650e-02
1.787110705950701317e-01 7.812626856354801252e-02 -1.184687681332212472e+00 -2.461676118278729175e-01 1.837376852628977708e-01 2.009418659656050932e-01 -3.703044820188929748e-02
-1.250705888551137401e-02 7.559231161454138537e-01 3.130851292553440413e-01 4.041667904725001481e-01 4.608951349497550920e-01 -6.310541474899081238e-04 -3.684770337589616390e-02
-4.071269610647971771e-01 2.298489723853832933e-01 -6.558762679529558381e-01 1.951094378300337329e-01 2.149977028298548920e-01 2.979797001787701238e-03 1.729966416241193738e-03
-4.510515887112966915e-01 1.271949756930700060e-02 -1.495617271617329658e-01 2.425181897499718853e-01 3.064586547488655499e-02 -4.578943729257549389e-02 -1.485179021664555787e-01
1.473891831594791590e-01 9.756378161784790004e-01 -7.377662742513716454e-01 9.249220259156567536e-01 2.555244194726760121e-01 -1.364419170003117188e-02 -6.101079508600763812e-02
-4.328018565404709861e-01 -1.609555917674496406e-01 5.677312336335039733e-01 6.240158715271607592e-01 5.230080361143190082e-01 7.131597394048461158e-02 -5.554728107902950907e-02
2.427525624809279414e-01 2.997474400396767935e-01 5.710466243782448270e-01 -4.502010581973749925e-01 8.851333670636725437e-02 -4.848388587184669640e-02 -2.148286161849059794e-02
-8.117708090755650918e-01 4.778817104871158072e-03 2.900329603618478913e-01 3.003587851304251322e-01 1.410835303679546793e-01 4.449430285418924658e-02 -8.418121671581407783e-02
-2.673415334318547387e-01 -4.918767623391826493e-01 2.532643127489286883e-01 3.846492579444070747e-01 1.942101032846386272e-02 -2.708516426457620030e-01 -1.310725180918095034e-01
-1.417063869423958178e-02 -8.168476786868948958e-01 -1.716567562902135691e-01 -1.863341133850302256e-01 1.490111078095703034e-01 -2.110468359734184729e-01 -1.286610223222010574e-01
