(-0.08961550784964645+0j)
-7.118305609462003414e-01 -4.302448747681488772e-01 -6.819588196863070051e-01 -2.998681213240625976e-01 -4.941819130952009032e-02 -4.896184744520531984e-01 -1.344181128036082418e-01
-2.335893981090240989e-01 -5.017964638768422914e-01 -8.758323904792821857e-01 -3.156041232964452992e-02 7.558712077659764106e-02 -1.135445605250652717e-01 -1.060753756668028208e-01
4.756879235978671294e-02 8.775875029342353750e-01 7.010120639856308733e-01 -2.339329689141444735e-01 -1.472482779938746877e-01 -2.087729656259400268e-01 -6.570859075959933904e-02
6.909415286688486146e-02 -7.323820975746216932e-01 2.033194800524961432e-01 -1.353929309122019753e-01 -1.747424796617561560e-01 5.069901315001909547e-02 -1.593829233216731145e-01
9.742926450848898856e-01 4.343129363572738599e-01 6.118373357052805384e-01 -1.186982702627408515e-01 -1.646278524233824592e-01 -7.908353362770542683e-03 -1.276568751785114864e-01
6.094130270499745761e-01 6.499869566570094515e-01 -1.909888967053020803e+00 2.828731788277510928e-01 -2.551396592842299776e-02 -9.323874178217472775e-02 -1.192576028917860520e-01
-3.263050443939101708e-01 -5.216307546843265697e-02 3.649868111202861920e-01 -3.783229839673162287e-01 -1.699243994690719239e-01 1.404574687478563344e-01 -1.579750616950857112e-01
3.354823614155882927e-01 -5.990408530382477226e-01 2.598339344678409768e-01 3.754130058816207427e-02 1.859771806627127239e-02 1.774900756329005902e-01 -3.345750342681147460e-02
-1.100854454809351429e-01 -3.986069460619875993e-02 1.255441756181591817e+00 -6.432107276758479708e-01 4.834934234435328548e-01 -4.494386498277234965e-02 -1.392257100330411002e-01
-5.129984437300759703e-01 -8.611168401928590010e-02 -6.145624596069944046e-01 -5.707490349490370596e-01 -1.378557487211694854e-01 1.010915605698648329e-01 -2.333100675747241948e-02
-1.954199390014713100e-02 -3.152362544912670206e-01 -8.098030541971120710e-01 1.717204203176460608e-01 -1.744337054751841642e-01 -2.361462815576344243e-02 -3.583379900067657636e-02
6.583579139462312213e-01 -2.231263396724874060e+00 5.881019505407495407e-01 -2.855088766178255355e-01 -5.091854210924446900e-01 1.144450245038274860e-01 -7.993996876353487435e-02
2.878173300770018317e-01 -1.021003602881027927e-01 7.513703209046793674e-01 2.939806263900476835e-02 3.404642706848619305e-02 -2.159396643241305869e-01 -9.988020286948456894e-02
-4.999170240531052301e-01 9.901980905564686242e-02 -6.563229723008902061e-01 -4.510050164714463072e-01 1.660039493169504499e-02 -2.068130613244851534e-01 1.268668957534520303e-02
-6.607323272731260855e-02 2.700163662501404715e-01 -7.496648282998765733e-01 1.165630186725428452e-01 -3.088566533549015336e-01 1.446669600463584837e-02 2.257283596834195466e-02
-3.507050561860126647e-01 3.488108865146205551e-01 -1.650056828336712966e+00 -1.441011855440517686e-01 1.468988160434839541e-01 1.230463240919243972e-02 -1.320872945838150181e-01
1.908753897084812523e-02 7.677359664383028859e-01 8.300542199185200198e-01 -6.014806229773316248e-01 -3.005576482555089024e-01 -1.756874385824759299e-01 -1.992188814110631423e-01
5.129049853932901026e-01 3.012926547804102295e-01 6.841404738227624405e-02 -3.957417460068762827e-02 -1.116127949876953435e-01 -3.887499038832857579e-02 -1.128514246357142647e-01
-3.738888266050591769e-01 1.118186848399964850e+00 -1.027959696666274514e+00 -3.810420401440907101e-01 -2.152856947524132702e-01 4.402710159448187943e-02 -1.253860538636029087e-01
-3.624371116297443463e-01 4.900986553627345588e-01 6.388523408392160485e-03 -8.607183953456316594e-01 -2.066460071654252773e-01 1.085674921168464646e-01 1.094475500299430665e-02
