(-0.6934468396748079+1.3877787807814457e-17j)
-9.203942842996074569e-01 -5.147710912726185528e-01 -1.268555061999685041e+00 -5.901136897592190733e-01 -9.458304908948206302e-01 -5.946399428427797673e-01 -6.107806284751671200e-01
-1.612048378922520120e-01 -2.144618765019398743e-01 -1.283009500288837534e-01 -1.545462141454369442e+00 -6.469307727683010212e-01 -5.218641453920607187e-01 -7.438704973009612198e-01
1.012823727916235469e-03 -7.796147212347095401e-01 -2.428056238853755655e+00 -1.656089383255395120e+00 -1.794995509508363396e+00 -1.164315739811022654e+00 -9.102000547069392100e-01
1.069070457178907807e-01 4.177310260976893064e-01 -1.235506938331232263e+00 5.902083190806924895e-01 1.136129900075191768e-01 -4.341643720284235619e-01 -8.298944523649453009e-01
1.834963022967816548e-01 5.836727699474091313e-01 3.989881945322331092e-01 6.868445964111827839e-01 -1.967450806985054229e-02 -6.929651495272070028e-01 -1.034309581170546943e+00
1.043571699644812306e-01 -7.172320675863547157e-01 4.425748648880562658e-02 -1.257805360347082235e+00 -1.030976605777435662e+00 -7.325147355908886437e-01 -5.460722874297258000e-01
-1.101076929380088165e-01 -5.295037719239383822e-01 -8.673717618549667829e-01 -1.230384447238542567e+00 -1.160278950602338099e+00 -6.612473056309930985e-01 -7.690258740035630369e-01
-6.665327506798331136e-02 -1.713207575620014023e+00 -1.742474646703850327e+00 -6.092878265302318352e-01 -2.650528242709304094e-01 -9.218812726144182124e-01 -7.000505480623306909e-01
-1.032724781395318425e+00 -9.391588531179896338e-01 1.126341143113494536e-01 -5.719497710340699648e-01 -3.231650927672500284e-01 -6.979483925813361189e-01 -5.668718643602718155e-01
-1.708002931871092367e-01 -2.086941602656997019e-01 -6.520705947232076083e-01 -8.508862444927403068e-01 -3.649262548679385598e-01 -8.018826220332506693e-01 -7.792017992188288167e-01
5.361376885849025373e-03 -1.266949556514142650e+00 -5.596392282173565658e-01 -7.086567839240248690e-01 -7.604649935719882681e-01 -5.579299733449465393e-01 -5.547102812386567328e-01
-6.818552243418768422e-01 -9.268150604235408929e-01 -9.499584876276606638e-01 -1.375339794675453087e+00 -4.196201641547319117e-01 -2.787021752848561906e-01 -3.727902300721439022e-01
1.094985902683574402e-01 -6.455425638303442515e-01 -1.222244642753319566e+00 3.495239496894376185e-01 -4.003775282252077239e-01 -2.469641749848635881e-01 -4.455568825914643094e-01
1.886744915734819839e-01 1.442458870289384243e-01 -1.515187136641194199e+00 -1.540221118112425458e+00 -9.401310415827183187e-01 -1.338274338879425818e+00 -7.090790338943565585e-01
-2.121787134103899075e-01 -8.952992754071595338e-02 -8.400949858494599631e-02 -1.930483729259276082e-01 -8.377511194813236362e-01 -6.464661795022678126e-01 -6.698510460024270641e-01
1.504916932705659405e-01 5.500150681756330595e-01 -1.150082366393114508e-01 -6.780304724040656650e-01 -6.305256339498289675e-01 -8.291021509551375068e-01 -8.316162593546241322e-01
-1.117069291818618915e+00 -1.159916284347847659e+00 -3.833992626857826019e-02 8.902490334830029939e-01 -2.711937087396900092e-01 -4.978790343831944187e-01 -5.641310138528478069e-01
-1.972519869799781167e-01 1.905531538655762802e-01 -1.979989784473935033e-01 -3.881142136446439350e-01 -5.451742547402611550e-01 -7.849726901580826866e-01 -7.604316670698161307e-01
-3.174328586102354022e-01 -7.196759797473634146e-02 -1.170098540776144835e+00 -9.863391374720524851e-01 -1.019140941556496927e+00 -9.514286604413947357e-01 -8.218275073930132457e-01
-1.032192861767256414e-01 -8.665880089782070916e-01 -1.123665450091702489e+00 -9.496960642669819430e-01 -9.041091118749711164e-01 -1.018316282223535651e+00 -7.011575404562504499e-01
-4.958782468718081829e-03 -6.744612925017764438e-01 -1.184062681911935977e+00 -1.158113526795090165e+00 -1.265037702281118559e+00 -8.719973837974133168e-01 -8.037588460411111413e-01
-1.364167842028391475e-01 9.143366829442492461e-02 -1.217688488164292870e+00 -6.098159546737579317e-01 -7.042368289998828246e-01 -4.185075767271134173e-01 -5.779172506197447490e-01
-1.160339360027126121e-01 -7.329937355573873381e-01 -9.403115921445660552e-01 -4.909398490319925035e-01 -9.680697734576575453e-01 -7.206177146134971068e-01 -6.912995626257830706e-01
-4.933553744597928836e-01 3.285856792596486553e-01 -1.065353192233616797e-01 -1.995370945102175608e-01 -6.056220126036092610e-01 -8.904190661589900246e-01 -8.475836055744280229e-01
-2.691386443583023147e-01 -4.974163232987730693e-02 9.056380338451658352e-02 -1.085696075918329284e-01 -4.389221857666066318e-01 -5.984755596645273679e-01 -7.641291428791113782e-01
-2.731128802040403980e-01 -1.842161683776316963e-03 -3.233091876405199683e-01 -1.047714556033808586e+00 -5.749252309252460558e-01 -7.394152258126261978e-01 -7.196529038989956106e-01
1.181062446547382350e-01 1.373334150025542488e-01 -6.290531749014373064e-01 -3.109773893095725827e-01 -1.396847977527769791e-01 -6.178654704177821699e-01 -4.571663388690237473e-01
-9.182869230867053423e-01 -9.131216649767125437e-01 -1.318915099502117050e-01 -3.814858049049921207e-01 -5.779139402438913109e-01 -7.550757192780978011e-01 -6.829249886540732506e-01
1.088491909462766388e-01 -7.893697417246517967e-01 -7.841853486795113959e-01 -1.754887519950074637e+00 -7.927384766745479983e-01 -1.228882836135150702e+00 -9.785657971429940760e-01
-8.676502025186282052e-02 -1.608679737612905836e-01 -2.762452165128611581e-01 -8.541558396761008698e-01 -4.306910898124363674e-01 -6.756558637508430776e-01 -6.723337692139668142e-01
-3.091121801653321510e-01 -3.050926394722996426e-01 -2.109818233123418985e+00 -2.038652767527405985e+00 -1.131458206647001141e+00 -1.132935844632708466e+00 -8.477550757456476793e-01
-4.691542111582350238e-01 -7.464354519682542266e-01 -1.844656811520834494e-01 -2.288927978777666739e-01 -4.600317988415998927e-01 -3.399219140110111836e-01 -5.451441117220008348e-01
1.242772608518595001e-01 -5.592821876456484098e-01 -9.778792606223133399e-01 -1.150309984391548745e+00 -8.978400585287668045e-01 -8.550928088777124403e-01 -5.381681501735620099e-01
-3.145155351458656101e-01 -1.005143739747946241e-01 -2.762490062819220049e-01 -7.675578397876768877e-01 -7.143988720794823832e-01 -7.914328769890091042e-01 -7.442687162040410032e-01
1.387725234068771241e-01 -4.271319896112095171e-01 -8.836497345571140416e-01 -9.672406204898281734e-01 -1.548759812719640028e+00 -9.555886397056309045e-01 -7.576060354066410651e-01
-7.136621270256549021e-01 -3.441929181649401870e-01 -1.589017291692354505e-01 3.623604417242388132e-01 -7.005049332861093547e-02 -5.017314772968080039e-01 -7.209158136290589880e-01
-5.903533112031958963e-01 -7.060288681935594779e-01 -9.298150934482040109e-01 -7.716677544565252456e-01 -1.292758047708285618e+00 -6.787320522986933780e-01 -6.463630623373631812e-01
-4.343933877988594427e-01 -1.233373160415018432e+00 -1.464935715198045996e+00 -9.774785625043892479e-01 -3.743155721086261489e-01 -9.105577590081521677e-01 -7.173317617803410817e-01
-4.794420740593566821e-01 -5.443681182116163475e-01 -9.966122213068946412e-01 -8.638487984193392588e-01 -8.299678437906740092e-01 -1.025674788593293751e+00 -8.907639802803755114e-01
-1.344403291211707874e+00 -8.332937929582985292e-01 -7.793232847386436513e-01 -8.239843494873292373e-01 -4.710346522342704345e-01 -7.148597767224267319e-01 -8.791624475462637145e-01
-3.135209368093978544e-01 -3.508943722443788604e-01 1.849970024197515606e-01 2.247393089876137673e-01 -5.715882915540682063e-01 -5.013288633050886345e-01 -6.801575188078144985e-01
-7.342858232911649852e-01 -8.002108327271718613e-01 -9.965503592984658043e-01 -1.898149311433334541e+00 -1.126752547489901835e+00 -7.620442339821161815e-01 -8.031274055803750977e-01
-7.402998055006110301e-01 -3.039361715906280792e-01 -9.999224351289250912e-01 -5.266556708921664720e-01 -7.698975463870810776e-01 -7.854044737064875825e-01 -7.908348491753309784e-01
-1.085578656653641838e-01 -1.455250198459654865e+00 -9.097628946451025156e-01 -2.092410482422748519e+00 -1.161222011337257554e+00 -1.128068981511126445e+00 -9.210755521373588106e-01
-6.201576796957634086e-01 -3.803432043527030793e-01 2.037533436996273317e-01 5.203813000550617796e-01 -4.193396521444764935e-01 -7.377386519686673916e-01 -1.036333059105503329e+00
-1.781592758966265011e-01 -8.602282049735027192e-01 -3.539784199841947143e-01 -7.019812519915621385e-01 -1.143795444167936326e+00 -1.152465498058699245e+00 -7.678858149574564473e-01
-1.550579597564980538e-01 3.050246422317914319e-01 -2.324195655391232962e-01 -3.755604920964994986e-01 5.228998603968831871e-01 -2.248868450061671520e-01 -5.565132573207395295e-01
3.535822918434158163e-02 -1.014739462123633418e+00 -5.337423582223230767e-01 -7.457941531632964471e-01 -2.830275071480746751e-01 -4.527928765327535743e-01 -8.452807263265181836e-01
-4.281429805749079054e-01 -7.262689756102606031e-01 -1.149501721188396663e+00 -4.945317344765646217e-01 -5.520506572936835221e-01 -7.631323313598720182e-01 -7.629308901139786325e-01
-1.454089508209296389e-01 2.873234848530540897e-01 3.297128645005371061e-01 -2.063964813534018700e-02 -9.807121791534029187e-01 -4.684350183646037169e-01 -5.916242225438325120e-01
