(0.01731770535142317-0.05283888841836046j)
-2.760700312225585762e-01 2.930690244182448945e-02 3.599714577582464187e-02 -2.738743142943854403e-02 1.743489082971354243e-02 3.701085959676558845e-02
3.844942724350030455e-02 -5.056126766796955468e-02 -1.229850153745998959e-02 4.714417132657479012e-03 2.495772546964334510e-02 5.202390765827692720e-02
-4.779658911767646623e-02 -4.737916297081128797e-02 7.084507632720392356e-02 -3.891793228206000266e-02 2.367239657313706391e-02 2.205823564850888791e-02
-7.301326009204543721e-03 1.776189939222930225e-02 6.128299987083273004e-03 -1.740752698202494009e-02 3.032935501836594300e-02 7.177228125039988860e-02
-6.070883806549779577e-02 2.769544931772009028e-02 6.299192515538204473e-03 4.359242320778525248e-02 4.495985174988295641e-03 2.035910459219360258e-02
-4.266665649901277280e-02 9.787499091446064114e-02 1.769260342249195928e-03 -3.247686246007137900e-03 7.817001120060879105e-02 1.665250860600664407e-02
-7.625279260779339874e-02 3.075352982255231959e-03 5.693459692022829338e-03 1.848528938671065158e-02 3.837230715102882272e-02 9.889119506497559206e-03
1.866944932641634303e-01 1.754988826311546998e-02 4.785186807546740195e-02 6.958391568258476267e-02 1.945246396041967057e-02 5.254858548462972012e-02
-1.208885838729686635e-01 -9.898654866433566346e-02 -5.846808712029175764e-02 -6.021193450715244845e-03 9.710643758884706517e-03 1.340948130410272651e-04
6.205039397147474323e-02 -6.348428841597104216e-03 -3.756782688511727669e-02 -3.101649063154839764e-02 2.482916569469572829e-02 3.165732231872275815e-02
1.067894486283654798e-01 -2.574509250666295879e-03 -2.117162623408800487e-02 2.275564032136658671e-04 2.114095271067552989e-02 -8.660243546842418330e-03
-8.917135531210054755e-02 1.115596396612291291e-01 -1.596231914395666862e-03 5.578670890519268899e-02 2.446888277552912438e-02 2.100334638651496152e-02
1.009761737937134030e-01 1.066091953300610240e-01 9.079374440559936921e-02 1.951071107375481825e-02 3.162564300087748054e-02 1.745044093999664758e-02
-1.485155954020896396e-01 3.554526031572756428e-02 4.735178192625033589e-02 -2.721333596751122907e-02 -1.516720874982733364e-02 4.229038916122564162e-02
1.862782641320091803e-01 8.337575186300844043e-02 1.127338053768059747e-02 -1.504980528627225186e-02 1.587608207833952206e-03 1.766198109872217648e-02
-1.129737634953958958e-02 -6.652644051072445497e-02 -3.110119322416539725e-02 -2.884263626960822946e-02 3.052656113730500484e-02 4.208151412766660687e-02
2.006506781305329376e-02 -7.341090291586262195e-02 3.408035470989512206e-02 2.699332024233477151e-02 2.952019135747796508e-02 3.141128951693836213e-02
9.457838538772300740e-02 3.125959046078188863e-02 4.549952664474150865e-02 3.609560968710653905e-02 5.434569801256230320e-02 6.010250247753477770e-02
-1.895077153691279020e-02 2.997030660573098831e-02 -5.506080394797606414e-02 3.984329075863624753e-02 -2.205377886565534906e-02 7.263552510518101260e-03
1.623262027103669278e-02 -8.300508168923279029e-02 9.056616423800289972e-02 1.865314532047825102e-02 -1.178851603827798383e-03 3.122023982302600531e-02
