(0.01731770535142317-0.05283888841836046j)
2.919563445993305154e-02 3.779298809017698352e-02 2.712838708480325156e-02 3.716631161382355497e-02 1.217200602596133982e-02 1.370201025359481066e-02
1.530956890022993622e-01 -2.066398668460554117e-02 4.425682333607167118e-02 4.211885871571607876e-02 2.266769214727444234e-02 2.390877027482939815e-02
3.192004872030715368e-02 2.006274749400703203e-02 9.552090004334779991e-03 6.253262395579524402e-02 3.064114491936210938e-02 1.802212168073439452e-02
5.675065290542543467e-02 5.679265628608964195e-02 5.439001666979073613e-02 2.812296344665651815e-02 2.125097986440444009e-02 1.183091766569352790e-02
5.165764049533122515e-02 -1.628769089165076761e-02 3.365108098990825247e-02 1.933390794991140735e-02 3.341834871892911119e-02 2.155707094358370532e-02
2.785721372586229955e-02 -4.924353492647340694e-03 3.664606074370068550e-02 2.502899280336516596e-02 3.246469203210466947e-02 4.921303203466610710e-02
4.924906324475798736e-02 8.992782104150460337e-03 1.575755156160064605e-02 7.729331134664470422e-03 1.802800297478398747e-02 2.258761478219935628e-02
3.293322464996899929e-02 4.154250578997971399e-02 1.676319176027396204e-02 2.288276174162197710e-02 -1.039520175409090752e-02 1.185139618112857930e-02
7.376942553844617612e-02 9.499486158657900747e-03 2.290441083462376598e-02 2.512881931567398711e-02 3.414225615347751819e-02 2.920788050755476414e-02
-2.620472126022049819e-02 -2.585439117431883455e-02 -4.613094083205224703e-03 1.818322038213040365e-02 2.587551389294645565e-04 2.766688308995784648e-02
3.090643860552293870e-02 -4.414867290814038919e-03 1.284831209435584494e-02 8.848375579195459292e-03 -6.840081549678522777e-03 1.979516202480398335e-02
1.445809065485997580e-01 4.749219949375741573e-02 8.392848456359146281e-03 -1.368163984744333317e-03 8.142683873202650330e-03 1.919243357846324438e-02
1.691673266280143556e-02 1.557765397876470503e-03 2.641219353392322555e-02 3.743305734046553646e-02 2.057563037555563967e-02 6.606016864300977287e-03
-2.747127493188961447e-02 -1.066047257995174358e-05 2.972834662407682765e-02 3.975020126914368020e-03 2.326693092916142305e-02 1.330563415438670849e-02
-9.385355687811586245e-02 2.061313998596585664e-02 5.512139505429035358e-02 -6.187742899971076377e-03 1.115071075899238748e-02 1.413792115240459363e-02
2.271635966494735259e-01 4.525513251445643231e-02 2.908208611266929061e-02 3.783615912786775920e-02 1.683656158985935916e-04 1.321023851744176220e-02
3.351156470649471752e-02 2.786293457283385913e-02 9.435160224109298555e-03 2.365653166290156151e-02 1.028378792916318819e-02 2.482448665686984302e-02
2.016488953550744367e-01 4.171443972004968553e-02 -2.172849793430297466e-02 3.402553846681599659e-02 2.710891297529974264e-02 2.527461001625657885e-02
5.415888791975584371e-02 -2.517879983226920665e-03 5.575343812852760761e-04 -2.678153180702944752e-02 3.387364350442186728e-02 3.575187384910805122e-03
6.704272063909616497e-02 6.547477537148818638e-02 3.671108139946625132e-02 3.951808254308809831e-02 1.552170181058044537e-02 1.644432949026390645e-02
