(0.01731770535142317-0.05283888841836046j)
-1.218889476889453427e-01 -1.804606225274908438e-01 1.363582541704221052e-02 1.863678903076275706e-01 -5.553123613975078504e-02 8.607412784698731389e-03
3.553462945811961538e-01 2.094493485590160353e-01 -1.934596885261120613e-01 1.255522974977810735e-01 8.220882813969626612e-02 -2.392094573029769633e-02
9.129374921215907546e-02 1.351535536683081684e-01 6.086640050494435822e-02 1.495975603680587962e-01 4.988138240094584785e-02 5.295746214096468119e-02
1.844093824497049505e-01 1.172065806440243385e-01 1.327601200570893147e-01 6.859105850011543160e-02 4.701357156827382089e-02 1.038045280810300786e-01
2.682848748596198263e-01 -2.198812807327021335e-01 -5.836571726574268926e-02 -1.114914148727386700e-01 9.479204401267782298e-02 -5.762547363832437597e-02
-1.581875685303270607e-01 4.549299452277302813e-01 1.919918232684700854e-01 3.578779047564387833e-02 2.387310554874234533e-02 2.821924451898469993e-02
2.619140188352828136e-02 9.075571744314775424e-02 1.707200023200208805e-01 1.372447150610787148e-01 -9.835337327890328329e-02 5.740215632478305047e-02
-2.684692232595100592e-01 -3.882240177302315187e-02 -1.070611661619724903e-01 1.262534090024414191e-01 1.181590584115384951e-02 -3.240914463482750391e-02
-1.788046583877518358e-01 -7.370338079716902413e-02 3.165590488919092782e-02 -1.308270698497314422e-02 -6.322737428437043283e-02 -4.237064859258783678e-02
-3.649783765366415578e-02 -1.079426879413780405e-01 -3.502873365327248412e-02 5.817754064008058557e-02 -3.507400575351148769e-02 5.257034598992624264e-02
1.061220111106990216e-01 -2.987251705678404812e-01 -5.918825954465617434e-02 1.709069641389400207e-01 7.641186327468185713e-02 -1.499371224102293357e-02
2.738718272331698844e-01 1.071879817593863471e-01 -1.864605075091305686e-01 3.785539803023041383e-02 4.227977221762688892e-02 -1.582156074022763800e-02
-2.228353605955297190e-01 -1.355877750197837517e-01 -8.973271457123170591e-02 6.789345265016083486e-02 6.244738311620062765e-03 5.280922056852491164e-02
1.353900224065071600e-02 4.396279177521861259e-02 -1.018534547415592129e-01 7.564313079737806228e-03 -1.534313253015066533e-02 5.518174823863694622e-02
1.200753123002844397e-01 -5.914752598584338550e-02 7.723851131845033136e-02 1.755726113447202141e-02 -1.039908253491447776e-02 -7.631673371983191401e-02
-6.378575696200318446e-02 1.377015567479601688e-02 -1.050107889883375722e-01 5.019121284893368617e-02 6.799584013213171019e-02 4.429143198060027375e-02
3.123603399819838838e-02 4.028524081792700384e-01 5.531783876908263897e-02 -1.372568893898427900e-02 2.342121379374533657e-02 4.159652384080525511e-02
1.243082156226530954e-01 1.396576380099388559e-01 -4.506432855019862349e-02 -2.444787955608759833e-02 -8.506897069185485882e-02 3.842954888625030319e-02
3.835648888878731011e-01 -2.583031618256272921e-01 -2.777337625011541689e-02 -5.937617824326418825e-03 1.513656884495840904e-01 -1.574487907979284229e-02
4.062355770251747655e-01 -6.011331441147714505e-02 1.745391067241112149e-01 2.285874139758486412e-01 6.633004007686753301e-02 5.095088877137986944e-02
