(0.01731770535142317-0.05283888841836046j)
9.365539311998252736e-02 1.779878379180822173e-02 3.924959681595646677e-02 2.053782140329992942e-02 1.431020633672261920e-02 1.099581857555504555e-02
6.867205099873704283e-03 8.432184785193332782e-03 8.321768063336568849e-03 2.327671690429228453e-03 1.140998835608596565e-02 5.164330038870786760e-03
1.233500564963405377e-01 3.738228241031787968e-02 4.648163973969020313e-02 6.369247945310811676e-02 2.725044595706949818e-02 2.345547002369752568e-02
1.553924330775708074e-01 3.817411949547455663e-02 3.670455384633154738e-02 1.735571040089218392e-02 1.375601531423518639e-02 1.656723973161306623e-02
7.264307365474967360e-04 -4.654999932584148736e-02 -3.455243219335074611e-02 -3.510971272599312104e-02 -1.091226096306443030e-02 5.619465133481603078e-03
9.974610303148859214e-02 5.780462230629641179e-02 4.470253384675957481e-02 2.897774111732641378e-02 3.230733898637734580e-02 1.576853272217308005e-02
3.210640390836791425e-02 -2.388556262746761860e-02 1.090521891891033275e-02 1.297303956836621738e-02 1.662899862504920931e-02 7.934085485510503771e-03
-5.925095846366979641e-02 -1.513937505182222712e-02 -1.547289656199898542e-02 -6.944571787849745589e-03 1.302983468726000814e-02 1.437130077110236603e-03
1.265035395785454320e-01 8.988685650950153927e-02 6.146590861094754221e-02 4.103968504835131537e-02 4.053891875486623220e-02 3.079543784006599089e-02
4.012947046319352562e-02 -7.033326258284074151e-03 4.099951925089412308e-02 2.215444258447270623e-02 2.506864803186448915e-02 3.316197775633712708e-02
-6.495809904768695686e-03 -1.052283562171070844e-02 1.105229242055753153e-02 1.870864208222564745e-02 1.309643218875931187e-02 2.147654901153181126e-02
2.032703779451405096e-02 2.360248508164055140e-02 1.686978027436970493e-02 2.932355623212669696e-02 2.025031452189880385e-02 1.775322741480650501e-02
4.044261149984339221e-02 5.770953725016555319e-02 5.956593771168111617e-02 5.360932938047401064e-02 4.239332488101327928e-02 2.544451716136486574e-02
-3.388043611731601096e-02 -2.267144260000299519e-03 9.399638286343135057e-03 1.520415649844784022e-02 2.243279165016308363e-02 1.697323329520417784e-02
9.787153465168274558e-02 1.923729806013865090e-02 3.300492771272331427e-02 8.929450728442559979e-03 1.068050308154512920e-02 1.366969525527049652e-02
-1.082835812532152858e-01 -4.524035032105679088e-02 -1.261317711214363611e-02 1.478270665842961948e-02 1.883256965917723749e-02 1.305104426943316971e-02
-4.843093831149737627e-02 -1.962405995212011811e-02 -2.348478088948439263e-02 -1.525793285788369646e-03 2.242776000527843192e-02 2.655116580324762970e-02
1.820824902877948848e-02 -6.085291206740745668e-03 -8.311826046219963210e-03 -6.593339163568131406e-04 4.361264479311103941e-03 1.631180663758095839e-02
1.119293993122373182e-01 4.373185954339789405e-02 4.984200968000247756e-02 3.843000401956253587e-02 2.707217460240535917e-02 3.671166541847192127e-02
1.337232234183113044e-01 2.970997706940667338e-02 5.299716510478072462e-03 2.514660939273223941e-02 2.946719259679351360e-02 2.740899856027043460e-02
