# p_g  obs_indices (0-based)
0.1419386277390614 0 1 2 3 22 25 21 26
0.120582819460635 52 58 57 56 55 54 53 59 75 74 73 72
0.08949408493804935 20 27 22 23 24 25 21 26
0.1007439655683301 36 37 38 39 40 41 42 43
0.08424745244030207 67 66 60 61 62 63 64 65
0.07761658296848684 48 50 47 45 89 86 88 87 70 68 66 61 63 64
0.05543769886078994 90 91 86 88 87 84 85 74 72 89
0.07073806887969562 14 12 18 17 19 16 15 13 74 72
0.06511164689917172 6 5 4 11 7 8 9 10 70 68
0.06145497928785906 80 81 82 79 78 77 76 83
0.05486710312542437 103 100 101 96 97 98 102 99
0.04144905856593734 29 30 35 34 33 32 31 28
0.02216175116576088 92 95 94 93 71 70 69 68
0.01415616010049652 49 46 44 51 36 38 41 43
