(-0.6934468396748079+1.3877787807814457e-17j)
-5.605101931131913906e-01 -6.002942765094467781e-01
-6.856622937204954749e-01 -8.407413745217239276e-01
-6.493922683067199220e-01 -7.214017158913360594e-01
-4.552779645823823995e-01 -4.863474082258111841e-01
-5.656998185182119387e-01 -7.746658285951363299e-01
-8.266533706446950180e-01 -6.990844640962505796e-01
-4.134145564613068147e-01 -4.983127138233975906e-01
-3.923082266097266957e-01 -8.420032585262607894e-01
-7.646703935354971504e-01 -7.491471879366714548e-01
-9.641540734453467598e-01 -8.457081314491002866e-01
-7.880243881734959599e-01 -9.035574397768243449e-01
-7.220099017688109688e-01 -6.742922803565544188e-01
-9.665187652456539436e-01 -8.688425667122660068e-01
-8.824975274794323310e-01 -9.904584503853858246e-01
-3.282122534208865572e-01 -5.458710518667428957e-01
-6.194172057134967879e-01 -6.883394811173514372e-01
-7.980887581568864020e-01 -7.123062638367648747e-01
-6.802908663244700005e-01 -6.087095622820758445e-01
-8.794979152872075545e-01 -7.053024588533697292e-01
-4.597844400611692528e-01 -7.888024196423105705e-01
