(-1.866330069490071+0j)
-1.129287089983834536e+00 -1.818980487435144955e+00 -2.077152403657176905e+00 -1.911633214399333980e+00 -1.867315006025984880e+00 -1.881111696814670164e+00 -1.863853288758966276e+00
-1.045202509943798264e+00 -1.898020866193941725e+00 -1.997581783823874968e+00 -1.861577829362971226e+00 -1.888889757473862119e+00 -1.870102691756870605e+00 -1.862011452729896543e+00
-1.227193928494123787e+00 -1.478754188014882898e+00 -1.903869427420940008e+00 -1.784054313100231770e+00 -1.836640833026875308e+00 -1.839745107332958041e+00 -1.872445510461980378e+00
-1.750077073963804297e+00 -1.755856999614328062e+00 -1.653161816297354036e+00 -1.868489072348392455e+00 -1.900842877599117298e+00 -1.873500931403378145e+00 -1.857873493342608429e+00
-1.053638062399237851e+00 -1.875531221313093244e+00 -2.034360830092973860e+00 -1.943459582668539909e+00 -1.841466971740368219e+00 -1.869274295247901785e+00 -1.883393473661804096e+00
-1.470368790361129996e+00 -1.468164692396113358e+00 -1.778558603393928905e+00 -1.806004108454987156e+00 -1.792127958989628400e+00 -1.886755849336891222e+00 -1.872526805231846447e+00
-8.629405885487397843e-01 -1.521630116032527180e+00 -1.805125638817965505e+00 -1.877757133624969654e+00 -1.862201455944348716e+00 -1.857577162861457687e+00 -1.865894817366235303e+00
-1.426868876932310126e+00 -1.535746090265900365e+00 -1.817176982733980539e+00 -1.800701171222200081e+00 -1.892502850856640606e+00 -1.892534486511272318e+00 -1.863991942768503440e+00
-1.054349226425047803e+00 -1.591045331887916081e+00 -1.968743543887452319e+00 -1.771740790891386697e+00 -1.899793711169601274e+00 -1.854041221287566987e+00 -1.859386348936820532e+00
-1.497448157779597722e+00 -1.460191548834758768e+00 -1.968436849289416202e+00 -1.899828552626884326e+00 -1.797051834462529696e+00 -1.891714798916455331e+00 -1.865615133959854566e+00
-1.503351678453396900e+00 -1.791567953853498540e+00 -2.019528157370707344e+00 -1.874744668333541586e+00 -1.844951025047163462e+00 -1.872187265470967255e+00 -1.865523567465764421e+00
-1.495563022172375245e+00 -1.273619289625584017e+00 -1.837280572823632996e+00 -1.802614228953420161e+00 -1.860674213507924168e+00 -1.865191807790570699e+00 -1.863557555868761817e+00
-1.662927385588588658e+00 -1.466682855836051402e+00 -1.879313519294035784e+00 -1.773024527831500441e+00 -1.788169942313445171e+00 -1.852564836942319104e+00 -1.873643031553847482e+00
-1.285614077839709823e+00 -1.638800630716422457e+00 -2.114976816027732021e+00 -1.851997821023849689e+00 -1.903251342485853925e+00 -1.855842837528001166e+00 -1.850847432859993980e+00
-1.173201463231760000e+00 -1.682444981307554155e+00 -2.005281358735930830e+00 -1.970197075416200150e+00 -1.929630678428813528e+00 -1.871067986375051229e+00 -1.864220815846917123e+00
-1.299147135612315873e+00 -1.602996549059291009e+00 -2.005728625632412054e+00 -1.859383392686205561e+00 -1.828841104395660944e+00 -1.914716346600422003e+00 -1.855132997456258259e+00
-1.236497143208089122e+00 -1.342175680245369263e+00 -2.057941875625524997e+00 -1.956144385968169974e+00 -1.841684274815368116e+00 -1.852404948651589223e+00 -1.864145325944027487e+00
-1.154277916060234110e+00 -1.251305463564555076e+00 -1.951007881658295195e+00 -1.870377506736751627e+00 -1.847112134685181095e+00 -1.860855849122808880e+00 -1.877480356565794262e+00
-1.362141801116580009e+00 -1.751737700907682438e+00 -1.899581893202302751e+00 -1.844252329634682219e+00 -1.816570372283730084e+00 -1.850520366078359569e+00 -1.856901397969377143e+00
-1.462003413975579980e+00 -1.511573764938168196e+00 -1.822827336281721555e+00 -1.862744174192042079e+00 -1.844489178263428730e+00 -1.869576240561277247e+00 -1.856787206694179737e+00
-1.574876223380922369e+00 -1.346374224794157692e+00 -1.817214945909935597e+00 -1.733756654977331557e+00 -1.863407624915109251e+00 -1.849654255057721963e+00 -1.868171081127599553e+00
-1.570349980737621776e+00 -1.737359646289796000e+00 -2.003488293162868139e+00 -1.849189855449568931e+00 -1.915839703559671259e+00 -1.865122879806106138e+00 -1.884794709613009100e+00
-1.765403136027670961e+00 -1.592505660765078712e+00 -1.932302700495471814e+00 -1.806938617324839624e+00 -1.791311709629583415e+00 -1.890006821616384780e+00 -1.864607188578315977e+00
-1.303121236460811794e+00 -1.751075609552859236e+00 -1.675313264668749191e+00 -1.838693531462319619e+00 -1.876938324141323111e+00 -1.837441245909914089e+00 -1.849762928994015176e+00
-1.361506161862247710e+00 -1.481128236944905252e+00 -1.952720981380734688e+00 -1.855717950973712060e+00 -1.888855506975302134e+00 -1.870535578702956059e+00 -1.866004654860988321e+00
-1.256586354062259048e+00 -1.517003087458804300e+00 -1.910186364267634440e+00 -1.824294839984938132e+00 -1.895783641643563833e+00 -1.863907343873881128e+00 -1.855615665532493130e+00
-1.031436535199400595e+00 -1.947800254308316603e+00 -1.931613510235430597e+00 -1.914580600383213316e+00 -1.880412584417836097e+00 -1.892390980131369638e+00 -1.875522729877849404e+00
-1.391678483327823512e+00 -1.685148904099091016e+00 -1.716851736983580734e+00 -1.864700487676317575e+00 -1.925622672698290572e+00 -1.872893306123573964e+00 -1.852673995925815831e+00
-1.334035691218155240e+00 -1.621844790547322557e+00 -1.953454654761001219e+00 -1.872683162038719873e+00 -1.919644728857476057e+00 -1.870225874254559884e+00 -1.880570230109928298e+00
-1.733725133117651307e+00 -1.435624283612453089e+00 -2.052181751411212840e+00 -2.053694541179431177e+00 -1.892662596815744447e+00 -1.837620585858960709e+00 -1.873868451016498238e+00
-1.136542818657074072e+00 -1.525448328550571553e+00 -1.887357675569645954e+00 -1.903436160158385793e+00 -1.808476383700034162e+00 -1.839657805842486837e+00 -1.867622065615615945e+00
-1.253197698686030037e+00 -1.494812538203679431e+00 -1.840562456852265161e+00 -1.863416177170497789e+00 -1.852113845183279484e+00 -1.855059405567759168e+00 -1.866873185623762144e+00
-1.313526989960492886e+00 -1.617021876229927990e+00 -1.467363254027422625e+00 -1.868086618104979557e+00 -1.876307929441777267e+00 -1.840775515433520138e+00 -1.867100401940754439e+00
-1.187595607160701228e+00 -1.649636187773396045e+00 -2.073717268092768684e+00 -1.915203012157379092e+00 -1.903661745142493533e+00 -1.840919619404848273e+00 -1.860008546651568562e+00
-1.245823271001152532e+00 -1.649588459402912655e+00 -2.008729171143713188e+00 -1.834623682416228974e+00 -1.826439466470563877e+00 -1.877051211718323342e+00 -1.875538576572392646e+00
-1.523250406013715086e+00 -1.374962365981470480e+00 -1.832776735859043438e+00 -1.864779142888040475e+00 -1.859691291955512860e+00 -1.843787636791506701e+00 -1.880377297889962662e+00
-1.274585436730218735e+00 -1.625674613330481577e+00 -2.068748401783615964e+00 -1.780365216108726223e+00 -1.877610413124868982e+00 -1.859603973420422607e+00 -1.896501092819086853e+00
-1.459697501171195899e+00 -1.628175822344576362e+00 -1.785835476391455678e+00 -1.748918989357538756e+00 -1.895227663008196561e+00 -1.854525997583776453e+00 -1.882972843673579977e+00
-1.272998751652692384e+00 -1.380238491276331025e+00 -1.721129476429717808e+00 -1.810992420705544781e+00 -1.862758428410273837e+00 -1.859772634869239161e+00 -1.869312817414086725e+00
-1.523672581908223744e+00 -1.166916682846270925e+00 -1.868790057763440426e+00 -1.935210455427545995e+00 -1.777586383488259703e+00 -1.887845478722245396e+00 -1.871642516766904407e+00
-1.464341241174257569e+00 -1.639291522991673578e+00 -2.042676855647257206e+00 -1.810559680201111465e+00 -1.908594586190125675e+00 -1.891756906862071652e+00 -1.859025926482642088e+00
-1.862338855104708202e+00 -1.801668603804236435e+00 -1.743966905577380544e+00 -1.837684156002806546e+00 -1.862963753370431963e+00 -1.896724684126483096e+00 -1.872057766533010481e+00
-1.228342883713419820e+00 -1.770274385652994331e+00 -1.915343873583422951e+00 -1.829461705174496799e+00 -1.851316741547046618e+00 -1.870972936624289540e+00 -1.842683684168492153e+00
-1.105511771418236977e+00 -1.590805540390026529e+00 -1.888305852159341214e+00 -1.770697494244076076e+00 -1.847347969016245761e+00 -1.876119022451018692e+00 -1.874766406379974049e+00
-1.716631983004180517e+00 -1.411473627605452474e+00 -2.034910525232179079e+00 -1.860404421539142650e+00 -1.919067485714371024e+00 -1.834270237594983088e+00 -1.865166401711134014e+00
-1.158953646796392567e+00 -1.347542843128960666e+00 -1.902856560104704275e+00 -1.873729260486007187e+00 -1.888761161689961110e+00 -1.848918707263286887e+00 -1.884859869937076882e+00
-1.358506199685835192e+00 -1.652490029015557527e+00 -1.745437721996304203e+00 -1.850217110586040548e+00 -1.832639449217148053e+00 -1.864197444466165088e+00 -1.865786302570437538e+00
-1.612615977508534471e+00 -1.733496138327137892e+00 -1.907772624971166842e+00 -1.786106652415385465e+00 -1.838679234522806683e+00 -1.831348081239305703e+00 -1.855958406854926634e+00
-1.384349421093245880e+00 -1.516676489692785346e+00 -1.620417620295468542e+00 -1.791147040525599365e+00 -1.922007189641255609e+00 -1.849126805908225313e+00 -1.878532759063934243e+00
-1.176846218973462310e+00 -1.543542004527163503e+00 -1.869229333522769654e+00 -1.903594917068621717e+00 -1.876559449922362344e+00 -1.840957693282509577e+00 -1.864792603918935310e+00
