(-1.866330069490071+0j)
-1.114771855280206170e+00 -1.036459945949228079e+00 -1.596547863090421737e+00 -1.741628408271473472e+00 -1.957949980451724192e+00 -1.890194904698946576e+00 -1.917327590530889969e+00
-9.343108243491891063e-01 -1.383438371143705936e+00 -1.769648377451496835e+00 -1.519281537473903931e+00 -1.722595248793342027e+00 -1.668246283819103892e+00 -1.829601772461975528e+00
-1.511346440980585237e+00 -1.371213605648800460e+00 -1.538979037680625606e+00 -1.716668189700061742e+00 -1.848551743170044670e+00 -1.911687793704722083e+00 -1.837242742296586462e+00
-1.328675009248763139e+00 -1.399107510266837995e+00 -1.142587583999324030e+00 -1.638437481473882684e+00 -1.776551657876076940e+00 -1.738924184250829619e+00 -1.863142009686049594e+00
-1.197827009386144281e+00 -1.214198168610153949e+00 -1.336894491113655770e+00 -1.504829345111677874e+00 -1.763096473882187931e+00 -1.840988453171041428e+00 -1.820203934843399152e+00
-9.540764824852330239e-01 -1.215715882729680342e+00 -1.420942333835903737e+00 -1.826991192367864114e+00 -1.769237360082071664e+00 -1.853181107757399859e+00 -1.835610573009036628e+00
-9.811477322276285218e-01 -1.297890371194709624e+00 -1.535157726727560012e+00 -1.612327429706354120e+00 -1.640055830874912246e+00 -1.747818881039120420e+00 -1.856957969957901078e+00
-1.359663601720105142e+00 -1.531503479129859624e+00 -1.753013955447148220e+00 -1.668282580642438617e+00 -1.871199459036921864e+00 -1.911917726155548225e+00 -1.838333836136841759e+00
-1.075654556976283427e+00 -9.827121245414126571e-01 -1.754652179786323041e+00 -1.379781785176054987e+00 -1.996498401333341999e+00 -1.857648999105636856e+00 -1.848040631890091046e+00
-1.109658467218556321e+00 -1.185483763105936506e+00 -1.119757517253875401e+00 -1.826859412501425473e+00 -1.900758527171304557e+00 -1.990151301172759402e+00 -1.912048259010288076e+00
-1.357247567433706337e+00 -1.253013837926053808e+00 -1.429895167230437636e+00 -1.709471147369423072e+00 -1.705771470572197135e+00 -1.722602882826350434e+00 -1.812882582340167303e+00
-1.437428030792864408e+00 -1.396419157276632461e+00 -1.377962162100336174e+00 -1.530758028893213885e+00 -1.740736977114732298e+00 -1.959556457107782368e+00 -1.865001704791851900e+00
-1.120772653131255403e+00 -1.563275069500047021e+00 -1.460100564634762232e+00 -1.703355306284325632e+00 -1.795184446153063718e+00 -1.911721811822862493e+00 -1.842378480223737514e+00
-1.016231003344699513e+00 -1.417019095722715116e+00 -1.335227866785799300e+00 -1.574983496935407290e+00 -1.596953919057835236e+00 -1.891871194146517166e+00 -1.915501722114745897e+00
-1.119449889736824577e+00 -1.349573229961032128e+00 -1.288057422506757144e+00 -1.471297407071709529e+00 -1.888450207795396185e+00 -1.940978038347901169e+00 -1.832102975873405981e+00
-1.167825325023157834e+00 -1.296141741528943125e+00 -1.294787340835352518e+00 -1.518885921185849863e+00 -1.757240954935419097e+00 -1.935034076073891329e+00 -1.825950885091733200e+00
-9.982167885942070384e-01 -1.268756641723113532e+00 -1.497668525775824655e+00 -1.330823174990903857e+00 -1.621058067942457992e+00 -1.950139790963271835e+00 -1.892618084221685759e+00
-1.243861345365264937e+00 -1.155489480277914094e+00 -1.439052249982111231e+00 -1.456434560652249077e+00 -1.593984395098539064e+00 -1.863279459217159761e+00 -1.816531032813863300e+00
-1.142811606117223766e+00 -1.442914274508398487e+00 -1.565441870441942385e+00 -1.656782113125669031e+00 -1.684091358881825151e+00 -1.882511686407602358e+00 -1.922146093043199500e+00
-1.243221517296774881e+00 -1.478626136722865692e+00 -1.700504652614031720e+00 -1.518502223780492155e+00 -1.756324169028075755e+00 -1.854413191911011172e+00 -1.864454011049406112e+00
-1.385077683296864759e+00 -1.452218281783707710e+00 -1.680373821286873959e+00 -1.653769659982688101e+00 -1.505906186247487177e+00 -1.883192323262312673e+00 -1.873339690539887359e+00
-1.344160623562750567e+00 -1.159945884128843918e+00 -1.472869546806853336e+00 -1.537166159859539416e+00 -1.742077754403625445e+00 -1.859576309891326273e+00 -1.884188279498460350e+00
-9.974875059792398524e-01 -1.067159245989489413e+00 -1.554405352050073352e+00 -1.583089392507062598e+00 -1.816077548864489133e+00 -1.904970374268233346e+00 -1.743859156094335949e+00
-1.473211679666239116e+00 -1.023933664501774032e+00 -1.338145187968966088e+00 -1.735995835189561465e+00 -1.626324966457228127e+00 -1.765721208753998628e+00 -1.859715058697214207e+00
-1.357705964416097144e+00 -1.309776097950235751e+00 -1.248856304140411488e+00 -1.460966701028342474e+00 -1.710557512672619795e+00 -1.832226244751130162e+00 -1.855121386949099671e+00
-1.091544953801182771e+00 -1.299358040366612510e+00 -1.231206393829119339e+00 -1.721905089536405420e+00 -1.794373687335445000e+00 -1.771139311946348993e+00 -1.904478624224428263e+00
-9.825524684892338323e-01 -1.509343656424557034e+00 -1.284465332406191207e+00 -1.464565482487646619e+00 -1.658901304545844946e+00 -1.842170044814846808e+00 -1.859659669082815103e+00
-1.407133896704571008e+00 -1.266685978242906296e+00 -1.637647799701535289e+00 -1.426847162898375432e+00 -1.752709741282625799e+00 -1.844595667471073064e+00 -1.848788526584109526e+00
-1.095849156229847798e+00 -1.266516996987441690e+00 -1.497128744516336152e+00 -1.688594953813062904e+00 -1.649162124124109674e+00 -1.873290441898299186e+00 -1.886815073023613287e+00
-9.503426136804872248e-01 -1.445513818504336800e+00 -1.249594695496727415e+00 -1.467337720500802245e+00 -1.760581205624994983e+00 -1.833786204371678608e+00 -1.818063249054646668e+00
-1.201979822779358331e+00 -1.523565976488223672e+00 -1.494570306884922317e+00 -1.501918151381438804e+00 -1.617605569253616427e+00 -1.796340967668461186e+00 -1.864181656279554344e+00
-1.396901917312032282e+00 -1.145221686244922266e+00 -1.585463625553315214e+00 -1.395080482985077364e+00 -1.800962790183716855e+00 -1.903703646793665882e+00 -1.869446788456184949e+00
-1.272656117213715632e+00 -1.510349911340495455e+00 -1.334769665524372595e+00 -1.608339571687268155e+00 -1.753814114342037378e+00 -1.854918568359809061e+00 -1.942393157761262978e+00
-1.132504987714612721e+00 -1.174960858484741744e+00 -1.297345940383267893e+00 -1.796706631163903722e+00 -1.787300975041727025e+00 -1.920323097392972134e+00 -1.891351519308184681e+00
-1.158131131784128964e+00 -1.397999819983220426e+00 -1.527547657256644209e+00 -1.678726227815725780e+00 -1.837307374838673235e+00 -1.953820177286509807e+00 -1.844717454392982736e+00
-1.254735625377479735e+00 -1.425743824603141308e+00 -1.432145125459592050e+00 -1.722921672327625053e+00 -1.684742493935627472e+00 -1.910331965557690248e+00 -1.862787058181263777e+00
-1.119095033825864949e+00 -1.274430178806171376e+00 -1.721083274264664897e+00 -1.393268725509782646e+00 -1.476022330825314643e+00 -1.802278851306852170e+00 -1.876138820807991880e+00
-1.125452939357211690e+00 -1.670661126320916789e+00 -1.192838520381384049e+00 -1.608318560740116698e+00 -1.699755332709538935e+00 -1.873868055957832901e+00 -1.859575142590828012e+00
-1.393053858380260746e+00 -1.204675229647613977e+00 -1.660317666677307624e+00 -1.398623188821424668e+00 -1.698756455360425743e+00 -1.909977035552738789e+00 -1.848864466664125406e+00
-1.333606925222737383e+00 -1.329684753988560342e+00 -1.372383221475790727e+00 -1.088610284180754784e+00 -1.651594086123882255e+00 -1.859929078053722096e+00 -1.900017033991116655e+00
-1.254156247814288028e+00 -1.185470745142554128e+00 -1.396575855658563015e+00 -1.664778707156426840e+00 -2.074548769458979258e+00 -1.777202574366827381e+00 -1.872186703015480402e+00
-1.153834651696076241e+00 -1.376633666364669661e+00 -1.403559979288594217e+00 -1.644918672538819626e+00 -1.522086715487373176e+00 -1.701025749870078707e+00 -1.832435730601643220e+00
-1.072064025648242103e+00 -1.215966076109216143e+00 -1.456757131507636860e+00 -1.586983190627638152e+00 -1.754899586426895031e+00 -1.853554456065459988e+00 -1.905313514692685839e+00
-1.033319760806208132e+00 -1.378009965760790489e+00 -1.430939509671974141e+00 -1.572661302878947120e+00 -1.946089276474935792e+00 -1.888972846035938513e+00 -1.948166216168914833e+00
-1.272864505477592223e+00 -1.212166190502979912e+00 -1.379072456603458452e+00 -1.332648119298108780e+00 -1.945104514019142528e+00 -1.824277040532237049e+00 -1.886522171145291082e+00
-9.133361424366592818e-01 -1.418409329679268138e+00 -1.479927988150474549e+00 -1.424848852728653359e+00 -1.870384111647982017e+00 -1.803422990737561848e+00 -1.856251294301397348e+00
-1.145576348897082042e+00 -1.500103913354820850e+00 -1.570812574300077147e+00 -1.540139336732386788e+00 -1.860564573403518107e+00 -1.735844873558142432e+00 -1.889357612036044687e+00
-1.073374487914102060e+00 -1.329758884727526569e+00 -1.695634647072082224e+00 -1.512990704257571872e+00 -1.916432309559708891e+00 -1.687766727297017155e+00 -1.880543323581334469e+00
-9.384616980234063988e-01 -1.329400731489730481e+00 -1.325838443990120297e+00 -1.634241133183838901e+00 -1.946347469237919015e+00 -1.728677976327881227e+00 -1.870458848950355968e+00
-1.165951352648349371e+00 -1.500524018523102576e+00 -1.290579483787947401e+00 -1.590100711711176729e+00 -1.561891206332569615e+00 -1.816414470748987320e+00 -1.851176100627722310e+00
