(-1.866330069490071+0j)
-1.464993941229316476e+00 -2.020089199381676082e+00 -1.865876840827018990e+00 -1.845623659479982415e+00 -1.853205568098544198e+00 -1.862963870579067649e+00 -1.861191962002584521e+00
-1.265968263179665598e+00 -2.250697381006784514e+00 -1.741428733459007727e+00 -2.002376401967058683e+00 -1.846592542024992234e+00 -1.870751964512933130e+00 -1.871269874580793413e+00
-1.281931287484821214e+00 -1.731090235810263334e+00 -1.994788911815616350e+00 -1.868612675046128491e+00 -1.849350657506730666e+00 -1.855046916544919045e+00 -1.862190338310060866e+00
-1.308312670161510871e+00 -1.497719172657424380e+00 -1.814102509030006249e+00 -1.818717909382178366e+00 -1.862267506448840315e+00 -1.879807468545148907e+00 -1.867046183734242693e+00
-1.260774357921713218e+00 -1.765914317080969242e+00 -1.785549232337748204e+00 -1.893914016505380049e+00 -1.889209213673014753e+00 -1.858990522278912261e+00 -1.865857892871448653e+00
-1.137097808982248548e+00 -1.983741730184547691e+00 -1.953675652384226247e+00 -1.834761429388522380e+00 -1.855290248805968156e+00 -1.844951086546975816e+00 -1.886555333021842529e+00
-1.635541588517755107e+00 -1.946930581721901365e+00 -1.642599622860391850e+00 -1.704858151802964628e+00 -1.860487367021407934e+00 -1.846485827800348645e+00 -1.863933691483036670e+00
-1.309597079300998779e+00 -1.712326530373945888e+00 -1.759705464598972924e+00 -1.868401521593591408e+00 -1.818793994435571548e+00 -1.876763546085590484e+00 -1.868646096666837009e+00
-1.072407009722099902e+00 -2.086543488109949607e+00 -2.094959222521590281e+00 -1.856203570940926806e+00 -1.865502971604885429e+00 -1.896022186456769232e+00 -1.879740766176199562e+00
-1.274657407590277902e+00 -1.821265040877747765e+00 -1.756523858570050667e+00 -1.836364774390155441e+00 -1.822949457078965496e+00 -1.850420554314822441e+00 -1.870015807681876696e+00
-1.177620211050766752e+00 -1.968970429588509763e+00 -1.821776478255426657e+00 -1.966289222293211125e+00 -1.842548405464283556e+00 -1.864516926665025220e+00 -1.878620281787803048e+00
-1.077364702675717600e+00 -1.547188796752231754e+00 -1.718096742654586562e+00 -1.998663450773397354e+00 -1.830229784032066487e+00 -1.901927050426758026e+00 -1.874878174373967976e+00
-1.424309983481747643e+00 -1.971856324030932583e+00 -1.963779893158203338e+00 -1.834307344068500267e+00 -1.851456239938674253e+00 -1.837901609501069400e+00 -1.892407570229643454e+00
-9.948047779764183085e-01 -1.957302179575639789e+00 -2.005103705061943575e+00 -1.837762697165378878e+00 -1.851260157009720686e+00 -1.850718830064637554e+00 -1.874923477495258561e+00
-1.238727541421310807e+00 -1.507811939829777792e+00 -1.855049240904528274e+00 -1.845172782890671659e+00 -1.870001063039962830e+00 -1.894389936785704887e+00 -1.847883522790204402e+00
-1.267379862694938408e+00 -1.637266859003924768e+00 -1.836708163756918699e+00 -1.972146092871410961e+00 -1.854301796532903168e+00 -1.867488827664243844e+00 -1.848679021162301650e+00
-1.477508263589881521e+00 -2.085468642642434922e+00 -1.828673749513187285e+00 -1.886801004116807290e+00 -1.866380620642143384e+00 -1.854292270375836660e+00 -1.855298805301173193e+00
-1.344074062036102024e+00 -1.828047916113306526e+00 -1.770398155201887702e+00 -1.919967408396250130e+00 -1.843342834195202951e+00 -1.844545946983509488e+00 -1.864707467793389917e+00
-1.235906889672621300e+00 -1.784346565532343609e+00 -1.939872299211632622e+00 -1.834920077071702682e+00 -1.851776165877390357e+00 -1.879615513548047900e+00 -1.878460793603138335e+00
-1.342642572278444746e+00 -1.798995452813875406e+00 -1.754230630461529383e+00 -1.988537721558816695e+00 -1.880196695921930505e+00 -1.896715485168422699e+00 -1.877954738944032087e+00
-1.139186915013240986e+00 -1.910712083253525595e+00 -1.914617408551890776e+00 -1.767328346422525787e+00 -1.832495018469579851e+00 -1.876774507830757610e+00 -1.851580665392043912e+00
-1.279583704153838486e+00 -1.529517199293758623e+00 -1.699962556968994676e+00 -1.779929255548886369e+00 -1.827783547677365394e+00 -1.912137152692678477e+00 -1.872207790632169688e+00
-1.169348861433261666e+00 -1.943879810801001584e+00 -1.976103179745721583e+00 -1.744665962497551126e+00 -1.872537037717874941e+00 -1.874508760566444998e+00 -1.846961131020521396e+00
-1.377528224316157290e+00 -1.884592480282410998e+00 -1.903239072860658965e+00 -1.837355124372536785e+00 -1.850876461383851757e+00 -1.857933217378105351e+00 -1.876152557096686380e+00
-1.306511259638611921e+00 -1.970308770133361920e+00 -1.942059892436538648e+00 -1.790027127088682946e+00 -1.850083969272550810e+00 -1.877357196232869008e+00 -1.872641792014311246e+00
-1.269589902711772078e+00 -1.557365202712472918e+00 -1.938940386413546602e+00 -1.857630180234426831e+00 -1.940292925814048441e+00 -1.864940413206608305e+00 -1.851478370994590561e+00
-1.203753077224384960e+00 -1.238678918416589170e+00 -1.845049712260457220e+00 -1.850513023948571645e+00 -1.890557264980377239e+00 -1.857376353576620343e+00 -1.859192005477479981e+00
-1.448852622028349746e+00 -2.042301534806612473e+00 -1.901634455908196353e+00 -1.958546601300777734e+00 -1.959363452645139114e+00 -1.861469783425370395e+00 -1.868776119791948132e+00
-1.585007111941033164e+00 -1.938018280680434691e+00 -1.658272338749220642e+00 -1.902551958527088471e+00 -1.853801905393661187e+00 -1.875537723669700396e+00 -1.870545927899633254e+00
-1.259725062419924324e+00 -2.079528259406740798e+00 -1.504331876368494969e+00 -1.898555578223674267e+00 -1.800853894642682196e+00 -1.848169802752670288e+00 -1.869783528309049370e+00
-1.179403052169017307e+00 -1.994126882715233195e+00 -1.977383253706822996e+00 -1.862749716899911423e+00 -1.898685238285310328e+00 -1.879511713251015070e+00 -1.873551213499769608e+00
-1.259911823076355963e+00 -2.277762804654288153e+00 -1.702174960078219002e+00 -1.893781354987665644e+00 -1.851169686976181117e+00 -1.844853848452250311e+00 -1.876694936268995084e+00
-1.203548919327501299e+00 -1.985836933459478981e+00 -1.855934812340427342e+00 -1.877458465071898841e+00 -1.904507299258394237e+00 -1.865295749353402144e+00 -1.855710705778715885e+00
-1.319642783885255355e+00 -1.701954048131133490e+00 -1.798090615845798546e+00 -1.797991235778644725e+00 -1.931532425665472896e+00 -1.850017130021512468e+00 -1.863406587454498053e+00
-1.309618108708483941e+00 -2.046537795151876615e+00 -1.980350312311224048e+00 -2.009328821695240741e+00 -1.864038889637387619e+00 -1.900641738000577785e+00 -1.865228420859819325e+00
-1.647253754452733254e+00 -1.354107748349114182e+00 -1.837478339267741845e+00 -1.903190211678625676e+00 -1.859674290412837161e+00 -1.855192503414908156e+00 -1.869602645589709677e+00
-1.467230058139862958e+00 -1.502478625976798599e+00 -1.713935007221559337e+00 -1.954260241237841145e+00 -1.940986046301293122e+00 -1.879535719158022200e+00 -1.867008177051733053e+00
-1.326375607620825070e+00 -1.842212469086062621e+00 -1.841184998400092088e+00 -1.877107926404582461e+00 -1.839556582827353903e+00 -1.828443160932096800e+00 -1.868047072234202854e+00
-1.043050756685854008e+00 -2.023089518003621023e+00 -1.818475071958084444e+00 -1.889840668073207830e+00 -1.882578793621640045e+00 -1.860324911451631147e+00 -1.856939867684323842e+00
-1.084375205005536635e+00 -1.739769291925800765e+00 -1.696288845311484383e+00 -1.819900778662821850e+00 -1.896503856925430664e+00 -1.864327553726087938e+00 -1.860751586627945375e+00
-1.574751428815071019e+00 -1.724564853923374441e+00 -1.984387012281996432e+00 -1.863401692629193196e+00 -1.833377194230297214e+00 -1.887216395621511555e+00 -1.847432657973263836e+00
-1.534205963921910776e+00 -1.572580575790509805e+00 -2.027670124794249684e+00 -1.927221000928698302e+00 -1.887301159160367003e+00 -1.841125366873454183e+00 -1.878855148671523034e+00
-1.320691750020483335e+00 -1.480992459368098313e+00 -2.220672467934453387e+00 -1.815035960831927309e+00 -1.841290333163274617e+00 -1.844674521828474356e+00 -1.880721333739222789e+00
-1.220564879312884488e+00 -1.799862145702942895e+00 -1.800716245073505029e+00 -1.849559852370784352e+00 -1.921721586896034228e+00 -1.864615663046168770e+00 -1.872799079309616754e+00
-1.305027402553903704e+00 -2.065104227411657334e+00 -1.823648509720835698e+00 -1.857747819034834214e+00 -1.843593061819242207e+00 -1.848031983931804678e+00 -1.868390340799164440e+00
-1.435948094103332906e+00 -2.130194173609456065e+00 -1.747711726281610645e+00 -1.862337508631595417e+00 -1.857245984221484791e+00 -1.881067504670761670e+00 -1.868064912213473594e+00
-1.694121670892609233e+00 -1.521322989662058811e+00 -1.550291186554780598e+00 -1.783477583112258236e+00 -1.907609542609641551e+00 -1.841295154021458380e+00 -1.891731441037064698e+00
-1.507699021734990374e+00 -1.877131803772622565e+00 -1.719413513813146110e+00 -1.879810170437818506e+00 -1.796166318391333672e+00 -1.846069462116097792e+00 -1.879143200861711938e+00
-1.252992158873057704e+00 -1.652383869827521057e+00 -1.947719942952119698e+00 -1.865940469697939363e+00 -1.922614000792957301e+00 -1.878649523481938033e+00 -1.876047345823068646e+00
-9.541275211131612366e-01 -1.775722138946909112e+00 -1.767851363761708816e+00 -1.725929339344959734e+00 -1.870427174376104729e+00 -1.862920268631289789e+00 -1.863348280622530773e+00
