(-1.866330069490071+0j)
-1.490862542177487926e+00 -1.773489780222114343e+00 -1.893570022381125817e+00 -1.873206796578258171e+00 -1.868498237908790882e+00 -1.869192149413966275e+00 -1.870381770282258715e+00
-1.149412786746088821e+00 -1.959040279128814621e+00 -1.880880619379601715e+00 -1.917656804685214045e+00 -1.911761850902765847e+00 -1.889568503560186352e+00 -1.876090908432569426e+00
-1.279901966764254384e+00 -1.924669707092733884e+00 -1.727322005004219729e+00 -1.888391605229704062e+00 -1.800034750753086943e+00 -1.848019083775008120e+00 -1.877281393546884392e+00
-1.550474537656665319e+00 -1.824276971312887907e+00 -1.775456575845199891e+00 -1.903390700296952343e+00 -1.866929866030976548e+00 -1.895560670314376583e+00 -1.854243961388723383e+00
-1.400977476191640703e+00 -2.330638649444628285e+00 -1.670756501178351172e+00 -1.917025790177170119e+00 -1.821847238322403362e+00 -1.841383266840117772e+00 -1.885243542287428298e+00
-1.312687162654200934e+00 -1.683549917991654654e+00 -1.813613825899538234e+00 -1.878572149095317556e+00 -1.843094193022862592e+00 -1.884131703678613157e+00 -1.887555595392345964e+00
-1.276437178440001041e+00 -1.819376011974446872e+00 -1.829966882059299138e+00 -1.970287860378743261e+00 -1.912181624300580252e+00 -1.897061343381478915e+00 -1.861360484237549073e+00
-1.217622811223374901e+00 -1.874529684151670983e+00 -1.810821489375906923e+00 -1.871789252350841926e+00 -1.856334730005088751e+00 -1.865925727427814484e+00 -1.871179974871133966e+00
-1.249747054828325821e+00 -2.049646281466282360e+00 -1.763999628087956850e+00 -1.804149763809867135e+00 -1.913785700598572337e+00 -1.887123199273489815e+00 -1.852276979414024805e+00
-1.318459138325672075e+00 -1.845214369656270170e+00 -1.933101557051386310e+00 -1.734413598053258010e+00 -1.904928471481386998e+00 -1.858884424125680557e+00 -1.870090842152509314e+00
-1.499067558265679168e+00 -1.843281460853439135e+00 -1.735746059693321186e+00 -1.843362011286368674e+00 -1.871967208903114077e+00 -1.846290008930289606e+00 -1.867815571406724828e+00
-1.279361260904740005e+00 -1.802351403832698207e+00 -1.863877403014794432e+00 -1.911793505057609366e+00 -1.903629244810600696e+00 -1.848223752167335032e+00 -1.879783790303199531e+00
-1.451386240916133774e+00 -1.567821847592169249e+00 -1.892821320954649389e+00 -1.916112381614509363e+00 -1.878862909852324403e+00 -1.813822007809209325e+00 -1.864120740989728464e+00
-1.164287552222086131e+00 -1.945165902419324411e+00 -1.859016866731765916e+00 -2.016556378223944179e+00 -1.857361383675145916e+00 -1.848828017184230177e+00 -1.875014268574037191e+00
-1.547692754029189821e+00 -1.739593496791887350e+00 -1.826852974849924260e+00 -1.845236654215318017e+00 -1.838173457448846637e+00 -1.885578947353071744e+00 -1.884193439146432336e+00
-1.251861822850564021e+00 -1.933978355987541198e+00 -1.938809509413355503e+00 -1.871418270324389566e+00 -1.894524019609697074e+00 -1.852348337731224648e+00 -1.862112741271326533e+00
-1.425322427974999862e+00 -2.025872432791365085e+00 -1.910794747200940558e+00 -1.812562590031962628e+00 -1.819877330585419450e+00 -1.902624072556986068e+00 -1.859846444993811243e+00
-1.421412933955229274e+00 -1.823078136126256243e+00 -2.010281051864570401e+00 -1.874637112289309737e+00 -1.898308799338594088e+00 -1.892069979029653126e+00 -1.861161497986025370e+00
-1.275723344543734594e+00 -1.748554171774109323e+00 -1.873349317252466673e+00 -1.995376583416489602e+00 -1.871192398090253395e+00 -1.855178451786072102e+00 -1.874397149450981903e+00
-1.126717117876192997e+00 -1.704508140634211300e+00 -1.982335719713204103e+00 -1.848179402320455189e+00 -1.852978071470253507e+00 -1.869944020726747258e+00 -1.861391045806146671e+00
-1.420337717003234745e+00 -1.920050778564434957e+00 -1.870456302032349249e+00 -1.859397383155094508e+00 -1.847585738386247067e+00 -1.862204788912289022e+00 -1.850760566791725736e+00
-1.026702219740680988e+00 -2.010550598668644717e+00 -1.942622222684599276e+00 -1.632425190627168288e+00 -1.892185939359122049e+00 -1.870478550398469331e+00 -1.863276558363782032e+00
-1.248290992024949420e+00 -2.289789761452258432e+00 -1.883217385965727964e+00 -1.781611770302801823e+00 -1.867090884105584880e+00 -1.884279886669149473e+00 -1.870381059536036616e+00
-1.304088227602219208e+00 -2.031378120954881350e+00 -1.839339178056367041e+00 -1.938413104619091776e+00 -1.831597065857847095e+00 -1.857532788058667839e+00 -1.866317851000584671e+00
-1.428237678798026655e+00 -1.783340699749391911e+00 -1.848176050250680547e+00 -1.932215055528706760e+00 -1.840767725677051381e+00 -1.872325478725046288e+00 -1.873327641357402262e+00
-1.330067242819272577e+00 -1.530666522869677859e+00 -1.944445242372141003e+00 -1.843293143171492066e+00 -1.857028526763200293e+00 -1.906280056625918817e+00 -1.870664450135654855e+00
-1.399819123507992424e+00 -1.623598276619153680e+00 -1.669057776664585768e+00 -1.963445314119386609e+00 -1.868150168330033001e+00 -1.851806090338360633e+00 -1.851150361546425982e+00
-1.298044322418104191e+00 -1.781859941233050026e+00 -1.684516178914246431e+00 -1.878793452310250967e+00 -1.855848539040259482e+00 -1.849233786403015500e+00 -1.860437601138647423e+00
-1.391208096818032924e+00 -1.676974380625557481e+00 -2.258426493988374695e+00 -1.802892973625777717e+00 -1.837028195905276107e+00 -1.847434206023085057e+00 -1.869776683005197393e+00
-1.505342206912226422e+00 -2.015451870791229005e+00 -1.765463080452051692e+00 -1.949465963761183307e+00 -1.868289226508377920e+00 -1.851852888526838825e+00 -1.866063580786732290e+00
-9.692198958362532313e-01 -2.127582725658882623e+00 -1.846162551257044315e+00 -1.828994010575654583e+00 -1.912839737750214208e+00 -1.882651287403596552e+00 -1.863726591449915038e+00
-1.270078599526670127e+00 -1.491975572424109053e+00 -1.884262438503517822e+00 -1.726809090891013643e+00 -1.921408792288819445e+00 -1.832786360465330056e+00 -1.844381480048463029e+00
-1.692362189226747304e+00 -2.030900802528346816e+00 -1.793555456963671357e+00 -1.858148949434804686e+00 -1.888160418057932333e+00 -1.842280528667221251e+00 -1.869038378901687558e+00
-1.786756913896905719e+00 -1.988222923793676156e+00 -1.784292675037361331e+00 -1.912528422501802439e+00 -1.853085322438874583e+00 -1.877041880777351901e+00 -1.859348099944264421e+00
-1.271483572360649683e+00 -1.350872788968842997e+00 -2.091658648497945805e+00 -1.931611072073786683e+00 -1.811506789085087998e+00 -1.838870065169187384e+00 -1.869986702065401074e+00
-1.384905359857172336e+00 -1.168782075150804012e+00 -2.065459526799186207e+00 -1.874743736247607373e+00 -1.855867213259031701e+00 -1.879267187181463239e+00 -1.849599500914780759e+00
-1.500936607135414880e+00 -1.672550668168750310e+00 -1.788055710721974112e+00 -1.748418491810017183e+00 -1.843901874078602621e+00 -1.865960360170796140e+00 -1.869504197540484913e+00
-1.136665392832153287e+00 -1.726593686682605711e+00 -1.917214970849752342e+00 -1.803468745195628609e+00 -1.799743506737079946e+00 -1.901035421426144456e+00 -1.862738339582944214e+00
-1.142883699061121749e+00 -1.954670014482529083e+00 -1.731436271982826236e+00 -1.836156851513188304e+00 -1.887051592115161602e+00 -1.861094006958550429e+00 -1.853002343215351289e+00
-1.108521158356607250e+00 -1.841481705191645002e+00 -2.067391109453317277e+00 -1.965077611020284110e+00 -1.851695983683913305e+00 -1.865950242429400330e+00 -1.860196159499605706e+00
-1.484407965217543035e+00 -1.689690634234507494e+00 -1.876794371211958357e+00 -1.826358578183317150e+00 -1.864536640881238050e+00 -1.847192448296693268e+00 -1.879521823100844813e+00
-1.077205384120936360e+00 -2.008441201926046027e+00 -1.897251845740749010e+00 -1.907504755985857781e+00 -1.829462475570285740e+00 -1.921848832540703267e+00 -1.844318044740307805e+00
-1.472253997861887598e+00 -1.583336305446098269e+00 -1.924202502028508954e+00 -1.678832541106497933e+00 -1.858682795103056007e+00 -1.841267756565225122e+00 -1.870769203832719274e+00
-9.841327044376388944e-01 -1.538985630334977373e+00 -1.786284338126567173e+00 -1.951566472760593918e+00 -1.881470934275537132e+00 -1.900163860351413936e+00 -1.875559729996699510e+00
-1.422923901727616958e+00 -1.997479458365903238e+00 -1.635969985092223578e+00 -1.762441009984331952e+00 -1.923134143830931286e+00 -1.893706871433371575e+00 -1.882659238080234942e+00
-1.668625445065241575e+00 -1.645361463426119331e+00 -1.726096226285298574e+00 -1.854809442905997585e+00 -1.863403894051682830e+00 -1.852804517074771784e+00 -1.878186937162231507e+00
-1.466477834366147093e+00 -1.393391251330015068e+00 -1.975719366280233258e+00 -1.840689425713013083e+00 -1.936229869750809574e+00 -1.842658539472455281e+00 -1.889251793866479678e+00
-1.229875884508617290e+00 -2.331284032636048664e+00 -1.919545612552529867e+00 -1.831903172243047662e+00 -1.868262800206994978e+00 -1.883532009381623240e+00 -1.878587990834294175e+00
-1.090282840451888724e+00 -1.380271724791429122e+00 -1.849428600642928133e+00 -1.806235746508011886e+00 -1.901289948115307382e+00 -1.884027726374179590e+00 -1.876487494676173817e+00
-1.041543932872628142e+00 -2.216178066200573227e+00 -1.767503407694243078e+00 -1.741023229924651083e+00 -1.928368110253978918e+00 -1.873063242968084907e+00 -1.850819100146334772e+00
