(-1.866330069490071+0j)
-1.506124040506668038e+00 -1.918833051606759987e+00 -1.882206611233078419e+00 -1.832542641912428438e+00 -1.894029184556016876e+00 -1.889541811236064017e+00 -1.866865337057182606e+00
-1.087317356140326430e+00 -1.518332293907249664e+00 -1.925492375699821901e+00 -1.966969170379745613e+00 -1.888777190880172263e+00 -1.879792096956496739e+00 -1.863815529150595340e+00
-1.156633232772793285e+00 -1.710093658386877769e+00 -1.947850709593071272e+00 -1.951873279011620888e+00 -1.850236340710044169e+00 -1.866475320735671684e+00 -1.861900392507803037e+00
-1.715150697813158986e+00 -1.926893207982147249e+00 -1.755865352967959314e+00 -1.938129584338015743e+00 -1.847861786078561774e+00 -1.870538970639589627e+00 -1.872402756984120398e+00
-1.180683318936415205e+00 -1.696995800050726366e+00 -1.884912986871428497e+00 -1.830491101736554604e+00 -1.885688508486754289e+00 -1.875946484810679493e+00 -1.857059720401489367e+00
-1.530099912410184615e+00 -1.679251738068801236e+00 -1.772401159525351266e+00 -1.902312451294026374e+00 -1.852483847479481582e+00 -1.881639579653953787e+00 -1.864323112817658057e+00
-1.338371952283575528e+00 -1.768783578603810858e+00 -1.849476125920082259e+00 -1.820588987577329121e+00 -1.868408552019018121e+00 -1.849622141112283291e+00 -1.861990109134490812e+00
-1.773432690746418405e+00 -1.933959405800383280e+00 -1.965077571195603667e+00 -1.880458539466105083e+00 -1.890121477362165958e+00 -1.902858626472625936e+00 -1.870993683909775829e+00
-1.296864375845417472e+00 -1.634247047765914118e+00 -1.889784732713653215e+00 -1.828055536927921665e+00 -1.829226429594704051e+00 -1.869100540208739503e+00 -1.862321068298670834e+00
-1.178826518264011192e+00 -2.065197449728104928e+00 -1.905497085686183034e+00 -1.835341905165597698e+00 -1.830167842117904620e+00 -1.866121991304728445e+00 -1.857294408882390613e+00
-1.088990485398628749e+00 -1.294307702059042997e+00 -1.707633014093194124e+00 -1.832712651525495451e+00 -1.865418267374110650e+00 -1.852569445519935964e+00 -1.861697491592319453e+00
-1.463865778465603062e+00 -1.286057951751798933e+00 -1.813924570775177214e+00 -1.923318420057562816e+00 -1.878466548913639178e+00 -1.838889156941157621e+00 -1.867439847061177716e+00
-1.212137348272836590e+00 -1.651921013583588227e+00 -1.960297437141478083e+00 -1.842334457694260186e+00 -1.860174183851682317e+00 -1.836861016953696746e+00 -1.861359135134474929e+00
-1.281183100537937936e+00 -1.548355658982260907e+00 -1.880179533587976515e+00 -1.850321697382740993e+00 -1.824260043000272891e+00 -1.871202436613141895e+00 -1.861667975484535775e+00
-1.540083366161848932e+00 -1.753802962943881161e+00 -1.780029316543130680e+00 -1.860200646107675659e+00 -1.899039902444647598e+00 -1.903851060246595228e+00 -1.878506834492480682e+00
-1.066258009547208729e+00 -1.257065617199605967e+00 -1.819421203134809595e+00 -1.982492968327642657e+00 -1.911907922981839203e+00 -1.874937641247829578e+00 -1.862593611737793475e+00
-1.513199173952451293e+00 -1.699101036394010444e+00 -1.736754780054296399e+00 -1.788582803617704720e+00 -1.903080512245435063e+00 -1.897543493516389068e+00 -1.883722059878908173e+00
-1.447446135967822789e+00 -1.851961714701682249e+00 -2.120606763332032685e+00 -2.021103403987789093e+00 -1.874058669589757642e+00 -1.872328190730962127e+00 -1.853231980913963906e+00
-1.367443745757850770e+00 -1.876561761847093335e+00 -2.048278279261544377e+00 -1.914017179271973568e+00 -1.904368278490514266e+00 -1.880136977530968201e+00 -1.865563837439622397e+00
-1.220074277074930658e+00 -1.499437307398586938e+00 -1.603218070398870321e+00 -1.804799336200565207e+00 -1.869888914465373864e+00 -1.887140949215891261e+00 -1.868028491217734732e+00
-1.621008035270720571e+00 -1.739009977450998612e+00 -2.001940377599455090e+00 -1.833219145559969121e+00 -1.836147995367617414e+00 -1.836081013658556360e+00 -1.865577741139362145e+00
-1.362275076779523975e+00 -1.364834167916292307e+00 -1.901184398849611989e+00 -1.825738290598031055e+00 -1.838753883847232595e+00 -1.887400811316232829e+00 -1.879065875799567964e+00
-1.742624153314353830e+00 -1.472181626688553013e+00 -1.674043534710835557e+00 -1.784806929005120724e+00 -1.961345209397332034e+00 -1.874966286929090176e+00 -1.862600982553160645e+00
-1.234368374841927851e+00 -1.252614890137448977e+00 -1.864011463191282969e+00 -1.827438238908948964e+00 -1.868435464942016955e+00 -1.845411207566792999e+00 -1.853443278739675737e+00
-1.756197601464238645e+00 -1.764492207620398379e+00 -2.024485522468206788e+00 -1.939506643789956186e+00 -1.869352478968279385e+00 -1.881743681210917618e+00 -1.864311475980192867e+00
-1.465757806604000457e+00 -1.715082300066202325e+00 -1.801305551177582842e+00 -1.902819754565106436e+00 -1.837634239978364281e+00 -1.858831711744448389e+00 -1.863578885702677379e+00
-1.287129360501792608e+00 -1.668957867738451339e+00 -1.885797720857674609e+00 -1.868127506640945068e+00 -1.866866292426082818e+00 -1.859462424518008472e+00 -1.860958564335682741e+00
-1.455610697643511475e+00 -1.792936974026339891e+00 -1.915402986761240989e+00 -1.918488548143202355e+00 -1.849343389602925214e+00 -1.831566237450062307e+00 -1.851978562113741900e+00
-1.378101409251779152e+00 -1.648536888387870825e+00 -1.865930380936060118e+00 -1.873354161979344568e+00 -1.886143414562943210e+00 -1.880762889286963668e+00 -1.865925358873923967e+00
-1.629422079575108873e+00 -1.369796167733681402e+00 -1.757306397112563090e+00 -1.868248450597259636e+00 -1.842473512852735862e+00 -1.839954064077396811e+00 -1.837334985834086165e+00
-1.221782222635427351e+00 -1.484441974557453747e+00 -1.878541511406990772e+00 -1.947641299376647206e+00 -1.943105395680766900e+00 -1.886459535502724272e+00 -1.879432944629909397e+00
-1.328522255112488004e+00 -1.329250942562236304e+00 -1.666599077842298993e+00 -1.832826780300650382e+00 -1.812179233704112935e+00 -1.865261643111293166e+00 -1.877953247189726893e+00
-1.316005113098849044e+00 -1.589334924777669578e+00 -1.749713186545233778e+00 -1.827889318346009206e+00 -1.900635403752587216e+00 -1.875938886764719316e+00 -1.868402049872938342e+00
-1.359112957328426186e+00 -1.834290193786867640e+00 -1.923423832288767565e+00 -1.915500859281470625e+00 -1.914477422936817774e+00 -1.882158600183292618e+00 -1.868545508096607577e+00
-1.501169037758067981e+00 -1.630084466931992715e+00 -1.859623660388393551e+00 -1.794894052743244428e+00 -1.840643707038386756e+00 -1.860279415053223140e+00 -1.865481502465472952e+00
-1.175100767086620479e+00 -1.625322438730274044e+00 -1.911715862173924085e+00 -1.857340559462028029e+00 -1.836922912684184839e+00 -1.858660115685473624e+00 -1.851950053302296562e+00
-1.125935386905855928e+00 -1.645686433734991017e+00 -1.989974640292928143e+00 -1.832058768414444483e+00 -1.826066901981320045e+00 -1.871859286077913298e+00 -1.860268532645822148e+00
-1.354872044856376245e+00 -1.498975113547027949e+00 -1.778190483109229447e+00 -1.895629245385554551e+00 -1.919296842575676010e+00 -1.928172460293319013e+00 -1.876359450311985144e+00
-1.035507151764788691e+00 -1.710039649925905625e+00 -1.881439855090268676e+00 -1.891482402517051575e+00 -1.818916902231652033e+00 -1.879520676199136986e+00 -1.877679980562424467e+00
-1.448742676847563082e+00 -1.770155878791415560e+00 -1.826435835310620259e+00 -1.810639481830334407e+00 -1.863491122157543423e+00 -1.885784853061459154e+00 -1.870603396131174989e+00
-1.315341852694543734e+00 -1.765368679515264549e+00 -1.935229614409583077e+00 -1.874462798374465056e+00 -1.882250378575218708e+00 -1.875763355379231445e+00 -1.874917435948143973e+00
-9.581141375411886818e-01 -1.282043836911256784e+00 -1.675612579423650716e+00 -1.867967149387566028e+00 -1.827749594944902300e+00 -1.839190453066155806e+00 -1.867532645579925710e+00
-1.300825425698008520e+00 -1.627145778630879169e+00 -2.029098382690121216e+00 -1.955447178131818564e+00 -1.899475809202720411e+00 -1.874332964417618097e+00 -1.873549926642243513e+00
-1.489520841167165210e+00 -1.764375239124216010e+00 -1.911915343398298939e+00 -1.926981693761461223e+00 -1.899306482440082933e+00 -1.875954423764023549e+00 -1.869144895483553448e+00
-1.844077906245437104e+00 -1.629653453251334927e+00 -1.958931574384354501e+00 -1.912021197470621825e+00 -1.894339536921798128e+00 -1.899551659865932329e+00 -1.877517104405671766e+00
-1.132522912567573758e+00 -1.861086351697711416e+00 -1.887611798704085686e+00 -1.747352780831177732e+00 -1.818302605979864150e+00 -1.856718591112304750e+00 -1.864118641781429497e+00
-1.857423105006708486e+00 -1.875225033019553234e+00 -1.947800125744891808e+00 -1.850094003516531194e+00 -1.802956401303251743e+00 -1.847772356170323205e+00 -1.870200927022270143e+00
-1.323886230945869436e+00 -1.787075344429603030e+00 -1.920970978528466322e+00 -1.953448770609255813e+00 -1.933491898975486123e+00 -1.866094001444436934e+00 -1.851625253033573060e+00
-1.256419286197394181e+00 -1.897453368329986123e+00 -1.759895275655432467e+00 -1.769327405644845363e+00 -1.896654598580807871e+00 -1.874802546081182797e+00 -1.869883605213747746e+00
-1.611894101645527932e+00 -1.775835888674043517e+00 -1.924516623588596209e+00 -1.854975215009426748e+00 -1.903876835473340634e+00 -1.871005793535016615e+00 -1.868678660375670209e+00
