(-1.866330069490071+0j)
-1.154139612606477794e+00 -1.338489829662054653e+00 -1.554705082063968957e+00 -1.858553739006366001e+00 -1.737275392019888010e+00 -1.809487792243424931e+00 -1.851273972287181824e+00
-1.138122759656804206e+00 -1.296535828866081097e+00 -1.392200882285960173e+00 -1.617512128451545017e+00 -1.705290100913633866e+00 -1.869221648910421418e+00 -1.880789637263871272e+00
-1.240207546740603295e+00 -1.309762277193766478e+00 -1.549852658363664482e+00 -1.671999279531596105e+00 -1.724336061433731304e+00 -1.827293198608058056e+00 -1.848043732316034360e+00
-1.322202928310487913e+00 -1.404808040831242444e+00 -1.558962365549006801e+00 -2.081925107471750636e+00 -2.070923698742480390e+00 -1.922106114271575628e+00 -1.946835688683692611e+00
-1.430596333809054155e+00 -1.533887821250703887e+00 -1.589895271932636245e+00 -2.051786676211041716e+00 -1.815795401086643945e+00 -1.945185278221208236e+00 -1.852838093552692689e+00
-1.202957691160837062e+00 -1.357436216467899692e+00 -1.712726700748816722e+00 -1.661236519264393419e+00 -1.709540724077459828e+00 -1.825840428044570141e+00 -1.867975149068753282e+00
-1.195053076150154103e+00 -1.394508060001292904e+00 -1.478283988837666652e+00 -1.721643766810403875e+00 -1.859595204942586788e+00 -1.885245069905124637e+00 -1.888252940964735060e+00
-1.085192871038364704e+00 -1.195647649299815374e+00 -1.388295157506937105e+00 -1.586866806687121212e+00 -1.702721253935291390e+00 -1.878917872711861614e+00 -1.835972697559523414e+00
-1.300118973517780496e+00 -1.131598290150721997e+00 -1.169656421874830432e+00 -1.383265582670944793e+00 -1.731569908710929528e+00 -1.776490834220734172e+00 -1.768593434279653653e+00
-1.046579553904118054e+00 -1.120113230457074449e+00 -1.356876099571567629e+00 -1.714104400601637268e+00 -1.844395702425269734e+00 -1.830478849506413708e+00 -1.851677662878257635e+00
-1.254915853783363788e+00 -1.200144583260403630e+00 -1.086793978157358342e+00 -1.395758030465854116e+00 -1.756130871472506794e+00 -1.856415845097493911e+00 -1.881894535649671241e+00
-1.222639369497316553e+00 -1.319333858154650319e+00 -1.375761154084678584e+00 -1.536267032928217757e+00 -1.890677964228857366e+00 -1.808599893577189643e+00 -1.838390183825686641e+00
-1.202281010916862902e+00 -1.394862685606052866e+00 -1.567104029499206241e+00 -1.619731641828682678e+00 -1.912824935368190982e+00 -1.858123651154498290e+00 -1.861453874871981329e+00
-1.315349124463158104e+00 -1.349457731048777642e+00 -1.267863712241279694e+00 -1.447934887845643059e+00 -1.683100990402010888e+00 -1.835050970627994049e+00 -1.873421525031714108e+00
-1.154778266449496771e+00 -1.228828587781824577e+00 -1.532617754511220287e+00 -1.825225756336143812e+00 -1.948174765542528775e+00 -2.028414485353288832e+00 -1.918281102388217363e+00
-1.156964041693793632e+00 -1.275660626874810744e+00 -1.361439189494027868e+00 -1.647683771856446100e+00 -1.843361457021686078e+00 -1.897802607119540852e+00 -1.839499447567907620e+00
-1.309605393785247207e+00 -1.230923651906208782e+00 -1.354530888616120254e+00 -1.582598208530577644e+00 -1.605945524940231017e+00 -1.848204780050649587e+00 -1.848426928979842954e+00
-1.404664047596756227e+00 -1.422910529691083115e+00 -1.224060887443197077e+00 -1.546896039977363024e+00 -1.836258563561912194e+00 -1.932674100391893468e+00 -1.863788349552300438e+00
-1.266839187754548846e+00 -1.373555510248894551e+00 -1.650649614858776593e+00 -1.620183779849401207e+00 -1.688498600141901562e+00 -1.817365849298096636e+00 -1.827992845418371370e+00
-1.180316046776924699e+00 -1.154559178509267259e+00 -1.427296260577735953e+00 -1.717630170288183544e+00 -1.870129176317729236e+00 -1.865083372764510639e+00 -1.898619192834738012e+00
-1.139443483082075437e+00 -1.153156723041687481e+00 -1.601210158141256779e+00 -1.969802222535910641e+00 -1.851436909681003939e+00 -1.919440796237169344e+00 -1.806892913812094381e+00
-1.173474745983668299e+00 -1.182124553616916929e+00 -1.303947906554166591e+00 -1.586954292990107263e+00 -1.928132885620614356e+00 -1.842242304953450871e+00 -1.851094111516362162e+00
-1.249001548543603235e+00 -1.453509589254493140e+00 -1.610185366344960123e+00 -1.615107816269577334e+00 -2.063822680985610614e+00 -1.850881459929603512e+00 -1.866637242766571170e+00
-1.340334950787333890e+00 -1.522442735919581347e+00 -1.241794489064141693e+00 -1.755540002558676482e+00 -2.063299644957718559e+00 -1.886738794623891824e+00 -1.881930139712241434e+00
-1.213283072032729670e+00 -1.190029584504618487e+00 -1.419072947382294725e+00 -1.806216923484702974e+00 -1.904469040880572672e+00 -1.848696969602937612e+00 -1.869366036126063557e+00
-1.162705587425756137e+00 -1.324098640751302458e+00 -1.690995057218296349e+00 -1.912243241283839490e+00 -1.992919155993762903e+00 -1.841545588130494071e+00 -1.824985161959462587e+00
-1.178691362833212963e+00 -1.377533893530539455e+00 -1.672604254607793273e+00 -1.632641283122276743e+00 -1.638523539889974456e+00 -1.756811398954202463e+00 -1.809308912491878640e+00
-1.151000912552834654e+00 -1.469624663366779771e+00 -1.522731886174294447e+00 -1.769203044360414978e+00 -1.887035933407866795e+00 -1.789724466958604543e+00 -1.863119255157435372e+00
-1.154721057221663516e+00 -1.232016775765274019e+00 -1.670333686851696919e+00 -1.703629851059003331e+00 -1.755051356398909856e+00 -1.844845480760406886e+00 -1.874758578963954037e+00
-1.147862891055916545e+00 -1.206724253146229886e+00 -1.001802045590058032e+00 -1.449354255946124548e+00 -1.922066320565454234e+00 -1.961201518835683721e+00 -1.858107421699556561e+00
-1.295659430071167906e+00 -1.386665388680968780e+00 -1.689247705002189015e+00 -2.003546843990412274e+00 -1.865930641267870227e+00 -1.852294961688675912e+00 -1.848418526101504034e+00
-1.293288745194874911e+00 -1.274769819687554095e+00 -1.273961153077101560e+00 -1.548248201505407984e+00 -1.883779496893538186e+00 -1.937186312989832793e+00 -1.882867004069980421e+00
-1.077753904948154595e+00 -1.358969273544657241e+00 -1.456653685395630227e+00 -1.627538234645679260e+00 -1.939414186879253155e+00 -1.951198367621036045e+00 -1.876258628612323509e+00
-1.283356128391926143e+00 -1.560702056893100931e+00 -1.498228514097009523e+00 -1.760439007506845677e+00 -1.844405033360105861e+00 -1.836594678260973890e+00 -1.895313815087306342e+00
-1.189167895035924571e+00 -1.370940349975253714e+00 -1.416736077597891885e+00 -1.384878946844780634e+00 -1.776471601290745994e+00 -1.816969037720918667e+00 -1.840172855085235648e+00
-1.225721135980184506e+00 -1.276102155060893972e+00 -1.393990829391266395e+00 -1.497578006969475517e+00 -1.842886666692297393e+00 -1.865531892749313636e+00 -1.865302063825195589e+00
-1.209145362030198179e+00 -1.420734908971989841e+00 -1.373431554576845404e+00 -1.736696511183722702e+00 -1.880396978233502381e+00 -1.931201835384415366e+00 -1.895160705004334423e+00
-1.249739132796230834e+00 -1.324077439824918212e+00 -1.645044828928536429e+00 -1.909557624535622056e+00 -2.006097035890279656e+00 -1.817037803000724372e+00 -1.798724450781590711e+00
-1.199144792151143335e+00 -1.390812001685475252e+00 -1.745190589286210736e+00 -1.597194844082116427e+00 -1.774986823650542389e+00 -1.892894302208018020e+00 -1.867981575684098727e+00
-1.245147318365522393e+00 -1.313974287025545751e+00 -1.514918707686322641e+00 -1.506354402797762448e+00 -1.785924737118161687e+00 -1.853711465194602726e+00 -1.855199137357943506e+00
-1.115798076918461224e+00 -1.146345936279504985e+00 -1.581265448931168383e+00 -1.843955366453418732e+00 -1.803826725808000520e+00 -1.820688683057324120e+00 -1.921261998306680097e+00
-1.268689313316612388e+00 -1.235828949773470908e+00 -1.600677538147629697e+00 -1.790910021785017125e+00 -2.069018305596940444e+00 -1.909299763274098005e+00 -1.837202660136230126e+00
-1.190512200298996737e+00 -1.182227013409755445e+00 -1.450702138983499756e+00 -1.716659448096586882e+00 -1.744806665598388484e+00 -1.916436052571321547e+00 -1.836699737803394017e+00
-9.735651830861646872e-01 -1.051400195430102436e+00 -1.148422323404368450e+00 -1.612583482349443820e+00 -1.920587615628032374e+00 -1.823094778592145859e+00 -1.907334165366490808e+00
-1.208761930519008487e+00 -1.456544747275342999e+00 -1.605370604405063073e+00 -1.530012048413337045e+00 -1.658559540029879376e+00 -1.864450016322455106e+00 -1.850225822611608173e+00
-1.383389962928983863e+00 -1.371940164583806077e+00 -1.578210466577511184e+00 -1.621381902284395604e+00 -1.927829517264211923e+00 -1.959967131960094200e+00 -1.889481857911234464e+00
-1.122717372724752360e+00 -1.568896854667394480e+00 -1.587057887845493065e+00 -2.062726379356446760e+00 -1.783910815662630212e+00 -1.780545890835508516e+00 -1.846653972107103137e+00
-1.291539427785242555e+00 -1.378727049449326003e+00 -1.334935928219716406e+00 -1.679086635388090665e+00 -2.064879056527063383e+00 -1.925533103821907677e+00 -1.883697910021751909e+00
-1.251090705641239254e+00 -1.157853670450732952e+00 -1.271075973429062644e+00 -1.486672395788300571e+00 -1.734584225444746775e+00 -1.793164579991374463e+00 -1.818481999868760246e+00
-1.089997666344249660e+00 -1.232599836917823266e+00 -1.488915472792097239e+00 -1.708141613710544959e+00 -1.956432906918129877e+00 -1.878824688975891055e+00 -1.873588315133714044e+00
