(-2.2799528511210014+6.106226635438361e-16j)
-2.454008852392488560e+00 2.580459724790438614e+00 -6.203561044198385055e+00 -5.524718197800829067e+00 -1.897030570163193985e+00 -1.493911667681517397e+00
-9.337930851004474064e+00 -1.856285509578006421e+00 -4.334342951064858340e+00 -6.321413702612781904e+00 -2.468663442993983548e+00 -1.558652591525381936e+00
-3.547458799681753483e+00 3.387912997518068181e+00 -7.269894783221125145e+00 -5.951618366205298827e+00 -5.201053012737331116e+00 -9.102884952988110623e-01
-7.686141236431919488e+00 -3.486987215265740847e+00 -4.256311761981505626e+00 -2.361163996729102266e+00 -2.770050273906026206e+00 -3.500669446481323721e+00
-1.734011920676514862e+01 2.630390626707038049e+00 -2.562960944594196100e+00 -2.900413425415890423e+00 -3.412025188350660265e+00 -2.616987119106384707e+00
1.726979644958612425e+01 1.515338524803223841e+00 -1.517690501707740891e+00 -3.211537913113763132e+00 -3.919704317153180906e+00 -1.281348865113499436e+00
6.967988698086818644e+00 1.518451691772995549e+00 -5.150919240543129440e+00 1.787482290961212250e+00 -1.129007913792951623e+00 -2.082195257184443982e+00
8.460271116826740823e-01 1.233845399709233348e+00 -3.806203005535301109e+00 -2.399149529399283054e+00 -2.792665393644374383e+00 -3.644996088073250817e+00
-7.355502408083943955e+00 -3.609311557234680556e+00 6.824401066338681154e-01 1.452686340544280696e+00 -1.237870190432641682e+00 -2.854595842159572960e+00
-2.206366004959901872e+00 -2.386358899109052967e+00 7.799771246533977465e-01 -5.516397514766344656e+00 -3.077235508769586403e+00 -2.588067968419101028e+00
2.970804793740747574e+00 -5.636504882811417261e+00 -1.782731812511373359e+00 4.166461860638903669e-01 -2.364956241690610028e+00 -3.917403097392325506e+00
-1.399999040616516055e+01 -6.124926319432844046e+00 2.873639784821648391e+00 -4.162336178647136897e+00 -2.434284088477388863e+00 -3.831643089563545157e+00
-8.613053525805502986e-02 2.070486687127746972e+00 -5.166088665343872677e+00 -8.597755117951118020e-01 -1.102331829806122654e+00 -2.910140155212522117e+00
-3.808327748423726788e+00 -7.114437210548835822e+00 -7.235819812790255767e+00 -5.582702988721617743e+00 -1.020374736615379252e+00 -4.090004449354744942e-01
-6.101997769565846497e+00 5.160565289306499048e-01 -4.368670167713021968e+00 -1.356193994396865943e+00 -2.203540657185889096e+00 -2.694560825744360510e+00
-8.371391426337034147e+00 4.035573565290830444e+00 -4.152046959073905086e+00 -9.755187299966023851e-01 -9.404905873975974995e-01 -4.314668029608060840e-01
-4.487332318529322350e-01 -2.497953121852158453e+00 3.644372400334837891e+00 -5.010581598092023192e-01 -2.867673294136724671e+00 -2.902174815631535232e+00
-8.681296153197806120e-01 -5.635083205407151574e+00 4.143038735697755826e+00 -5.134679132900609844e+00 -2.225463035902471187e+00 -4.554861534955111146e+00
3.198067085117086705e-01 -6.889892232998862553e+00 -1.917706363195958330e+00 1.982591152343146534e+00 -2.864372416015211531e+00 -2.723231351960172297e+00
-3.216216895549095511e-01 -3.932509261199865769e+00 -4.660287783190517175e+00 -1.178488754842647035e+00 3.051679230613487115e-01 -2.404056482325774180e+00
