# p_g  obs_indices (0-based)
0.006463011259043135 201 648 425 447 355 580 998 489 646 588 932 393
0.008406684701026634 931 447 218 241 401 730 359 959 632 984 186 108 802 935 994 190 476 193
0.006893493373132564 721 19 258 564 707 404 959 586 972 695 454 817 725 218
0.008707815929041957 953 401 978 717 694 626 730 552 505 121 681 439 729 154 290 624
0.007892159389236621 690 19 564 701 355 730 238 3 724 967 729 256 621 219 410
0.007620095543391978 338 78 615 742 321 456 105 526 453 189 618 214 763 855 374
0.005889282057906375 335 826 626 90 739 554 997 86 748 33 503
0.009288154799068825 657 615 701 399 215 337 579 252 731 919 124 497 760 216 729 825 251
0.007306921455403449 636 846 582 633 97 719 146 236 535 922 115 68 680 78
0.008534884635387943 907 474 599 90 580 999 87 613 861 431 828 433 75 947 99 546 680
0.00740268294404777 926 633 567 53 720 417 483 770 904 167 679 847 550 700 422 333
0.006056175619383427 962 460 551 745 406 430 885 108 31 840 88 655
0.006058614808844825 899 819 551 707 958 379 429 60 382 405 874
0.00947502581147759 716 567 90 93 739 958 594 569 533 914 984 418 58 980 405 271 848 747 56 874
0.006683552816022877 890 399 90 266 427 845 161 623 619 302 447
0.00471737665071066 326 707 498 409 79 697 600 416
0.006985002595593561 224 53 966 948 126 139 667 761 646 128 23 563 201
0.006922137420929384 698 496 279 541 553 634 867 464 42 939 848 637 291 499 299 846
0.006652599318466616 537 321 541 238 404 719 419 385 602 186 119 392 322 670
0.009255538954793186 734 93 730 238 126 706 569 915 25 514 233 679 518 695 152 113 19 97
0.008888682115153472 375 941 72 238 837 964 260 332 631 967 192 936 387 605 747 410 966 496
0.008598484493710191 641 409 553 969 79 202 147 252 440 863 200 102 403 256 471 347 434 503
0.006515996804115709 532 969 79 126 43 287 89 371 515 117 723 652 800 347 725
0.005340707457129882 477 404 427 719 181 105 122 61 2 321
0.005659631156676365 249 981 69 653 161 600 317 646 831 152 409
0.007818012317722143 524 173 273 309 905 982 654 431 242 277 886 592 472 565 713 461 251 948
0.005734080101262267 596 720 958 837 579 572 960 31 141 174 941
0.0078750363756854 282 958 837 181 688 706 675 685 547 207 10 141 873 258 87
0.007482223989670067 813 480 295 181 369 891 448 535 394 209 56 874 742 641 427
0.005647468018967434 866 295 880 450 613 740 765 809 757 212 22
0.005507165958828156 995 793 905 706 634 887 795 270 939 235 751 611 299
0.005761768066159878 558 552 706 467 136 569 246 828 545 925 74 155
0.00493918910250186 297 862 579 191 990 372 560 899
0.005808901190605075 630 252 982 361 990 740 449 276 786 492 677 963 56
0.006513789456039015 48 361 990 740 449 81 86 685 216 545 950 519 991 787 450
0.007633141474443229 856 990 583 4 731 661 176 656 736 618 38 250 82 321 417
0.006146754321456613 368 3 516 861 919 712 148 176 810 284 152 354 82 379
0.007927795147575892 247 467 740 445 971 669 135 6 270 448 435 84 807 275 792 868 226 573 358 613
0.005494269752316534 756 929 136 4 731 325 168 232 353 701
0.006935082640941555 307 583 4 693 919 661 490 176 98 84 370 896 518 849 313 605
0.005172315314899333 534 369 531 505 161 770 811 15 363 996 522 855
0.005476540387460565 305 769 505 714 487 29 833 957 265 852 356 417
0.007719166842204968 199 731 943 985 377 497 135 470 509 896 860 561 970 22 195 899 53
0.004919362903635493 671 544 985 506 83 459 649 62 637 888 787
0.006091959994476296 35 149 915 44 443 76 466 656 711 344 384 238
0.005562228558773173 130 66 304 497 997 959 325 986 150 441 778
0.004435661842885812 327 66 83 483 724 898 204 141 918 605 402
0.004939228928320461 525 669 712 654 213 129 673 559 790 313
0.004798527465602218 743 453 44 106 142 575 796 331 205 877 859
0.005232782918091888 376 497 440 724 533 799 543 559 10 479 492 339
0.007149179139024403 151 589 372 724 332 574 232 723 234 789 298 750 871 350 818 54 626 544 236
0.005641203934519807 411 260 332 794 986 160 591 232 937 478 485 626
0.008182088702492627 112 372 702 513 997 185 325 906 264 903 470 539 138 983 622 350 648 697
0.005975937059879478 659 702 210 891 879 469 296 979 42 954 24 651 813
0.00810769354142275 758 702 794 96 452 315 992 986 834 438 150 138 237 357 195 873 226 941 69
0.008179647623449906 658 533 794 997 315 761 129 975 870 231 906 710 968 736 273
0.005541789517556636 620 96 513 365 572 182 189 967 448 796 778 257 573
0.005793008759676067 306 443 315 466 388 129 675 380 499 143 359 589
0.005050649556856374 59 604 76 123 253 854 263 760 815 216 24 294
0.006467555060117599 170 997 244 495 135 843 285 465 511 991 890 72 740 376
0.006627383033255208 390 997 315 992 761 129 986 231 780 677 540 164 691 706 794
0.005380903349215677 812 832 575 444 185 491 0 437 27 230 581 503 447 66
0.006684262833191594 145 183 795 129 975 462 976 473 913 103 294 694 567 480 376
0.007076052320873568 134 795 940 274 960 462 418 682 80 167 392 931 526 304
0.006392906940656413 900 585 998 732 135 6 242 360 849 414 201 544 971
0.007185099246531389 933 975 185 246 6 316 803 796 628 219 650 966 361 990 620
0.005933914600228246 159 597 182 666 70 752 343 9 937 664 763 524 388
0.005044830422935842 245 86 182 752 494 371 433 749 996 956 974 581 374 44
0.005471893753823276 412 898 490 601 906 421 586 515 320 816 919 112
0.00558392383863537 823 51 675 623 262 952 172 733 15 939 109 100 249
0.004934082326629364 12 231 397 137 752 421 57 277 663 797 641
0.007574823356088293 788 469 262 864 863 494 168 886 790 538 463 716 541 48 253
0.006129406666992626 609 408 262 400 269 906 64 781 446 528 8 859 562 25 390
0.005137549136230368 259 342 160 487 530 380 328 366 882 993 511 417 997
0.00763069101877098 808 262 863 242 269 316 179 592 24 577 868 113 725 19 406 940 870 412
0.006165408803250468 493 269 906 607 514 911 934 240 446 539 590 868 416 379 443
0.007876658227371405 754 514 11 175 839 403 80 695 228 734 379 630 671 915 260 443
0.005876663194030731 341 514 373 574 175 656 45 38 50 561 473 206 985 915
0.005256531513326832 568 710 639 574 64 770 676 993 999 613 870
0.006404969493407674 349 639 343 373 660 385 348 331 378 117 664 94 653 3 607
0.004366227124941326 289 343 429 64 696 60 886 234 962
0.004472614468608083 73 385 892 878 380 602 464 20 155 670 131 321
0.006378404145453132 311 660 385 60 530 491 328 317 39 939 789 882 715 279 553
0.004045166200352845 488 127 530 775 834 418 841 592 209 672
0.006375596910562231 171 120 168 175 656 13 738 509 473 23 218 739 490 574
0.006525957441001355 674 867 878 172 57 233 987 420 983 8 581 746 613 915 658 466 129
0.006625267399047111 606 481 984 13 77 839 738 212 204 928 476 553 202 688 247
0.006626662013212924 801 382 329 227 300 16 271 28 465 873 404 943 149 59 137
0.006461282557969897 324 481 834 292 13 276 550 204 97 613 4 483 775
0.004993909738954423 709 292 984 824 16 736 538 322 520 562 346 505 775 481
0.005726314039046981 784 683 629 418 276 263 144 759 212 773 715 901 139 585 834
0.003930239957423313 188 13 371 839 738 198 759 329 903
0.00664081023540073 638 300 968 744 398 39 972 805 312 272 818 707 273 315 879 64
0.004894632139737893 286 348 744 229 547 527 936 302 235 454 779 866 601
0.00352032768607205 830 820 780 426 850 841 643 30 705 260
0.006188491570126604 844 276 780 967 448 102 267 920 47 374 124 992 129 182 854
0.006093306643445546 686 58 850 220 923 438 125 908 356 312 855 721 249 524 861
0.005771390476377863 486 220 645 911 980 403 436 821 218 79 142 419
0.006244993158930014 345 645 489 911 317 364 894 221 713 653 3 343 660 803 683
0.0067981429684115 785 489 911 809 806 934 559 588 835 766 871 416 930 97 601 799 342 345
0.006187090630272104 132 736 547 602 198 186 386 479 538 715 78 287 702 183
0.005471596637292081 255 809 755 280 644 84 590 858 932 393 37 447 238 149
0.006322560030461699 49 435 39 102 267 268 288 550 117 836 787 698 249 273 688
0.005474561937366192 52 39 336 233 198 240 853 394 290 241 401 199
0.00527229881308488 116 192 535 403 84 515 46 428 855 701 456 44 135
0.005752566288250863 822 233 198 542 708 364 972 916 314 838 474 327 89 76
0.004903910582328888 944 263 240 34 446 538 590 395 928 158 573 999 359 341
0.003997983163686738 184 591 884 586 972 318 326 609 329
0.004837460704393397 17 762 884 438 733 559 15 538 562 691 627 890 761 824
0.004493937541511492 977 936 438 644 140 278 331 225 855 482 861 864 371
0.004579563458506721 7 217 438 267 811 38 15 996 234 561 221 453 229
0.004022749789445551 407 240 586 34 598 786 538 341 64 481
0.006799345814900106 938 543 726 446 735 955 383 319 899 730 173 273 654 231 84
0.00351103376650501 484 436 711 972 165 107 635 694 444
0.004537151502078559 642 500 386 857 464 538 117 902 581 406 315 585
0.00330402225178584 507 628 75 478 786 689 333 272 622 843 844
0.0049476688793781 381 815 515 415 805 71 88 949 36 603 633 181 514 542
0.00530235145581358 557 108 737 71 163 323 521 625 800 716 697 137 9 708
0.006248468001330209 668 108 805 331 1 759 392 420 177 319 299 460 837 191 236 696 371
0.004503513744485192 283 95 71 479 924 786 125 28 918 611 589 794 253
0.004402523338946281 776 71 786 764 323 392 893 104 874 112 6 923 527 733
0.00448291990769404 166 1 157 203 389 896 860 33 54 933 172 830 34 588
0.002610347290490302 512 924 464 318 849 778 313 581 307
0.004362148774442697 468 478 248 676 689 528 522 353 454 427 136 325
0.003925534724658389 616 676 441 782 65 225 275 680 374 282 630 799
0.003862935531235136 362 439 729 679 508 413 727 687 565 359 671 481
0.00681100264092251 432 203 318 439 389 154 947 718 387 798 33 85 474 793 552 769 505 440
0.004591250243548982 945 662 749 65 935 0 643 859 305 661 967 923 938
0.002734110535870911 989 538 508 954 590 665 458 999
0.0063190960951853 791 389 508 310 902 728 889 587 814 826 739 105 985 574 968 426
0.005000724467497056 783 689 65 590 522 932 454 704 817 501 707 376 820 52 192 207
0.003410162843264173 942 987 154 153 351 340 211 190 104 293 485 524 906
0.005787686747525445 114 117 214 528 577 617 570 804 593 872 581 584 819 105 832 269 606 220
0.002502696197843084 774 32 204 234 458 387 123 435
0.005012700285038839 239 528 665 302 996 55 789 750 155 428 874 690 962 328 398 276
0.005062628909771311 180 528 577 665 950 860 789 897 143 241 53 866 681 16
0.002999926216408139 768 772 222 340 458 155 261 814 552 516
0.005952849717371685 40 996 950 860 63 92 925 414 917 337 613 327 483 682 923 815 24
0.00381018566452674 988 383 138 340 208 234 918 111 6 259 754 418
0.003497540151004498 678 950 340 63 831 92 115 635 705 813 444 749
0.005736371386009386 502 125 777 162 916 608 871 704 5 657 525 620 185 255 644 776 0
0.004228091843317449 536 570 61 437 881 692 910 335 819 168 638 617
0.005084995689476131 67 208 234 141 918 865 868 895 476 526 534 66 86 960 269
0.002844104518577712 578 162 728 922 115 925 529 246 530 790
0.004528879570151948 178 234 211 285 28 472 691 627 838 948 25 892 277 547 762
0.004948482740659171 612 28 614 92 858 74 18 717 385 382 16 744 757 945 114
0.003360275020499218 391 922 946 392 387 910 8 684 430 837 440
0.0048214295637468 517 922 894 804 413 47 897 358 941 139 372 220 102 478 216
0.005780770366492809 156 722 810 571 925 695 177 993 309 526 269 639 373 839 591 108 389
0.006097975707841857 41 771 643 115 74 169 800 842 763 965 401 224 456 453 135 515 764 939 178
0.005351780741495516 187 301 771 387 576 727 750 466 183 710 674 324 830 500 439 988
0.003829062311520479 243 387 115 865 836 74 183 530 140 500 323 209 946
0.006128759901598017 510 387 970 115 865 750 422 428 238 139 332 444 398 192 535 936 955 67
0.00503999510505105 194 635 46 836 472 876 595 69 304 506 823 491 489 437 771
0.003516487128636901 523 976 877 798 727 103 110 655 524 173 591 729 211
0.00496434341721996 197 976 877 798 827 110 655 33 524 173 793 287 770 591 15
0.003687645392232079 254 196 473 750 848 747 699 640 501 690 558 448 646 248
0.001964637612619492 555 767 472 281 352 595 762 835 592
0.003896790871958388 851 692 932 869 235 334 713 905 706 182 229 39 635
0.005885323910986388 133 275 47 190 23 339 888 218 249 986 176 120 547 557 128 802 790 169
0.002716237282635424 424 928 465 871 257 622 85 799 277 441 989 285
0.004678888550393289 548 913 637 893 868 963 725 299 650 406 83 493 316 150 507 65 889 22
0.002596827157104383 308 23 103 893 195 704 504 104 91 636 295 767
0.001077070206262059 875 423 322 983 303 817 874 976 275
0.005152006645983074 101 177 593 983 704 504 94 451 745 496 440 185 203 783 180 61 643 540 103
0.00488454551437752 396 983 595 312 519 230 626 388 673 803 283 766 162 858 41 771 298 994
0.005153008580328734 566 949 195 37 872 5 905 862 634 412 120 407 860 517 608 314 523
0.004486389728226865 455 687 605 829 961 581 410 78 962 575 431 382 709 804 913
0.003278914885115915 21 272 912 927 56 2 653 654 89 803 45
0.005324585286799069 647 664 763 888 414 294 18 819 941 572 675 70 289 255 184 835 103
0.001600216377296634 973 118 5 546 859 565 705 469 507 836
0.00329571400611919 921 895 859 562 611 650 44 124 269 203 211 55 196 593 451
0.003771403524178364 909 817 104 691 787 573 929 985 459 411 802 545 637 529 888
0.002395035712574815 14 350 475 111 384 85 231 269 296 955 677 647
0.003753100799847638 883 143 610 442 299 485 305 971 632 824 255 108 479 504 152
0.004121430556082998 223 193 741 930 931 707 382 188 686 84 920 63 465 475
0.004371426039603663 367 725 100 650 503 953 355 926 491 140 80 676 643 869 949
0.002422372026378546 703 556 930 482 251 551 429 559 370 107 164 751
0.00441764038991639 753 930 461 251 19 948 412 242 844 217 749 517 41 523 883
0.004456297792549802 457 85 241 826 899 399 805 248 614 877 219 595 414 746
0.003687473031138078 951 85 26 690 716 769 788 77 894 852 779 33 703
0.006130798805137208 549 330 241 626 173 964 845 260 183 12 426 994 593 312 655 226
