(-0.4762374333984584+6.938893903907228e-17j)
2.369386655845964751e-01 -5.794504368023205565e-01 -6.067502314049209033e-01 -5.957709302901721404e-01 -4.944131667488881332e-01 -4.847555832285821431e-01
8.198234004152310517e-01 3.948680018827624982e-01 3.189089921912045544e-01 3.423245191091798811e-01 8.494611997269863046e-03 -3.065603539157215618e-01
1.393104455031563826e-01 -3.911087373805353096e-01 -8.221154664601053597e-01 -6.246836944226421551e-01 -3.925752688178900662e-01 -4.664839850959900391e-01
-8.186442733110661507e-01 -5.389002090070120765e-01 -5.100761113807024127e-01 -4.917428094254464588e-01 -4.933374041014116917e-01 -5.353397809613670288e-01
1.220124854541310144e-02 -1.547226008895687066e+00 -1.033623656104069255e+00 -5.308863881675248697e-01 -6.063871496329867883e-01 -5.483221603994689053e-01
-1.800898038195071660e+00 -8.822645937251699655e-01 -6.688846561322497886e-01 -6.175186096013910442e-01 -5.276055327432968012e-01 -5.640412247044640504e-01
-6.868068677694677548e-01 -9.765348452189493988e-01 -8.701104554795346946e-01 -9.172507421308708775e-01 -7.325491196784610359e-01 -4.927883543061010174e-01
-4.193930068105796716e-01 -9.274719493468547293e-01 -9.297605837053363187e-01 -8.013851323178619035e-01 -6.894260516234413938e-01 -4.327668574234189158e-01
-7.945062878201384349e-01 -5.796424586369586240e-02 -1.703709302048505014e-01 -3.950412937059884499e-01 -5.455174965283726696e-01 -5.567685581785523086e-01
-3.798116450912035758e-01 -1.954206050449070475e-01 -6.162623584206741167e-01 -6.604704908374643413e-01 -7.752908121848189893e-01 -6.110159165039285023e-01
-7.289884881004432549e-01 -1.030283329745216969e+00 -1.198041380462424366e+00 -5.340148477619574008e-01 -7.019954453769787772e-01 -5.869125141963167369e-01
-1.133998957170419875e+00 -1.005731332370796149e+00 -4.771350850065467775e-01 -4.823300362973117483e-01 -4.861159992362771298e-01 -5.901038320039998508e-01
6.349319200568461774e-01 -8.985020975241198027e-01 -1.092165853644630147e+00 -7.547051305348431161e-01 -6.727034655742607505e-01 -5.929474474011728891e-01
1.049765319050281143e+00 5.752337450554899367e-02 -5.320944200427716320e-01 -6.756585210817374065e-01 -6.001803684489018798e-01 -4.679523652122947741e-01
-6.686102020837523252e-01 -5.260128974204441032e-01 -6.082036986881316221e-01 -1.892485941136137217e-01 -2.143427252918372605e-01 -3.939492373361254685e-01
-1.734728491321886334e+00 -2.559426763135104754e-01 -5.100198645536617725e-01 -6.252000275742810587e-01 -7.104026708481886443e-01 -6.275497062914048296e-01
1.330719284932350366e+00 1.884262379354271488e-01 -1.219910606780225948e-01 -1.631087043284197013e-01 -3.398301748365192138e-02 -2.819492456063918406e-01
7.369438380422147494e-01 -8.370435689106615895e-02 -2.523615331062663003e-01 -3.888270090475770546e-01 -3.879678807365268267e-01 -4.842472712979871696e-01
-1.664236769426981510e+00 -8.064935494843417096e-01 -5.838114577859582210e-01 -5.661387993674883434e-01 -4.837995458675078408e-01 -5.486748103587058001e-01
-2.999762612320624466e-01 -4.915461243394558810e-01 -3.714071962352384626e-03 -5.800735598628142808e-01 -5.111059554307836317e-01 -4.220757592632389810e-01
