(-2.2799528511210014+6.106226635438361e-16j)
-8.802748770643887610e+00 -3.924757855936650941e+00 -3.161300038577432581e+00 -2.436179354616392789e+00 -2.218616095635098873e+00 -1.634000889379301658e+00
-8.677725527530538940e+00 -1.930790912425537575e+00 -1.089709995570171674e+00 6.429299754568158498e-01 -3.381464795179573990e+00 -3.267889535468112339e+00
-9.080676207311988435e+00 -1.058526528570986613e-01 -3.353357614828152755e+00 -2.512088658224813642e+00 -2.335462484001482153e+00 -1.652195848265763933e+00
-1.286692124295033324e+00 -4.331674826371434861e+00 -4.115128153388462273e+00 -2.737898472530595484e+00 -8.988431088852428807e-01 -1.622568740535222931e+00
-8.164811053003468544e+00 -6.024375710929517069e+00 -5.530420444232585275e+00 -3.639255943050280884e+00 -4.264381552410190679e+00 -3.473350370224569161e+00
6.933094482306627171e+00 5.049596523407959836e+00 1.794032684287936719e-01 -1.549287349970860816e+00 -2.121311759233201588e+00 -2.769901266954136965e+00
3.681451040097754479e+00 6.307907442849773894e-01 -3.819035335311359081e+00 -2.608112266720870487e+00 -2.931998564005867891e+00 -3.463195707953242941e+00
-1.076571564244390622e+01 -9.820870178279315077e-01 3.862268105258697126e-01 -2.255171326996290304e+00 -1.317113606348677468e+00 -2.756002689739000644e+00
3.585752345742594382e-01 -2.684400551346481478e+00 -4.925258787521729076e+00 -4.618303994990800909e+00 -3.214763004140172242e+00 -1.885408208500203298e+00
4.663367066477774436e+00 2.227669500721211726e+00 -8.475789763653862607e-02 -2.024057022108173065e+00 -2.671761760196553759e+00 -1.381823893963757266e+00
-2.578755368027017880e+00 3.760576362099128933e-01 -2.014739963921713617e+00 -9.051983825680576246e-02 -1.322938450639286057e+00 -1.787482201517567315e+00
-5.398583352671670887e+00 6.353221120529495280e-02 3.608364845084779393e+00 2.239202370024606203e+00 2.519550560187356680e+00 -8.665550658263919681e-01
7.943413907021614762e-01 1.215932537048653117e+00 2.299199470328777473e+00 -1.067514475897559656e+00 -2.431934729894002611e+00 -1.580282366738176458e+00
4.856886918106567919e+00 3.267654891760996438e+00 3.228456415360216880e+00 1.492276513825343986e+00 -1.214615511971177453e+00 -1.298855510343392528e+00
-2.410980753912154828e+00 -6.731285817345421307e+00 -2.174918738487609637e+00 -2.956282732074009267e+00 -2.419865704440707255e+00 -2.793164130778102994e+00
3.373576390877048858e-01 -4.068427608505779780e+00 -4.152837574561636380e+00 -1.742888108198221264e+00 -2.753266977861355436e+00 -2.354585656351313894e+00
-4.434522903863233445e+00 -8.110580676917717113e+00 -2.092541948530402429e+00 -2.959852382555471895e+00 -2.263311217561037925e+00 -3.366190577326651390e+00
-1.483723063626529282e+00 7.999615964896844567e-01 -2.635740153418435483e+00 -2.230571994779851241e+00 -3.712313302558829520e+00 -3.408491606476183211e+00
-6.534067948274450144e-01 -5.925214460658478899e+00 -4.485074201694999374e+00 -3.602947099643780238e+00 -3.855461252520263393e+00 -1.966296327480356432e+00
4.867189588121221711e+00 -1.172699047841651421e+01 -8.091445784885930692e+00 -4.201284470033682439e+00 -3.359356843785275881e+00 -3.395017483628501864e+00
