# p_g  obs_indices (0-based)
0.1587176859525076 61 63 62 60 59 58 57 56
0.1162543764339591 70 68 67 66 65 64 71 69 31 38 36 34 32 27 29 25
0.1353607251944169 16 14 8 22 23 21 19 17 15 13 11 9 10 20 18 12 104 105 106 107 108 109 110 111
0.1370172571985567 139 138 140 141 142 143 144 145 146 147 148 149 151 137 136 150
0.1229250262978214 85 86 87 81 73 78 72 74 75 84 77 76 79 80 82 83
0.07624149386047006 124 123 122 132 121 120 126 125 134 127 128 129 130 131 133 135
0.09535989351449362 98 96 97 101 100 94 95 99 93 92 91 90 89 88 102 103 63 60 59 56
0.05938320980725999 198 199 185 191 197 196 195 194 193 192 184 186 187 188 189 190 157 183 158 155 162 152 161 173 180 178 177 164 174 171 168 167
0.05536845597839063 119 118 117 116 115 114 113 112 68 65 64 69 124 126 125 127 128 129 130 131
0.01480761520114421 39 38 37 36 35 34 33 32 27 30 29 28 26 25 24 157 181 154 156 155 162 163 173 180 179 178 164 172 171 170 165 31
0.01835101136262794 49 55 46 51 52 53 54 50 45 44 43 42 41 40 47 48
0.007382732367581892 160 181 183 159 158 154 156 155 162 153 152 161 182 163 173 180 179 178 177 164 175 174 176 172 171 170 169 168 167 166 165 157
0.002830516830769985 7 6 5 4 3 2 1 0
