(-1.8704727364209417+0j)
-1.684546755970883769e+00 -1.528596843071052369e+00 -1.969340536607739445e+00 -1.771404433337010698e+00 -1.907604383065006237e+00 -1.901339863948762199e+00 -1.898315007008040123e+00
-1.326814549814838928e+00 -1.805295232628152169e+00 -1.835912315738086331e+00 -1.933972858189132449e+00 -1.842794672854844551e+00 -1.882504415323805080e+00 -1.862187779034798485e+00
-1.404880229936634972e+00 -1.835585822486671681e+00 -1.690725881863933244e+00 -1.959680701803149461e+00 -1.880929407247934337e+00 -1.850301780766506754e+00 -1.873738795123611967e+00
-1.414738711488216394e+00 -2.155858102942493026e+00 -1.998723372111013807e+00 -1.986776033710166756e+00 -1.854426324578589913e+00 -1.841503519588702176e+00 -1.867069035877274796e+00
-1.683385882271976275e+00 -1.634969513812509545e+00 -1.734828544386165294e+00 -1.775885878747006652e+00 -1.867334548868579969e+00 -1.895418731449039162e+00 -1.884149549724144723e+00
-1.497599038947671879e+00 -1.500428383941564192e+00 -1.795364298498512756e+00 -1.690732245918801890e+00 -1.884631724101438088e+00 -1.822460861892485351e+00 -1.859613152756390164e+00
-1.673749820221273943e+00 -1.963879129706135762e+00 -1.973100582720292762e+00 -1.866909762632785297e+00 -1.862720165837226771e+00 -1.882060515373110476e+00 -1.876841313454149063e+00
-1.352318558049356856e+00 -1.644805613403195421e+00 -1.792613582611982448e+00 -1.935068183422395727e+00 -1.919432177511149806e+00 -1.852959347625785735e+00 -1.887645462478588332e+00
-1.589576566057947726e+00 -1.763710226774574563e+00 -1.823666435302898181e+00 -1.909169684680664947e+00 -1.832184935951135296e+00 -1.904085959445424470e+00 -1.884938925113534669e+00
-1.454895346617521845e+00 -1.764894611600973828e+00 -1.683136089745660424e+00 -1.776550478960365442e+00 -1.846115004508832147e+00 -1.872427396661206611e+00 -1.889386598308614884e+00
-9.182159352534957630e-01 -1.694412474483560915e+00 -1.856649078777503181e+00 -1.894362731789425380e+00 -1.839213775044313381e+00 -1.865937347205781638e+00 -1.884072377169555779e+00
-1.493077392599547970e+00 -1.256437358080175315e+00 -1.738293010205423261e+00 -1.925170064688113802e+00 -1.890187510010071570e+00 -1.835981431782609974e+00 -1.873438859516449506e+00
-1.464280927872614768e+00 -1.875488535635512211e+00 -1.702722588558906347e+00 -1.804964307109837129e+00 -1.905360764869621359e+00 -1.871680067251243029e+00 -1.880281590726293528e+00
-1.178920858991005627e+00 -1.579918603719344006e+00 -2.112847968609427252e+00 -1.902949685409178970e+00 -1.909319223855496128e+00 -1.878045134428869556e+00 -1.884405556056810926e+00
-9.600109585186165084e-01 -1.935386002514807302e+00 -1.801382497129243587e+00 -1.919148298053989565e+00 -1.911807798840722272e+00 -1.862872688294398227e+00 -1.876689726049202811e+00
-1.499891886477821012e+00 -1.787984557053656109e+00 -1.868746662261704605e+00 -1.840616262354388688e+00 -1.861514246274493356e+00 -1.895032629451343986e+00 -1.873341747451427564e+00
-1.655167823316862297e+00 -1.592780509661033683e+00 -1.951694187500295552e+00 -1.875416818447672718e+00 -1.872443851110812130e+00 -1.860281803847483095e+00 -1.862856346761018855e+00
-1.377653735511628508e+00 -1.647225322145506876e+00 -1.745201325776600365e+00 -1.924405959648959774e+00 -1.953212305448504882e+00 -1.864743166352879511e+00 -1.870936604559874095e+00
-1.388448646993315938e+00 -1.625183883346139169e+00 -1.640823837448794231e+00 -1.879906347341132156e+00 -1.866115911071349220e+00 -1.864314856192963443e+00 -1.876955895755376691e+00
-1.479329723197599478e+00 -1.894367407534224723e+00 -1.977655207976086071e+00 -1.854914805742869266e+00 -1.853171696735782970e+00 -1.899488287172856449e+00 -1.864655345833410305e+00
-1.772078158663230152e+00 -1.483326973582621111e+00 -1.847289962799346652e+00 -1.898331130068182215e+00 -1.890244693032665957e+00 -1.887126958208044103e+00 -1.890027324598930747e+00
-1.213077127225056229e+00 -1.646617453560150990e+00 -1.916958340156124097e+00 -1.843043080717328808e+00 -1.872099888994108285e+00 -1.870079761860169665e+00 -1.871398408190464657e+00
-1.458661273696021610e+00 -1.811720324253956571e+00 -1.760160528363759358e+00 -1.941790773047491037e+00 -1.812241817981135261e+00 -1.914405913447796204e+00 -1.842603547152935839e+00
-1.539504063815194002e+00 -1.707189196041193568e+00 -1.739092438841458144e+00 -1.887622008955974762e+00 -1.915393956004703302e+00 -1.850454207067955492e+00 -1.866367985831800080e+00
-1.490020095967901526e+00 -1.712876603317581514e+00 -1.838952996564726661e+00 -1.951656083743251058e+00 -1.864017600356596249e+00 -1.873855783926253515e+00 -1.857161868033992302e+00
-1.336019742284166867e+00 -1.544456881482787480e+00 -1.890174743640338217e+00 -1.922219844070274242e+00 -1.855566443816830891e+00 -1.855196518006822615e+00 -1.867607326812470214e+00
-1.493181033410099445e+00 -1.847146678407190601e+00 -2.151775129797186104e+00 -1.929533117213377169e+00 -1.880682378590446291e+00 -1.866231215344223759e+00 -1.864123049831309054e+00
-1.108737612547280982e+00 -1.586364740731952772e+00 -1.633737025952479716e+00 -1.761291274755082847e+00 -1.845600634116647987e+00 -1.873747594217693324e+00 -1.868275063679059267e+00
-1.349110745506071574e+00 -1.799416292584807175e+00 -1.956499215034482209e+00 -1.886146913376733014e+00 -1.823156568310352110e+00 -1.852013370568292405e+00 -1.872280527502306446e+00
-1.769711093191900009e+00 -2.098333067266679564e+00 -1.786274258194378683e+00 -1.809940883579438609e+00 -1.848303454806585089e+00 -1.857281118518444130e+00 -1.878499127501436883e+00
-1.245900896713366679e+00 -1.665435617728355133e+00 -1.434010618533092085e+00 -1.860107948331252370e+00 -1.827932871527346848e+00 -1.897656356102765951e+00 -1.870037480005176000e+00
-1.783268294722462288e+00 -1.795069034507837502e+00 -1.909302877892346650e+00 -1.792754357816984223e+00 -1.908076395209595155e+00 -1.849009736669925408e+00 -1.879353823251538991e+00
-1.346290994260483043e+00 -1.626761887877028023e+00 -2.142389495973522351e+00 -1.885169343238057404e+00 -1.950640973925757304e+00 -1.876204508950922056e+00 -1.882933117049507832e+00
-1.465384501665269568e+00 -1.496554555773912609e+00 -1.968066629011293589e+00 -1.850481706582451702e+00 -1.845695116031303318e+00 -1.869950021827818887e+00 -1.851503079007184693e+00
-1.593682129464278674e+00 -1.645899546260348512e+00 -1.738879390219280063e+00 -1.887154416825274517e+00 -1.773591282056795615e+00 -1.860311579339111177e+00 -1.872205736160269085e+00
-1.549457339954166013e+00 -1.587365222070581616e+00 -1.880136725139193610e+00 -1.868189373199165892e+00 -1.868285915735848013e+00 -1.874706747632205017e+00 -1.868928356459379270e+00
-8.860823737590814986e-01 -1.628897356596799240e+00 -1.960916905619670692e+00 -1.880662371291718982e+00 -1.889303067951722870e+00 -1.865463205552953641e+00 -1.864963028227780484e+00
-1.162880994780093102e+00 -1.358168170897938731e+00 -1.768380224057691130e+00 -1.959533957728089693e+00 -1.874714154964500334e+00 -1.833620800258548567e+00 -1.856543245343907689e+00
-1.169893063708767889e+00 -1.800202184139520822e+00 -1.634115605669470117e+00 -1.861219501913319307e+00 -1.896349204706667901e+00 -1.826517042317724160e+00 -1.872492235964798191e+00
-1.644413341118188931e+00 -1.696949356296636235e+00 -1.727584200384788993e+00 -1.916677705436152124e+00 -1.900601613478957397e+00 -1.834601772316359902e+00 -1.866170746878638154e+00
-1.270126759488161339e+00 -1.754182891632189545e+00 -1.833239133888608485e+00 -1.802810472513349138e+00 -1.935133621009435423e+00 -1.863233887058576510e+00 -1.878276353784951613e+00
-1.637940477662994221e+00 -1.349239350133412119e+00 -1.767796894951449538e+00 -1.745825140910290285e+00 -1.870372723833710893e+00 -1.887606855199111422e+00 -1.870537603217670597e+00
-1.447451870736402579e+00 -1.661645660132729851e+00 -1.771616428302264845e+00 -1.803749489074857770e+00 -1.860205201051505775e+00 -1.862748380638576506e+00 -1.881004166140397338e+00
-1.092916266412423898e+00 -1.660722532190134437e+00 -2.082031254568903034e+00 -1.754791944822313710e+00 -1.901398391078763961e+00 -1.888135481244171743e+00 -1.877547958518572813e+00
-1.494057402163056825e+00 -1.521917194315400179e+00 -1.920233132602026771e+00 -1.904540886326464566e+00 -1.883767678853895067e+00 -1.893587917349512928e+00 -1.864211697155461422e+00
-1.345884961150944692e+00 -1.495219686808638038e+00 -1.820541611224399725e+00 -1.855346942608777638e+00 -1.869349296830534080e+00 -1.846603875799072370e+00 -1.854935838640872525e+00
-1.581448727196827608e+00 -1.488233075500618341e+00 -1.876683914132622810e+00 -1.765181517153922908e+00 -1.847084271458029781e+00 -1.902720216967769717e+00 -1.859457053014654804e+00
-1.521213559550251171e+00 -1.687196714987413415e+00 -1.974570481136026290e+00 -1.834720235307624847e+00 -1.776986751017010757e+00 -1.914090558780360052e+00 -1.860867083842587810e+00
-1.427841748316990067e+00 -1.688461362938079802e+00 -1.957642883134082412e+00 -1.871695572355323023e+00 -1.845762800622233968e+00 -1.874738016422993869e+00 -1.874883035795665398e+00
-1.325930997738284045e+00 -1.617011476531847292e+00 -1.753072837422009922e+00 -1.930323979370115683e+00 -1.844954052904205444e+00 -1.870478506270843555e+00 -1.872591554504146494e+00
