(-1.8704727364209417+0j)
-1.677409487146865885e+00 -1.855227570686979188e+00 -2.038290399600025005e+00 -1.883139841777625723e+00 -1.831964118560625687e+00 -1.863599108186157816e+00 -1.856194273092433011e+00
-1.030015439309385883e+00 -1.623629675895254421e+00 -1.753334909057095325e+00 -1.961074225278673477e+00 -1.850220762692441401e+00 -1.874802637106725900e+00 -1.854262109865113750e+00
-1.245636895005629796e+00 -1.835716984137911734e+00 -1.930236590213017411e+00 -1.780081418892927925e+00 -1.826194240275110126e+00 -1.843071883643321529e+00 -1.857603922476930292e+00
-1.129141547262825673e+00 -1.736063523132368669e+00 -1.812546641368443012e+00 -1.936658781415761421e+00 -1.852368198425923929e+00 -1.853242443123714889e+00 -1.858468455669828767e+00
-1.496878744164674702e+00 -1.379902691689352201e+00 -1.834488976018281203e+00 -2.018857299744922784e+00 -1.849158725163273065e+00 -1.867958952835646613e+00 -1.854788506772033552e+00
-1.216588974531866985e+00 -2.336521012508660178e+00 -1.963841616547766566e+00 -1.918465339999414265e+00 -1.863252791566925914e+00 -1.877166627621015271e+00 -1.875988771767087560e+00
-1.045940233850728651e+00 -1.917231831172587775e+00 -1.993693989391323473e+00 -1.771749790145467518e+00 -1.914131627254816559e+00 -1.902129387093498991e+00 -1.867655665293358913e+00
-1.674454378047492309e+00 -1.451395897287006687e+00 -1.993685551213384866e+00 -1.972398582064634587e+00 -1.864441856680056908e+00 -1.859220177758919235e+00 -1.863474003947376723e+00
-1.353390095525301096e+00 -2.145421518157279106e+00 -2.194556762892440283e+00 -1.900148304973835023e+00 -1.868913715332919168e+00 -1.822413673937705703e+00 -1.870557100816321761e+00
-1.370249743101930262e+00 -2.235673735012947638e+00 -1.819957469026174834e+00 -1.852772580649651335e+00 -1.849936369644691769e+00 -1.870977029659372848e+00 -1.861679220975340776e+00
-1.326645401310853511e+00 -2.055450032917503833e+00 -1.741464133540026715e+00 -1.830200226946064213e+00 -1.848429876995185017e+00 -1.848197821294771837e+00 -1.862087578612893646e+00
-1.709355361686856423e+00 -1.389323467931819600e+00 -1.987797803884187697e+00 -1.908250405925285609e+00 -1.839656991007265985e+00 -1.899256227473603786e+00 -1.860179028312242355e+00
-1.289682260014556547e+00 -2.227625249487755976e+00 -1.915861675988870472e+00 -1.963359499706254008e+00 -1.893710906428909935e+00 -1.877657232489102324e+00 -1.868167905081883795e+00
-1.263869119368625560e+00 -1.658957611983543412e+00 -1.600613772553347580e+00 -1.906130333695096768e+00 -1.842138645056182966e+00 -1.867369064683324087e+00 -1.864404783459362447e+00
-1.623733674955310846e+00 -2.018492809702067792e+00 -1.910265080102287349e+00 -1.888286557069959848e+00 -1.891260882047360647e+00 -1.854618701021702787e+00 -1.886977911662771845e+00
-1.721798095664587080e+00 -1.664112164023689555e+00 -1.770485903168746988e+00 -1.936845029621349523e+00 -1.891569216318576219e+00 -1.871005619794384511e+00 -1.880786964484883583e+00
-1.710274654856259069e+00 -1.597007145174872189e+00 -1.884802428497228233e+00 -1.930657780576284788e+00 -1.870364064952969585e+00 -1.861645589027529191e+00 -1.869657939792631840e+00
-1.124744317266445748e+00 -2.043446876843190818e+00 -1.960346623917230247e+00 -2.005679217699776196e+00 -1.863502917406736792e+00 -1.852048310778116047e+00 -1.857767480309750585e+00
-1.265038963235985525e+00 -1.690009885414338386e+00 -2.002378092132548471e+00 -1.758495260887338985e+00 -1.940678555702113339e+00 -1.874078471346723340e+00 -1.861799434660561081e+00
-1.178684573215211362e+00 -1.777720715522062012e+00 -2.016648129930902478e+00 -1.947429272533413691e+00 -1.900679673867965214e+00 -1.896916229143166266e+00 -1.867720758781044488e+00
-1.751796733534077388e+00 -2.156338825014618266e+00 -2.008907917517147368e+00 -1.894756875199486323e+00 -1.928135057343789427e+00 -1.867182556030856366e+00 -1.887762892751139843e+00
-1.312947675973979544e+00 -2.132080831514970853e+00 -1.889870509203601667e+00 -1.811077560401648912e+00 -1.771191828253100065e+00 -1.884142187637910970e+00 -1.873882969301720269e+00
-1.188254298206587567e+00 -1.714487008299412807e+00 -1.932138093886421881e+00 -1.876462182498097153e+00 -1.861511996969996030e+00 -1.889962578027325701e+00 -1.871981716200760815e+00
-1.530146863717079864e+00 -1.728166887087295489e+00 -2.079310474772138928e+00 -1.914673445433932919e+00 -1.757164468225030252e+00 -1.865083733167834712e+00 -1.868697194669882489e+00
-1.423995791404549571e+00 -1.821426538324007804e+00 -1.956814544736754424e+00 -1.782006005276960625e+00 -1.895786058070198621e+00 -1.876293996662294905e+00 -1.857419088425988685e+00
-1.426249291456905155e+00 -2.144909430529295946e+00 -1.841559149740916945e+00 -1.804730300409194577e+00 -1.868001509762189816e+00 -1.871278970974421529e+00 -1.860243807269054805e+00
-1.584603549424052460e+00 -1.903293668889039614e+00 -1.834869135792396744e+00 -1.954959523382622022e+00 -1.884373473823249379e+00 -1.862440690830244439e+00 -1.867991001110511640e+00
-1.617198069937387572e+00 -2.144444706582883331e+00 -1.980215745479545042e+00 -1.866099620737904363e+00 -1.861776951408979031e+00 -1.853859715477295111e+00 -1.885792364709598878e+00
-1.659911070874425354e+00 -2.225417101824247013e+00 -1.863849941001385790e+00 -1.890480721222262073e+00 -1.874089464548337469e+00 -1.871991272878564150e+00 -1.874444876078115607e+00
-1.796045646494533798e+00 -2.106348410112719449e+00 -1.860315673279632431e+00 -1.817838129501481603e+00 -1.865866435223435094e+00 -1.902445346854433117e+00 -1.886432467306797145e+00
-1.794198319130319907e+00 -1.233361056643700993e+00 -1.930746126910981797e+00 -1.801695035707600479e+00 -1.813812400769142297e+00 -1.897065164714679675e+00 -1.884943326265589469e+00
-1.312602011124102352e+00 -1.896706625106956867e+00 -1.997050149370937167e+00 -1.880081390539449115e+00 -1.868967350633935265e+00 -1.883116771282639546e+00 -1.884423730578465683e+00
-1.449739233610999989e+00 -1.582347923121945055e+00 -1.638817742435012326e+00 -2.009920412142332413e+00 -1.865563287076267729e+00 -1.885074774756380078e+00 -1.843259443522681007e+00
-1.438743796939567776e+00 -1.981685986276232825e+00 -1.927994761912082966e+00 -1.873355169717934920e+00 -1.792382011037414458e+00 -1.869229788352601229e+00 -1.875093137266830023e+00
-1.287610955256208056e+00 -2.065416503544288407e+00 -1.890092672813482810e+00 -1.798361091391292188e+00 -1.896781671278647163e+00 -1.840453746929948231e+00 -1.888482428576227834e+00
-1.458802626244179335e+00 -1.638832968527830891e+00 -1.654186005678659921e+00 -1.947747730250320775e+00 -1.836307652615329467e+00 -1.869792881219143332e+00 -1.864411562027114222e+00
-1.409187050749825865e+00 -1.626371800265461021e+00 -2.030305962065023451e+00 -1.862315303631018049e+00 -1.840052872451350741e+00 -1.829067142354083408e+00 -1.846492747642177523e+00
-1.559227444789496930e+00 -1.749631106348503273e+00 -1.742582242853756291e+00 -1.836466518052982000e+00 -1.843270575292873525e+00 -1.848779722004668447e+00 -1.873554776871209082e+00
-1.647534801099014956e+00 -1.594194777541114272e+00 -1.854424238823465076e+00 -1.741974857547134992e+00 -1.906181911312446520e+00 -1.852910891208543687e+00 -1.865391106534637800e+00
-1.874382724774630748e+00 -1.901639262178745238e+00 -1.643606997748261911e+00 -1.863845094195001995e+00 -1.789357642634957113e+00 -1.888603762834079269e+00 -1.872110861633605738e+00
-1.599650892761842913e+00 -1.878068455853585839e+00 -1.852807876767895934e+00 -1.989274661805889854e+00 -1.835903031068012226e+00 -1.870747410635412944e+00 -1.864461873106118883e+00
-9.811892286902679228e-01 -1.710293802452474754e+00 -1.834657785470679592e+00 -1.946455131923719550e+00 -1.870316868731010551e+00 -1.870157613840942368e+00 -1.883006716517158896e+00
-1.860417051866849691e+00 -1.831560007675915092e+00 -1.867640701360753441e+00 -1.865029886255710867e+00 -1.805446505205305474e+00 -1.890019649130943336e+00 -1.878222015314562787e+00
-1.393243456017844384e+00 -1.853140961037165191e+00 -1.695555922377549152e+00 -1.905089430495710889e+00 -1.866666120170049847e+00 -1.855942066944069824e+00 -1.860397020990954164e+00
-1.315248131494140882e+00 -1.509013287271622872e+00 -2.000622222226940750e+00 -1.928151735231146802e+00 -1.840647524023758308e+00 -1.829661590561553641e+00 -1.869241533243181763e+00
-1.150950541654842230e+00 -1.680545896626423730e+00 -1.988977609079610520e+00 -1.875440435546063211e+00 -1.899338829893086000e+00 -1.868210890026765103e+00 -1.868141228689594424e+00
-1.559370818208972942e+00 -1.461234957806095913e+00 -2.051919231996316650e+00 -1.849901919178785104e+00 -1.809453892182864898e+00 -1.896277183253265441e+00 -1.870824575969932013e+00
-1.108022383868058736e+00 -1.554678391799863446e+00 -1.666502116717873072e+00 -1.984268433441406021e+00 -1.854623153361339316e+00 -1.877694984333645234e+00 -1.872613115629621960e+00
-1.381777471035393390e+00 -1.692901077922211339e+00 -1.646304308216501644e+00 -1.800036813102327882e+00 -1.874061145543935991e+00 -1.842807304385150280e+00 -1.885335225128847769e+00
-1.414131311186144213e+00 -2.051509682495733067e+00 -1.735070335997091595e+00 -1.924437664350039379e+00 -1.883622023110750554e+00 -1.869194673257999817e+00 -1.862337332396263756e+00
