(-1.8704727364209417+0j)
-1.433200295989312201e+00 -1.321628418909318592e+00 -1.686298776493403428e+00 -1.915516799507080536e+00 -1.841165943474386113e+00 -1.859030738450656361e+00 -1.878466437949958046e+00
-1.782273443296119586e+00 -1.499814622604104475e+00 -1.831340634770960651e+00 -1.872406679194177359e+00 -1.851972585217694922e+00 -1.871991805293168110e+00 -1.877449388910453543e+00
-1.012329255934426353e+00 -1.655279053987649629e+00 -1.840629691367792198e+00 -1.863859701871700469e+00 -1.865076917255660494e+00 -1.868016696076475469e+00 -1.875590824548559521e+00
-1.575202700361005181e+00 -1.765875019191608608e+00 -1.786666505846527642e+00 -1.877157705990436964e+00 -1.867908031337186525e+00 -1.858840818271374706e+00 -1.866582169138873315e+00
-1.391628893296314118e+00 -2.090990480063965151e+00 -1.729451001969787960e+00 -1.864974011604290993e+00 -1.818238033856831803e+00 -1.852416887970586235e+00 -1.874033245530271508e+00
-1.473463767626674636e+00 -1.745043229895338444e+00 -1.788707835488483777e+00 -1.785734794475904552e+00 -1.797215524416327925e+00 -1.859054631282635706e+00 -1.868724434825947744e+00
-1.158520448568066019e+00 -1.319828258376830155e+00 -1.832640525594838810e+00 -1.866672517026010780e+00 -1.850211586673454534e+00 -1.845336282316458743e+00 -1.855861949374991271e+00
-1.418271732584490019e+00 -1.813809114867812378e+00 -1.904615554545090239e+00 -1.870748410283010976e+00 -1.857388262009319169e+00 -1.872749284897681665e+00 -1.876853265881708310e+00
-1.085382155505803636e+00 -1.182660517274951584e+00 -1.878581863326002299e+00 -1.921555961450673200e+00 -1.882169586719312893e+00 -1.889244446155808888e+00 -1.864360270866440406e+00
-1.483414312478944730e+00 -1.717660584653710076e+00 -1.870462785571302966e+00 -1.847578109047959494e+00 -1.856528822447694349e+00 -1.869270078629140963e+00 -1.874497975604739297e+00
-1.810221423515255168e+00 -1.787931308070138448e+00 -2.074144800585798976e+00 -1.988261608802799341e+00 -1.894356426960267736e+00 -1.894259435458725660e+00 -1.877251730975199262e+00
-1.388212922180852349e+00 -1.686687447706788801e+00 -1.854817325422353447e+00 -1.855308662373068573e+00 -1.878377771039830169e+00 -1.883590959181119517e+00 -1.882198136141662870e+00
-1.874174996994564690e+00 -1.601046921191131345e+00 -1.642786125175845324e+00 -1.831463347354793214e+00 -1.850518813456311973e+00 -1.886016435173220929e+00 -1.871468939962241285e+00
-1.476907475232852374e+00 -1.438386130956958997e+00 -1.899341860839833362e+00 -1.944159244835784728e+00 -1.897911576189411864e+00 -1.844366942849279933e+00 -1.872346954500994975e+00
-1.611257282953034053e+00 -1.748287171397152395e+00 -2.062943185762718734e+00 -1.924175683621988764e+00 -1.914468696129178360e+00 -1.881872245526984067e+00 -1.870694893173492357e+00
-1.888425237424093517e+00 -2.054194803147776582e+00 -1.916546314850997579e+00 -1.867534502868036572e+00 -1.872066318443218913e+00 -1.859097886134095212e+00 -1.870799050156381149e+00
-1.031570872325102917e+00 -1.674015257191645789e+00 -1.773467468097477129e+00 -1.761178748700358065e+00 -1.822760436087118574e+00 -1.852962480804286161e+00 -1.862042561372613703e+00
-1.594035179462781837e+00 -2.016855208077696027e+00 -1.910453278061867488e+00 -1.901943606175692913e+00 -1.821667051321367747e+00 -1.861562355301157989e+00 -1.858912582964239890e+00
-1.260159023333449646e+00 -1.581754681369236248e+00 -1.867584340792654451e+00 -1.864357960640616652e+00 -1.884146776486772312e+00 -1.891772657260442303e+00 -1.865328660565680696e+00
-1.320788724448899831e+00 -1.849769008449580809e+00 -2.004822084237691371e+00 -1.921820557244791505e+00 -1.862846794714303034e+00 -1.876718337388590729e+00 -1.873784595930880315e+00
-1.730679338645887411e-01 -1.615779810893524626e+00 -1.894897342683193875e+00 -1.944817299463299065e+00 -1.881224475599508006e+00 -1.882077491898782817e+00 -1.877675059759696730e+00
-1.320566004166161989e+00 -1.634201521964544046e+00 -1.700635148332875879e+00 -1.770107539711635036e+00 -1.929334831865980204e+00 -1.884806724790388799e+00 -1.896920837326187659e+00
-1.254189608807251499e+00 -1.253954640645304597e+00 -1.822391932671965087e+00 -1.813552751760031834e+00 -1.866229960999097326e+00 -1.849262652421667319e+00 -1.859365222687957342e+00
-1.404429640299206916e+00 -1.852134609747497329e+00 -1.850679235404758760e+00 -1.803389505079886046e+00 -1.775340992786354377e+00 -1.858813261451174093e+00 -1.871474325220793933e+00
-1.234047490528482394e+00 -1.301965979509013716e+00 -1.604963058756152972e+00 -1.754992003114183019e+00 -1.846254179851994026e+00 -1.854502897374629145e+00 -1.862852917253531970e+00
-1.557404499947184107e+00 -1.378411703148193945e+00 -1.813317601691142977e+00 -1.870129301390748289e+00 -1.839269081562174168e+00 -1.867581890211361895e+00 -1.866758891051212066e+00
-1.058899446976309111e+00 -1.499504504040618302e+00 -1.600434105654245265e+00 -1.755168102958426513e+00 -1.810535821471203732e+00 -1.855584034706565522e+00 -1.866702663552994190e+00
-1.448040218157153003e+00 -1.637094600809248401e+00 -2.029405606315269672e+00 -1.975838758677739726e+00 -1.863298841957687468e+00 -1.877239297742940627e+00 -1.879432256469390383e+00
-1.365615567265008323e+00 -1.466922519601201680e+00 -1.762950998750108633e+00 -1.863211842702554133e+00 -1.918143110572186893e+00 -1.870647870074599872e+00 -1.866563053954877649e+00
-1.169453406775220472e+00 -1.465503931732688114e+00 -1.832150956783738627e+00 -1.913042530521389395e+00 -1.854756109689331467e+00 -1.852724902756441638e+00 -1.868169207953453981e+00
-1.247517418907290843e+00 -1.532259876915716967e+00 -1.863919470055311667e+00 -1.842322522966195253e+00 -1.888404023073396054e+00 -1.871745947180811775e+00 -1.881566614085014466e+00
-1.518958128805140806e+00 -1.858676664023736436e+00 -1.851261219759354759e+00 -1.847105781758224374e+00 -1.829245562020562321e+00 -1.854733835277807996e+00 -1.879613209182529054e+00
-1.791715799122899133e+00 -2.088232524381885113e+00 -2.057680308363873500e+00 -1.942010241799820847e+00 -1.885247039298828531e+00 -1.857517365378671181e+00 -1.875516045708687907e+00
-1.179655832675566396e+00 -1.550669629487377854e+00 -1.716602928052950450e+00 -1.827572352390404387e+00 -1.934371215812346056e+00 -1.871743247574389146e+00 -1.882086215157595888e+00
-1.475093876763393430e+00 -1.713433041421811964e+00 -1.915845558962570028e+00 -1.935861868739358949e+00 -1.869762582241394133e+00 -1.871842133577431788e+00 -1.878300746323746440e+00
-1.331053810057985620e+00 -1.598928560520350928e+00 -1.776017644875706569e+00 -1.750259379286012162e+00 -1.864775085896246631e+00 -1.868552541848378601e+00 -1.864771534083453641e+00
-1.701686558119180681e+00 -1.854575627678337835e+00 -1.756002670910596475e+00 -1.893078763047806090e+00 -1.874759563230077308e+00 -1.878934095995650644e+00 -1.886042748303880856e+00
-1.617408626003810967e+00 -1.383906274364903322e+00 -1.829040557798482958e+00 -1.821890980136010363e+00 -1.833938587818294552e+00 -1.867934806202349751e+00 -1.868514804963364417e+00
-1.800925768258176296e+00 -1.815770676877323186e+00 -2.106628380675285683e+00 -1.993356279851958401e+00 -1.956359273622134909e+00 -1.893837204959575526e+00 -1.893140053133804290e+00
-1.523648713218374029e+00 -1.763431424473355102e+00 -1.955474268482512823e+00 -1.867910767239858494e+00 -1.855027779349887940e+00 -1.867412671840961602e+00 -1.866410585364592478e+00
-1.429254807953867168e+00 -1.349698274870426484e+00 -1.800827379911916548e+00 -1.844410534494291154e+00 -1.872253920582517495e+00 -1.871110104104298566e+00 -1.878690726489257834e+00
-1.341234901326610052e+00 -1.804906009800274713e+00 -1.923751666982607134e+00 -1.975461877832598745e+00 -1.877855782528133455e+00 -1.885063855698650981e+00 -1.886665164620908497e+00
-1.440175480909560823e+00 -1.781852107918997064e+00 -1.917041095934694850e+00 -1.925506909401131672e+00 -1.891022873814398375e+00 -1.859337365905476824e+00 -1.861530149359876374e+00
-1.856477220231279812e+00 -1.570534324599814013e+00 -1.632435555352049317e+00 -1.629562669641766881e+00 -1.853208346667416295e+00 -1.844589148510110910e+00 -1.869457372672415740e+00
-1.210077513354669732e+00 -1.727249842749815301e+00 -1.808922022298365295e+00 -1.914033797402963533e+00 -1.883006776531762627e+00 -1.871452687092341804e+00 -1.866451701678849329e+00
-1.707486917217413858e+00 -1.471465629069350634e+00 -1.742936294877796666e+00 -1.840481389915679999e+00 -1.878456381347858750e+00 -1.855106410356984981e+00 -1.855950192153499989e+00
-1.399728681328379132e+00 -1.749775880327195221e+00 -1.849098594675490759e+00 -1.857471324905454413e+00 -1.858802955691695846e+00 -1.902628527774451683e+00 -1.878730975308008588e+00
-1.573722208665249811e+00 -1.600576298451778179e+00 -1.856955550546494971e+00 -1.889309199962597274e+00 -1.910722691338355927e+00 -1.887573323738889197e+00 -1.874661325201443240e+00
-1.247821147639307071e+00 -1.580280583677264206e+00 -1.850791971006974013e+00 -1.778669917112559062e+00 -1.817393075771389199e+00 -1.824515239734082472e+00 -1.843539347372240123e+00
-1.068257849551188521e+00 -1.411627351695771360e+00 -1.750524872672970966e+00 -1.767628709914622176e+00 -1.847874943951199889e+00 -1.858078160745126661e+00 -1.851238454238879783e+00
