(-1.8704727364209417+0j)
-1.498735202291127999e+00 -2.050425557724629755e+00 -1.703291722572318312e+00 -1.936662390145706514e+00 -1.812672443217055562e+00 -1.884383810533187376e+00 -1.859974182714100532e+00
-1.944029949057223039e+00 -2.023860009382014269e+00 -2.044074935456859698e+00 -1.973521562610026425e+00 -1.921452362307349393e+00 -1.852910000859656403e+00 -1.868950485999145705e+00
-1.568768297385480182e+00 -2.151941501044837501e+00 -1.799597558898525573e+00 -1.922840602472826177e+00 -1.789227852754743608e+00 -1.867055586954334601e+00 -1.869833136192609491e+00
-1.582019733110412663e+00 -1.864958945555730274e+00 -2.006132142738614732e+00 -1.788050203150881590e+00 -1.877234068233274211e+00 -1.833996347787723025e+00 -1.868875090346541423e+00
-1.206924521778010240e+00 -1.831849498113812480e+00 -1.843639567346665897e+00 -1.947697710973182783e+00 -1.867147705566079452e+00 -1.862950198601589502e+00 -1.873970234624031672e+00
-1.570466736568758126e+00 -2.139086019245858061e+00 -1.785236640741975744e+00 -1.944909379318064291e+00 -1.862362393007476413e+00 -1.865104617566949230e+00 -1.867501265639857744e+00
-1.538661389607402175e+00 -2.007856675498811860e+00 -1.876695988789615743e+00 -2.027271418506451983e+00 -1.875659439035987308e+00 -1.899820560117431167e+00 -1.867284937235853981e+00
-1.662811894894920428e+00 -1.587229122492755273e+00 -1.656585141219502733e+00 -1.884446272811293843e+00 -1.854661265726769814e+00 -1.845392783066372333e+00 -1.873460464354620658e+00
-1.484714934529495656e+00 -2.033808865947646982e+00 -1.805771273848258751e+00 -1.948862807742369307e+00 -1.893653456061936247e+00 -1.880686724905546559e+00 -1.870540650805631699e+00
-1.585813333411226989e+00 -2.280390043567665614e+00 -2.023270128184918359e+00 -1.771050497887665998e+00 -1.882653241742434425e+00 -1.912232602320967700e+00 -1.868133747005678691e+00
-1.670647634753581467e+00 -1.972387844369809518e+00 -1.894121107467443998e+00 -1.823318405092624328e+00 -1.897071201799313656e+00 -1.822001246873245606e+00 -1.870853047075101916e+00
-2.069072694827015724e+00 -1.962694957129479612e+00 -1.647250699731705348e+00 -1.745609942357140953e+00 -1.842200904404303730e+00 -1.883928866220007770e+00 -1.864990712198932199e+00
-1.736593458053360628e+00 -2.068874071777826895e+00 -1.802792706848416637e+00 -1.838913327644574380e+00 -1.853814751860919152e+00 -1.865843507771192789e+00 -1.865451685943795956e+00
-1.786945831346393287e+00 -1.467804971542381987e+00 -1.702986441788671979e+00 -1.776127816740740828e+00 -1.888078410147198127e+00 -1.883582731840653723e+00 -1.868218172709821268e+00
-1.385694223785394197e+00 -2.141376708610619239e+00 -1.907746965992249244e+00 -1.852975596636100564e+00 -1.872101387227932623e+00 -1.847891294494555581e+00 -1.856875154293555763e+00
-1.575656148077831054e+00 -2.219164684100991547e+00 -2.067750989114468751e+00 -1.887758601716283291e+00 -1.863850972715751730e+00 -1.864901733844238407e+00 -1.870566827022571932e+00
-8.327714834013242307e-01 -2.106597194817332763e+00 -2.039548970010722329e+00 -2.006242016932721306e+00 -1.840631891999530811e+00 -1.845453348416661754e+00 -1.861150345044612298e+00
-1.239433841580522389e+00 -1.995378124876340031e+00 -2.023025580103413823e+00 -1.978623751499295924e+00 -1.863909255573493517e+00 -1.908713237679343644e+00 -1.865275339599715032e+00
-1.421030847046643508e+00 -1.835974883788921597e+00 -1.724859441892322209e+00 -1.806109018222544105e+00 -1.873523529220738393e+00 -1.845411151991668941e+00 -1.877598577477565645e+00
-1.563158153325684419e+00 -1.956282401172089180e+00 -1.925045256339506849e+00 -1.940647546727453765e+00 -1.894428181874237449e+00 -1.869978393502266245e+00 -1.866434487702263167e+00
-7.578358525990608330e-01 -2.408521981029659642e+00 -1.665584835817606635e+00 -1.999234334866093477e+00 -1.933436436353129562e+00 -1.868628535937325585e+00 -1.864694072592796736e+00
-1.535873452407425566e+00 -1.672767136609710104e+00 -1.947275660696286437e+00 -1.875615245356506922e+00 -1.851499022879230960e+00 -1.870555079893903905e+00 -1.871142884369457970e+00
-1.365246940131538356e+00 -1.849264557318771374e+00 -1.768012642268525170e+00 -1.780042495626852128e+00 -1.874520844356782456e+00 -1.850545708083679131e+00 -1.872924154051611279e+00
-1.096189783594847755e+00 -2.265640737523617609e+00 -1.718052697896141900e+00 -1.895398046894373856e+00 -1.851411914230652878e+00 -1.866084636099330396e+00 -1.870553404790092689e+00
-1.078576484574108596e+00 -1.552281550985604941e+00 -1.853835778652968003e+00 -1.785050629832275693e+00 -1.933373741685451952e+00 -1.883252433969580197e+00 -1.869995268500227681e+00
-1.373455237752496672e+00 -1.806784483583509626e+00 -1.754841842544160979e+00 -1.831804280894557602e+00 -1.850123958838880700e+00 -1.815702988650127025e+00 -1.867560008653867065e+00
-1.390758948267951212e+00 -1.522682046409571832e+00 -1.940384838886917152e+00 -1.861216041201368743e+00 -1.848910548431436762e+00 -1.870573429539756916e+00 -1.871169759278925149e+00
-1.495569826911698375e+00 -1.670347805925245677e+00 -1.930188476197824743e+00 -2.040675963074322752e+00 -1.893223034702640195e+00 -1.879252776405721637e+00 -1.893916853018711155e+00
-1.397923117585471164e+00 -2.025771093335640760e+00 -1.869299860132228597e+00 -1.921407780841455137e+00 -1.873545344835400694e+00 -1.872496580295486490e+00 -1.853816591632652555e+00
-1.786147010707872518e+00 -1.820349342715065433e+00 -1.848258504724676898e+00 -1.866957686179351095e+00 -1.860831915162097339e+00 -1.859235207706507298e+00 -1.881211188796847233e+00
-1.691453819858675933e+00 -1.779542001086724667e+00 -1.902511613006830693e+00 -1.852055118008314682e+00 -1.829683530817906245e+00 -1.872264305540006557e+00 -1.873871974767724158e+00
-1.653145287468859026e+00 -1.675480041811301835e+00 -1.910797645915986109e+00 -1.933138379040885813e+00 -1.876268180439516708e+00 -1.919271784141074466e+00 -1.862605069729023732e+00
-1.568150887440619812e+00 -1.829971546642693792e+00 -1.887199852831529023e+00 -1.803938262350315513e+00 -1.908164196344954266e+00 -1.910541414366011548e+00 -1.865009026724484098e+00
-1.428652114506977044e+00 -1.904289281275840962e+00 -1.730421213424800708e+00 -1.901736407489115877e+00 -1.921541052950351602e+00 -1.818394302168960364e+00 -1.879612371271814686e+00
-1.127000805246155757e+00 -1.919365543618724912e+00 -1.883762827099844550e+00 -1.772148197126570235e+00 -1.878163484819023621e+00 -1.893495720199048993e+00 -1.870196663258069325e+00
-1.744768331759050772e+00 -1.742071254878003295e+00 -1.884930727771035208e+00 -1.808675052208988943e+00 -1.857325093366965163e+00 -1.881323036162107609e+00 -1.878626326315685269e+00
-1.472397962204293087e+00 -2.036406800612144075e+00 -1.545861240037157192e+00 -1.927247532918038075e+00 -1.854910755205013695e+00 -1.887201459413471394e+00 -1.861902781037591437e+00
-1.595265301390375479e+00 -1.901880738213116651e+00 -1.981522286700384550e+00 -1.871208151163075373e+00 -1.908380774710435546e+00 -1.863953591093374218e+00 -1.870700870093157775e+00
-1.489024837105234145e+00 -1.992051297914201546e+00 -1.947954466075186186e+00 -1.875606158821619518e+00 -1.886206205732704255e+00 -1.862515707395262510e+00 -1.866534597290099073e+00
-1.596606318725254603e+00 -1.802866885099029925e+00 -1.763999630675013419e+00 -1.853650068364074643e+00 -1.893995450220326671e+00 -1.876726600655367561e+00 -1.886187423558512766e+00
-1.233719718401353305e+00 -2.272588904870499249e+00 -2.043064940072094160e+00 -1.769500066820998807e+00 -1.876978779486765170e+00 -1.900269916992750829e+00 -1.873237935832223755e+00
-1.421569065242697771e+00 -1.579056741886090798e+00 -1.924627061794687677e+00 -1.853133228132158195e+00 -1.924310934116473248e+00 -1.851626525179199012e+00 -1.870753507270182636e+00
-1.399026762946557145e+00 -1.614603806237460804e+00 -1.778165737497210186e+00 -1.896541760424877987e+00 -1.901647854240357205e+00 -1.846413849902217130e+00 -1.852317532683669832e+00
-1.504214104414308029e+00 -2.066868131430814159e+00 -1.866772000756731664e+00 -1.772740578885352303e+00 -1.883063113133788491e+00 -1.880177224104532030e+00 -1.883334038746269146e+00
-1.696096379856728120e+00 -1.960845324262657563e+00 -1.901435886755381333e+00 -1.929174234625677942e+00 -1.892547763103107572e+00 -1.848195745884324559e+00 -1.862622185577824885e+00
-1.542626002360557358e+00 -1.725133715859212380e+00 -1.884713712950345288e+00 -1.840201647018385511e+00 -1.825772466185943799e+00 -1.867348753353706980e+00 -1.878832025631530955e+00
-1.442714981731139989e+00 -1.850467099416670091e+00 -1.927741928042335573e+00 -1.892898750482590708e+00 -1.855673041404638290e+00 -1.870264029816398610e+00 -1.865441925455725958e+00
-1.303336572142102856e+00 -1.680054309822283543e+00 -1.749661096357647327e+00 -1.880782822643363605e+00 -1.850252281349911598e+00 -1.866137868069423167e+00 -1.884520860705679368e+00
-1.550914864512850100e+00 -2.258835265667622050e+00 -2.008856093090626072e+00 -1.860365047971015429e+00 -1.887816600378134257e+00 -1.865981550140323186e+00 -1.872264956928835433e+00
-1.341566187369439556e+00 -1.871229104671810362e+00 -1.907648940793735370e+00 -1.796454435806170924e+00 -1.882269786515095911e+00 -1.883657524189180643e+00 -1.876581119157755273e+00
