(-2.1675605441340497+0j)
-1.834212607861731570e+00 -2.371289344231271023e+00 -2.428508865710397036e+00 -2.053327187224268879e+00 -2.300094778771824888e+00 -2.108080156715998577e+00 -2.191578796695302866e+00
-1.614213753877804303e+00 -2.181099803135060355e+00 -2.416018491414508418e+00 -2.160074702683631553e+00 -2.097505769534810049e+00 -2.188338176331168672e+00 -2.219740313608658422e+00
-1.696401809384642689e+00 -1.869010809481403079e+00 -2.163123464742044089e+00 -2.161270044130866985e+00 -2.178382662399004133e+00 -2.228502824797515380e+00 -2.164912333458400617e+00
-1.912048473409271754e+00 -2.238167639638465101e+00 -2.354569674926296763e+00 -2.149090055032061741e+00 -2.004278537065416810e+00 -2.237462933970243650e+00 -2.143112431733093626e+00
-1.785019813745869044e+00 -2.124320084917526330e+00 -2.446539776732426397e+00 -1.909961410535230719e+00 -2.273960079461172512e+00 -2.182127880293173838e+00 -2.203375850556441140e+00
-1.786470861868591609e+00 -2.129204502002725263e+00 -2.062689482640536198e+00 -2.020267697382949201e+00 -2.152027765112776159e+00 -2.103645043343394416e+00 -2.204187879458795685e+00
-1.791064210045257177e+00 -1.845077367695219905e+00 -2.535925971646458166e+00 -2.455257063745687862e+00 -2.148066800263178866e+00 -2.160400715741359612e+00 -2.165446939179711539e+00
-2.072562886945997551e+00 -1.964436646026597622e+00 -1.953281804611648909e+00 -2.210094562129348184e+00 -2.050709121096786713e+00 -2.187327303904984532e+00 -2.192529897600139499e+00
-1.939165653055518579e+00 -2.151914670202648594e+00 -2.010872212219248834e+00 -2.011218892078479481e+00 -2.203386618139485442e+00 -2.124591353061270560e+00 -2.160078799818731188e+00
-1.343671453295727902e+00 -2.171771334142255316e+00 -2.069236984378753252e+00 -1.955889104979848359e+00 -2.151470298034388051e+00 -2.115983679631001646e+00 -2.147581781865141259e+00
-1.823210627063228451e+00 -1.853431490521082914e+00 -2.016336876976589476e+00 -2.349872856781804575e+00 -2.141948130928971405e+00 -1.975530196851809972e+00 -2.256291043473186875e+00
-1.990976400421721859e+00 -2.339095551843972665e+00 -2.202443815684469897e+00 -2.252508148722056625e+00 -2.130724626352301421e+00 -2.186172877646221924e+00 -2.156736070861630328e+00
-1.629341525819221204e+00 -2.298886303206738368e+00 -2.320251292445622671e+00 -2.145207409510124119e+00 -2.081261050254382461e+00 -2.136726281631936342e+00 -2.197266997569444325e+00
-1.841187202123966582e+00 -2.023676184846925796e+00 -2.070741638780039029e+00 -2.122489879988984640e+00 -2.253084896907125767e+00 -2.211027335627894441e+00 -2.109984092307581882e+00
-1.858001139753659103e+00 -1.955892476013214587e+00 -2.130381766531284526e+00 -2.355875487601573948e+00 -2.286819372677310280e+00 -2.149824256797946198e+00 -2.187739516340376333e+00
-1.971504205388179276e+00 -2.083877736956983195e+00 -1.854736082362926641e+00 -2.175360708961783462e+00 -1.903443534241836765e+00 -2.140753747032542620e+00 -2.196752408121946498e+00
-1.918613141834457636e+00 -1.821066216305641028e+00 -2.150665808801749623e+00 -2.263192787453566890e+00 -2.181359668136185537e+00 -2.116441763108348084e+00 -2.174334525226720771e+00
-1.949607636630971808e+00 -2.082017926995731738e+00 -2.254914218438300200e+00 -2.087194493399184836e+00 -2.147300079215033630e+00 -2.222111785167029119e+00 -2.170046120190141092e+00
-1.911024962724980458e+00 -2.139782339515455600e+00 -2.216712192097203715e+00 -2.215382358650177519e+00 -2.124540806365751600e+00 -2.228862057970812938e+00 -2.218069085442075483e+00
-1.756814552690516340e+00 -2.036785896455346467e+00 -2.250128566033325228e+00 -2.493831810224971246e+00 -1.974818045829943358e+00 -2.220232328895374252e+00 -2.130500668826740718e+00
-1.860071874732330599e+00 -1.992317132516784994e+00 -2.341093808459030257e+00 -2.168057170995643546e+00 -2.198750655526443332e+00 -2.207625393898491772e+00 -2.165555185021219131e+00
-1.991182273656934232e+00 -2.017493261086409362e+00 -2.084488473717922563e+00 -2.086962642015588898e+00 -2.263675401221409533e+00 -2.149554598556674634e+00 -2.186249577295023894e+00
-1.708376298239120850e+00 -1.652594196060296117e+00 -2.140138191117833877e+00 -2.474746083650466666e+00 -2.206386920267300322e+00 -2.192888539484461941e+00 -2.108902265501348072e+00
-1.810359934842531882e+00 -2.147541007750713771e+00 -2.354097001885262497e+00 -2.270247136519941922e+00 -2.241650289326393430e+00 -2.109482033606416618e+00 -2.209168599292786084e+00
-1.924218658370032475e+00 -2.240582106519875882e+00 -1.984464601244966264e+00 -2.073970535270628357e+00 -2.116304484148561205e+00 -2.140175409427016451e+00 -2.150852008358613343e+00
-1.939790682222499285e+00 -1.743696713693218658e+00 -2.458639588587633984e+00 -1.892758664881156072e+00 -2.134352936299297898e+00 -2.166794956873730804e+00 -2.150146094888831350e+00
-1.813235734188080261e+00 -2.296294239447409513e+00 -2.235155080104668901e+00 -2.366358702489917309e+00 -1.951544591082844171e+00 -2.069510558717646553e+00 -2.165082489173327129e+00
-2.036221305251135760e+00 -2.052360438922792074e+00 -1.834680906073124618e+00 -2.460682493918818547e+00 -2.168388471861474986e+00 -2.198115668110496745e+00 -2.215000396248361980e+00
-1.698504173885744262e+00 -2.200860765453502399e+00 -2.410519285769467501e+00 -1.896953614323370285e+00 -2.157851605700160658e+00 -2.174577516425226786e+00 -2.181787177035010128e+00
-1.963764601454953240e+00 -2.004766378537127913e+00 -2.119863721370948362e+00 -2.227031178916763832e+00 -2.059710560257749012e+00 -2.185874932489093148e+00 -2.191290085950937883e+00
-1.764541589081769501e+00 -2.232568144500016949e+00 -2.453015760589932537e+00 -2.215773746097813302e+00 -2.148510534779479286e+00 -2.116591810968750931e+00 -2.100188696347123241e+00
-1.826080401418161525e+00 -2.190339373702903991e+00 -1.948897483050899382e+00 -2.168875771081066439e+00 -2.096244324084256316e+00 -2.063591309586446876e+00 -2.242295392678894217e+00
-1.820349140536093646e+00 -2.236517499826590871e+00 -2.007547812814870269e+00 -2.278050957134648780e+00 -2.072880143729278757e+00 -2.143982904160947722e+00 -2.193003829523212822e+00
-1.738087721841221622e+00 -2.008563091923623922e+00 -2.134795251264681948e+00 -2.225214115699924111e+00 -2.175037507295667361e+00 -2.269396427705424379e+00 -2.133416456721085819e+00
-9.864738385927203090e-01 -2.163009851077905665e+00 -2.215841733252161827e+00 -2.288121060124588713e+00 -2.028805188275064619e+00 -2.210123033533903936e+00 -2.148789308974586199e+00
-1.966846642992967631e+00 -2.208591426060090068e+00 -1.966696845059273446e+00 -2.228022643740187991e+00 -2.153979354211335018e+00 -2.090487476106861031e+00 -2.178923457719405654e+00
-1.772787526474979725e+00 -2.119273196956670269e+00 -1.927489878890180641e+00 -2.091761962492894700e+00 -2.187865747642696146e+00 -2.270784445804916452e+00 -2.170945747812917492e+00
-1.948406213619066740e+00 -2.028980741922183473e+00 -1.966046127395504328e+00 -2.123467055273857262e+00 -2.010436022330782446e+00 -2.140754271232897743e+00 -2.211079712623436500e+00
-1.875140055965398567e+00 -2.089423327291917154e+00 -1.867747172002180100e+00 -2.288886524299114988e+00 -2.152972280134299865e+00 -2.096546677880115173e+00 -2.158610628225759331e+00
-1.929653466163276043e+00 -1.906348704724336596e+00 -1.972033588950046212e+00 -2.242543987503348379e+00 -2.186637796567156844e+00 -2.071704794061404620e+00 -2.148947358167344390e+00
-1.949452011181311395e+00 -2.194745212193863537e+00 -2.416381232774287735e+00 -2.095260620484651781e+00 -2.090982420273616693e+00 -2.131869273648099306e+00 -2.150364600374524038e+00
-1.909264169320076032e+00 -1.819849089731019554e+00 -2.044347030513972374e+00 -2.000398666081363075e+00 -2.213232598253124461e+00 -2.150887407259125528e+00 -2.157833412709356580e+00
-1.798622343706155036e+00 -2.391223681288884961e+00 -2.155149348356298677e+00 -2.090266543272784272e+00 -2.085531029890225874e+00 -2.147777058206624901e+00 -2.189148475604624444e+00
-1.878042068629823813e+00 -2.166760168224415750e+00 -2.173141007990852192e+00 -2.221317793602395785e+00 -2.317850452944953954e+00 -2.236886769001008357e+00 -2.168654769718009856e+00
-1.939245744294773921e+00 -2.284228730560482035e+00 -2.571325951922650344e+00 -2.078602751526111625e+00 -2.362024693048570434e+00 -2.232750071627302546e+00 -2.185115625796180350e+00
-1.823828204602911729e+00 -1.935112591321279218e+00 -2.239158051824566176e+00 -2.048798126807243047e+00 -2.176267147396862445e+00 -2.140338057756561607e+00 -2.137930318663650464e+00
-1.827045887951549652e+00 -2.242642089133153771e+00 -2.274727958757386315e+00 -2.046073593663017220e+00 -2.211036648127127968e+00 -2.152193656053026150e+00 -2.161464831821839017e+00
-1.880997889514323784e+00 -2.066046282960255276e+00 -2.009936113596765050e+00 -2.132457565609572114e+00 -2.266057658060211200e+00 -2.207707648789709154e+00 -2.222343328767814707e+00
-2.020907281662038368e+00 -2.087122576880117819e+00 -2.090760768850508544e+00 -2.195093882773781591e+00 -2.262527953953644477e+00 -2.131147975396354255e+00 -2.201989383193621919e+00
-1.798018562519464680e+00 -2.125150518809565625e+00 -1.950424165288434430e+00 -2.161074233275008361e+00 -2.102793103740521197e+00 -2.146761853031155631e+00 -2.172572392556261889e+00
