(-2.1675605441340497+0j)
-2.232482683009462399e+00 -2.383452173004929620e+00 -2.275136443987560764e+00 -2.072347095487006463e+00 -2.101121196320349327e+00 -2.174491358757976833e+00 -2.160757261926592232e+00
-2.182778794163896308e+00 -2.416589131806731405e+00 -2.326556348774914351e+00 -2.297117632502869711e+00 -2.125013938505425859e+00 -2.172589882519989857e+00 -2.180466094192846871e+00
-2.390718600010614647e+00 -2.178147513782542344e+00 -2.364299912373080126e+00 -2.238634237857146214e+00 -2.212384636217605838e+00 -2.165950020125777087e+00 -2.156454148370035462e+00
-2.089991904195056538e+00 -2.117575030930721969e+00 -2.227536365756663361e+00 -2.105824897763289627e+00 -2.141816912234824954e+00 -2.140465329552106333e+00 -2.163168657854297461e+00
-2.284814274728530048e+00 -1.758509506510884890e+00 -2.214338457067011490e+00 -2.163812753435214287e+00 -2.153273472658204124e+00 -2.155428949012772044e+00 -2.169340690979321806e+00
-2.158867308928454687e+00 -1.894464464426303785e+00 -2.383243708938424188e+00 -2.300224799896842143e+00 -2.148424226577308360e+00 -2.174650289783840229e+00 -2.170839625327152245e+00
-2.232181099240853950e+00 -2.106287795894761228e+00 -2.129370149774564069e+00 -2.185357147542256406e+00 -2.155554189832788126e+00 -2.159098450844158190e+00 -2.150430124315783953e+00
-2.294207159235117199e+00 -1.726720216506575589e+00 -2.071625734047898515e+00 -2.325591273349540522e+00 -2.137256466005843958e+00 -2.160518992715252828e+00 -2.164016892902594247e+00
-2.157924987075621193e+00 -2.200187489648433026e+00 -2.318934462341077474e+00 -2.138506293655360047e+00 -2.205905982824216682e+00 -2.184988233792318546e+00 -2.161243631528171338e+00
-2.090647770521886439e+00 -2.383035324499677809e+00 -2.251486461835240593e+00 -2.177452725773984632e+00 -2.122195039333439226e+00 -2.186627727146736699e+00 -2.171557130443090955e+00
-1.828678842197362098e+00 -1.140093369216216290e+00 -2.140241564516969230e+00 -2.142412152556628424e+00 -2.179799286865787167e+00 -2.176355701198840809e+00 -2.153373243326819342e+00
-2.187069013768969228e+00 -1.861812587337492442e+00 -2.236265651887211270e+00 -2.159262421343446814e+00 -2.204323349892315154e+00 -2.173478116848615915e+00 -2.167311133463293515e+00
-2.171370300603054915e+00 -1.964315034880482536e+00 -2.093018017248804874e+00 -2.275466904699293025e+00 -2.152440861681119255e+00 -2.182176865409926947e+00 -2.174530343520220121e+00
-2.097645881062859985e+00 -1.964353574979139871e+00 -2.100890862099895617e+00 -2.063046972437720950e+00 -2.188363715437245727e+00 -2.151308061613931510e+00 -2.176380586772884040e+00
-2.109093972775738290e+00 -2.024205005876669627e+00 -2.326141515584812858e+00 -2.194979129556140496e+00 -2.149717714517991762e+00 -2.180757775448090463e+00 -2.166216692073311467e+00
-2.041975719981279802e+00 -2.390085949381222541e+00 -2.069189963989989334e+00 -2.243738019756182034e+00 -2.233763817848193334e+00 -2.189526431062462031e+00 -2.160549864374440965e+00
-2.151736864626570434e+00 -1.936659478374452181e+00 -2.109289758843501783e+00 -2.293856830324860763e+00 -2.172121810911489703e+00 -2.181313806402624955e+00 -2.169567318853433679e+00
-1.831347040267628845e+00 -2.199822161333245152e+00 -2.104725226666577242e+00 -2.127770484868931167e+00 -2.195827849954129274e+00 -2.166642322021849143e+00 -2.161282052374493556e+00
-2.190987999789852481e+00 -2.259332258463961463e+00 -2.284781687243077286e+00 -2.146622828863006482e+00 -2.132191366022290868e+00 -2.170116650449656515e+00 -2.171250916826200861e+00
-2.527707758279138073e+00 -1.475238507584907488e+00 -2.184668113138714673e+00 -2.266933510827977116e+00 -2.136964845382039346e+00 -2.181449018109991478e+00 -2.170459552584242502e+00
-1.918085811282006947e+00 -1.659069824155509965e+00 -2.187946588736211506e+00 -2.131432399616988604e+00 -2.175924515404803916e+00 -2.171724635604997733e+00 -2.169383402187608390e+00
-1.982730105617734218e+00 -1.725316442649400983e+00 -2.220957200791451758e+00 -2.195455913865368647e+00 -2.138669752084920272e+00 -2.171026382543640665e+00 -2.169532759483249862e+00
-2.058612506380251173e+00 -2.154443297101971133e+00 -2.030285385409281051e+00 -2.194399684442208898e+00 -2.181583379291784919e+00 -2.154869001979392795e+00 -2.169228350242646375e+00
-2.370576879760099676e+00 -2.073466518282530480e+00 -2.065836987769452460e+00 -2.114538854589850025e+00 -2.123193457304700882e+00 -2.173118829309087285e+00 -2.172932489197520134e+00
-2.122962309971260009e+00 -2.311319415358866092e+00 -2.085858386512310592e+00 -2.163309487169964296e+00 -2.180490610688195385e+00 -2.161990689698495949e+00 -2.160627471425839552e+00
-1.472892917887404618e+00 -2.261755526835642183e+00 -2.171554218117787372e+00 -2.251761880391804915e+00 -2.136377525500124719e+00 -2.167413269750383176e+00 -2.149551961221257468e+00
-2.345754024032851159e+00 -1.701696779418562677e+00 -2.155723596634935735e+00 -2.164368755930233590e+00 -2.142183433019011485e+00 -2.174930339322329154e+00 -2.139501188196563319e+00
-2.082304367376676346e+00 -2.078724545330399742e+00 -2.166794057340423407e+00 -2.101200822294190029e+00 -2.169375349996184532e+00 -2.159514130376868568e+00 -2.174203981998080071e+00
-1.790505755220429762e+00 -2.014511558844141792e+00 -2.163179274643638017e+00 -2.050533165277742320e+00 -2.234889465088755411e+00 -2.154140721235035638e+00 -2.154488317636051420e+00
-2.395868188115843900e+00 -2.513246441054830527e+00 -2.213608641775807850e+00 -2.118943510897441040e+00 -2.167227462269075478e+00 -2.175558132692538837e+00 -2.168359547510050778e+00
-2.133323312760849522e+00 -2.288464808372012715e+00 -2.287811751580053343e+00 -2.144707947480652965e+00 -2.158825589929481481e+00 -2.132387747499625341e+00 -2.170976204544285526e+00
-1.801913385391331612e+00 -2.313049371196549853e+00 -2.186774722694226902e+00 -2.126416825124715082e+00 -2.225743098841080680e+00 -2.178354478788764315e+00 -2.179603524979158102e+00
-2.296210828140432536e+00 -2.149993157262003685e+00 -2.280701361543061800e+00 -2.187816200735260175e+00 -2.209274261108540305e+00 -2.159370678094444163e+00 -2.172448481851967372e+00
-2.183748836989671815e+00 -2.180985717125688339e+00 -2.179583710487047021e+00 -2.181408247027853964e+00 -2.156254035345171349e+00 -2.185298798614376370e+00 -2.160315980732204988e+00
-2.162271822425472223e+00 -2.034651699284434567e+00 -2.277878766629140017e+00 -2.079854097459784779e+00 -2.181828270253080237e+00 -2.173487874660124053e+00 -2.177435516472201460e+00
-2.237701738733345991e+00 -2.290348738902134862e+00 -2.317223818713427530e+00 -2.104288227804357980e+00 -2.148738325436565955e+00 -2.149190411727872174e+00 -2.150849406532306940e+00
-2.404022171317992562e+00 -2.142630998071820780e+00 -2.265236347332940881e+00 -2.168730926316419172e+00 -2.212500630294297554e+00 -2.154885156846083838e+00 -2.157244442104780724e+00
-2.352600284813128440e+00 -2.411462986601673908e+00 -2.415206944573230263e+00 -2.233957294983691888e+00 -2.147154935015933130e+00 -2.168135049452093455e+00 -2.164990250120315984e+00
-2.189836845196997395e+00 -2.251555447645814390e+00 -2.206626001016548155e+00 -2.286556788657398087e+00 -2.157644124409576758e+00 -2.172440684176381254e+00 -2.157951074687394222e+00
-1.718951800304141742e+00 -2.275504078707060174e+00 -2.224793088701536803e+00 -2.194716501805377362e+00 -2.151762021829365601e+00 -2.156802202531524326e+00 -2.178042536957795150e+00
-1.839210120260117431e+00 -2.542213768411227814e+00 -2.038150223619651591e+00 -2.192272948915447994e+00 -2.165793367183603824e+00 -2.154602870745470078e+00 -2.163262141856661103e+00
-2.146241108280722454e+00 -1.928764278898804641e+00 -2.299677466562235040e+00 -2.105847967127355780e+00 -2.207137227023161508e+00 -2.163965310272836007e+00 -2.157063292099345109e+00
-2.299812954394001352e+00 -2.283996707657189873e+00 -2.114723038035683622e+00 -2.226064689318357104e+00 -2.152400950597685991e+00 -2.145675732713738793e+00 -2.162480114616654792e+00
-2.480561204843571232e+00 -2.451109039184356408e+00 -2.388924820938000959e+00 -2.277856882207407452e+00 -2.189232545910288597e+00 -2.179672434475936615e+00 -2.192321677960614057e+00
-2.392965307298322131e+00 -2.344021163443885225e+00 -2.106125524491116785e+00 -2.044307451340262372e+00 -2.166326643203718927e+00 -2.179777658142924679e+00 -2.161236692382351610e+00
-2.435393006475880640e+00 -2.171084903181984327e+00 -2.136393772211540032e+00 -2.258998971189183358e+00 -2.162706480557912592e+00 -2.161726830898671903e+00 -2.165798149579749587e+00
-2.084902587631646931e+00 -2.108993950294321351e+00 -1.948197232651466049e+00 -2.212213617615805372e+00 -2.164006315577752471e+00 -2.173156222153421524e+00 -2.170587092410485308e+00
-2.209071324647708501e+00 -1.939184251904675804e+00 -2.297923651634584896e+00 -2.216496530749785698e+00 -2.195513232112909385e+00 -2.196870643503022968e+00 -2.167136527894477194e+00
-2.129860353135147211e+00 -2.211363320711878799e+00 -2.079867927525459681e+00 -2.157701771824148018e+00 -2.155320883332002335e+00 -2.178162285119731312e+00 -2.176514368922260356e+00
-2.343004508220878357e+00 -2.527282376442350653e+00 -2.090323391582472823e+00 -2.068240956207646253e+00 -2.130316973622040422e+00 -2.187892070216137075e+00 -2.172308738313081022e+00
