(-2.1675605441340497+0j)
-2.235905400435293178e+00 -2.216808840658268220e+00 -2.320141776240803200e+00 -2.253809913762820472e+00 -2.229777756892456164e+00 -2.152503772449749775e+00 -2.175907080197434951e+00
-1.897117470752960777e+00 -2.274130005947465172e+00 -2.324536908643505040e+00 -2.226067673951836579e+00 -2.225687426903423916e+00 -2.107632695455399219e+00 -2.172084511190111034e+00
-2.217918178346704572e+00 -2.256237602485281268e+00 -2.188361287528212351e+00 -2.251713980979911156e+00 -2.185657542203643278e+00 -2.160777151610422386e+00 -2.164128862621080174e+00
-2.369191549004042496e+00 -2.304429447098934158e+00 -2.044947436456316936e+00 -2.170150464634917231e+00 -2.140736391016866413e+00 -2.163002899407004076e+00 -2.133772299719415955e+00
-2.112804503525295807e+00 -1.968750620314086763e+00 -2.092987722486292057e+00 -2.131917922370011986e+00 -2.186557751047021103e+00 -2.170785195135131129e+00 -2.158953024878440985e+00
-2.347950230272648486e+00 -1.784264982208201289e+00 -2.152451720914317246e+00 -2.332017652817378828e+00 -2.141807129048896918e+00 -2.097760466947921731e+00 -2.180324630167288280e+00
-1.917205613883836701e+00 -2.301977599096151295e+00 -2.083362197891957202e+00 -2.190281107385894988e+00 -2.230450375301932464e+00 -2.155255132972252685e+00 -2.132756534649644653e+00
-2.456225783386825068e+00 -2.287145589844801208e+00 -2.435815459279399242e+00 -2.269701638052919801e+00 -2.166112521890660059e+00 -2.161245734467931001e+00 -2.150756815232234054e+00
-2.112029477827774837e+00 -2.238941421289549982e+00 -2.183534511491858510e+00 -2.186880687537349655e+00 -2.139977801286262693e+00 -2.189617529092476644e+00 -2.125652247911105075e+00
-2.337326631564032198e+00 -1.667125426939665589e+00 -2.047221715417023802e+00 -2.180164445404368934e+00 -2.150221924481984015e+00 -2.171428231147871202e+00 -2.167140438944215930e+00
-1.927875262908103515e+00 -2.171393029178157796e+00 -2.115903648641870749e+00 -2.173732797752979451e+00 -2.114284207380827230e+00 -2.127622725711942220e+00 -2.176161636496773522e+00
-2.214678360319189743e+00 -2.263396832629996691e+00 -1.861674998024830163e+00 -2.231707839533150661e+00 -2.174606043662059118e+00 -2.152402661660707928e+00 -2.118025225603655581e+00
-2.412499499269975978e+00 -1.971633327175083217e+00 -2.133602205601464519e+00 -2.206519466061786172e+00 -2.158745595080289625e+00 -2.198193103503757850e+00 -2.169505346121059386e+00
-2.239463375371389731e+00 -2.140424165068088413e+00 -2.219285481400813609e+00 -2.327884442612502269e+00 -2.138461459938119980e+00 -2.173323588015096064e+00 -2.176124298202491758e+00
-2.088465478634906614e+00 -2.357645215063782107e+00 -2.164072327127040563e+00 -2.186904567526215093e+00 -2.171162139086918685e+00 -2.208906558689239130e+00 -2.184326563382295472e+00
-2.520512582370111332e+00 -2.352065322111801304e+00 -1.928819521012233196e+00 -2.131809131749217379e+00 -2.188139772464813504e+00 -2.161557470216002308e+00 -2.173422786580482935e+00
-2.189353622169867286e+00 -1.610036928863584960e+00 -2.172354775402142391e+00 -2.295106155720065821e+00 -2.161625851436450585e+00 -2.170084653508283612e+00 -2.143322165757891806e+00
-2.302384863310554142e+00 -2.512224428184735014e+00 -2.270288222025145686e+00 -2.198204155278848493e+00 -2.201078569050151312e+00 -2.188196233536900959e+00 -2.144430112257803334e+00
-2.275656000948508950e+00 -1.890797598126810808e+00 -2.336493655327851027e+00 -2.007209617084944941e+00 -2.189590873092310375e+00 -2.141680042502450920e+00 -2.154923491789198842e+00
-2.021867372231297644e+00 -2.308164325707674269e+00 -2.274358101690211242e+00 -2.163516902079586135e+00 -2.192105453199705956e+00 -2.164682510103420832e+00 -2.226219669232645693e+00
-1.965876614267358935e+00 -2.021520494137396540e+00 -2.142276907559734767e+00 -2.234708887950243028e+00 -2.072523166610906742e+00 -2.201180211840461087e+00 -2.148433714871336608e+00
-2.192630607928550024e+00 -1.896678343702391967e+00 -2.095445659604629807e+00 -2.242939358370738212e+00 -2.185674957738413138e+00 -2.179632641396720416e+00 -2.161929502239995138e+00
-2.334996858238568063e+00 -2.479393014325684597e+00 -2.272050126187909136e+00 -2.123855455400903924e+00 -2.196427558560511528e+00 -2.191587421548861769e+00 -2.179413786484431625e+00
-2.215516003782609822e+00 -2.099588866963394196e+00 -2.160603289666550797e+00 -2.190750681546524081e+00 -2.142410285228718791e+00 -2.144660499490947725e+00 -2.190693884159372828e+00
-2.510298136215506126e+00 -2.155394262109152859e+00 -2.371569655635873630e+00 -2.120788070200987807e+00 -2.140581300816574828e+00 -2.204064027117976554e+00 -2.131795527519691369e+00
-1.975390060145517879e+00 -2.270919377658917604e+00 -2.076774329088511450e+00 -2.304061822212650323e+00 -2.165984110833444110e+00 -2.162847150744779068e+00 -2.165858430252206812e+00
-2.441964251106627959e+00 -2.362467636952187977e+00 -2.280818383282073647e+00 -2.287176902622192198e+00 -2.195506464047655815e+00 -2.146660899211279450e+00 -2.199100427035333816e+00
-2.055713255226812919e+00 -2.192391283551013537e+00 -2.098671744108072890e+00 -2.158491241237329383e+00 -2.096456886292678234e+00 -2.162384159698646613e+00 -2.164550488755686786e+00
-2.169331995284097481e+00 -1.979097496160864278e+00 -1.949135992474429813e+00 -2.142342797318645964e+00 -2.170288882651154161e+00 -2.205011263566305946e+00 -2.175129165327009062e+00
-2.403563349961485685e+00 -2.011556459549778353e+00 -2.202799294847291200e+00 -2.298297240346701464e+00 -2.176131399570839342e+00 -2.181133212416417333e+00 -2.157270879906318051e+00
-2.170165289815459086e+00 -2.211408676026229703e+00 -2.157110923525753954e+00 -1.994169895632242007e+00 -2.172984472554782442e+00 -2.182403923234143672e+00 -2.196562162360423009e+00
-2.374281370577631112e+00 -2.049838010216269435e+00 -2.313289358454194033e+00 -2.178616609353512867e+00 -2.135654967929863979e+00 -2.179101110642652106e+00 -2.173920627077382761e+00
-1.698667340253240177e+00 -2.381339233910461317e+00 -2.059691354080380510e+00 -2.186131642677081377e+00 -2.179709956860712783e+00 -2.190280789978992892e+00 -2.123289394654370277e+00
-1.735349468033722697e+00 -2.394334164843081592e+00 -2.242913143397615272e+00 -2.179832088200779783e+00 -2.195110135387590589e+00 -2.125326106969414930e+00 -2.144322826034992246e+00
-2.448555265173048223e+00 -2.419872246336054467e+00 -2.127560363022814371e+00 -2.251639624606762702e+00 -2.170662988565644547e+00 -2.187631189879094329e+00 -2.129545017337250545e+00
-2.358371452774393973e+00 -2.113698329442265766e+00 -2.216541008339387719e+00 -2.092683846680422288e+00 -2.160718627230985511e+00 -2.169668608424683676e+00 -2.151475368744296457e+00
-2.325250522021518940e+00 -2.419014157360918738e+00 -2.156438185101872129e+00 -1.998636821536084796e+00 -2.223083553331900664e+00 -2.141372324788093362e+00 -2.206692436530796719e+00
-2.309878897658648622e+00 -1.981073171584553094e+00 -2.199876252514181729e+00 -2.188667212180933852e+00 -2.192121621278576793e+00 -2.170635160273656439e+00 -2.159888201447505374e+00
-2.265057128777216544e+00 -2.104739856636685502e+00 -2.385520050227235789e+00 -2.223513908064845612e+00 -2.126122448921786035e+00 -2.169785440098820128e+00 -2.194446255307038296e+00
-1.948732748095903577e+00 -2.312952686623031884e+00 -2.151144424943039368e+00 -2.192377486537112841e+00 -2.160603213036502268e+00 -2.171545329914833289e+00 -2.133891813265431647e+00
-2.042850540155958239e+00 -2.496051842656601849e+00 -2.229697106676552742e+00 -2.241930053483839558e+00 -2.195671516301506365e+00 -2.211370133036765218e+00 -2.119661739248678511e+00
-1.851479270745097327e+00 -2.162289915304994370e+00 -2.088455836719268710e+00 -2.025170299970986409e+00 -2.161999580893569917e+00 -2.138742416710104788e+00 -2.164370609596493633e+00
-2.635964290642567320e+00 -2.063921522119148033e+00 -2.003398345190464891e+00 -2.186396430011195324e+00 -2.170586967384543708e+00 -2.178012686495544248e+00 -2.168292593388356337e+00
-2.153673010467212379e+00 -2.671286226939860953e+00 -2.148816050733794558e+00 -2.018235669121741349e+00 -2.247147373222945888e+00 -2.156220155116546078e+00 -2.190558340295941431e+00
-2.062753373214079922e+00 -1.624464460336173754e+00 -2.305751589809164948e+00 -2.183450868856764870e+00 -2.165676139862365623e+00 -2.210379224953981314e+00 -2.154929699947619071e+00
-1.971485048928275585e+00 -1.998002920680510996e+00 -2.139130602307423246e+00 -2.124757967670360959e+00 -2.140739248910969117e+00 -2.188052588140743993e+00 -2.141157719632805101e+00
-2.686667504517968208e+00 -1.826209060441351451e+00 -2.451961120474108302e+00 -2.070282395504010164e+00 -2.135949540978835604e+00 -2.163688113887804132e+00 -2.196027409328317415e+00
-1.999059479981376786e+00 -1.724495675151193286e+00 -2.172551591990921072e+00 -2.181159977365340730e+00 -2.142996207066971692e+00 -2.179870226312190518e+00 -2.167510935208836642e+00
-2.128867360369870898e+00 -2.173019185646923201e+00 -2.134119485767768776e+00 -2.097570297528164929e+00 -2.138555788112149969e+00 -2.154854015314460636e+00 -2.156146932045896136e+00
-2.302771391198813244e+00 -2.052638799859850316e+00 -2.230052986310039564e+00 -2.244471451881131063e+00 -2.196310435104428471e+00 -2.151109799586835347e+00 -2.132732487846559888e+00
