(-2.1675605441340497+0j)
-2.593600230207992574e+00 -2.108924976369848547e+00 -2.220498364207490916e+00 -2.202682935285851684e+00 -2.180717849771173000e+00 -2.189242308661784708e+00 -2.176436380486850286e+00
-2.212610683899119746e+00 -2.171855890353154628e+00 -2.136541498384195492e+00 -2.235152193712797608e+00 -2.133965643856960970e+00 -2.149235133427630284e+00 -2.157838835021136159e+00
-2.038138303297110543e+00 -2.150083526525342847e+00 -2.096981089694918587e+00 -2.090885934054396600e+00 -2.120878337377422262e+00 -2.155997843526276103e+00 -2.164444711757864681e+00
-1.939475754938579932e+00 -2.211705475870864746e+00 -2.100169539362578774e+00 -2.217703619800444503e+00 -2.176878102036305052e+00 -2.164372805016636203e+00 -2.169173958182042838e+00
-2.398617588302108139e+00 -2.152416141567760288e+00 -2.279684616354307636e+00 -2.198192555387580960e+00 -2.137082616291904102e+00 -2.173006615528951802e+00 -2.172398607986012919e+00
-2.261828105299015235e+00 -1.905463669946500627e+00 -2.320569197199672473e+00 -2.178185116516901054e+00 -2.134416047653390436e+00 -2.154975201042666377e+00 -2.154414748538005853e+00
-1.566519206822237775e+00 -2.367576287784348477e+00 -2.026932512093897465e+00 -2.140708332916565482e+00 -2.160749847015997815e+00 -2.149857192722821608e+00 -2.167378801165349422e+00
-2.536664371143355190e+00 -2.256352820805199499e+00 -2.039422970573042448e+00 -2.159617581422677013e+00 -2.187744419789411143e+00 -2.196678710644987209e+00 -2.179206829254224154e+00
-1.830535216123243991e+00 -2.399979536693275683e+00 -1.961844427907298627e+00 -2.135941637696700202e+00 -2.146220103339464114e+00 -2.176265076671240806e+00 -2.185698892155500506e+00
-2.403871156992360536e+00 -1.768100966632828008e+00 -2.311846146115455802e+00 -2.252608355697168552e+00 -2.165390608695829666e+00 -2.198517929213934075e+00 -2.169914158687384909e+00
-2.583612529729235163e+00 -2.199940671715323148e+00 -2.223161445312907158e+00 -2.230820433851448570e+00 -2.170555797970791456e+00 -2.188637665551540046e+00 -2.180816366831423103e+00
-2.276762892513935821e+00 -2.012772496985938631e+00 -2.022875762031798974e+00 -2.088215409679636370e+00 -2.152058510800408886e+00 -2.201081739862809084e+00 -2.164817968456386854e+00
-2.135655417836207270e+00 -1.575380191927340912e+00 -2.369446894131606030e+00 -2.157118502625096301e+00 -2.141898345129600312e+00 -2.163820211871444243e+00 -2.163630811777855545e+00
-2.027341803100611184e+00 -2.183237138012869671e+00 -2.255668904761670035e+00 -2.147565957533483338e+00 -2.155003388087695093e+00 -2.183574575802332163e+00 -2.167112290461476576e+00
-1.768674273974974120e+00 -2.056611689670474252e+00 -2.195243158856802879e+00 -2.126449730402160121e+00 -2.241584944941511282e+00 -2.180952891856862585e+00 -2.158260903395406771e+00
-2.153489217127315225e+00 -2.194197492649081038e+00 -2.148333722049174721e+00 -2.191042970126741984e+00 -2.187105641411507762e+00 -2.155520363275139850e+00 -2.161688842324561488e+00
-2.259995003177812212e+00 -1.725090829783847202e+00 -2.209056905253046210e+00 -2.172051097350157001e+00 -2.174222476564379836e+00 -2.154695774788580209e+00 -2.167083595511349881e+00
-2.324260102588425525e+00 -2.387929660440140545e+00 -2.051284782190665901e+00 -2.150163226085341606e+00 -2.183245991236914652e+00 -2.150928315783413147e+00 -2.160816213001605313e+00
-2.058775503702222842e+00 -2.310237702563611162e+00 -2.214169177053971538e+00 -2.041095645514755752e+00 -2.117721221203268112e+00 -2.176440887287869774e+00 -2.168032967647304687e+00
-2.111252096262618672e+00 -2.077447816542883796e+00 -2.139358200043989022e+00 -2.156371039277686030e+00 -2.157495291268808568e+00 -2.136329377702629539e+00 -2.155519366861209374e+00
-1.767685405560721179e+00 -2.333556790304449624e+00 -2.117928978919825234e+00 -2.146686704789269928e+00 -2.140250397849635000e+00 -2.156924185983021047e+00 -2.167766581281711957e+00
-1.894130964521147042e+00 -1.952688939796194401e+00 -2.243067994722319547e+00 -2.036000769532683385e+00 -2.212372349246746417e+00 -2.200170220397570375e+00 -2.151028072995538665e+00
-2.320675963513416651e+00 -2.257558104233233998e+00 -2.023984052633959863e+00 -2.221509604589015918e+00 -2.223747753455483700e+00 -2.185474791756414348e+00 -2.190523178716568431e+00
-2.187699356313249410e+00 -2.439540666272956848e+00 -2.095104185997747059e+00 -2.180582257968567195e+00 -2.149292175555153062e+00 -2.151922702152515132e+00 -2.181242389305559914e+00
-2.210090719866594000e+00 -1.601437805781089185e+00 -2.139988324486776783e+00 -2.033852012247197472e+00 -2.158927384403574568e+00 -2.162499221640085345e+00 -2.170776202254048215e+00
-1.658455147797138540e+00 -2.513227042655995724e+00 -2.095227005059490111e+00 -2.135787935815015359e+00 -2.174188345023019941e+00 -2.151076936459689559e+00 -2.168252272949614756e+00
-1.925852573150562019e+00 -2.233556545109834257e+00 -2.262672409426158993e+00 -2.195235269293028146e+00 -2.195756143501340851e+00 -2.186163882157666549e+00 -2.155205596894740339e+00
-2.095032289310777784e+00 -1.848540743904022232e+00 -1.863387842610873868e+00 -2.178006454719268348e+00 -2.152479431441889357e+00 -2.174958385238126457e+00 -2.177243282969246074e+00
-2.046297846399126819e+00 -1.958860827466653021e+00 -2.182510026597230812e+00 -2.187731028062023242e+00 -2.180258254032560128e+00 -2.181346076391798228e+00 -2.169806724142810062e+00
-2.082231031099868623e+00 -1.979725002322631600e+00 -2.206717384870561904e+00 -2.146531466413862610e+00 -2.158892193663584980e+00 -2.182860123153129717e+00 -2.168701059309114942e+00
-2.412055699306609569e+00 -2.180029373683331606e+00 -2.147687998787525032e+00 -2.169711624032196084e+00 -2.201972001129738565e+00 -2.150034631517465655e+00 -2.176639306310141020e+00
-2.307080671101747527e+00 -2.393738580008210715e+00 -2.365428698453486245e+00 -2.036262130614811650e+00 -2.151747124525703825e+00 -2.167332322618898743e+00 -2.172427331799350547e+00
-1.862328861769819266e+00 -2.313612409838147865e+00 -2.082000289184550379e+00 -2.198662459923959034e+00 -2.151562836083541708e+00 -2.172371954237747538e+00 -2.142508055010439616e+00
-2.151280490873271667e+00 -2.392061000730249187e+00 -2.357332709392009118e+00 -2.188400433251333155e+00 -2.171660231912855288e+00 -2.157613860748844647e+00 -2.169840796708081498e+00
-1.740014199519187343e+00 -2.332284303404634329e+00 -2.213591996461255818e+00 -2.258170147950479656e+00 -2.194833061012750441e+00 -2.185863433254308763e+00 -2.175642589438873120e+00
-2.059684303694188312e+00 -2.173636969123971419e+00 -2.316699700862900446e+00 -2.184698911596509419e+00 -2.163852098688010539e+00 -2.176288377738495150e+00 -2.158856253524256807e+00
-2.180923215678853389e+00 -2.123530878464894744e+00 -2.251163481416858847e+00 -2.303936858836755697e+00 -2.105026007245776043e+00 -2.167804264525380553e+00 -2.157209437832102950e+00
-2.267127139727917129e+00 -2.041240384698884469e+00 -1.912405320032753320e+00 -2.125499598906914311e+00 -2.123014279418101946e+00 -2.185052731214864874e+00 -2.161338068460513462e+00
-2.107960749192699712e+00 -2.596568643101792695e+00 -2.197605632749161764e+00 -2.134766042887731530e+00 -2.183995783718323924e+00 -2.152645307324029034e+00 -2.181024302638323586e+00
-2.391491645122270526e+00 -2.549541079985160774e+00 -2.214718085139270265e+00 -2.179169272352396991e+00 -2.166051688846772016e+00 -2.170503281702266030e+00 -2.151377937877620106e+00
-2.206836014592888695e+00 -2.549175937900420852e+00 -2.209822467921554345e+00 -2.201898562549851501e+00 -2.119296700785939791e+00 -2.162746073645557932e+00 -2.176942395701643829e+00
-2.162609583680355829e+00 -1.949743845930322017e+00 -2.176922694460455610e+00 -2.171069267987907114e+00 -2.154385509309318270e+00 -2.204017382983028739e+00 -2.166147466838097113e+00
-2.309862697304437607e+00 -1.811411094025264568e+00 -2.238108137115506491e+00 -2.202079247137922469e+00 -2.187048073770358148e+00 -2.191080217617507486e+00 -2.158415307633071656e+00
-2.262192490439694392e+00 -2.218288372648933748e+00 -2.187634851526338853e+00 -2.167913023995867050e+00 -2.165533387052615666e+00 -2.166531786522085667e+00 -2.167917972263694537e+00
-1.047832635010070401e+00 -1.887402098193390110e+00 -2.374787396546933493e+00 -2.117456907103967279e+00 -2.149838282811701529e+00 -2.184553999609055275e+00 -2.169519758630830353e+00
-2.107254448718377748e+00 -1.828330895620026819e+00 -2.057246999647745600e+00 -2.228976399994115454e+00 -2.195309938764458124e+00 -2.179149575208321643e+00 -2.169971613306818981e+00
-2.187654298226620941e+00 -2.223176624275300384e+00 -2.319256157513474470e+00 -2.235426185206812022e+00 -2.153539038473852862e+00 -2.145586242656619014e+00 -2.176837011569618507e+00
-2.137585552058459459e+00 -2.235952637325044012e+00 -2.273023613819992406e+00 -2.169490012217272668e+00 -2.210740569827081003e+00 -2.187625652193126768e+00 -2.183435017333051675e+00
-1.963962685275010500e+00 -2.120073160154993364e+00 -2.116258038385983031e+00 -2.259088017240623802e+00 -2.133369595266695118e+00 -2.157172106192777328e+00 -2.173081038308684487e+00
-2.152079058242881704e+00 -2.276539342009504807e+00 -2.232084814004181350e+00 -2.135042514387696322e+00 -2.175789176003082304e+00 -2.173723999940149199e+00 -2.167362834146535633e+00
