(-2.1675605441340497+0j)
-2.127649892016409083e+00 -2.199513648805957011e+00 -2.136190926403477075e+00 -2.151967304789255575e+00 -2.153318461506827930e+00 -2.282557060264910120e+00 -2.071604322566576339e+00
-1.915569040131062994e+00 -2.057534182221665731e+00 -2.247772613682087695e+00 -2.217597448142689665e+00 -2.448587120956219998e+00 -2.213729912063603589e+00 -2.329728203945772069e+00
-2.154245383327368035e+00 -2.228308292981291405e+00 -2.284725988715141654e+00 -2.042698904238928748e+00 -2.110988924614057627e+00 -1.930933236258489671e+00 -2.032702814539054881e+00
-2.121386755870218188e+00 -2.085885131488511846e+00 -2.000406204845371239e+00 -2.056421826774355033e+00 -2.251069632287418631e+00 -2.417824759668807832e+00 -2.202375739251521303e+00
-2.098724222579670950e+00 -2.129778347730290289e+00 -2.113428548245106953e+00 -2.109265737919934214e+00 -2.147056685620401861e+00 -2.012259747585073200e+00 -2.151432873093203302e+00
-2.151087877596434161e+00 -2.165037033459444871e+00 -1.982518219363368583e+00 -2.010512275525451198e+00 -2.032972976221603556e+00 -1.938013833177091083e+00 -2.048115282192413567e+00
-2.162729638688528411e+00 -2.089184861621265377e+00 -2.004134917600226107e+00 -2.188049618605925062e+00 -2.127065490487713983e+00 -2.153760181891114289e+00 -2.194542119764753441e+00
-2.121386755870218188e+00 -2.219932604922162600e+00 -2.084441621604374628e+00 -1.942930113531865732e+00 -1.986926955969086528e+00 -1.966580244020213808e+00 -2.050937655774023316e+00
-2.121386755870218188e+00 -2.002067599514669283e+00 -2.145089889775406267e+00 -2.120353536288346330e+00 -2.009120613504714825e+00 -2.172928267444200756e+00 -2.282300360866808209e+00
-2.054967330412989401e+00 -2.034873893005033185e+00 -1.991701674352638562e+00 -1.910297580889762870e+00 -1.917010617745246837e+00 -2.011404654052119767e+00 -2.045049690524276986e+00
-2.138307309772897291e+00 -2.209897872047158263e+00 -2.116953234616190116e+00 -2.072826893923774172e+00 -2.205724176969788619e+00 -2.201361512558829059e+00 -2.308176169092330809e+00
-2.040895159799533953e+00 -1.860303515922127726e+00 -2.014645886507618666e+00 -2.071800352841488113e+00 -2.234752113526943695e+00 -2.042651270754705539e+00 -2.202348456023541345e+00
-2.121386755870218188e+00 -2.155360738397364972e+00 -2.191837855486333808e+00 -2.108795723529220734e+00 -2.227370508756125744e+00 -1.943817974747110267e+00 -2.075608293537114957e+00
-2.167165830806640159e+00 -2.193186908161870452e+00 -2.014074523038194453e+00 -2.059969416513393714e+00 -2.288471594939171627e+00 -2.278926424707349074e+00 -2.089192636482534393e+00
-2.104020805158092866e+00 -2.017154171732439050e+00 -2.060380353718327839e+00 -2.083165544213870568e+00 -2.012779533155062861e+00 -2.108983935637061879e+00 -2.190967123044472498e+00
-2.110277581535895841e+00 -2.116337056090903612e+00 -2.134904144476043708e+00 -2.005619518089092335e+00 -1.916029036631231808e+00 -2.148005997848438042e+00 -2.216792978423105520e+00
-2.120309185070503144e+00 -2.085206044914841961e+00 -2.090802807659344786e+00 -2.069970643250102160e+00 -2.052063109627408899e+00 -1.905362243223783558e+00 -2.071769352889213600e+00
-2.146330281739162071e+00 -2.091522171463426893e+00 -2.133111933269449256e+00 -2.142402196682165805e+00 -1.845761829114188401e+00 -1.917977919790949670e+00 -2.113754338290133372e+00
-2.110107559230239183e+00 -2.060078848580025657e+00 -1.989748260713370076e+00 -1.967045237376857436e+00 -1.992691764089312034e+00 -2.111100463395343407e+00 -2.156889572790948062e+00
-2.159278517757363236e+00 -2.142779707975339232e+00 -2.114919579547013928e+00 -1.996733188966183903e+00 -1.995664195616221992e+00 -2.014715851461716944e+00 -2.150363318533015544e+00
-2.125384346870323071e+00 -1.817336224904049224e+00 -1.979264957078108900e+00 -2.120011517462360384e+00 -2.331287644874877163e+00 -2.148916880599543333e+00 -2.258398110312206164e+00
-2.111230404897311175e+00 -2.144177183064241987e+00 -2.082755028531602104e+00 -2.100405043856537812e+00 -2.263295811586046202e+00 -2.271513519846230622e+00 -2.194074892811844535e+00
-2.121386736556789554e+00 -2.101106731697322427e+00 -2.089609454811239164e+00 -2.072526713669103238e+00 -1.763058853937036652e+00 -1.987827285763812846e+00 -2.152558503364849773e+00
-2.145949631873784735e+00 -2.208574075462273800e+00 -2.085097357877743640e+00 -2.139327217270027948e+00 -2.213914530940679359e+00 -2.109922367166505719e+00 -2.070375237467809715e+00
-2.146330281739162071e+00 -2.113924119341230146e+00 -2.071677326328949409e+00 -1.969825122902610914e+00 -2.106683748114973831e+00 -2.149293952652341133e+00 -2.238871989552691844e+00
-2.136026317194500646e+00 -2.095676183205651189e+00 -2.096818546163687458e+00 -1.938964779704785979e+00 -2.144949205125916247e+00 -2.175928969264221191e+00 -2.132119264295992966e+00
-2.031140659861430109e+00 -1.937468214456467219e+00 -1.943615482562696783e+00 -2.081394574787912788e+00 -2.091811256405589958e+00 -2.053812611940513122e+00 -2.190572885904618072e+00
-2.151426831000093465e+00 -2.130425913666547100e+00 -2.135289041420052492e+00 -2.063661673388044626e+00 -2.116400270488504098e+00 -2.239508197282348956e+00 -2.329825556181651436e+00
-2.091685634144002215e+00 -2.054929952326013165e+00 -2.039931668500672757e+00 -2.147557954370990174e+00 -1.967970245406055252e+00 -2.075227458124437430e+00 -2.095579230266971571e+00
-2.061984510849653507e+00 -2.188852437149078067e+00 -1.985130745998859858e+00 -1.978016565486737655e+00 -2.181129629919613233e+00 -2.131797119332460966e+00 -2.185303830503871669e+00
-1.770791916290955115e+00 -1.963044307681805378e+00 -1.955979067090847678e+00 -2.222065125414669939e+00 -2.390797319630340478e+00 -2.204675000775560889e+00 -2.310052045814127375e+00
-1.983383577422991539e+00 -1.977024179170816964e+00 -2.032846182163239313e+00 -2.004348907241287225e+00 -2.058219552938192809e+00 -2.170555141838168112e+00 -2.040254275377036741e+00
-2.066742108275058332e+00 -2.078064093778180244e+00 -1.903074054909669410e+00 -1.909113219169389808e+00 -2.007163468299919984e+00 -2.033562675343129289e+00 -2.165821946724715730e+00
-2.091685634144002215e+00 -2.047438136794490049e+00 -1.989586243180016645e+00 -2.010323042488947998e+00 -2.159235725939850248e+00 -2.157045533932734571e+00 -2.224002060523569746e+00
-2.118345679612807952e+00 -2.106330198516289887e+00 -2.129773607721244133e+00 -2.177772361588364625e+00 -2.108803058069869341e+00 -2.195619991494599965e+00 -2.180344387044628629e+00
-2.122511686488749660e+00 -2.024937616945726493e+00 -2.125083411849012283e+00 -2.164834006035342817e+00 -2.026524155138782923e+00 -2.118412735578260264e+00 -1.986577909105455841e+00
-2.090985203151391136e+00 -2.071616286873914525e+00 -2.121504034561946472e+00 -1.962949591693895268e+00 -1.984095255499594757e+00 -1.951107857284920755e+00 -2.115645069750595741e+00
-2.034845960209473947e+00 -2.049231672378073021e+00 -1.997511877861961160e+00 -2.060657701835625133e+00 -2.100580776475563738e+00 -2.155554117386889956e+00 -2.219103675802570841e+00
-2.032692997255539424e+00 -1.985878237682678460e+00 -2.092719417517845848e+00 -2.121876654816635899e+00 -2.040610835951931268e+00 -2.036186357065139951e+00 -2.153544894841480595e+00
-2.157609497692569711e+00 -2.182172391441430825e+00 -2.095273169549674908e+00 -2.191955967649519277e+00 -2.424432865041522334e+00 -2.163107106183353778e+00 -2.185009181663689404e+00
-2.097861667277680198e+00 -2.048002714784109113e+00 -2.001006275591062700e+00 -2.008975749967092828e+00 -1.985827260932832683e+00 -2.015407102553700813e+00 -2.159957017722960337e+00
-2.128972964835804227e+00 -2.109978991100102341e+00 -2.103193843644379779e+00 -2.070043279571257333e+00 -2.166968143635878530e+00 -2.168311089827330562e+00 -2.123760187675573619e+00
-2.139726277548147149e+00 -2.088883146912636768e+00 -1.998510357529964754e+00 -2.166093041819232123e+00 -2.262764077668483864e+00 -2.369293607456406825e+00 -2.263839051197836572e+00
-2.098724180816548213e+00 -1.966493213356669933e+00 -2.048178971928803271e+00 -1.797349528227809135e+00 -1.899059061581985564e+00 -1.980987299953172798e+00 -2.029320046075596462e+00
-1.988802390897437267e+00 -2.043708233062516477e+00 -2.100983953558485773e+00 -2.101372856964453195e+00 -2.175839876329265010e+00 -2.262267782427860308e+00 -2.205540812958797225e+00
-2.087899081963258574e+00 -2.099100844975228863e+00 -2.015656923413136958e+00 -1.905475816164837521e+00 -2.207016714255867651e+00 -1.957569522933750417e+00 -2.084448125380506944e+00
-2.173895693878009627e+00 -2.214072807113494079e+00 -2.220841262919218906e+00 -2.188429200406664332e+00 -1.960327523182116671e+00 -2.226623940873647456e+00 -2.127291382060114699e+00
-1.861720403500706222e+00 -2.003674310983670104e+00 -2.058127420624130899e+00 -2.208022729015817642e+00 -2.060898656764607484e+00 -1.998061173135667445e+00 -2.150590693487022254e+00
-1.917955257637771194e+00 -1.971283329793928729e+00 -1.989206977820165090e+00 -1.857424577089758611e+00 -1.818197157781922702e+00 -2.140875963679851335e+00 -1.977725237804894398e+00
-2.149378822566800906e+00 -2.118211923058790802e+00 -1.938616950120911842e+00 -1.941821903919330961e+00 -2.304275788297114769e+00 -2.029509226138622058e+00 -2.099968018603290076e+00
