-0.000532 0 0 0 0 0
-0.000261 0 0 0 0 1
-0.000875 0 0 0 0 2
0.000243 0 0 0 0 3
0.000222 0 0 0 1 0
0.000050 0 0 0 1 1
0.000354 0 0 0 1 2
-0.000135 0 0 0 1 3
0.000653 0 0 0 2 0
-0.000676 0 0 0 2 1
-0.000300 0 0 0 2 2
0.000352 0 0 0 2 3
0.000916 0 0 0 3 0
0.000366 0 0 0 3 1
-0.000396 0 0 0 3 2
0.000796 0 0 0 3 3
0.000737 0 0 1 0 0
-0.000881 0 0 1 0 1
-0.000974 0 0 1 0 2
-0.000378 0 0 1 0 3
0.000175 0 0 1 1 0
-0.000035 0 0 1 1 1
-0.000025 0 0 1 1 2
0.000607 0 0 1 1 3
0.000922 0 0 1 2 0
0.000853 0 0 1 2 1
0.000115 0 0 1 2 2
0.000679 0 0 1 2 3
0.000335 0 0 1 3 0
-0.000339 0 0 1 3 1
-0.000710 0 0 1 3 2
-0.000783 0 0 1 3 3
0.000103 0 0 2 0 0
-0.000909 0 0 2 0 1
-0.000714 0 0 2 0 2
-0.000779 0 0 2 0 3
0.000117 0 0 2 1 0
0.000746 0 0 2 1 1
0.000540 0 0 2 1 2
-0.000255 0 0 2 1 3
0.000553 0 0 2 2 0
-0.000303 0 0 2 2 1
0.000635 0 0 2 2 2
0.000724 0 0 2 2 3
0.000940 0 0 2 3 0
-0.000079 0 0 2 3 1
0.000675 0 0 2 3 2
-0.000694 0 0 2 3 3
-0.000322 0 0 3 0 0
-0.000167 0 0 3 0 1
-0.000886 0 0 3 0 2
-0.000585 0 0 3 0 3
-0.000284 0 0 3 1 0
0.000783 0 0 3 1 1
0.000085 0 0 3 1 2
0.000588 0 0 3 1 3
0.000861 0 0 3 2 0
0.000014 0 0 3 2 1
-0.000510 0 0 3 2 2
0.000824 0 0 3 2 3
0.000850 0 0 3 3 0
-0.000597 0 0 3 3 1
-0.000303 0 0 3 3 2
0.000802 0 0 3 3 3
0.000388 0 1 0 0 0
-0.000553 0 1 0 0 1
0.000329 0 1 0 0 2
0.000790 0 1 0 0 3
0.000385 0 1 0 1 0
0.000613 0 1 0 1 1
0.000196 0 1 0 1 2
-0.000578 0 1 0 1 3
0.000831 0 1 0 2 0
-0.000038 0 1 0 2 1
-0.000487 0 1 0 2 2
0.000598 0 1 0 2 3
-0.000258 0 1 0 3 0
0.000286 0 1 0 3 1
0.000938 0 1 0 3 2
0.000354 0 1 0 3 3
0.000491 0 1 1 0 0
-0.000549 0 1 1 0 1
0.000589 0 1 1 0 2
0.000871 0 1 1 0 3
0.000209 0 1 1 1 0
0.000285 0 1 1 1 1
-0.000704 0 1 1 1 2
-0.000108 0 1 1 1 3
-0.000936 0 1 1 2 0
-0.000881 0 1 1 2 1
-0.000565 0 1 1 2 2
-0.000788 0 1 1 2 3
-0.000698 0 1 1 3 0
-0.000369 0 1 1 3 1
0.000210 0 1 1 3 2
-0.000184 0 1 1 3 3
-0.000032 0 1 2 0 0
-0.000657 0 1 2 0 1
0.000485 0 1 2 0 2
0.000231 0 1 2 0 3
-0.000711 0 1 2 1 0
-0.000800 0 1 2 1 1
0.000769 0 1 2 1 2
0.000475 0 1 2 1 3
-0.000097 0 1 2 2 0
0.000097 0 1 2 2 1
0.000520 0 1 2 2 2
-0.000531 0 1 2 2 3
0.000782 0 1 2 3 0
0.000067 0 1 2 3 1
-0.000615 0 1 2 3 2
-0.000147 0 1 2 3 3
0.000143 0 1 3 0 0
-0.000403 0 1 3 0 1
0.000062 0 1 3 0 2
-0.000631 0 1 3 0 3
0.000424 0 1 3 1 0
-0.000246 0 1 3 1 1
0.000938 0 1 3 1 2
-0.000760 0 1 3 1 3
0.000931 0 1 3 2 0
-0.000110 0 1 3 2 1
-0.000750 0 1 3 2 2
0.000343 0 1 3 2 3
0.000377 0 1 3 3 0
-0.000184 0 1 3 3 1
-0.000701 0 1 3 3 2
0.000162 0 1 3 3 3
-0.000477 0 2 0 0 0
-0.000796 0 2 0 0 1
0.000235 0 2 0 0 2
0.000728 0 2 0 0 3
-0.000095 0 2 0 1 0
0.000073 0 2 0 1 1
0.000257 0 2 0 1 2
-0.000215 0 2 0 1 3
-0.000264 0 2 0 2 0
-0.000929 0 2 0 2 1
0.000444 0 2 0 2 2
0.000539 0 2 0 2 3
-0.000267 0 2 0 3 0
0.000334 0 2 0 3 1
-0.000940 0 2 0 3 2
-0.000634 0 2 0 3 3
0.000236 0 2 1 0 0
0.000123 0 2 1 0 1
0.000694 0 2 1 0 2
-0.000236 0 2 1 0 3
-0.000234 0 2 1 1 0
-0.000041 0 2 1 1 1
-0.000149 0 2 1 1 2
0.000094 0 2 1 1 3
0.000033 0 2 1 2 0
-0.000163 0 2 1 2 1
0.000518 0 2 1 2 2
-0.000197 0 2 1 2 3
0.000898 0 2 1 3 0
0.000480 0 2 1 3 1
0.000696 0 2 1 3 2
-0.000918 0 2 1 3 3
-0.000302 0 2 2 0 0
0.000932 0 2 2 0 1
0.000591 0 2 2 0 2
-0.000791 0 2 2 0 3
-0.000587 0 2 2 1 0
0.000295 0 2 2 1 1
0.000639 0 2 2 1 2
0.000556 0 2 2 1 3
-0.000404 0 2 2 2 0
-0.000901 0 2 2 2 1
-0.000422 0 2 2 2 2
-0.000651 0 2 2 2 3
0.000480 0 2 2 3 0
0.000537 0 2 2 3 1
0.000608 0 2 2 3 2
0.000789 0 2 2 3 3
-0.000689 0 2 3 0 0
0.000681 0 2 3 0 1
-0.000001 0 2 3 0 2
-0.000786 0 2 3 0 3
-0.000053 0 2 3 1 0
0.000796 0 2 3 1 1
0.000525 0 2 3 1 2
-0.000281 0 2 3 1 3
0.000702 0 2 3 2 0
-0.000609 0 2 3 2 1
-0.000918 0 2 3 2 2
0.000814 0 2 3 2 3
0.000757 0 2 3 3 0
0.000672 0 2 3 3 1
-0.000257 0 2 3 3 2
-0.000863 0 2 3 3 3
0.000871 0 3 0 0 0
-0.000578 0 3 0 0 1
-0.000976 0 3 0 0 2
0.000602 0 3 0 0 3
0.000360 0 3 0 1 0
-0.000494 0 3 0 1 1
-0.000327 0 3 0 1 2
0.000101 0 3 0 1 3
-0.000125 0 3 0 2 0
-0.000356 0 3 0 2 1
0.000619 0 3 0 2 2
0.000358 0 3 0 2 3
0.000959 0 3 0 3 0
0.000146 0 3 0 3 1
0.000581 0 3 0 3 2
-0.000043 0 3 0 3 3
-0.000677 0 3 1 0 0
0.000475 0 3 1 0 1
-0.000070 0 3 1 0 2
0.000410 0 3 1 0 3
-0.000829 0 3 1 1 0
0.000635 0 3 1 1 1
0.000739 0 3 1 1 2
-0.000403 0 3 1 1 3
-0.000474 0 3 1 2 0
-0.000233 0 3 1 2 1
-0.000118 0 3 1 2 2
-0.000664 0 3 1 2 3
0.000653 0 3 1 3 0
0.000741 0 3 1 3 1
-0.000104 0 3 1 3 2
-0.000014 0 3 1 3 3
-0.000682 0 3 2 0 0
0.000670 0 3 2 0 1
-0.000242 0 3 2 0 2
-0.000679 0 3 2 0 3
0.000329 0 3 2 1 0
0.000875 0 3 2 1 1
0.000226 0 3 2 1 2
0.000693 0 3 2 1 3
0.000879 0 3 2 2 0
0.000703 0 3 2 2 1
0.000079 0 3 2 2 2
0.000192 0 3 2 2 3
-0.000646 0 3 2 3 0
0.000849 0 3 2 3 1
-0.000475 0 3 2 3 2
0.000582 0 3 2 3 3
-0.000751 0 3 3 0 0
0.000213 0 3 3 0 1
0.000585 0 3 3 0 2
0.000756 0 3 3 0 3
0.000025 0 3 3 1 0
0.000753 0 3 3 1 1
0.000548 0 3 3 1 2
-0.000405 0 3 3 1 3
-0.000829 0 3 3 2 0
-0.000968 0 3 3 2 1
0.000859 0 3 3 2 2
-0.000057 0 3 3 2 3
0.000747 0 3 3 3 0
0.000251 0 3 3 3 1
0.000569 0 3 3 3 2
-0.000405 0 3 3 3 3
-0.000583 1 0 0 0 0
0.000872 1 0 0 0 1
0.000053 1 0 0 0 2
0.000174 1 0 0 0 3
-0.000135 1 0 0 1 0
-0.000112 1 0 0 1 1
-0.000815 1 0 0 1 2
-0.000397 1 0 0 1 3
-0.000258 1 0 0 2 0
-0.000856 1 0 0 2 1
-0.000588 1 0 0 2 2
-0.000854 1 0 0 2 3
0.000944 1 0 0 3 0
-0.000368 1 0 0 3 1
-0.000151 1 0 0 3 2
-0.000198 1 0 0 3 3
0.000454 1 0 1 0 0
-0.000897 1 0 1 0 1
-0.000817 1 0 1 0 2
-0.000853 1 0 1 0 3
-0.000418 1 0 1 1 0
-0.000154 1 0 1 1 1
0.000933 1 0 1 1 2
-0.000736 1 0 1 1 3
-0.000889 1 0 1 2 0
-0.000824 1 0 1 2 1
-0.000796 1 0 1 2 2
-0.000069 1 0 1 2 3
-0.000769 1 0 1 3 0
-0.000481 1 0 1 3 1
0.000026 1 0 1 3 2
0.000191 1 0 1 3 3
0.000090 1 0 2 0 0
0.000869 1 0 2 0 1
-0.000067 1 0 2 0 2
0.000881 1 0 2 0 3
0.000295 1 0 2 1 0
0.000630 1 0 2 1 1
-0.000680 1 0 2 1 2
-0.000438 1 0 2 1 3
0.000787 1 0 2 2 0
0.000090 1 0 2 2 1
0.000640 1 0 2 2 2
0.000086 1 0 2 2 3
-0.000012 1 0 2 3 0
-0.000789 1 0 2 3 1
-0.000343 1 0 2 3 2
-0.000066 1 0 2 3 3
-0.000498 1 0 3 0 0
-0.000966 1 0 3 0 1
0.000233 1 0 3 0 2
0.000482 1 0 3 0 3
-0.000642 1 0 3 1 0
0.000164 1 0 3 1 1
0.000790 1 0 3 1 2
0.000673 1 0 3 1 3
0.000663 1 0 3 2 0
0.000044 1 0 3 2 1
-0.000637 1 0 3 2 2
0.000279 1 0 3 2 3
-0.000878 1 0 3 3 0
0.000951 1 0 3 3 1
0.000879 1 0 3 3 2
-0.000020 1 0 3 3 3
-0.000194 1 1 0 0 0
0.000171 1 1 0 0 1
-0.000083 1 1 0 0 2
-0.000901 1 1 0 0 3
-0.000571 1 1 0 1 0
0.000917 1 1 0 1 1
0.000965 1 1 0 1 2
0.000271 1 1 0 1 3
-0.000092 1 1 0 2 0
-0.000917 1 1 0 2 1
0.000648 1 1 0 2 2
0.000627 1 1 0 2 3
0.000271 1 1 0 3 0
-0.000251 1 1 0 3 1
-0.000826 1 1 0 3 2
0.000757 1 1 0 3 3
-0.000332 1 1 1 0 0
0.000826 1 1 1 0 1
0.000393 1 1 1 0 2
-0.000195 1 1 1 0 3
-0.000810 1 1 1 1 0
-0.000286 1 1 1 1 1
0.000755 1 1 1 1 2
-0.000842 1 1 1 1 3
0.000952 1 1 1 2 0
0.000658 1 1 1 2 1
0.000256 1 1 1 2 2
0.000890 1 1 1 2 3
0.000604 1 1 1 3 0
-0.000295 1 1 1 3 1
-0.000683 1 1 1 3 2
-0.000756 1 1 1 3 3
-0.000294 1 1 2 0 0
-0.000017 1 1 2 0 1
0.000143 1 1 2 0 2
0.000938 1 1 2 0 3
-0.000151 1 1 2 1 0
0.000513 1 1 2 1 1
-0.000531 1 1 2 1 2
0.000766 1 1 2 1 3
0.000020 1 1 2 2 0
0.000082 1 1 2 2 1
-0.000322 1 1 2 2 2
-0.000669 1 1 2 2 3
0.000514 1 1 2 3 0
-0.000748 1 1 2 3 1
0.000178 1 1 2 3 2
-0.000362 1 1 2 3 3
0.000653 1 1 3 0 0
-0.000254 1 1 3 0 1
-0.000552 1 1 3 0 2
0.000050 1 1 3 0 3
0.000611 1 1 3 1 0
-0.000377 1 1 3 1 1
-0.000672 1 1 3 1 2
0.000282 1 1 3 1 3
0.000584 1 1 3 2 0
-0.000032 1 1 3 2 1
0.000862 1 1 3 2 2
-0.000736 1 1 3 2 3
-0.000261 1 1 3 3 0
0.000968 1 1 3 3 1
0.000446 1 1 3 3 2
-0.000377 1 1 3 3 3
-0.000067 1 2 0 0 0
-0.000880 1 2 0 0 1
-0.000450 1 2 0 0 2
0.000795 1 2 0 0 3
-0.000523 1 2 0 1 0
-0.000092 1 2 0 1 1
0.000754 1 2 0 1 2
0.000272 1 2 0 1 3
0.000019 1 2 0 2 0
-0.000009 1 2 0 2 1
0.000094 1 2 0 2 2
0.000055 1 2 0 2 3
0.000877 1 2 0 3 0
-0.000146 1 2 0 3 1
0.000563 1 2 0 3 2
0.000516 1 2 0 3 3
0.000910 1 2 1 0 0
0.000719 1 2 1 0 1
0.000848 1 2 1 0 2
0.000688 1 2 1 0 3
-0.000177 1 2 1 1 0
-0.000843 1 2 1 1 1
-0.000470 1 2 1 1 2
-0.000255 1 2 1 1 3
0.000396 1 2 1 2 0
-0.000540 1 2 1 2 1
-0.000203 1 2 1 2 2
0.000637 1 2 1 2 3
-0.000788 1 2 1 3 0
0.000021 1 2 1 3 1
-0.000684 1 2 1 3 2
0.000231 1 2 1 3 3
-0.000595 1 2 2 0 0
0.000671 1 2 2 0 1
-0.000808 1 2 2 0 2
0.000115 1 2 2 0 3
-0.000144 1 2 2 1 0
-0.000501 1 2 2 1 1
0.000318 1 2 2 1 2
0.000175 1 2 2 1 3
0.000250 1 2 2 2 0
0.000442 1 2 2 2 1
-0.000298 1 2 2 2 2
0.000940 1 2 2 2 3
-0.000180 1 2 2 3 0
0.000562 1 2 2 3 1
0.000570 1 2 2 3 2
0.000394 1 2 2 3 3
-0.000375 1 2 3 0 0
0.000519 1 2 3 0 1
0.000415 1 2 3 0 2
0.000313 1 2 3 0 3
0.000110 1 2 3 1 0
0.000268 1 2 3 1 1
0.000949 1 2 3 1 2
-0.000918 1 2 3 1 3
0.000597 1 2 3 2 0
0.000815 1 2 3 2 1
0.000051 1 2 3 2 2
0.000973 1 2 3 2 3
-0.000960 1 2 3 3 0
-0.000124 1 2 3 3 1
-0.000619 1 2 3 3 2
0.000306 1 2 3 3 3
0.000020 1 3 0 0 0
-0.000164 1 3 0 0 1
0.000091 1 3 0 0 2
0.000733 1 3 0 0 3
-0.000313 1 3 0 1 0
0.000780 1 3 0 1 1
-0.000126 1 3 0 1 2
-0.000136 1 3 0 1 3
0.000558 1 3 0 2 0
-0.000267 1 3 0 2 1
-0.000720 1 3 0 2 2
0.000972 1 3 0 2 3
-0.000806 1 3 0 3 0
-0.000370 1 3 0 3 1
0.000370 1 3 0 3 2
0.000810 1 3 0 3 3
-0.000047 1 3 1 0 0
0.000511 1 3 1 0 1
0.000717 1 3 1 0 2
-0.000002 1 3 1 0 3
0.000906 1 3 1 1 0
-0.000920 1 3 1 1 1
0.000006 1 3 1 1 2
0.000255 1 3 1 1 3
0.000163 1 3 1 2 0
-0.000018 1 3 1 2 1
-0.000609 1 3 1 2 2
0.000817 1 3 1 2 3
0.000140 1 3 1 3 0
-0.000234 1 3 1 3 1
-0.000016 1 3 1 3 2
-0.000258 1 3 1 3 3
-0.000371 1 3 2 0 0
0.000123 1 3 2 0 1
-0.000279 1 3 2 0 2
-0.000340 1 3 2 0 3
-0.000063 1 3 2 1 0
0.000462 1 3 2 1 1
-0.000845 1 3 2 1 2
-0.000315 1 3 2 1 3
-0.000361 1 3 2 2 0
0.000828 1 3 2 2 1
-0.000524 1 3 2 2 2
0.000410 1 3 2 2 3
0.000197 1 3 2 3 0
0.000310 1 3 2 3 1
-0.000544 1 3 2 3 2
-0.000526 1 3 2 3 3
-0.000031 1 3 3 0 0
-0.000674 1 3 3 0 1
0.000392 1 3 3 0 2
-0.000725 1 3 3 0 3
0.000600 1 3 3 1 0
0.000352 1 3 3 1 1
-0.000245 1 3 3 1 2
-0.000424 1 3 3 1 3
0.000860 1 3 3 2 0
0.000633 1 3 3 2 1
-0.000041 1 3 3 2 2
-0.000938 1 3 3 2 3
-0.000907 1 3 3 3 0
-0.000498 1 3 3 3 1
0.000043 1 3 3 3 2
-0.000935 1 3 3 3 3
-0.000573 2 0 0 0 0
-0.000059 2 0 0 0 1
-0.000547 2 0 0 0 2
0.000269 2 0 0 0 3
-0.000313 2 0 0 1 0
0.000535 2 0 0 1 1
0.000835 2 0 0 1 2
0.000080 2 0 0 1 3
0.000632 2 0 0 2 0
-0.000014 2 0 0 2 1
-0.000329 2 0 0 2 2
-0.000935 2 0 0 2 3
0.000561 2 0 0 3 0
-0.000931 2 0 0 3 1
-0.000052 2 0 0 3 2
-0.000675 2 0 0 3 3
-0.000114 2 0 1 0 0
0.000238 2 0 1 0 1
0.000717 2 0 1 0 2
0.000701 2 0 1 0 3
0.000881 2 0 1 1 0
-0.000719 2 0 1 1 1
0.000367 2 0 1 1 2
-0.000166 2 0 1 1 3
-0.000343 2 0 1 2 0
-0.000925 2 0 1 2 1
-0.000031 2 0 1 2 2
0.000750 2 0 1 2 3
0.000195 2 0 1 3 0
0.000756 2 0 1 3 1
-0.000695 2 0 1 3 2
0.000192 2 0 1 3 3
0.000490 2 0 2 0 0
0.000248 2 0 2 0 1
0.000170 2 0 2 0 2
-0.000068 2 0 2 0 3
-0.000310 2 0 2 1 0
-0.000408 2 0 2 1 1
-0.000276 2 0 2 1 2
0.000384 2 0 2 1 3
-0.000592 2 0 2 2 0
-0.000625 2 0 2 2 1
0.000742 2 0 2 2 2
0.000953 2 0 2 2 3
-0.000924 2 0 2 3 0
0.000607 2 0 2 3 1
0.000975 2 0 2 3 2
0.000147 2 0 2 3 3
0.000537 2 0 3 0 0
0.000297 2 0 3 0 1
0.000837 2 0 3 0 2
-0.000063 2 0 3 0 3
-0.000914 2 0 3 1 0
-0.000215 2 0 3 1 1
-0.000703 2 0 3 1 2
-0.000473 2 0 3 1 3
-0.000217 2 0 3 2 0
0.000298 2 0 3 2 1
-0.000150 2 0 3 2 2
-0.000120 2 0 3 2 3
-0.000253 2 0 3 3 0
0.000191 2 0 3 3 1
-0.000266 2 0 3 3 2
0.000868 2 0 3 3 3
0.000448 2 1 0 0 0
-0.000509 2 1 0 0 1
0.000090 2 1 0 0 2
0.000528 2 1 0 0 3
-0.000414 2 1 0 1 0
0.000677 2 1 0 1 1
-0.000237 2 1 0 1 2
-0.000757 2 1 0 1 3
-0.000235 2 1 0 2 0
0.000930 2 1 0 2 1
0.000331 2 1 0 2 2
0.000499 2 1 0 2 3
-0.000391 2 1 0 3 0
0.000849 2 1 0 3 1
-0.000415 2 1 0 3 2
-0.000745 2 1 0 3 3
-0.000963 2 1 1 0 0
-0.000146 2 1 1 0 1
0.000933 2 1 1 0 2
0.000264 2 1 1 0 3
0.000183 2 1 1 1 0
-0.000342 2 1 1 1 1
-0.000833 2 1 1 1 2
-0.000508 2 1 1 1 3
0.000174 2 1 1 2 0
0.000902 2 1 1 2 1
0.000432 2 1 1 2 2
-0.000829 2 1 1 2 3
0.000065 2 1 1 3 0
0.000922 2 1 1 3 1
-0.000094 2 1 1 3 2
0.000657 2 1 1 3 3
-0.000168 2 1 2 0 0
0.000336 2 1 2 0 1
0.000761 2 1 2 0 2
-0.000464 2 1 2 0 3
-0.000619 2 1 2 1 0
-0.000840 2 1 2 1 1
-0.000353 2 1 2 1 2
-0.000029 2 1 2 1 3
-0.000819 2 1 2 2 0
-0.000066 2 1 2 2 1
-0.000577 2 1 2 2 2
0.000965 2 1 2 2 3
0.000197 2 1 2 3 0
-0.000346 2 1 2 3 1
-0.000207 2 1 2 3 2
-0.000757 2 1 2 3 3
-0.000591 2 1 3 0 0
-0.000098 2 1 3 0 1
0.000434 2 1 3 0 2
-0.000134 2 1 3 0 3
0.000209 2 1 3 1 0
0.000543 2 1 3 1 1
0.000236 2 1 3 1 2
0.000503 2 1 3 1 3
-0.000705 2 1 3 2 0
0.000796 2 1 3 2 1
0.000134 2 1 3 2 2
-0.000399 2 1 3 2 3
0.000904 2 1 3 3 0
0.000469 2 1 3 3 1
-0.000626 2 1 3 3 2
-0.000288 2 1 3 3 3
0.000575 2 2 0 0 0
0.000905 2 2 0 0 1
-0.000516 2 2 0 0 2
0.000614 2 2 0 0 3
-0.000639 2 2 0 1 0
-0.000468 2 2 0 1 1
-0.000029 2 2 0 1 2
-0.000227 2 2 0 1 3
-0.000790 2 2 0 2 0
-0.000514 2 2 0 2 1
-0.000511 2 2 0 2 2
0.000727 2 2 0 2 3
-0.000355 2 2 0 3 0
0.000705 2 2 0 3 1
-0.000376 2 2 0 3 2
-0.000364 2 2 0 3 3
-0.000010 2 2 1 0 0
0.000074 2 2 1 0 1
0.000312 2 2 1 0 2
0.000889 2 2 1 0 3
-0.000885 2 2 1 1 0
0.000840 2 2 1 1 1
0.000501 2 2 1 1 2
0.000814 2 2 1 1 3
0.000471 2 2 1 2 0
0.000426 2 2 1 2 1
-0.000517 2 2 1 2 2
-0.000082 2 2 1 2 3
-0.000746 2 2 1 3 0
-0.000607 2 2 1 3 1
0.000026 2 2 1 3 2
-0.000503 2 2 1 3 3
-0.000546 2 2 2 0 0
0.000466 2 2 2 0 1
0.000369 2 2 2 0 2
-0.000576 2 2 2 0 3
-0.000927 2 2 2 1 0
0.000132 2 2 2 1 1
-0.000009 2 2 2 1 2
0.000561 2 2 2 1 3
0.000064 2 2 2 2 0
-0.000164 2 2 2 2 1
0.000013 2 2 2 2 2
0.000576 2 2 2 2 3
0.000952 2 2 2 3 0
-0.000612 2 2 2 3 1
-0.000599 2 2 2 3 2
-0.000539 2 2 2 3 3
-0.000032 2 2 3 0 0
0.000302 2 2 3 0 1
0.000265 2 2 3 0 2
0.000742 2 2 3 0 3
-0.000727 2 2 3 1 0
0.000751 2 2 3 1 1
0.000166 2 2 3 1 2
-0.000617 2 2 3 1 3
0.000653 2 2 3 2 0
0.000337 2 2 3 2 1
-0.000946 2 2 3 2 2
0.000074 2 2 3 2 3
0.000595 2 2 3 3 0
-0.000495 2 2 3 3 1
0.000299 2 2 3 3 2
0.000067 2 2 3 3 3
0.000183 2 3 0 0 0
-0.000271 2 3 0 0 1
0.000447 2 3 0 0 2
-0.000293 2 3 0 0 3
0.000855 2 3 0 1 0
0.000253 2 3 0 1 1
0.000234 2 3 0 1 2
-0.000440 2 3 0 1 3
-0.000929 2 3 0 2 0
0.000784 2 3 0 2 1
0.000525 2 3 0 2 2
0.000188 2 3 0 2 3
-0.000119 2 3 0 3 0
-0.000585 2 3 0 3 1
0.000882 2 3 0 3 2
-0.000255 2 3 0 3 3
0.000131 2 3 1 0 0
0.000866 2 3 1 0 1
0.000559 2 3 1 0 2
-0.000405 2 3 1 0 3
-0.000316 2 3 1 1 0
0.000718 2 3 1 1 1
-0.000948 2 3 1 1 2
0.000940 2 3 1 1 3
-0.000070 2 3 1 2 0
0.000214 2 3 1 2 1
-0.000940 2 3 1 2 2
0.000212 2 3 1 2 3
0.000951 2 3 1 3 0
0.000737 2 3 1 3 1
-0.000028 2 3 1 3 2
-0.000787 2 3 1 3 3
-0.000169 2 3 2 0 0
-0.000717 2 3 2 0 1
0.000418 2 3 2 0 2
-0.000417 2 3 2 0 3
0.000886 2 3 2 1 0
-0.000051 2 3 2 1 1
-0.000190 2 3 2 1 2
-0.000388 2 3 2 1 3
0.000297 2 3 2 2 0
0.000369 2 3 2 2 1
0.000393 2 3 2 2 2
-0.000858 2 3 2 2 3
0.000908 2 3 2 3 0
-0.000571 2 3 2 3 1
-0.000732 2 3 2 3 2
-0.000494 2 3 2 3 3
-0.000867 2 3 3 0 0
0.000240 2 3 3 0 1
-0.000873 2 3 3 0 2
-0.000638 2 3 3 0 3
-0.000798 2 3 3 1 0
0.000799 2 3 3 1 1
-0.000204 2 3 3 1 2
-0.000669 2 3 3 1 3
-0.000395 2 3 3 2 0
-0.000619 2 3 3 2 1
0.000476 2 3 3 2 2
-0.000700 2 3 3 2 3
-0.000656 2 3 3 3 0
0.000915 2 3 3 3 1
-0.000646 2 3 3 3 2
-0.000043 2 3 3 3 3
-0.000573 3 0 0 0 0
0.000743 3 0 0 0 1
0.000508 3 0 0 0 2
-0.000975 3 0 0 0 3
-0.000729 3 0 0 1 0
0.000141 3 0 0 1 1
0.000672 3 0 0 1 2
-0.000912 3 0 0 1 3
0.000722 3 0 0 2 0
0.000965 3 0 0 2 1
0.000796 3 0 0 2 2
0.000923 3 0 0 2 3
-0.000143 3 0 0 3 0
0.000069 3 0 0 3 1
0.000548 3 0 0 3 2
0.000175 3 0 0 3 3
0.000404 3 0 1 0 0
0.000519 3 0 1 0 1
0.000004 3 0 1 0 2
0.000310 3 0 1 0 3
-0.000579 3 0 1 1 0
-0.000645 3 0 1 1 1
-0.000077 3 0 1 1 2
0.000942 3 0 1 1 3
-0.000645 3 0 1 2 0
-0.000897 3 0 1 2 1
-0.000280 3 0 1 2 2
-0.000861 3 0 1 2 3
-0.000324 3 0 1 3 0
-0.000601 3 0 1 3 1
-0.000471 3 0 1 3 2
0.000375 3 0 1 3 3
-0.000398 3 0 2 0 0
0.000694 3 0 2 0 1
-0.000456 3 0 2 0 2
0.000890 3 0 2 0 3
-0.000662 3 0 2 1 0
0.000183 3 0 2 1 1
-0.000093 3 0 2 1 2
-0.000270 3 0 2 1 3
-0.000188 3 0 2 2 0
-0.000870 3 0 2 2 1
-0.000804 3 0 2 2 2
-0.000207 3 0 2 2 3
0.000152 3 0 2 3 0
0.000860 3 0 2 3 1
-0.000187 3 0 2 3 2
0.000687 3 0 2 3 3
-0.000209 3 0 3 0 0
-0.000923 3 0 3 0 1
-0.000779 3 0 3 0 2
-0.000821 3 0 3 0 3
0.000365 3 0 3 1 0
0.000612 3 0 3 1 1
-0.000843 3 0 3 1 2
0.000797 3 0 3 1 3
0.000633 3 0 3 2 0
-0.000120 3 0 3 2 1
-0.000855 3 0 3 2 2
0.000733 3 0 3 2 3
-0.000353 3 0 3 3 0
-0.000624 3 0 3 3 1
-0.000296 3 0 3 3 2
0.000109 3 0 3 3 3
0.000546 3 1 0 0 0
0.000300 3 1 0 0 1
-0.000423 3 1 0 0 2
-0.000314 3 1 0 0 3
0.000088 3 1 0 1 0
-0.000671 3 1 0 1 1
0.000651 3 1 0 1 2
-0.000048 3 1 0 1 3
0.000467 3 1 0 2 0
-0.000029 3 1 0 2 1
0.000754 3 1 0 2 2
-0.000922 3 1 0 2 3
0.000127 3 1 0 3 0
0.000174 3 1 0 3 1
-0.000448 3 1 0 3 2
0.000895 3 1 0 3 3
0.000952 3 1 1 0 0
-0.000214 3 1 1 0 1
-0.000273 3 1 1 0 2
0.000958 3 1 1 0 3
0.000545 3 1 1 1 0
-0.000731 3 1 1 1 1
-0.000106 3 1 1 1 2
-0.000852 3 1 1 1 3
0.000131 3 1 1 2 0
-0.000462 3 1 1 2 1
0.000370 3 1 1 2 2
0.000793 3 1 1 2 3
0.000138 3 1 1 3 0
0.000800 3 1 1 3 1
0.000268 3 1 1 3 2
0.000544 3 1 1 3 3
0.000179 3 1 2 0 0
-0.000963 3 1 2 0 1
-0.000210 3 1 2 0 2
0.000462 3 1 2 0 3
0.000219 3 1 2 1 0
-0.000884 3 1 2 1 1
-0.000540 3 1 2 1 2
-0.000021 3 1 2 1 3
-0.000282 3 1 2 2 0
-0.000641 3 1 2 2 1
0.000616 3 1 2 2 2
0.000249 3 1 2 2 3
0.000544 3 1 2 3 0
0.000575 3 1 2 3 1
0.000769 3 1 2 3 2
0.000943 3 1 2 3 3
0.000004 3 1 3 0 0
0.000050 3 1 3 0 1
0.000061 3 1 3 0 2
0.000840 3 1 3 0 3
-0.000936 3 1 3 1 0
-0.000166 3 1 3 1 1
-0.000024 3 1 3 1 2
-0.000410 3 1 3 1 3
-0.000817 3 1 3 2 0
-0.000868 3 1 3 2 1
-0.000741 3 1 3 2 2
0.000129 3 1 3 2 3
-0.000282 3 1 3 3 0
-0.000975 3 1 3 3 1
0.000895 3 1 3 3 2
0.000805 3 1 3 3 3
-0.000476 3 2 0 0 0
0.000164 3 2 0 0 1
0.000618 3 2 0 0 2
-0.000710 3 2 0 0 3
0.000326 3 2 0 1 0
0.000352 3 2 0 1 1
-0.000359 3 2 0 1 2
-0.000314 3 2 0 1 3
0.000204 3 2 0 2 0
0.000498 3 2 0 2 1
-0.000890 3 2 0 2 2
-0.000415 3 2 0 2 3
0.000710 3 2 0 3 0
0.000561 3 2 0 3 1
-0.000805 3 2 0 3 2
0.000346 3 2 0 3 3
-0.000782 3 2 1 0 0
0.000383 3 2 1 0 1
-0.000531 3 2 1 0 2
-0.000009 3 2 1 0 3
0.000109 3 2 1 1 0
0.000580 3 2 1 1 1
-0.000100 3 2 1 1 2
0.000249 3 2 1 1 3
0.000731 3 2 1 2 0
0.000352 3 2 1 2 1
-0.000499 3 2 1 2 2
0.000029 3 2 1 2 3
-0.000844 3 2 1 3 0
-0.000716 3 2 1 3 1
-0.000115 3 2 1 3 2
-0.000045 3 2 1 3 3
0.000765 3 2 2 0 0
-0.000931 3 2 2 0 1
0.000916 3 2 2 0 2
0.000970 3 2 2 0 3
0.000258 3 2 2 1 0
-0.000782 3 2 2 1 1
-0.000425 3 2 2 1 2
0.000499 3 2 2 1 3
-0.000444 3 2 2 2 0
-0.000780 3 2 2 2 1
0.000283 3 2 2 2 2
0.000727 3 2 2 2 3
0.000594 3 2 2 3 0
-0.000909 3 2 2 3 1
-0.000276 3 2 2 3 2
0.000405 3 2 2 3 3
-0.000331 3 2 3 0 0
0.000404 3 2 3 0 1
-0.000865 3 2 3 0 2
0.000019 3 2 3 0 3
0.000776 3 2 3 1 0
0.000400 3 2 3 1 1
-0.000163 3 2 3 1 2
0.000332 3 2 3 1 3
0.000146 3 2 3 2 0
-0.000204 3 2 3 2 1
-0.000199 3 2 3 2 2
-0.000685 3 2 3 2 3
-0.000041 3 2 3 3 0
0.000396 3 2 3 3 1
0.000776 3 2 3 3 2
0.000317 3 2 3 3 3
0.000410 3 3 0 0 0
-0.000241 3 3 0 0 1
-0.000600 3 3 0 0 2
-0.000931 3 3 0 0 3
-0.000301 3 3 0 1 0
0.000045 3 3 0 1 1
0.000061 3 3 0 1 2
0.000450 3 3 0 1 3
0.000784 3 3 0 2 0
-0.000710 3 3 0 2 1
0.000833 3 3 0 2 2
-0.000371 3 3 0 2 3
-0.000859 3 3 0 3 0
0.000217 3 3 0 3 1
-0.000893 3 3 0 3 2
0.000917 3 3 0 3 3
0.000528 3 3 1 0 0
-0.000506 3 3 1 0 1
0.000435 3 3 1 0 2
-0.000689 3 3 1 0 3
0.000220 3 3 1 1 0
0.000953 3 3 1 1 1
0.000297 3 3 1 1 2
-0.000900 3 3 1 1 3
-0.000551 3 3 1 2 0
0.000197 3 3 1 2 1
-0.000428 3 3 1 2 2
0.000617 3 3 1 2 3
0.000348 3 3 1 3 0
0.000427 3 3 1 3 1
0.000629 3 3 1 3 2
0.000156 3 3 1 3 3
-0.000026 3 3 2 0 0
0.000163 3 3 2 0 1
0.000370 3 3 2 0 2
-0.000786 3 3 2 0 3
-0.000626 3 3 2 1 0
-0.000285 3 3 2 1 1
0.000857 3 3 2 1 2
-0.000437 3 3 2 1 3
-0.000504 3 3 2 2 0
0.000607 3 3 2 2 1
-0.000847 3 3 2 2 2
-0.000340 3 3 2 2 3
0.000471 3 3 2 3 0
-0.000062 3 3 2 3 1
0.000810 3 3 2 3 2
-0.000301 3 3 2 3 3
-0.000485 3 3 3 0 0
-0.000082 3 3 3 0 1
-0.000478 3 3 3 0 2
0.000363 3 3 3 0 3
-0.000420 3 3 3 1 0
-0.000018 3 3 3 1 1
-0.000043 3 3 3 1 2
-0.000579 3 3 3 1 3
-0.000502 3 3 3 2 0
-0.000482 3 3 3 2 1
0.000086 3 3 3 2 2
0.000081 3 3 3 2 3
-0.000286 3 3 3 3 0
-0.000522 3 3 3 3 1
0.000051 3 3 3 3 2
0.000274 3 3 3 3 3
