0.009874 0 0 0
0.014701 0 0 1
-0.013952 0 0 2
0.014919 0 0 3
0.008343 0 1 0
0.010864 0 1 1
-0.005729 0 1 2
-0.010476 0 1 3
-0.013801 0 2 0
-0.001305 0 2 1
0.011290 0 2 2
0.007014 0 2 3
-0.011397 0 3 0
-0.005822 0 3 1
-0.007475 0 3 2
-0.013120 0 3 3
0.003822 1 0 0
-0.012599 1 0 1
-0.012366 1 0 2
0.003494 1 0 3
0.010242 1 1 0
0.013391 1 1 1
0.012902 1 1 2
-0.011610 1 1 3
-0.003818 1 2 0
-0.008668 1 2 1
-0.004730 1 2 2
-0.012743 1 2 3
0.007991 1 3 0
-0.007861 1 3 1
0.008468 1 3 2
0.008418 1 3 3
-0.012577 2 0 0
0.001035 2 0 1
0.001040 2 0 2
0.008030 2 0 3
-0.005183 2 1 0
-0.012716 2 1 1
-0.008361 2 1 2
0.001289 2 1 3
0.015579 2 2 0
-0.014618 2 2 1
0.007701 2 2 2
0.014220 2 2 3
-0.008841 2 3 0
0.003919 2 3 1
0.001510 2 3 2
-0.007915 2 3 3
-0.001322 3 0 0
0.005516 3 0 1
-0.010927 3 0 2
0.013887 3 0 3
0.003714 3 1 0
0.006754 3 1 1
0.002283 3 1 2
0.006058 3 1 3
0.012900 3 2 0
0.000131 3 2 1
0.000844 3 2 2
0.004183 3 2 3
0.014226 3 3 0
0.000575 3 3 1
0.002559 3 3 2
0.012731 3 3 3
