-0.000532 0 0 0 0 0
0.000101 0 0 1 0 0
0.000101 0 0 0 0 1
0.000101 0 1 0 0 0
0.000101 0 0 0 1 0
0.000101 1 0 0 0 0
-0.000234 2 0 0 0 0
-0.000234 0 0 0 0 2
-0.000234 0 2 0 0 0
-0.000234 0 0 2 0 0
-0.000234 0 0 0 2 0
0.000227 0 3 0 0 0
0.000227 0 0 0 3 0
0.000227 3 0 0 0 0
0.000227 0 0 0 0 3
0.000227 0 0 3 0 0
0.000066 1 0 1 0 0
0.000066 0 0 1 0 1
0.000066 1 1 0 0 0
0.000066 0 1 0 0 1
0.000066 1 0 0 0 1
0.000066 0 0 1 1 0
0.000066 0 0 0 1 1
0.000066 0 1 0 1 0
0.000066 0 1 1 0 0
0.000066 1 0 0 1 0
-0.000046 0 0 0 1 2
-0.000046 1 0 0 0 2
-0.000046 2 0 1 0 0
-0.000046 0 2 0 1 0
-0.000046 1 2 0 0 0
-0.000046 0 1 0 2 0
-0.000046 0 0 1 2 0
-0.000046 0 2 0 0 1
-0.000046 1 0 2 0 0
-0.000046 2 0 0 1 0
-0.000046 2 1 0 0 0
-0.000046 0 0 1 0 2
-0.000046 0 1 2 0 0
-0.000046 0 1 0 0 2
-0.000046 2 0 0 0 1
-0.000046 1 0 0 2 0
-0.000046 0 0 2 0 1
-0.000046 0 0 2 1 0
-0.000046 0 2 1 0 0
-0.000046 0 0 0 2 1
0.000056 0 3 1 0 0
0.000056 0 0 1 0 3
0.000056 3 1 0 0 0
0.000056 1 0 0 3 0
0.000056 0 1 0 0 3
0.000056 3 0 0 1 0
0.000056 1 0 3 0 0
0.000056 0 1 3 0 0
0.000056 1 3 0 0 0
0.000056 0 0 0 3 1
0.000056 3 0 0 0 1
0.000056 0 0 0 1 3
0.000056 1 0 0 0 3
0.000056 3 0 1 0 0
0.000056 0 0 1 3 0
0.000056 0 3 0 1 0
0.000056 0 0 3 1 0
0.000056 0 0 3 0 1
0.000056 0 1 0 3 0
0.000056 0 3 0 0 1
0.000036 0 0 2 0 2
0.000036 0 0 0 2 2
0.000036 2 0 0 2 0
0.000036 0 0 2 2 0
0.000036 2 0 2 0 0
0.000036 0 2 0 2 0
0.000036 2 0 0 0 2
0.000036 0 2 2 0 0
0.000036 0 2 0 0 2
0.000036 2 2 0 0 0
0.000095 0 0 3 0 3
0.000095 3 0 3 0 0
0.000095 0 0 3 3 0
0.000095 0 3 0 3 0
0.000095 3 3 0 0 0
0.000095 0 3 0 0 3
0.000095 0 0 0 3 3
0.000095 3 0 0 0 3
0.000095 3 0 0 3 0
0.000095 0 3 3 0 0
-0.000192 0 1 0 1 1
-0.000192 0 0 1 1 1
-0.000192 1 1 1 0 0
-0.000192 1 0 0 1 1
-0.000192 1 0 1 1 0
-0.000192 0 1 1 0 1
-0.000192 1 1 0 1 0
-0.000192 1 0 1 0 1
-0.000192 1 1 0 0 1
-0.000192 0 1 1 1 0
-0.000114 0 1 1 2 0
-0.000114 1 0 2 0 1
-0.000114 2 1 0 0 1
-0.000114 1 0 1 0 2
-0.000114 2 0 0 1 1
-0.000114 0 1 2 1 0
-0.000114 0 2 1 1 0
-0.000114 0 1 2 0 1
-0.000114 0 1 0 1 2
-0.000114 0 1 1 0 2
-0.000114 1 0 0 2 1
-0.000114 1 1 0 2 0
-0.000114 2 1 1 0 0
-0.000114 0 2 1 0 1
-0.000114 0 0 2 1 1
-0.000114 1 0 0 1 2
-0.000114 1 1 2 0 0
-0.000114 1 1 0 0 2
-0.000114 1 0 1 2 0
-0.000114 1 2 0 1 0
-0.000114 2 0 1 0 1
-0.000114 2 0 1 1 0
-0.000114 0 2 0 1 1
-0.000114 1 2 0 0 1
-0.000114 1 0 2 1 0
-0.000114 0 1 0 2 1
-0.000114 1 2 1 0 0
-0.000114 2 1 0 1 0
-0.000114 0 0 1 2 1
-0.000114 0 0 1 1 2
-0.000099 1 3 0 1 0
-0.000099 3 0 0 1 1
-0.000099 1 1 0 3 0
-0.000099 1 0 3 0 1
-0.000099 0 1 3 1 0
-0.000099 1 3 0 0 1
-0.000099 1 0 0 1 3
-0.000099 0 1 3 0 1
-0.000099 3 1 1 0 0
-0.000099 1 1 0 0 3
-0.000099 1 0 1 3 0
-0.000099 1 1 3 0 0
-0.000099 1 3 1 0 0
-0.000099 0 0 1 3 1
-0.000099 3 0 1 1 0
-0.000099 0 1 1 3 0
-0.000099 0 3 0 1 1
-0.000099 3 0 1 0 1
-0.000099 0 1 0 3 1
-0.000099 0 0 3 1 1
-0.000099 0 3 1 1 0
-0.000099 0 0 1 1 3
-0.000099 3 1 0 1 0
-0.000099 0 3 1 0 1
-0.000099 1 0 1 0 3
-0.000099 3 1 0 0 1
-0.000099 1 0 0 3 1
-0.000099 0 1 0 1 3
-0.000099 1 0 3 1 0
-0.000099 0 1 1 0 3
0.000028 0 0 2 2 1
0.000028 1 0 0 2 2
0.000028 0 2 2 0 1
0.000028 2 2 0 1 0
0.000028 2 0 1 2 0
0.000028 0 0 2 1 2
0.000028 2 2 0 0 1
0.000028 0 2 1 0 2
0.000028 1 0 2 2 0
0.000028 2 2 1 0 0
0.000028 1 2 0 2 0
0.000028 2 1 0 2 0
0.000028 0 2 0 2 1
0.000028 2 0 1 0 2
0.000028 0 2 0 1 2
0.000028 1 2 0 0 2
0.000028 2 0 2 1 0
0.000028 2 1 2 0 0
0.000028 0 1 0 2 2
0.000028 0 1 2 2 0
0.000028 0 0 1 2 2
0.000028 0 2 1 2 0
0.000028 1 0 2 0 2
0.000028 2 0 0 1 2
0.000028 2 0 0 2 1
0.000028 2 1 0 0 2
0.000028 1 2 2 0 0
0.000028 2 0 2 0 1
0.000028 0 1 2 0 2
0.000028 0 2 2 1 0
0.000124 0 2 0 3 1
0.000124 0 2 3 1 0
0.000124 0 2 3 0 1
0.000124 1 3 2 0 0
0.000124 3 0 2 0 1
0.000124 0 0 3 2 1
0.000124 0 3 1 2 0
0.000124 3 0 2 1 0
0.000124 2 0 1 0 3
0.000124 0 2 0 1 3
0.000124 0 0 1 3 2
0.000124 0 3 0 2 1
0.000124 1 2 0 0 3
0.000124 2 1 3 0 0
0.000124 3 0 1 0 2
0.000124 0 3 0 1 2
0.000124 0 3 2 1 0
0.000124 0 1 0 2 3
0.000124 0 1 0 3 2
0.000124 0 0 3 1 2
0.000124 0 0 1 2 3
0.000124 0 1 2 3 0
0.000124 2 0 0 3 1
0.000124 3 1 2 0 0
0.000124 1 0 2 0 3
0.000124 3 1 0 2 0
0.000124 0 3 2 0 1
0.000124 2 3 0 1 0
0.000124 0 2 1 3 0
0.000124 3 2 1 0 0
0.000124 2 0 0 1 3
0.000124 2 0 3 0 1
0.000124 0 3 1 0 2
0.000124 1 0 3 2 0
0.000124 2 0 3 1 0
0.000124 2 1 0 0 3
0.000124 3 1 0 0 2
0.000124 1 3 0 2 0
0.000124 3 2 0 1 0
0.000124 2 3 0 0 1
0.000124 1 0 0 3 2
0.000124 3 0 0 2 1
0.000124 3 2 0 0 1
0.000124 0 1 2 0 3
0.000124 2 3 1 0 0
0.000124 0 1 3 2 0
0.000124 0 0 2 3 1
0.000124 1 0 0 2 3
0.000124 1 2 0 3 0
0.000124 1 0 3 0 2
0.000124 3 0 0 1 2
0.000124 2 0 1 3 0
0.000124 0 2 1 0 3
0.000124 0 1 3 0 2
0.000124 0 0 2 1 3
0.000124 3 0 1 2 0
0.000124 1 2 3 0 0
0.000124 1 0 2 3 0
0.000124 1 3 0 0 2
0.000124 2 1 0 3 0
-0.000048 0 3 1 0 3
-0.000048 1 3 3 0 0
-0.000048 3 0 0 3 1
-0.000048 3 0 3 0 1
-0.000048 3 1 0 0 3
-0.000048 3 0 3 1 0
-0.000048 0 1 3 3 0
-0.000048 1 0 0 3 3
-0.000048 1 3 0 3 0
-0.000048 3 1 3 0 0
-0.000048 3 0 0 1 3
-0.000048 1 0 3 0 3
-0.000048 0 0 3 3 1
-0.000048 1 3 0 0 3
-0.000048 3 0 1 3 0
-0.000048 0 1 3 0 3
-0.000048 0 3 3 1 0
-0.000048 0 3 1 3 0
-0.000048 3 3 1 0 0
-0.000048 0 3 0 3 1
-0.000048 0 0 1 3 3
-0.000048 0 3 0 1 3
-0.000048 3 0 1 0 3
-0.000048 3 1 0 3 0
-0.000048 0 0 3 1 3
-0.000048 0 3 3 0 1
-0.000048 3 3 0 0 1
-0.000048 3 3 0 1 0
-0.000048 0 1 0 3 3
-0.000048 1 0 3 3 0
-0.000134 0 2 2 0 2
-0.000134 2 0 2 0 2
-0.000134 2 2 0 0 2
-0.000134 2 0 0 2 2
-0.000134 2 2 0 2 0
-0.000134 2 2 2 0 0
-0.000134 0 0 2 2 2
-0.000134 2 0 2 2 0
-0.000134 0 2 2 2 0
-0.000134 0 2 0 2 2
0.000070 2 3 2 0 0
0.000070 0 3 2 0 2
0.000070 2 3 0 2 0
0.000070 2 0 0 2 3
0.000070 2 0 3 0 2
0.000070 2 2 0 3 0
0.000070 3 2 2 0 0
0.000070 2 0 2 0 3
0.000070 2 3 0 0 2
0.000070 3 2 0 0 2
0.000070 3 0 0 2 2
0.000070 0 0 2 3 2
0.000070 0 0 2 2 3
0.000070 0 2 3 2 0
0.000070 0 2 2 0 3
0.000070 2 2 0 0 3
0.000070 3 0 2 2 0
0.000070 0 2 0 3 2
0.000070 0 2 3 0 2
0.000070 0 2 0 2 3
0.000070 2 0 2 3 0
0.000070 2 0 3 2 0
0.000070 0 0 3 2 2
0.000070 3 0 2 0 2
0.000070 0 3 0 2 2
0.000070 0 3 2 2 0
0.000070 2 0 0 3 2
0.000070 2 2 3 0 0
0.000070 3 2 0 2 0
0.000070 0 2 2 3 0
-0.000051 0 0 2 3 3
-0.000051 0 2 3 3 0
-0.000051 3 2 0 0 3
-0.000051 0 0 3 3 2
-0.000051 0 3 2 3 0
-0.000051 0 3 3 2 0
-0.000051 3 0 2 3 0
-0.000051 2 0 3 3 0
-0.000051 3 3 0 2 0
-0.000051 0 2 0 3 3
-0.000051 0 2 3 0 3
-0.000051 0 3 0 3 2
-0.000051 3 3 2 0 0
-0.000051 3 0 2 0 3
-0.000051 0 0 3 2 3
-0.000051 0 3 0 2 3
-0.000051 0 3 3 0 2
-0.000051 2 3 0 3 0
-0.000051 3 2 0 3 0
-0.000051 2 3 3 0 0
-0.000051 2 0 0 3 3
-0.000051 3 3 0 0 2
-0.000051 3 0 3 2 0
-0.000051 0 3 2 0 3
-0.000051 2 0 3 0 3
-0.000051 3 0 0 3 2
-0.000051 3 2 3 0 0
-0.000051 3 0 3 0 2
-0.000051 2 3 0 0 3
-0.000051 3 0 0 2 3
-0.000101 0 3 3 0 3
-0.000101 3 3 3 0 0
-0.000101 3 3 0 0 3
-0.000101 0 3 3 3 0
-0.000101 3 0 3 0 3
-0.000101 0 0 3 3 3
-0.000101 0 3 0 3 3
-0.000101 3 0 3 3 0
-0.000101 3 3 0 3 0
-0.000101 3 0 0 3 3
0.000213 1 0 1 1 1
0.000213 1 1 1 1 0
0.000213 1 1 0 1 1
0.000213 0 1 1 1 1
0.000213 1 1 1 0 1
0.000043 1 0 1 3 1
0.000043 1 1 1 0 3
0.000043 1 3 1 0 1
0.000043 1 3 1 1 0
0.000043 1 0 1 1 3
0.000043 3 0 1 1 1
0.000043 0 1 1 3 1
0.000043 0 3 1 1 1
0.000043 3 1 0 1 1
0.000043 0 1 1 1 3
0.000043 1 0 3 1 1
0.000043 1 3 0 1 1
0.000043 1 1 3 1 0
0.000043 1 1 1 3 0
0.000043 3 1 1 1 0
0.000043 1 1 0 3 1
0.000043 0 1 3 1 1
0.000043 3 1 1 0 1
0.000043 1 1 0 1 3
0.000043 1 1 3 0 1
0.000050 1 2 0 1 2
0.000050 1 2 0 2 1
0.000050 2 0 1 1 2
0.000050 2 0 2 1 1
0.000050 2 1 2 0 1
0.000050 1 0 2 1 2
0.000050 1 2 1 0 2
0.000050 0 1 2 2 1
0.000050 2 1 0 1 2
0.000050 0 1 1 2 2
0.000050 1 2 2 1 0
0.000050 0 2 1 2 1
0.000050 0 1 2 1 2
0.000050 1 2 2 0 1
0.000050 2 1 1 2 0
0.000050 0 2 1 1 2
0.000050 1 1 2 2 0
0.000050 0 2 2 1 1
0.000050 2 2 1 1 0
0.000050 1 1 0 2 2
0.000050 2 0 1 2 1
0.000050 2 1 1 0 2
0.000050 2 2 0 1 1
0.000050 2 2 1 0 1
0.000050 1 1 2 0 2
0.000050 2 1 2 1 0
0.000050 1 0 2 2 1
0.000050 1 2 1 2 0
0.000050 2 1 0 2 1
0.000050 1 0 1 2 2
0.000118 3 1 0 2 1
0.000118 0 1 1 2 3
0.000118 2 1 1 3 0
0.000118 2 3 1 1 0
0.000118 0 2 1 3 1
0.000118 3 1 0 1 2
0.000118 2 3 0 1 1
0.000118 1 0 3 2 1
0.000118 2 0 3 1 1
0.000118 1 1 2 3 0
0.000118 3 2 1 0 1
0.000118 0 1 2 1 3
0.000118 1 1 3 2 0
0.000118 0 1 2 3 1
0.000118 0 2 1 1 3
0.000118 1 3 0 2 1
0.000118 3 2 0 1 1
0.000118 3 1 1 2 0
0.000118 1 0 3 1 2
0.000118 2 3 1 0 1
0.000118 1 2 0 3 1
0.000118 0 1 3 2 1
0.000118 1 3 0 1 2
0.000118 3 1 2 0 1
0.000118 2 0 1 3 1
0.000118 1 1 0 2 3
0.000118 1 2 1 3 0
0.000118 0 1 3 1 2
0.000118 1 1 0 3 2
0.000118 2 1 1 0 3
0.000118 3 0 1 2 1
0.000118 1 2 3 1 0
0.000118 3 1 1 0 2
0.000118 1 2 3 0 1
0.000118 1 0 2 3 1
0.000118 1 1 2 0 3
0.000118 2 1 0 3 1
0.000118 1 0 1 3 2
0.000118 1 3 1 2 0
0.000118 1 1 3 0 2
0.000118 2 1 3 1 0
0.000118 1 0 1 2 3
0.000118 0 2 3 1 1
0.000118 1 2 0 1 3
0.000118 1 3 2 1 0
0.000118 1 3 2 0 1
0.000118 3 0 2 1 1
0.000118 0 3 1 2 1
0.000118 1 3 1 0 2
0.000118 2 0 1 1 3
0.000118 3 0 1 1 2
0.000118 3 1 2 1 0
0.000118 0 1 1 3 2
0.000118 2 1 3 0 1
0.000118 0 3 2 1 1
0.000118 1 0 2 1 3
0.000118 1 2 1 0 3
0.000118 3 2 1 1 0
0.000118 2 1 0 1 3
0.000118 0 3 1 1 2
0.000098 3 1 3 0 1
0.000098 1 3 0 1 3
0.000098 1 1 0 3 3
0.000098 1 3 1 3 0
0.000098 0 1 3 1 3
0.000098 3 0 1 3 1
0.000098 0 3 3 1 1
0.000098 3 1 1 0 3
0.000098 3 3 1 0 1
0.000098 0 3 1 3 1
0.000098 3 3 1 1 0
0.000098 1 0 1 3 3
0.000098 1 1 3 0 3
0.000098 1 3 1 0 3
0.000098 3 0 1 1 3
0.000098 3 1 0 3 1
0.000098 0 1 1 3 3
0.000098 3 3 0 1 1
0.000098 0 3 1 1 3
0.000098 1 0 3 3 1
0.000098 3 1 0 1 3
0.000098 1 3 3 0 1
0.000098 3 1 1 3 0
0.000098 1 3 3 1 0
0.000098 3 0 3 1 1
0.000098 1 3 0 3 1
0.000098 0 1 3 3 1
0.000098 1 1 3 3 0
0.000098 3 1 3 1 0
0.000098 1 0 3 1 3
-0.000031 2 0 3 3 1
-0.000031 3 3 1 0 2
-0.000031 0 2 3 1 3
-0.000031 1 3 2 0 3
-0.000031 3 0 2 1 3
-0.000031 3 3 2 0 1
-0.000031 3 3 2 1 0
-0.000031 2 3 3 1 0
-0.000031 0 3 1 2 3
-0.000031 2 1 0 3 3
-0.000031 3 2 1 3 0
-0.000031 2 1 3 0 3
-0.000031 2 3 1 3 0
-0.000031 3 1 0 3 2
-0.000031 0 3 2 1 3
-0.000031 2 3 0 3 1
-0.000031 3 2 0 3 1
-0.000031 3 3 0 1 2
-0.000031 2 3 3 0 1
-0.000031 3 1 2 0 3
-0.000031 0 1 2 3 3
-0.000031 1 0 3 3 2
-0.000031 1 3 3 2 0
-0.000031 3 1 0 2 3
-0.000031 3 2 3 1 0
-0.000031 0 2 1 3 3
-0.000031 3 0 3 2 1
-0.000031 2 3 0 1 3
-0.000031 3 1 3 2 0
-0.000031 3 2 1 0 3
-0.000031 3 2 3 0 1
-0.000031 1 3 3 0 2
-0.000031 1 0 3 2 3
-0.000031 2 0 3 1 3
-0.000031 3 0 3 1 2
-0.000031 0 1 3 3 2
-0.000031 1 3 0 2 3
-0.000031 1 2 3 3 0
-0.000031 1 3 0 3 2
-0.000031 3 2 0 1 3
-0.000031 2 3 1 0 3
-0.000031 0 1 3 2 3
-0.000031 2 1 3 3 0
-0.000031 3 1 3 0 2
-0.000031 1 2 0 3 3
-0.000031 0 2 3 3 1
-0.000031 3 1 2 3 0
-0.000031 2 0 1 3 3
-0.000031 3 0 1 3 2
-0.000031 3 3 1 2 0
-0.000031 1 3 2 3 0
-0.000031 3 0 1 2 3
-0.000031 0 3 2 3 1
-0.000031 1 2 3 0 3
-0.000031 1 0 2 3 3
-0.000031 3 0 2 3 1
-0.000031 0 3 3 1 2
-0.000031 0 3 3 2 1
-0.000031 0 3 1 3 2
-0.000031 3 3 0 2 1
0.000049 1 0 3 3 3
0.000049 1 3 3 0 3
0.000049 3 3 3 0 1
0.000049 3 0 3 1 3
0.000049 1 3 0 3 3
0.000049 0 1 3 3 3
0.000049 3 1 3 0 3
0.000049 3 3 1 3 0
0.000049 0 3 3 3 1
0.000049 3 3 0 3 1
0.000049 3 0 1 3 3
0.000049 0 3 3 1 3
0.000049 3 3 1 0 3
0.000049 0 3 1 3 3
0.000049 3 0 3 3 1
0.000049 3 3 3 1 0
0.000049 1 3 3 3 0
0.000049 3 1 0 3 3
0.000049 3 1 3 3 0
0.000049 3 3 0 1 3
0.000048 2 0 2 2 2
0.000048 0 2 2 2 2
0.000048 2 2 2 2 0
0.000048 2 2 0 2 2
0.000048 2 2 2 0 2
0.000128 2 0 2 3 2
0.000128 3 2 2 2 0
0.000128 2 2 2 0 3
0.000128 2 0 3 2 2
0.000128 2 3 2 2 0
0.000128 0 3 2 2 2
0.000128 2 0 2 2 3
0.000128 2 2 3 0 2
0.000128 3 2 0 2 2
0.000128 0 2 2 3 2
0.000128 2 3 2 0 2
0.000128 2 3 0 2 2
0.000128 2 2 0 3 2
0.000128 0 2 2 2 3
0.000128 3 2 2 0 2
0.000128 2 2 0 2 3
0.000128 0 2 3 2 2
0.000128 2 2 2 3 0
0.000128 2 2 3 2 0
0.000128 3 0 2 2 2
0.000067 0 2 2 3 3
0.000067 3 0 3 2 2
0.000067 2 3 2 0 3
0.000067 2 3 0 2 3
0.000067 3 2 3 0 2
0.000067 2 2 0 3 3
0.000067 3 2 2 0 3
0.000067 0 2 3 2 3
0.000067 0 2 3 3 2
0.000067 3 3 2 2 0
0.000067 2 3 2 3 0
0.000067 0 3 2 3 2
0.000067 0 3 3 2 2
0.000067 3 0 2 2 3
0.000067 2 2 3 3 0
0.000067 3 0 2 3 2
0.000067 3 3 0 2 2
0.000067 2 0 3 3 2
0.000067 3 2 2 3 0
0.000067 2 0 2 3 3
0.000067 2 3 3 2 0
0.000067 3 3 2 0 2
0.000067 2 0 3 2 3
0.000067 3 2 3 2 0
0.000067 2 2 3 0 3
0.000067 0 3 2 2 3
0.000067 2 3 0 3 2
0.000067 3 2 0 3 2
0.000067 2 3 3 0 2
0.000067 3 2 0 2 3
-0.000078 0 2 3 3 3
-0.000078 0 3 3 3 2
-0.000078 3 3 0 3 2
-0.000078 3 0 2 3 3
-0.000078 0 3 3 2 3
-0.000078 0 3 2 3 3
-0.000078 2 3 3 3 0
-0.000078 3 3 0 2 3
-0.000078 3 2 3 3 0
-0.000078 2 0 3 3 3
-0.000078 3 0 3 3 2
-0.000078 3 3 2 0 3
-0.000078 3 3 3 2 0
-0.000078 2 3 0 3 3
-0.000078 3 2 0 3 3
-0.000078 2 3 3 0 3
-0.000078 3 0 3 2 3
-0.000078 3 2 3 0 3
-0.000078 3 3 3 0 2
-0.000078 3 3 2 3 0
0.000140 3 0 3 3 3
0.000140 0 3 3 3 3
0.000140 3 3 3 3 0
0.000140 3 3 0 3 3
0.000140 3 3 3 0 3
-0.000286 1 1 1 1 1
0.000148 1 1 2 1 1
0.000148 1 1 1 1 2
0.000148 2 1 1 1 1
0.000148 1 2 1 1 1
0.000148 1 1 1 2 1
-0.000633 1 3 1 1 1
-0.000633 1 1 1 1 3
-0.000633 1 1 3 1 1
-0.000633 1 1 1 3 1
-0.000633 3 1 1 1 1
-0.000163 1 2 2 1 1
-0.000163 1 1 2 2 1
-0.000163 2 1 1 1 2
-0.000163 1 2 1 2 1
-0.000163 2 1 2 1 1
-0.000163 1 2 1 1 2
-0.000163 2 2 1 1 1
-0.000163 1 1 2 1 2
-0.000163 1 1 1 2 2
-0.000163 2 1 1 2 1
0.000040 2 1 1 1 3
0.000040 1 1 3 1 2
0.000040 1 1 1 2 3
0.000040 1 1 1 3 2
0.000040 3 1 1 1 2
0.000040 1 1 2 1 3
0.000040 1 2 1 3 1
0.000040 1 2 3 1 1
0.000040 1 2 1 1 3
0.000040 1 3 1 2 1
0.000040 2 1 3 1 1
0.000040 1 3 2 1 1
0.000040 1 3 1 1 2
0.000040 3 1 2 1 1
0.000040 3 2 1 1 1
0.000040 2 3 1 1 1
0.000040 2 1 1 3 1
0.000040 1 1 2 3 1
0.000040 1 1 3 2 1
0.000040 3 1 1 2 1
0.000160 1 1 1 3 3
0.000160 1 1 3 3 1
0.000160 3 1 1 1 3
0.000160 1 3 1 3 1
0.000160 3 1 3 1 1
0.000160 1 3 1 1 3
0.000160 3 1 1 3 1
0.000160 1 1 3 1 3
0.000160 1 3 3 1 1
0.000160 3 3 1 1 1
0.000131 2 1 2 2 1
0.000131 2 2 2 1 1
0.000131 1 2 2 1 2
0.000131 1 2 1 2 2
0.000131 2 1 1 2 2
0.000131 2 2 1 1 2
0.000131 2 2 1 2 1
0.000131 1 1 2 2 2
0.000131 1 2 2 2 1
0.000131 2 1 2 1 2
0.000025 2 1 3 1 2
0.000025 2 1 3 2 1
0.000025 1 3 2 1 2
0.000025 2 2 3 1 1
0.000025 3 1 2 1 2
0.000025 3 1 2 2 1
0.000025 3 2 1 2 1
0.000025 2 3 2 1 1
0.000025 3 2 2 1 1
0.000025 1 2 2 3 1
0.000025 2 3 1 2 1
0.000025 3 2 1 1 2
0.000025 2 1 1 3 2
0.000025 2 3 1 1 2
0.000025 1 2 2 1 3
0.000025 1 1 2 3 2
0.000025 2 1 1 2 3
0.000025 1 1 3 2 2
0.000025 3 1 1 2 2
0.000025 2 2 1 3 1
0.000025 1 1 2 2 3
0.000025 2 1 2 1 3
0.000025 1 2 3 2 1
0.000025 2 1 2 3 1
0.000025 2 2 1 1 3
0.000025 1 2 1 3 2
0.000025 1 3 2 2 1
0.000025 1 2 3 1 2
0.000025 1 2 1 2 3
0.000025 1 3 1 2 2
0.000156 2 3 1 1 3
0.000156 2 1 1 3 3
0.000156 3 1 3 2 1
0.000156 3 1 1 3 2
0.000156 1 3 3 1 2
0.000156 1 1 2 3 3
0.000156 1 1 3 2 3
0.000156 1 1 3 3 2
0.000156 3 1 3 1 2
0.000156 1 2 3 3 1
0.000156 3 1 1 2 3
0.000156 2 1 3 3 1
0.000156 1 2 1 3 3
0.000156 1 3 1 3 2
0.000156 3 3 1 2 1
0.000156 3 1 2 3 1
0.000156 1 2 3 1 3
0.000156 1 3 2 3 1
0.000156 3 3 1 1 2
0.000156 1 3 1 2 3
0.000156 2 1 3 1 3
0.000156 1 3 2 1 3
0.000156 3 3 2 1 1
0.000156 3 2 1 3 1
0.000156 2 3 3 1 1
0.000156 3 1 2 1 3
0.000156 2 3 1 3 1
0.000156 3 2 1 1 3
0.000156 1 3 3 2 1
0.000156 3 2 3 1 1
-0.000289 3 3 1 3 1
-0.000289 3 3 3 1 1
-0.000289 1 3 3 1 3
-0.000289 3 1 1 3 3
-0.000289 3 1 3 3 1
-0.000289 3 3 1 1 3
-0.000289 1 1 3 3 3
-0.000289 1 3 1 3 3
-0.000289 3 1 3 1 3
-0.000289 1 3 3 3 1
-0.000313 2 2 2 2 1
-0.000313 1 2 2 2 2
-0.000313 2 2 1 2 2
-0.000313 2 2 2 1 2
-0.000313 2 1 2 2 2
0.000024 2 3 1 2 2
0.000024 1 2 2 2 3
0.000024 2 2 1 2 3
0.000024 2 2 1 3 2
0.000024 1 2 3 2 2
0.000024 2 1 2 3 2
0.000024 2 2 2 3 1
0.000024 1 3 2 2 2
0.000024 2 1 2 2 3
0.000024 2 2 3 2 1
0.000024 2 1 3 2 2
0.000024 3 2 2 2 1
0.000024 2 2 3 1 2
0.000024 2 2 2 1 3
0.000024 3 1 2 2 2
0.000024 3 2 1 2 2
0.000024 1 2 2 3 2
0.000024 2 3 2 1 2
0.000024 2 3 2 2 1
0.000024 3 2 2 1 2
-0.000132 2 1 3 3 2
-0.000132 1 2 3 2 3
-0.000132 2 1 2 3 3
-0.000132 3 3 2 2 1
-0.000132 3 1 2 3 2
-0.000132 3 3 1 2 2
-0.000132 2 3 2 3 1
-0.000132 1 3 2 2 3
-0.000132 2 2 3 3 1
-0.000132 1 3 2 3 2
-0.000132 2 1 3 2 3
-0.000132 2 2 3 1 3
-0.000132 3 2 2 3 1
-0.000132 3 3 2 1 2
-0.000132 2 3 3 1 2
-0.000132 2 3 3 2 1
-0.000132 3 1 2 2 3
-0.000132 3 2 1 2 3
-0.000132 3 2 1 3 2
-0.000132 3 2 3 2 1
-0.000132 2 3 1 3 2
-0.000132 1 2 2 3 3
-0.000132 2 3 2 1 3
-0.000132 3 2 2 1 3
-0.000132 2 3 1 2 3
-0.000132 1 3 3 2 2
-0.000132 3 2 3 1 2
-0.000132 3 1 3 2 2
-0.000132 1 2 3 3 2
-0.000132 2 2 1 3 3
0.000046 2 3 3 3 1
0.000046 3 2 3 3 1
0.000046 3 3 2 1 3
0.000046 3 2 1 3 3
0.000046 2 3 3 1 3
0.000046 2 3 1 3 3
0.000046 1 3 3 3 2
0.000046 3 3 3 2 1
0.000046 3 3 3 1 2
0.000046 3 1 3 3 2
0.000046 1 3 3 2 3
0.000046 3 2 3 1 3
0.000046 3 1 3 2 3
0.000046 1 2 3 3 3
0.000046 3 3 2 3 1
0.000046 3 3 1 3 2
0.000046 2 1 3 3 3
0.000046 3 1 2 3 3
0.000046 3 3 1 2 3
0.000046 1 3 2 3 3
-0.000215 1 3 3 3 3
-0.000215 3 3 3 1 3
-0.000215 3 3 1 3 3
-0.000215 3 1 3 3 3
-0.000215 3 3 3 3 1
0.000013 2 2 2 2 2
-0.000059 2 3 2 2 2
-0.000059 2 2 3 2 2
-0.000059 2 2 2 2 3
-0.000059 3 2 2 2 2
-0.000059 2 2 2 3 2
-0.000187 3 3 2 2 2
-0.000187 3 2 2 3 2
-0.000187 2 3 3 2 2
-0.000187 2 2 2 3 3
-0.000187 3 2 2 2 3
-0.000187 2 3 2 3 2
-0.000187 2 2 3 2 3
-0.000187 3 2 3 2 2
-0.000187 2 2 3 3 2
-0.000187 2 3 2 2 3
-0.000072 3 2 2 3 3
-0.000072 3 3 2 3 2
-0.000072 2 3 2 3 3
-0.000072 2 3 3 2 3
-0.000072 3 2 3 2 3
-0.000072 2 2 3 3 3
-0.000072 3 3 3 2 2
-0.000072 3 3 2 2 3
-0.000072 2 3 3 3 2
-0.000072 3 2 3 3 2
0.000021 3 3 3 2 3
0.000021 2 3 3 3 3
0.000021 3 2 3 3 3
0.000021 3 3 3 3 2
0.000021 3 3 2 3 3
0.000274 3 3 3 3 3
