0.002916 0 0 0 0
-0.001805 0 0 0 1
-0.001805 0 1 0 0
-0.001805 0 0 1 0
-0.001805 1 0 0 0
0.000803 0 0 0 2
0.000803 0 0 2 0
0.000803 0 2 0 0
0.000803 2 0 0 0
-0.001002 0 0 0 3
-0.001002 3 0 0 0
-0.001002 0 3 0 0
-0.001002 0 0 3 0
0.001367 0 1 0 1
0.001367 1 1 0 0
0.001367 0 1 1 0
0.001367 1 0 1 0
0.001367 1 0 0 1
0.001367 0 0 1 1
0.000857 0 2 0 1
0.000857 0 0 2 1
0.000857 1 0 0 2
0.000857 2 0 0 1
0.000857 0 0 1 2
0.000857 0 1 2 0
0.000857 1 0 2 0
0.000857 1 2 0 0
0.000857 2 1 0 0
0.000857 0 1 0 2
0.000857 0 2 1 0
0.000857 2 0 1 0
0.000236 0 3 1 0
0.000236 1 0 3 0
0.000236 0 0 1 3
0.000236 0 1 3 0
0.000236 0 1 0 3
0.000236 3 0 0 1
0.000236 3 0 1 0
0.000236 0 3 0 1
0.000236 3 1 0 0
0.000236 1 3 0 0
0.000236 0 0 3 1
0.000236 1 0 0 3
-0.000637 0 2 2 0
-0.000637 2 2 0 0
-0.000637 2 0 2 0
-0.000637 2 0 0 2
-0.000637 0 0 2 2
-0.000637 0 2 0 2
-0.000354 0 3 2 0
-0.000354 3 2 0 0
-0.000354 3 0 0 2
-0.000354 0 3 0 2
-0.000354 2 3 0 0
-0.000354 0 0 2 3
-0.000354 0 2 0 3
-0.000354 0 0 3 2
-0.000354 2 0 0 3
-0.000354 3 0 2 0
-0.000354 2 0 3 0
-0.000354 0 2 3 0
0.000170 0 3 0 3
0.000170 0 3 3 0
0.000170 3 0 3 0
0.000170 0 0 3 3
0.000170 3 3 0 0
0.000170 3 0 0 3
0.000916 1 1 0 1
0.000916 1 1 1 0
0.000916 0 1 1 1
0.000916 1 0 1 1
0.000125 1 0 1 2
0.000125 2 1 1 0
0.000125 1 1 2 0
0.000125 0 1 2 1
0.000125 1 0 2 1
0.000125 1 2 0 1
0.000125 2 1 0 1
0.000125 2 0 1 1
0.000125 1 1 0 2
0.000125 1 2 1 0
0.000125 0 2 1 1
0.000125 0 1 1 2
0.000230 3 0 1 1
0.000230 1 1 0 3
0.000230 1 1 3 0
0.000230 3 1 1 0
0.000230 0 1 1 3
0.000230 1 3 0 1
0.000230 1 0 1 3
0.000230 1 3 1 0
0.000230 3 1 0 1
0.000230 0 3 1 1
0.000230 1 0 3 1
0.000230 0 1 3 1
-0.000459 0 1 2 2
-0.000459 2 2 0 1
-0.000459 1 0 2 2
-0.000459 2 1 0 2
-0.000459 1 2 2 0
-0.000459 2 0 1 2
-0.000459 2 0 2 1
-0.000459 2 2 1 0
-0.000459 0 2 1 2
-0.000459 0 2 2 1
-0.000459 2 1 2 0
-0.000459 1 2 0 2
0.000200 3 2 1 0
0.000200 1 0 3 2
0.000200 1 3 2 0
0.000200 3 2 0 1
0.000200 2 1 0 3
0.000200 2 0 3 1
0.000200 1 3 0 2
0.000200 0 2 3 1
0.000200 2 3 1 0
0.000200 1 0 2 3
0.000200 1 2 3 0
0.000200 2 0 1 3
0.000200 0 3 2 1
0.000200 3 1 2 0
0.000200 0 2 1 3
0.000200 3 0 2 1
0.000200 2 3 0 1
0.000200 0 3 1 2
0.000200 0 1 2 3
0.000200 0 1 3 2
0.000200 3 0 1 2
0.000200 2 1 3 0
0.000200 3 1 0 2
0.000200 1 2 0 3
-0.001249 0 3 1 3
-0.001249 1 0 3 3
-0.001249 0 1 3 3
-0.001249 1 3 3 0
-0.001249 3 0 1 3
-0.001249 3 3 1 0
-0.001249 3 1 3 0
-0.001249 3 0 3 1
-0.001249 3 1 0 3
-0.001249 1 3 0 3
-0.001249 3 3 0 1
-0.001249 0 3 3 1
0.000104 0 2 2 2
0.000104 2 2 0 2
0.000104 2 0 2 2
0.000104 2 2 2 0
0.000820 2 0 3 2
0.000820 3 2 2 0
0.000820 0 2 2 3
0.000820 2 3 0 2
0.000820 0 2 3 2
0.000820 2 2 3 0
0.000820 2 2 0 3
0.000820 0 3 2 2
0.000820 3 2 0 2
0.000820 2 3 2 0
0.000820 2 0 2 3
0.000820 3 0 2 2
-0.000049 3 2 0 3
-0.000049 3 2 3 0
-0.000049 0 3 2 3
-0.000049 3 0 2 3
-0.000049 0 3 3 2
-0.000049 2 3 0 3
-0.000049 3 0 3 2
-0.000049 3 3 2 0
-0.000049 2 3 3 0
-0.000049 3 3 0 2
-0.000049 0 2 3 3
-0.000049 2 0 3 3
-0.000321 0 3 3 3
-0.000321 3 0 3 3
-0.000321 3 3 3 0
-0.000321 3 3 0 3
-0.000131 1 1 1 1
0.000462 1 2 1 1
0.000462 2 1 1 1
0.000462 1 1 1 2
0.000462 1 1 2 1
0.000169 1 2 1 2
0.000169 1 2 2 1
0.000169 2 2 1 1
0.000169 2 1 1 2
0.000169 2 1 2 1
0.000169 1 1 2 2
-0.000724 1 3 2 1
-0.000724 2 1 1 3
-0.000724 1 1 2 3
-0.000724 2 3 1 1
-0.000724 1 2 3 1
-0.000724 3 2 1 1
-0.000724 2 1 3 1
-0.000724 3 1 2 1
-0.000724 1 2 1 3
-0.000724 1 1 3 2
-0.000724 3 1 1 2
-0.000724 1 3 1 2
0.000853 3 1 3 1
0.000853 1 1 3 3
0.000853 3 1 1 3
0.000853 1 3 1 3
0.000853 1 3 3 1
0.000853 3 3 1 1
0.002359 2 2 2 1
0.002359 2 1 2 2
0.002359 1 2 2 2
0.002359 2 2 1 2
-0.000835 1 3 2 2
-0.000835 1 2 3 2
-0.000835 2 1 3 2
-0.000835 3 1 2 2
-0.000835 2 3 2 1
-0.000835 1 2 2 3
-0.000835 2 2 1 3
-0.000835 3 2 1 2
-0.000835 3 2 2 1
-0.000835 2 3 1 2
-0.000835 2 2 3 1
-0.000835 2 1 2 3
-0.000459 2 1 3 3
-0.000459 3 1 2 3
-0.000459 3 3 2 1
-0.000459 3 2 1 3
-0.000459 2 3 3 1
-0.000459 2 3 1 3
-0.000459 1 3 2 3
-0.000459 1 3 3 2
-0.000459 3 3 1 2
-0.000459 3 1 3 2
-0.000459 1 2 3 3
-0.000459 3 2 3 1
0.001937 3 3 1 3
0.001937 3 1 3 3
0.001937 3 3 3 1
0.001937 1 3 3 3
-0.000861 2 2 2 2
-0.001442 2 3 2 2
-0.001442 3 2 2 2
-0.001442 2 2 2 3
-0.001442 2 2 3 2
-0.000740 3 2 2 3
-0.000740 2 2 3 3
-0.000740 2 3 2 3
-0.000740 3 2 3 2
-0.000740 3 3 2 2
-0.000740 2 3 3 2
0.000311 2 3 3 3
0.000311 3 2 3 3
0.000311 3 3 2 3
0.000311 3 3 3 2
-0.001165 3 3 3 3
