0.000017 0 0 0 0 0 0
0.000019 0 0 1 0 0 0
0.000019 0 1 0 0 0 0
0.000019 1 0 0 0 0 0
0.000019 0 0 0 1 0 0
0.000019 0 0 0 0 1 0
0.000019 0 0 0 0 0 1
-0.000068 0 0 0 0 2 0
-0.000068 2 0 0 0 0 0
-0.000068 0 0 2 0 0 0
-0.000068 0 0 0 0 0 2
-0.000068 0 2 0 0 0 0
-0.000068 0 0 0 2 0 0
-0.000079 0 0 0 3 0 0
-0.000079 0 0 0 0 0 3
-0.000079 0 0 3 0 0 0
-0.000079 0 3 0 0 0 0
-0.000079 0 0 0 0 3 0
-0.000079 3 0 0 0 0 0
0.000011 0 0 0 0 1 1
0.000011 0 0 1 0 1 0
0.000011 0 0 1 1 0 0
0.000011 0 0 0 1 0 1
0.000011 1 0 0 1 0 0
0.000011 1 1 0 0 0 0
0.000011 0 1 0 0 1 0
0.000011 0 1 0 1 0 0
0.000011 0 1 1 0 0 0
0.000011 0 1 0 0 0 1
0.000011 1 0 1 0 0 0
0.000011 0 0 1 0 0 1
0.000011 1 0 0 0 0 1
0.000011 1 0 0 0 1 0
0.000011 0 0 0 1 1 0
0.000036 0 0 0 0 2 1
0.000036 2 0 0 0 0 1
0.000036 0 0 0 2 0 1
0.000036 1 0 0 2 0 0
0.000036 0 0 0 1 0 2
0.000036 0 0 0 0 1 2
0.000036 0 0 1 2 0 0
0.000036 0 1 0 2 0 0
0.000036 1 0 0 0 2 0
0.000036 1 0 0 0 0 2
0.000036 2 0 0 1 0 0
0.000036 0 0 2 0 1 0
0.000036 1 2 0 0 0 0
0.000036 0 0 1 0 2 0
0.000036 0 0 2 0 0 1
0.000036 0 1 0 0 2 0
0.000036 2 0 1 0 0 0
0.000036 1 0 2 0 0 0
0.000036 2 1 0 0 0 0
0.000036 0 2 0 1 0 0
0.000036 0 2 0 0 1 0
0.000036 2 0 0 0 1 0
0.000036 0 0 2 1 0 0
0.000036 0 0 1 0 0 2
0.000036 0 2 0 0 0 1
0.000036 0 1 0 0 0 2
0.000036 0 0 0 1 2 0
0.000036 0 2 1 0 0 0
0.000036 0 0 0 2 1 0
0.000036 0 1 2 0 0 0
0.000028 0 0 2 0 0 2
0.000028 0 2 2 0 0 0
0.000028 2 0 0 0 2 0
0.000028 2 0 0 2 0 0
0.000028 0 2 0 0 0 2
0.000028 0 2 0 2 0 0
0.000028 0 0 0 2 0 2
0.000028 0 0 2 2 0 0
0.000028 2 0 2 0 0 0
0.000028 0 2 0 0 2 0
0.000028 2 2 0 0 0 0
0.000028 0 0 0 2 2 0
0.000028 0 0 2 0 2 0
0.000028 0 0 0 0 2 2
0.000028 2 0 0 0 0 2
-0.000013 3 0 3 0 0 0
-0.000013 0 3 0 3 0 0
-0.000013 3 3 0 0 0 0
-0.000013 0 0 0 3 0 3
-0.000013 0 0 0 3 3 0
-0.000013 0 0 0 0 3 3
-0.000013 3 0 0 0 0 3
-0.000013 3 0 0 3 0 0
-0.000013 0 0 3 0 0 3
-0.000013 0 0 3 3 0 0
-0.000013 0 3 0 0 0 3
-0.000013 0 3 3 0 0 0
-0.000013 0 0 3 0 3 0
-0.000013 3 0 0 0 3 0
-0.000013 0 3 0 0 3 0
-0.000026 1 2 0 1 0 0
-0.000026 1 1 0 0 0 2
-0.000026 0 0 2 0 1 1
-0.000026 0 2 1 1 0 0
-0.000026 1 0 0 0 1 2
-0.000026 2 0 0 1 0 1
-0.000026 1 1 2 0 0 0
-0.000026 1 2 0 0 0 1
-0.000026 2 1 1 0 0 0
-0.000026 1 0 1 0 2 0
-0.000026 0 0 1 1 2 0
-0.000026 1 0 0 1 0 2
-0.000026 0 1 0 0 2 1
-0.000026 2 0 1 0 1 0
-0.000026 0 0 1 0 2 1
-0.000026 0 1 0 0 1 2
-0.000026 0 1 1 0 2 0
-0.000026 0 2 0 1 1 0
-0.000026 2 0 1 0 0 1
-0.000026 0 1 0 1 2 0
-0.000026 1 0 2 1 0 0
-0.000026 1 0 1 0 0 2
-0.000026 1 0 2 0 1 0
-0.000026 0 0 2 1 1 0
-0.000026 2 1 0 1 0 0
-0.000026 0 0 1 0 1 2
-0.000026 0 2 0 0 1 1
-0.000026 1 0 2 0 0 1
-0.000026 2 1 0 0 1 0
-0.000026 2 0 0 0 1 1
-0.000026 1 1 0 2 0 0
-0.000026 2 1 0 0 0 1
-0.000026 0 2 0 1 0 1
-0.000026 0 1 0 1 0 2
-0.000026 0 0 2 1 0 1
-0.000026 0 2 1 0 0 1
-0.000026 0 2 1 0 1 0
-0.000026 0 0 0 1 1 2
-0.000026 0 0 0 1 2 1
-0.000026 0 1 2 0 1 0
-0.000026 0 0 1 1 0 2
-0.000026 0 1 1 2 0 0
-0.000026 1 0 1 2 0 0
-0.000026 0 0 0 2 1 1
-0.000026 0 1 2 0 0 1
-0.000026 2 0 1 1 0 0
-0.000026 1 2 1 0 0 0
-0.000026 0 0 1 2 1 0
-0.000026 0 1 2 1 0 0
-0.000026 0 1 1 0 0 2
-0.000026 1 1 0 0 2 0
-0.000026 1 0 0 1 2 0
-0.000026 0 1 0 2 0 1
-0.000026 0 1 0 2 1 0
-0.000026 1 0 0 2 0 1
-0.000026 1 0 0 2 1 0
-0.000026 0 0 1 2 0 1
-0.000026 1 0 0 0 2 1
-0.000026 2 0 0 1 1 0
-0.000026 1 2 0 0 1 0
-0.000031 1 0 3 0 0 3
-0.000031 0 0 3 3 0 1
-0.000031 1 3 3 0 0 0
-0.000031 0 1 0 0 3 3
-0.000031 0 3 0 0 1 3
-0.000031 0 1 3 0 3 0
-0.000031 0 0 0 3 1 3
-0.000031 3 0 1 0 3 0
-0.000031 3 0 3 1 0 0
-0.000031 3 3 0 0 0 1
-0.000031 3 3 0 0 1 0
-0.000031 0 3 0 1 0 3
-0.000031 0 0 3 0 1 3
-0.000031 1 3 0 3 0 0
-0.000031 0 0 1 0 3 3
-0.000031 3 3 1 0 0 0
-0.000031 3 0 0 1 3 0
-0.000031 0 0 3 1 3 0
-0.000031 0 1 0 3 0 3
-0.000031 0 3 0 3 1 0
-0.000031 3 1 0 3 0 0
-0.000031 3 0 0 0 3 1
-0.000031 0 3 3 0 1 0
-0.000031 0 0 0 1 3 3
-0.000031 1 3 0 0 3 0
-0.000031 0 3 0 3 0 1
-0.000031 0 3 1 0 3 0
-0.000031 3 3 0 1 0 0
-0.000031 3 0 0 3 0 1
-0.000031 0 0 1 3 3 0
-0.000031 3 0 0 3 1 0
-0.000031 0 3 3 0 0 1
-0.000031 0 1 3 0 0 3
-0.000031 3 0 1 0 0 3
-0.000031 1 0 3 0 3 0
-0.000031 0 1 3 3 0 0
-0.000031 3 0 1 3 0 0
-0.000031 3 1 0 0 3 0
-0.000031 1 0 0 3 3 0
-0.000031 0 3 1 3 0 0
-0.000031 3 0 3 0 0 1
-0.000031 3 0 3 0 1 0
-0.000031 0 0 3 1 0 3
-0.000031 3 1 3 0 0 0
-0.000031 0 0 0 3 3 1
-0.000031 1 0 0 0 3 3
-0.000031 3 0 0 1 0 3
-0.000031 1 0 3 3 0 0
-0.000031 0 0 1 3 0 3
-0.000031 0 3 1 0 0 3
-0.000031 0 1 0 3 3 0
-0.000031 1 3 0 0 0 3
-0.000031 3 0 0 0 1 3
-0.000031 0 3 0 1 3 0
-0.000031 0 0 3 0 3 1
-0.000031 0 0 3 3 1 0
-0.000031 3 1 0 0 0 3
-0.000031 0 3 0 0 3 1
-0.000031 0 3 3 1 0 0
-0.000031 1 0 0 3 0 3
0.000042 0 0 0 2 2 2
0.000042 0 2 2 0 0 2
0.000042 2 2 0 0 0 2
0.000042 0 0 2 0 2 2
0.000042 2 2 2 0 0 0
0.000042 2 0 2 2 0 0
0.000042 2 0 2 0 2 0
0.000042 0 2 0 2 2 0
0.000042 2 0 0 2 2 0
0.000042 2 2 0 2 0 0
0.000042 0 0 2 2 2 0
0.000042 2 0 0 0 2 2
0.000042 2 0 2 0 0 2
0.000042 0 2 0 2 0 2
0.000042 0 2 0 0 2 2
0.000042 0 2 2 0 2 0
0.000042 2 0 0 2 0 2
0.000042 2 2 0 0 2 0
0.000042 0 0 2 2 0 2
0.000042 0 2 2 2 0 0
0.000068 0 0 1 1 1 1
0.000068 0 1 1 1 1 0
0.000068 1 1 0 0 1 1
0.000068 1 1 0 1 0 1
0.000068 1 1 1 1 0 0
0.000068 0 1 1 1 0 1
0.000068 1 0 0 1 1 1
0.000068 1 0 1 0 1 1
0.000068 1 1 0 1 1 0
0.000068 1 0 1 1 0 1
0.000068 0 1 1 0 1 1
0.000068 1 0 1 1 1 0
0.000068 1 1 1 0 0 1
0.000068 1 1 1 0 1 0
0.000068 0 1 0 1 1 1
0.000020 0 0 2 1 1 1
0.000020 2 1 0 1 0 1
0.000020 2 1 0 1 1 0
0.000020 1 0 2 0 1 1
0.000020 2 0 1 1 1 0
0.000020 1 1 0 2 0 1
0.000020 2 1 0 0 1 1
0.000020 1 1 1 2 0 0
0.000020 1 1 1 0 2 0
0.000020 0 1 1 0 1 2
0.000020 0 0 1 1 1 2
0.000020 0 1 1 2 1 0
0.000020 0 1 0 1 1 2
0.000020 1 0 1 1 2 0
0.000020 0 2 1 0 1 1
0.000020 0 1 1 2 0 1
0.000020 0 1 2 0 1 1
0.000020 1 0 1 2 0 1
0.000020 0 1 1 1 0 2
0.000020 1 0 1 2 1 0
0.000020 1 1 1 0 0 2
0.000020 1 2 1 0 0 1
0.000020 2 0 1 1 0 1
0.000020 1 2 1 0 1 0
0.000020 0 1 2 1 0 1
0.000020 1 0 1 1 0 2
0.000020 0 1 2 1 1 0
0.000020 1 1 0 0 2 1
0.000020 0 0 1 2 1 1
0.000020 1 1 0 0 1 2
0.000020 0 1 1 0 2 1
0.000020 0 1 0 2 1 1
0.000020 1 0 0 1 2 1
0.000020 1 0 0 2 1 1
0.000020 1 2 0 1 1 0
0.000020 1 2 0 0 1 1
0.000020 0 2 1 1 1 0
0.000020 2 0 0 1 1 1
0.000020 1 1 2 0 1 0
0.000020 2 1 1 0 1 0
0.000020 2 0 1 0 1 1
0.000020 1 2 0 1 0 1
0.000020 1 1 2 1 0 0
0.000020 2 1 1 0 0 1
0.000020 0 2 1 1 0 1
0.000020 1 0 1 0 2 1
0.000020 1 1 0 1 2 0
0.000020 0 0 1 1 2 1
0.000020 1 1 2 0 0 1
0.000020 1 0 0 1 1 2
0.000020 1 0 1 0 1 2
0.000020 2 1 1 1 0 0
0.000020 1 2 1 1 0 0
0.000020 0 1 1 1 2 0
0.000020 1 1 0 2 1 0
0.000020 1 0 2 1 0 1
0.000020 0 2 0 1 1 1
0.000020 1 0 2 1 1 0
0.000020 1 1 0 1 0 2
0.000020 0 1 0 1 2 1
-0.000016 0 2 2 1 0 1
-0.000016 2 0 2 1 1 0
-0.000016 0 1 2 1 0 2
-0.000016 2 1 2 1 0 0
-0.000016 2 0 0 1 2 1
-0.000016 2 1 1 2 0 0
-0.000016 1 2 0 0 1 2
-0.000016 2 0 1 0 2 1
-0.000016 2 0 2 0 1 1
-0.000016 0 0 1 1 2 2
-0.000016 2 1 2 0 0 1
-0.000016 2 2 1 1 0 0
-0.000016 1 2 2 0 0 1
-0.000016 0 1 1 0 2 2
-0.000016 0 1 1 2 2 0
-0.000016 0 1 2 0 2 1
-0.000016 0 2 1 0 1 2
-0.000016 0 1 1 2 0 2
-0.000016 0 1 2 2 1 0
-0.000016 1 0 2 2 1 0
-0.000016 0 0 1 2 1 2
-0.000016 2 1 0 2 1 0
-0.000016 1 1 0 0 2 2
-0.000016 0 2 1 1 2 0
-0.000016 1 0 2 2 0 1
-0.000016 2 0 0 1 1 2
-0.000016 0 2 1 1 0 2
-0.000016 1 0 2 1 2 0
-0.000016 1 1 2 0 0 2
-0.000016 2 1 0 1 2 0
-0.000016 2 0 0 2 1 1
-0.000016 2 2 1 0 1 0
-0.000016 0 2 0 1 1 2
-0.000016 0 0 2 2 1 1
-0.000016 2 0 1 0 1 2
-0.000016 1 0 2 1 0 2
-0.000016 2 1 0 1 0 2
-0.000016 2 0 1 1 2 0
-0.000016 1 2 1 0 2 0
-0.000016 1 1 0 2 0 2
-0.000016 2 2 0 0 1 1
-0.000016 0 2 2 0 1 1
-0.000016 0 0 1 2 2 1
-0.000016 0 1 2 2 0 1
-0.000016 0 1 0 2 2 1
-0.000016 2 1 0 2 0 1
-0.000016 1 2 0 0 2 1
-0.000016 0 1 0 2 1 2
-0.000016 2 0 2 1 0 1
-0.000016 1 2 0 1 2 0
-0.000016 2 1 2 0 1 0
-0.000016 0 1 2 0 1 2
-0.000016 1 2 0 1 0 2
-0.000016 1 0 2 0 2 1
-0.000016 2 0 1 2 1 0
-0.000016 2 1 0 0 2 1
-0.000016 1 0 1 0 2 2
-0.000016 1 1 2 2 0 0
-0.000016 2 2 1 0 0 1
-0.000016 0 1 0 1 2 2
-0.000016 1 2 0 2 0 1
-0.000016 0 1 2 1 2 0
-0.000016 2 0 1 1 0 2
-0.000016 1 2 1 0 0 2
-0.000016 1 0 0 2 2 1
-0.000016 1 1 2 0 2 0
-0.000016 1 0 0 1 2 2
-0.000016 1 0 0 2 1 2
-0.000016 0 2 1 2 1 0
-0.000016 2 1 1 0 2 0
-0.000016 2 2 0 1 1 0
-0.000016 1 1 0 2 2 0
-0.000016 0 2 1 2 0 1
-0.000016 0 2 0 1 2 1
-0.000016 2 0 1 2 0 1
-0.000016 2 1 1 0 0 2
-0.000016 2 2 0 1 0 1
-0.000016 0 2 0 2 1 1
-0.000016 1 2 2 0 1 0
-0.000016 0 2 1 0 2 1
-0.000016 1 2 0 2 1 0
-0.000016 1 2 2 1 0 0
-0.000016 0 0 2 1 1 2
-0.000016 0 0 2 1 2 1
-0.000016 1 0 2 0 1 2
-0.000016 2 1 0 0 1 2
-0.000016 1 0 1 2 2 0
-0.000016 1 2 1 2 0 0
-0.000016 0 2 2 1 1 0
-0.000016 1 0 1 2 0 2
0.000012 1 2 0 1 0 3
0.000012 1 0 1 3 0 2
0.000012 1 0 2 0 3 1
0.000012 2 1 0 1 3 0
0.000012 1 0 1 0 2 3
0.000012 1 0 2 3 0 1
0.000012 0 1 3 0 1 2
0.000012 3 1 0 2 0 1
0.000012 0 1 3 0 2 1
0.000012 0 2 0 1 1 3
0.000012 2 0 1 3 1 0
0.000012 0 1 0 1 2 3
0.000012 1 1 0 3 2 0
0.000012 3 0 1 2 0 1
0.000012 3 0 1 2 1 0
0.000012 0 3 1 1 2 0
0.000012 1 1 3 0 2 0
0.000012 1 2 1 3 0 0
0.000012 0 3 1 2 1 0
0.000012 0 0 3 2 1 1
0.000012 1 2 0 0 3 1
0.000012 1 3 0 0 2 1
0.000012 3 0 0 2 1 1
0.000012 2 0 1 1 0 3
0.000012 0 0 2 3 1 1
0.000012 1 2 1 0 0 3
0.000012 2 1 1 0 3 0
0.000012 1 0 0 2 3 1
0.000012 3 1 0 0 2 1
0.000012 0 3 2 1 1 0
0.000012 1 3 0 2 1 0
0.000012 2 0 3 1 0 1
0.000012 3 1 2 0 0 1
0.000012 1 1 0 3 0 2
0.000012 2 0 3 1 1 0
0.000012 1 2 0 3 1 0
0.000012 3 2 1 1 0 0
0.000012 2 1 1 3 0 0
0.000012 2 3 1 0 1 0
0.000012 1 0 0 2 1 3
0.000012 1 0 3 0 2 1
0.000012 0 1 0 2 1 3
0.000012 0 1 3 2 0 1
0.000012 1 3 1 2 0 0
0.000012 3 1 0 0 1 2
0.000012 1 3 0 2 0 1
0.000012 3 1 1 2 0 0
0.000012 2 1 0 0 3 1
0.000012 3 0 2 1 0 1
0.000012 0 1 2 3 0 1
0.000012 2 3 0 1 1 0
0.000012 2 1 1 0 0 3
0.000012 3 1 1 0 0 2
0.000012 1 0 2 3 1 0
0.000012 2 1 0 3 0 1
0.000012 2 1 0 3 1 0
0.000012 0 1 1 3 2 0
0.000012 0 1 0 3 1 2
0.000012 3 0 1 0 2 1
0.000012 0 0 3 1 2 1
0.000012 0 1 2 1 3 0
0.000012 2 1 3 1 0 0
0.000012 2 0 1 3 0 1
0.000012 1 0 2 0 1 3
0.000012 0 2 3 0 1 1
0.000012 1 3 1 0 2 0
0.000012 2 1 0 0 1 3
0.000012 0 0 1 3 2 1
0.000012 1 3 1 0 0 2
0.000012 3 2 1 0 1 0
0.000012 0 2 1 1 3 0
0.000012 0 2 3 1 1 0
0.000012 0 1 3 1 2 0
0.000012 3 1 2 0 1 0
0.000012 1 1 2 0 3 0
0.000012 1 1 3 0 0 2
0.000012 0 1 3 1 0 2
0.000012 0 3 0 1 2 1
0.000012 1 2 0 3 0 1
0.000012 1 0 0 1 2 3
0.000012 1 3 0 1 0 2
0.000012 1 0 0 1 3 2
0.000012 0 3 1 1 0 2
0.000012 2 3 1 0 0 1
0.000012 1 1 0 2 3 0
0.000012 1 0 3 0 1 2
0.000012 0 2 0 1 3 1
0.000012 0 1 2 3 1 0
0.000012 1 2 3 0 0 1
0.000012 0 3 0 1 1 2
0.000012 2 1 3 0 1 0
0.000012 3 2 0 0 1 1
0.000012 0 0 1 1 2 3
0.000012 0 0 1 1 3 2
0.000012 0 0 2 1 3 1
0.000012 0 1 1 0 2 3
0.000012 0 2 1 0 3 1
0.000012 0 1 1 0 3 2
0.000012 0 2 1 3 1 0
0.000012 1 0 1 2 3 0
0.000012 0 3 0 2 1 1
0.000012 0 0 2 1 1 3
0.000012 2 3 0 1 0 1
0.000012 0 1 1 3 0 2
0.000012 0 3 1 0 2 1
0.000012 0 1 0 2 3 1
0.000012 1 2 0 1 3 0
0.000012 0 2 0 3 1 1
0.000012 0 0 3 1 1 2
0.000012 0 1 1 2 0 3
0.000012 1 3 0 1 2 0
0.000012 1 3 2 0 1 0
0.000012 0 1 2 0 1 3
0.000012 0 3 1 0 1 2
0.000012 1 0 1 2 0 3
0.000012 3 1 0 1 2 0
0.000012 3 0 1 1 2 0
0.000012 2 0 0 1 3 1
0.000012 3 2 0 1 0 1
0.000012 3 1 2 1 0 0
0.000012 1 1 0 0 2 3
0.000012 0 1 2 1 0 3
0.000012 1 3 2 0 0 1
0.000012 1 0 0 3 1 2
0.000012 1 2 3 0 1 0
0.000012 0 0 1 3 1 2
0.000012 1 0 1 0 3 2
0.000012 1 0 3 1 2 0
0.000012 2 0 1 0 3 1
0.000012 1 0 3 2 0 1
0.000012 1 0 3 2 1 0
0.000012 3 2 1 0 0 1
0.000012 1 1 2 3 0 0
0.000012 0 3 2 1 0 1
0.000012 0 2 3 1 0 1
0.000012 1 0 3 1 0 2
0.000012 1 2 0 0 1 3
0.000012 0 1 0 1 3 2
0.000012 0 2 1 1 0 3
0.000012 1 3 2 1 0 0
0.000012 1 0 2 1 3 0
0.000012 2 3 0 0 1 1
0.000012 1 1 2 0 0 3
0.000012 3 1 0 2 1 0
0.000012 2 0 1 1 3 0
0.000012 1 1 3 2 0 0
0.000012 2 0 1 0 1 3
0.000012 1 0 2 1 0 3
0.000012 0 1 1 2 3 0
0.000012 0 2 1 3 0 1
0.000012 1 2 3 1 0 0
0.000012 2 0 0 3 1 1
0.000012 0 1 2 0 3 1
0.000012 2 1 0 1 0 3
0.000012 1 1 0 2 0 3
0.000012 1 2 1 0 3 0
0.000012 2 0 3 0 1 1
0.000012 2 1 3 0 0 1
0.000012 3 0 1 0 1 2
0.000012 2 3 1 1 0 0
0.000012 3 2 0 1 1 0
0.000012 0 2 1 0 1 3
0.000012 0 0 1 2 3 1
0.000012 0 1 3 2 1 0
0.000012 0 3 1 2 0 1
0.000012 3 0 0 1 2 1
0.000012 1 1 0 0 3 2
0.000012 3 0 2 0 1 1
0.000012 1 0 0 3 2 1
0.000012 0 3 2 0 1 1
0.000012 0 0 1 2 1 3
0.000012 1 3 0 0 1 2
0.000012 3 0 0 1 1 2
0.000012 3 1 1 0 2 0
0.000012 3 0 2 1 1 0
0.000012 1 0 1 3 2 0
0.000012 0 1 0 3 2 1
0.000012 3 1 0 1 0 2
0.000012 3 0 1 1 0 2
0.000012 2 0 0 1 1 3
0.000012 3 1 0 3 3 0
0.000012 1 3 3 0 0 3
0.000012 0 3 0 3 3 1
0.000012 3 3 0 1 3 0
0.000012 0 3 3 0 3 1
0.000012 0 1 3 0 3 3
0.000012 3 0 1 0 3 3
0.000012 3 0 3 1 0 3
0.000012 3 3 0 0 1 3
0.000012 0 1 3 3 3 0
0.000012 0 3 3 3 1 0
0.000012 1 3 0 3 0 3
0.000012 0 3 1 3 3 0
0.000012 0 0 3 1 3 3
0.000012 3 0 0 3 3 1
0.000012 3 3 1 0 0 3
0.000012 3 0 0 1 3 3
0.000012 0 3 0 3 1 3
0.000012 0 3 3 3 0 1
0.000012 3 0 1 3 3 0
0.000012 3 1 0 3 0 3
0.000012 3 0 3 3 1 0
0.000012 3 0 3 0 3 1
0.000012 0 3 3 0 1 3
0.000012 3 3 3 1 0 0
0.000012 1 3 0 0 3 3
0.000012 0 0 1 3 3 3
0.000012 0 3 3 1 3 0
0.000012 0 3 1 0 3 3
0.000012 1 0 3 3 3 0
0.000012 3 3 0 1 0 3
0.000012 1 3 3 0 3 0
0.000012 3 3 1 3 0 0
0.000012 3 3 3 0 1 0
0.000012 3 0 0 3 1 3
0.000012 3 1 0 0 3 3
0.000012 3 1 3 0 3 0
0.000012 3 0 3 3 0 1
0.000012 1 0 3 0 3 3
0.000012 3 1 3 3 0 0
0.000012 0 1 3 3 0 3
0.000012 3 0 1 3 0 3
0.000012 3 0 3 1 3 0
0.000012 1 0 0 3 3 3
0.000012 0 3 1 3 0 3
0.000012 3 0 3 0 1 3
0.000012 0 0 3 3 3 1
0.000012 3 1 3 0 0 3
0.000012 3 3 0 0 3 1
0.000012 3 3 0 3 1 0
0.000012 0 3 0 1 3 3
0.000012 1 0 3 3 0 3
0.000012 0 1 0 3 3 3
0.000012 1 3 3 3 0 0
0.000012 3 3 0 3 0 1
0.000012 0 0 3 3 1 3
0.000012 1 3 0 3 3 0
0.000012 3 3 3 0 0 1
0.000012 3 3 1 0 3 0
0.000012 0 3 3 1 0 3
-0.000039 2 2 0 0 2 2
-0.000039 2 2 2 2 0 0
-0.000039 0 2 2 2 0 2
-0.000039 2 0 2 2 0 2
-0.000039 2 0 2 0 2 2
-0.000039 2 2 0 2 2 0
-0.000039 0 2 0 2 2 2
-0.000039 2 2 2 0 2 0
-0.000039 0 2 2 0 2 2
-0.000039 2 0 0 2 2 2
-0.000039 0 2 2 2 2 0
-0.000039 2 2 0 2 0 2
-0.000039 2 2 2 0 0 2
-0.000039 2 0 2 2 2 0
-0.000039 0 0 2 2 2 2
-0.000034 1 1 1 1 0 1
-0.000034 1 1 1 1 1 0
-0.000034 1 1 1 0 1 1
-0.000034 1 1 0 1 1 1
-0.000034 1 0 1 1 1 1
-0.000034 0 1 1 1 1 1
-0.000022 1 1 1 0 1 2
-0.000022 1 2 1 0 1 1
-0.000022 1 0 1 1 1 2
-0.000022 0 1 2 1 1 1
-0.000022 2 1 1 1 1 0
-0.000022 1 2 0 1 1 1
-0.000022 1 1 2 1 1 0
-0.000022 2 1 1 0 1 1
-0.000022 0 2 1 1 1 1
-0.000022 1 1 2 0 1 1
-0.000022 1 2 1 1 1 0
-0.000022 1 1 2 1 0 1
-0.000022 1 1 0 1 1 2
-0.000022 1 1 0 1 2 1
-0.000022 0 1 1 1 2 1
-0.000022 2 1 1 1 0 1
-0.000022 1 1 1 1 2 0
-0.000022 1 1 0 2 1 1
-0.000022 1 2 1 1 0 1
-0.000022 1 0 2 1 1 1
-0.000022 1 1 1 2 1 0
-0.000022 2 1 0 1 1 1
-0.000022 1 1 1 0 2 1
-0.000022 1 1 1 1 0 2
-0.000022 2 0 1 1 1 1
-0.000022 0 1 1 2 1 1
-0.000022 1 1 1 2 0 1
-0.000022 0 1 1 1 1 2
-0.000022 1 0 1 1 2 1
-0.000022 1 0 1 2 1 1
-0.000023 3 1 1 1 0 1
-0.000023 1 1 0 1 3 1
-0.000023 1 1 1 1 3 0
-0.000023 1 1 3 1 0 1
-0.000023 1 1 3 1 1 0
-0.000023 1 1 0 1 1 3
-0.000023 1 1 1 0 3 1
-0.000023 1 0 1 1 3 1
-0.000023 0 1 1 1 3 1
-0.000023 0 1 1 3 1 1
-0.000023 1 1 1 1 0 3
-0.000023 1 1 0 3 1 1
-0.000023 0 1 1 1 1 3
-0.000023 1 1 1 3 1 0
-0.000023 1 3 1 0 1 1
-0.000023 0 3 1 1 1 1
-0.000023 1 1 1 0 1 3
-0.000023 0 1 3 1 1 1
-0.000023 3 0 1 1 1 1
-0.000023 1 3 0 1 1 1
-0.000023 1 1 1 3 0 1
-0.000023 1 0 1 1 1 3
-0.000023 1 1 3 0 1 1
-0.000023 3 1 0 1 1 1
-0.000023 3 1 1 0 1 1
-0.000023 1 0 3 1 1 1
-0.000023 1 0 1 3 1 1
-0.000023 3 1 1 1 1 0
-0.000023 1 3 1 1 0 1
-0.000023 1 3 1 1 1 0
-0.000015 1 1 1 0 2 3
-0.000015 1 3 1 0 2 1
-0.000015 1 3 0 1 2 1
-0.000015 1 3 2 0 1 1
-0.000015 3 2 1 0 1 1
-0.000015 1 0 1 2 1 3
-0.000015 3 0 1 1 2 1
-0.000015 0 2 1 1 3 1
-0.000015 0 1 3 1 1 2
-0.000015 1 1 2 0 3 1
-0.000015 1 3 0 1 1 2
-0.000015 0 1 2 1 1 3
-0.000015 1 1 3 0 1 2
-0.000015 1 2 3 0 1 1
-0.000015 3 1 0 1 1 2
-0.000015 1 0 3 2 1 1
-0.000015 1 1 2 3 0 1
-0.000015 1 1 0 2 3 1
-0.000015 1 1 3 1 2 0
-0.000015 1 1 1 2 3 0
-0.000015 1 1 3 1 0 2
-0.000015 1 1 1 0 3 2
-0.000015 0 1 1 2 3 1
-0.000015 0 2 1 3 1 1
-0.000015 0 1 1 3 1 2
-0.000015 1 0 1 2 3 1
-0.000015 1 2 1 0 3 1
-0.000015 2 3 1 1 0 1
-0.000015 0 1 1 2 1 3
-0.000015 3 2 0 1 1 1
-0.000015 0 1 3 2 1 1
-0.000015 3 1 2 1 1 0
-0.000015 1 2 0 1 3 1
-0.000015 3 0 1 1 1 2
-0.000015 3 1 0 1 2 1
-0.000015 2 1 1 1 3 0
-0.000015 3 1 2 1 0 1
-0.000015 1 1 2 3 1 0
-0.000015 1 2 1 1 3 0
-0.000015 1 3 1 1 2 0
-0.000015 1 0 3 1 1 2
-0.000015 1 0 3 1 2 1
-0.000015 3 0 2 1 1 1
-0.000015 1 0 1 3 2 1
-0.000015 3 1 1 1 2 0
-0.000015 0 2 1 1 1 3
-0.000015 1 3 1 1 0 2
-0.000015 1 3 2 1 1 0
-0.000015 1 1 2 0 1 3
-0.000015 2 1 0 1 3 1
-0.000015 3 1 1 1 0 2
-0.000015 1 1 3 2 1 0
-0.000015 1 3 2 1 0 1
-0.000015 1 0 2 1 3 1
-0.000015 1 2 3 1 1 0
-0.000015 0 1 1 1 3 2
-0.000015 3 1 0 2 1 1
-0.000015 2 0 1 1 3 1
-0.000015 1 1 3 2 0 1
-0.000015 1 1 0 2 1 3
-0.000015 1 0 1 1 3 2
-0.000015 1 0 2 1 1 3
-0.000015 1 1 0 3 2 1
-0.000015 1 2 3 1 0 1
-0.000015 2 1 0 1 1 3
-0.000015 3 0 1 2 1 1
-0.000015 2 0 1 1 1 3
-0.000015 1 2 1 3 0 1
-0.000015 1 2 1 3 1 0
-0.000015 0 3 1 2 1 1
-0.000015 1 1 0 3 1 2
-0.000015 0 3 1 1 1 2
-0.000015 1 1 2 1 3 0
-0.000015 2 1 1 0 3 1
-0.000015 3 1 1 0 1 2
-0.000015 2 1 1 3 0 1
-0.000015 3 1 1 0 2 1
-0.000015 1 3 1 2 0 1
-0.000015 1 3 1 2 1 0
-0.000015 1 2 0 1 1 3
-0.000015 1 0 1 3 1 2
-0.000015 3 1 1 2 1 0
-0.000015 1 1 0 1 3 2
-0.000015 2 3 0 1 1 1
-0.000015 1 0 2 3 1 1
-0.000015 2 1 0 3 1 1
-0.000015 0 1 1 3 2 1
-0.000015 1 1 0 1 2 3
-0.000015 2 1 1 1 0 3
-0.000015 1 2 1 1 0 3
-0.000015 0 1 1 1 2 3
-0.000015 0 1 2 1 3 1
-0.000015 2 1 3 1 0 1
-0.000015 2 0 1 3 1 1
-0.000015 0 3 1 1 2 1
-0.000015 1 1 1 2 0 3
-0.000015 1 1 3 0 2 1
-0.000015 1 3 1 0 1 2
-0.000015 1 0 1 1 2 3
-0.000015 1 1 1 3 2 0
-0.000015 0 2 3 1 1 1
-0.000015 0 1 3 1 2 1
-0.000015 3 1 2 0 1 1
-0.000015 3 2 1 1 1 0
-0.000015 2 1 1 3 1 0
-0.000015 1 2 1 0 1 3
-0.000015 1 1 1 3 0 2
-0.000015 0 3 2 1 1 1
-0.000015 1 3 0 2 1 1
-0.000015 2 0 3 1 1 1
-0.000015 1 2 0 3 1 1
-0.000015 3 2 1 1 0 1
-0.000015 2 3 1 0 1 1
-0.000015 0 1 2 3 1 1
-0.000015 2 1 1 0 1 3
-0.000015 3 1 1 2 0 1
-0.000015 2 1 3 0 1 1
-0.000015 1 1 2 1 0 3
-0.000015 2 1 3 1 1 0
-0.000015 2 3 1 1 1 0
-0.000012 3 1 0 3 2 1
-0.000012 3 1 1 2 0 3
-0.000012 0 2 1 3 3 1
-0.000012 0 1 1 3 3 2
-0.000012 2 0 1 3 3 1
-0.000012 1 3 0 3 1 2
-0.000012 3 3 2 1 1 0
-0.000012 3 3 1 0 1 2
-0.000012 2 3 1 1 3 0
-0.000012 3 1 0 3 1 2
-0.000012 2 3 3 1 0 1
-0.000012 0 1 1 3 2 3
-0.000012 3 3 0 1 2 1
-0.000012 1 1 3 3 2 0
-0.000012 0 3 1 3 1 2
-0.000012 0 3 1 3 2 1
-0.000012 1 3 1 0 2 3
-0.000012 1 0 3 2 3 1
-0.000012 1 3 1 0 3 2
-0.000012 3 2 3 0 1 1
-0.000012 3 2 1 0 3 1
-0.000012 1 1 2 3 3 0
-0.000012 0 3 2 1 3 1
-0.000012 1 1 3 3 0 2
-0.000012 0 1 3 1 3 2
-0.000012 1 3 3 0 2 1
-0.000012 3 1 3 2 0 1
-0.000012 3 1 3 2 1 0
-0.000012 0 3 2 3 1 1
-0.000012 1 3 0 1 2 3
-0.000012 1 3 0 1 3 2
-0.000012 2 3 1 0 3 1
-0.000012 3 3 1 2 0 1
-0.000012 1 2 3 0 3 1
-0.000012 3 2 1 0 1 3
-0.000012 3 1 0 1 3 2
-0.000012 0 2 1 1 3 3
-0.000012 1 3 2 1 3 0
-0.000012 1 3 3 0 1 2
-0.000012 1 1 2 0 3 3
-0.000012 2 3 1 3 0 1
-0.000012 1 2 3 0 1 3
-0.000012 1 0 3 2 1 3
-0.000012 3 0 3 2 1 1
-0.000012 1 1 2 3 0 3
-0.000012 1 2 3 1 3 0
-0.000012 3 3 0 2 1 1
-0.000012 1 1 0 2 3 3
-0.000012 2 1 3 0 3 1
-0.000012 2 1 3 3 1 0
-0.000012 3 3 1 0 2 1
-0.000012 2 3 3 1 1 0
-0.000012 2 0 3 3 1 1
-0.000012 1 2 1 3 3 0
-0.000012 2 1 3 0 1 3
-0.000012 0 3 1 2 3 1
-0.000012 2 1 3 3 0 1
-0.000012 3 3 2 1 0 1
-0.000012 1 3 3 2 0 1
-0.000012 1 3 3 2 1 0
-0.000012 3 0 2 3 1 1
-0.000012 0 1 1 2 3 3
-0.000012 0 2 1 3 1 3
-0.000012 1 0 1 2 3 3
-0.000012 1 3 2 3 1 0
-0.000012 3 2 0 1 3 1
-0.000012 3 3 1 1 2 0
-0.000012 2 3 1 1 0 3
-0.000012 0 2 3 3 1 1
-0.000012 3 1 2 1 3 0
-0.000012 0 1 3 3 1 2
-0.000012 1 3 1 3 2 0
-0.000012 0 1 3 3 2 1
-0.000012 3 2 0 1 1 3
-0.000012 1 3 2 3 0 1
-0.000012 3 3 1 1 0 2
-0.000012 3 0 1 1 3 2
-0.000012 3 1 1 3 2 0
-0.000012 3 1 3 1 2 0
-0.000012 1 2 0 1 3 3
-0.000012 1 0 1 3 3 2
-0.000012 1 3 2 0 1 3
-0.000012 1 0 3 1 3 2
-0.000012 3 1 0 1 2 3
-0.000012 3 0 1 1 2 3
-0.000012 3 0 2 1 3 1
-0.000012 3 1 2 1 0 3
-0.000012 1 0 2 3 3 1
-0.000012 0 3 3 1 2 1
-0.000012 2 1 0 3 3 1
-0.000012 2 1 3 1 3 0
-0.000012 1 0 3 1 2 3
-0.000012 3 0 2 1 1 3
-0.000012 1 1 3 2 3 0
-0.000012 3 0 1 2 3 1
-0.000012 1 3 3 1 2 0
-0.000012 0 3 3 1 1 2
-0.000012 2 1 0 1 3 3
-0.000012 3 1 0 2 3 1
-0.000012 1 3 3 1 0 2
-0.000012 1 3 2 1 0 3
-0.000012 1 0 2 1 3 3
-0.000012 3 1 0 2 1 3
-0.000012 2 0 1 1 3 3
-0.000012 1 1 3 2 0 3
-0.000012 1 1 0 3 2 3
-0.000012 2 0 3 1 3 1
-0.000012 1 1 0 3 3 2
-0.000012 1 2 3 1 0 3
-0.000012 3 0 1 2 1 3
-0.000012 3 1 2 0 3 1
-0.000012 3 2 1 1 3 0
-0.000012 1 2 1 0 3 3
-0.000012 0 3 1 2 1 3
-0.000012 0 1 3 2 3 1
-0.000012 3 0 1 3 2 1
-0.000012 1 3 0 2 3 1
-0.000012 3 1 2 3 0 1
-0.000012 2 3 1 3 1 0
-0.000012 0 1 2 3 3 1
-0.000012 0 1 3 2 1 3
-0.000012 2 1 1 0 3 3
-0.000012 3 1 1 0 3 2
-0.000012 3 3 2 0 1 1
-0.000012 3 1 3 0 1 2
-0.000012 1 3 1 3 0 2
-0.000012 1 0 3 3 1 2
-0.000012 3 1 1 0 2 3
-0.000012 3 1 3 1 0 2
-0.000012 2 3 0 1 3 1
-0.000012 1 0 1 3 2 3
-0.000012 3 0 3 1 1 2
-0.000012 3 0 3 1 2 1
-0.000012 3 2 1 3 0 1
-0.000012 3 2 1 3 1 0
-0.000012 2 3 0 1 1 3
-0.000012 1 0 2 3 1 3
-0.000012 2 1 0 3 1 3
-0.000012 2 3 3 0 1 1
-0.000012 1 2 3 3 1 0
-0.000012 0 3 3 2 1 1
-0.000012 0 1 2 1 3 3
-0.000012 1 3 2 0 3 1
-0.000012 1 1 3 0 3 2
-0.000012 2 1 3 1 0 3
-0.000012 3 2 0 3 1 1
-0.000012 3 3 0 1 1 2
-0.000012 2 0 1 3 1 3
-0.000012 1 2 3 3 0 1
-0.000012 3 1 2 3 1 0
-0.000012 1 2 0 3 3 1
-0.000012 0 3 1 1 2 3
-0.000012 0 2 3 1 3 1
-0.000012 0 3 1 1 3 2
-0.000012 1 1 3 0 2 3
-0.000012 1 2 1 3 0 3
-0.000012 3 3 1 2 1 0
-0.000012 3 2 3 1 0 1
-0.000012 3 0 1 3 1 2
-0.000012 3 2 3 1 1 0
-0.000012 2 1 1 3 3 0
-0.000012 2 3 0 3 1 1
-0.000012 1 3 1 2 3 0
-0.000012 3 1 3 0 2 1
-0.000012 0 2 3 1 1 3
-0.000012 0 1 3 1 2 3
-0.000012 3 1 2 0 1 3
-0.000012 3 1 1 2 3 0
-0.000012 1 0 3 3 2 1
-0.000012 0 3 2 1 1 3
-0.000012 1 3 0 2 1 3
-0.000012 2 0 3 1 1 3
-0.000012 1 2 0 3 1 3
-0.000012 3 2 1 1 0 3
-0.000012 2 1 1 3 0 3
-0.000012 2 3 1 0 1 3
-0.000012 3 1 1 3 0 2
-0.000012 0 1 2 3 1 3
-0.000012 1 3 1 2 0 3
-0.000012 1 3 0 3 2 1
-0.000028 1 1 3 0 3 3
-0.000028 3 0 1 3 3 1
-0.000028 3 3 3 1 1 0
-0.000028 3 3 0 1 1 3
-0.000028 3 1 1 3 3 0
-0.000028 1 1 0 3 3 3
-0.000028 1 3 1 0 3 3
-0.000028 0 3 1 3 1 3
-0.000028 0 3 1 1 3 3
-0.000028 1 3 1 3 3 0
-0.000028 3 0 3 3 1 1
-0.000028 3 1 3 3 1 0
-0.000028 0 1 3 3 1 3
-0.000028 3 0 1 3 1 3
-0.000028 1 1 3 3 0 3
-0.000028 0 1 3 1 3 3
-0.000028 1 3 3 0 3 1
-0.000028 3 3 3 1 0 1
-0.000028 1 0 3 3 3 1
-0.000028 0 3 3 1 3 1
-0.000028 3 1 3 1 3 0
-0.000028 3 0 1 1 3 3
-0.000028 3 3 1 1 0 3
-0.000028 3 3 1 3 0 1
-0.000028 3 3 1 3 1 0
-0.000028 1 0 1 3 3 3
-0.000028 3 1 3 0 3 1
-0.000028 1 3 0 1 3 3
-0.000028 3 1 3 3 0 1
-0.000028 1 3 3 0 1 3
-0.000028 3 0 3 1 3 1
-0.000028 3 1 0 1 3 3
-0.000028 3 1 1 0 3 3
-0.000028 1 0 3 1 3 3
-0.000028 3 1 3 0 1 3
-0.000028 1 3 1 3 0 3
-0.000028 1 0 3 3 1 3
-0.000028 3 3 0 3 1 1
-0.000028 3 1 1 3 0 3
-0.000028 3 1 3 1 0 3
-0.000028 1 3 3 3 0 1
-0.000028 1 3 0 3 3 1
-0.000028 1 3 3 3 1 0
-0.000028 1 3 3 1 3 0
-0.000028 3 3 3 0 1 1
-0.000028 0 3 3 1 1 3
-0.000028 3 0 3 1 1 3
-0.000028 3 3 1 0 3 1
-0.000028 0 1 1 3 3 3
-0.000028 3 1 0 3 3 1
-0.000028 1 3 0 3 1 3
-0.000028 1 3 3 1 0 3
-0.000028 3 3 0 1 3 1
-0.000028 3 3 1 0 1 3
-0.000028 0 1 3 3 3 1
-0.000028 0 3 3 3 1 1
-0.000028 3 1 0 3 1 3
-0.000028 1 1 3 3 3 0
-0.000028 3 3 1 1 3 0
-0.000028 0 3 1 3 3 1
-0.000015 2 2 0 1 2 3
-0.000015 2 1 0 3 2 2
-0.000015 2 3 2 1 0 2
-0.000015 0 2 3 2 2 1
-0.000015 2 0 3 2 2 1
-0.000015 2 1 3 0 2 2
-0.000015 2 1 2 3 0 2
-0.000015 1 3 2 2 0 2
-0.000015 2 2 2 1 3 0
-0.000015 2 0 3 2 1 2
-0.000015 1 2 2 2 3 0
-0.000015 2 2 1 2 0 3
-0.000015 3 2 2 0 1 2
-0.000015 2 2 1 3 2 0
-0.000015 2 2 3 2 0 1
-0.000015 2 2 3 2 1 0
-0.000015 3 2 1 0 2 2
-0.000015 2 3 0 2 1 2
-0.000015 2 3 0 2 2 1
-0.000015 0 2 3 1 2 2
-0.000015 0 2 2 1 2 3
-0.000015 2 2 1 3 0 2
-0.000015 1 3 2 0 2 2
-0.000015 1 2 2 2 0 3
-0.000015 2 1 2 2 3 0
-0.000015 3 0 2 2 2 1
-0.000015 2 1 3 2 0 2
-0.000015 2 2 0 3 2 1
-0.000015 0 2 1 2 2 3
-0.000015 1 2 3 0 2 2
-0.000015 2 2 2 0 1 3
-0.000015 1 2 2 0 3 2
-0.000015 3 2 2 1 0 2
-0.000015 2 0 2 3 1 2
-0.000015 3 0 2 2 1 2
-0.000015 2 0 2 3 2 1
-0.000015 0 3 2 2 1 2
-0.000015 0 3 2 2 2 1
-0.000015 3 0 1 2 2 2
-0.000015 1 2 2 0 2 3
-0.000015 0 2 1 3 2 2
-0.000015 2 2 3 1 2 0
-0.000015 0 1 2 2 3 2
-0.000015 2 3 2 2 1 0
-0.000015 2 2 2 1 0 3
-0.000015 2 0 2 1 3 2
-0.000015 1 2 3 2 0 2
-0.000015 2 3 2 2 0 1
-0.000015 3 2 1 2 2 0
-0.000015 1 0 2 2 3 2
-0.000015 2 3 1 2 2 0
-0.000015 0 1 3 2 2 2
-0.000015 2 0 2 1 2 3
-0.000015 1 0 2 2 2 3
-0.000015 2 3 1 2 0 2
-0.000015 2 0 1 2 3 2
-0.000015 2 2 0 2 3 1
-0.000015 2 2 1 0 3 2
-0.000015 2 2 0 3 1 2
-0.000015 3 2 1 2 0 2
-0.000015 3 2 2 2 1 0
-0.000015 3 2 0 2 1 2
-0.000015 2 3 2 0 2 1
-0.000015 3 2 0 2 2 1
-0.000015 2 2 0 2 1 3
-0.000015 2 2 2 3 1 0
-0.000015 2 2 1 2 3 0
-0.000015 2 2 1 0 2 3
-0.000015 2 3 2 0 1 2
-0.000015 1 2 0 2 2 3
-0.000015 0 2 3 2 1 2
-0.000015 0 2 2 2 3 1
-0.000015 0 2 2 3 1 2
-0.000015 0 2 2 3 2 1
-0.000015 1 2 2 3 2 0
-0.000015 3 2 0 1 2 2
-0.000015 2 2 3 1 0 2
-0.000015 0 2 2 2 1 3
-0.000015 1 3 0 2 2 2
-0.000015 0 1 2 2 2 3
-0.000015 3 1 2 0 2 2
-0.000015 2 1 0 2 2 3
-0.000015 2 1 2 3 2 0
-0.000015 2 1 0 2 3 2
-0.000015 2 2 3 0 1 2
-0.000015 3 0 2 1 2 2
-0.000015 0 1 2 3 2 2
-0.000015 2 0 1 2 2 3
-0.000015 3 1 2 2 2 0
-0.000015 2 0 2 2 3 1
-0.000015 3 2 2 2 0 1
-0.000015 2 1 2 0 3 2
-0.000015 2 0 2 2 1 3
-0.000015 1 2 0 2 3 2
-0.000015 2 1 2 2 0 3
-0.000015 2 3 0 1 2 2
-0.000015 3 1 0 2 2 2
-0.000015 2 0 1 3 2 2
-0.000015 3 1 2 2 0 2
-0.000015 3 2 2 0 2 1
-0.000015 0 2 2 1 3 2
-0.000015 2 2 2 3 0 1
-0.000015 0 3 1 2 2 2
-0.000015 2 1 3 2 2 0
-0.000015 2 2 3 0 2 1
-0.000015 1 0 3 2 2 2
-0.000015 2 2 2 0 3 1
-0.000015 0 3 2 1 2 2
-0.000015 3 2 2 1 2 0
-0.000015 2 0 3 1 2 2
-0.000015 1 2 0 3 2 2
-0.000015 1 2 2 3 0 2
-0.000015 2 3 1 0 2 2
-0.000015 0 2 1 2 3 2
-0.000015 2 2 0 1 3 2
-0.000015 2 3 2 1 2 0
-0.000015 2 1 2 0 2 3
-0.000015 1 3 2 2 2 0
-0.000015 1 2 3 2 2 0
-0.000015 1 0 2 3 2 2
0.000017 2 1 3 3 3 0
0.000017 1 0 3 3 2 3
0.000017 3 3 0 3 2 1
0.000017 3 3 2 0 1 3
0.000017 1 3 3 3 2 0
0.000017 3 3 2 3 0 1
0.000017 3 3 3 0 2 1
0.000017 1 3 0 3 2 3
0.000017 1 3 3 3 0 2
0.000017 1 3 0 3 3 2
0.000017 2 3 0 1 3 3
0.000017 3 3 1 0 3 2
0.000017 3 3 2 1 3 0
0.000017 3 3 3 0 1 2
0.000017 3 1 0 3 3 2
0.000017 0 2 1 3 3 3
0.000017 1 3 2 3 3 0
0.000017 2 0 1 3 3 3
0.000017 3 3 0 1 3 2
0.000017 0 1 3 3 3 2
0.000017 3 3 1 2 3 0
0.000017 2 3 3 1 0 3
0.000017 3 3 3 1 2 0
0.000017 3 3 0 1 2 3
0.000017 0 3 1 3 3 2
0.000017 3 2 3 0 3 1
0.000017 3 2 3 3 1 0
0.000017 3 3 0 2 3 1
0.000017 1 3 2 0 3 3
0.000017 3 1 3 2 3 0
0.000017 0 3 1 3 2 3
0.000017 3 0 3 3 1 2
0.000017 1 0 3 2 3 3
0.000017 3 2 3 0 1 3
0.000017 3 2 3 3 0 1
0.000017 3 2 1 0 3 3
0.000017 0 3 2 1 3 3
0.000017 0 2 3 1 3 3
0.000017 0 3 3 1 3 2
0.000017 1 3 3 0 2 3
0.000017 1 3 3 0 3 2
0.000017 2 3 1 0 3 3
0.000017 3 1 3 3 0 2
0.000017 3 0 3 2 3 1
0.000017 3 3 3 2 1 0
0.000017 2 3 1 3 0 3
0.000017 3 0 3 2 1 3
0.000017 3 3 0 2 1 3
0.000017 2 3 3 1 3 0
0.000017 2 1 3 0 3 3
0.000017 3 3 1 0 2 3
0.000017 3 1 0 3 2 3
0.000017 3 0 2 3 3 1
0.000017 2 1 3 3 0 3
0.000017 0 3 1 2 3 3
0.000017 3 3 2 1 0 3
0.000017 0 3 3 3 1 2
0.000017 0 3 3 3 2 1
0.000017 1 3 3 2 0 3
0.000017 3 0 2 3 1 3
0.000017 0 3 2 3 3 1
0.000017 0 2 3 3 3 1
0.000017 3 0 3 3 2 1
0.000017 0 2 3 3 1 3
0.000017 0 1 3 3 2 3
0.000017 1 3 2 3 0 3
0.000017 3 1 3 2 0 3
0.000017 0 3 2 3 1 3
0.000017 3 0 3 1 3 2
0.000017 3 3 1 2 0 3
0.000017 1 2 3 0 3 3
0.000017 3 0 2 1 3 3
0.000017 3 2 1 3 3 0
0.000017 3 3 3 2 0 1
0.000017 1 0 2 3 3 3
0.000017 0 3 3 1 2 3
0.000017 2 1 0 3 3 3
0.000017 2 3 3 0 3 1
0.000017 1 2 3 3 3 0
0.000017 0 3 3 2 3 1
0.000017 3 0 1 2 3 3
0.000017 2 0 3 3 3 1
0.000017 3 1 0 2 3 3
0.000017 3 1 2 3 3 0
0.000017 2 0 3 3 1 3
0.000017 3 2 3 1 3 0
0.000017 2 3 0 3 3 1
0.000017 3 1 3 3 2 0
0.000017 2 0 3 1 3 3
0.000017 3 1 2 0 3 3
0.000017 3 3 2 3 1 0
0.000017 3 2 0 1 3 3
0.000017 0 1 3 2 3 3
0.000017 3 0 1 3 2 3
0.000017 1 3 0 2 3 3
0.000017 0 1 2 3 3 3
0.000017 3 3 0 3 1 2
0.000017 1 3 3 2 3 0
0.000017 3 0 3 1 2 3
0.000017 3 2 1 3 0 3
0.000017 2 3 3 0 1 3
0.000017 3 2 0 3 3 1
0.000017 0 3 3 2 1 3
0.000017 3 2 0 3 1 3
0.000017 3 0 1 3 3 2
0.000017 2 3 3 3 1 0
0.000017 1 2 3 3 0 3
0.000017 1 2 0 3 3 3
0.000017 3 3 1 3 2 0
0.000017 2 3 1 3 3 0
0.000017 3 2 3 1 0 3
0.000017 1 0 3 3 3 2
0.000017 3 3 3 1 0 2
0.000017 2 3 3 3 0 1
0.000017 2 3 0 3 1 3
0.000017 3 1 2 3 0 3
0.000017 3 3 1 3 0 2
0.000017 3 3 2 0 3 1
0.000017 3 1 3 0 2 3
0.000017 3 1 3 0 3 2
0.000013 3 3 1 0 3 3
0.000013 0 3 3 3 3 1
0.000013 3 1 0 3 3 3
0.000013 3 3 0 1 3 3
0.000013 3 3 1 3 3 0
0.000013 0 1 3 3 3 3
0.000013 0 3 3 3 1 3
0.000013 3 3 3 1 3 0
0.000013 0 3 1 3 3 3
0.000013 3 0 3 3 3 1
0.000013 3 0 1 3 3 3
0.000013 3 1 3 3 3 0
0.000013 3 0 3 3 1 3
0.000013 1 3 3 0 3 3
0.000013 3 3 3 1 0 3
0.000013 1 0 3 3 3 3
0.000013 0 3 3 1 3 3
0.000013 3 3 0 3 3 1
0.000013 3 3 1 3 0 3
0.000013 3 1 3 0 3 3
0.000013 3 1 3 3 0 3
0.000013 3 3 3 0 3 1
0.000013 3 0 3 1 3 3
0.000013 3 3 3 3 0 1
0.000013 3 3 3 3 1 0
0.000013 1 3 3 3 3 0
0.000013 3 3 0 3 1 3
0.000013 1 3 3 3 0 3
0.000013 1 3 0 3 3 3
0.000013 3 3 3 0 1 3
-0.000027 0 2 2 2 2 2
-0.000027 2 0 2 2 2 2
-0.000027 2 2 2 2 0 2
-0.000027 2 2 0 2 2 2
-0.000027 2 2 2 2 2 0
-0.000027 2 2 2 0 2 2
0.000040 0 2 2 2 3 2
0.000040 0 2 2 3 2 2
0.000040 2 2 2 2 0 3
0.000040 2 3 2 2 0 2
0.000040 2 2 3 2 0 2
0.000040 2 2 3 0 2 2
0.000040 2 3 0 2 2 2
0.000040 0 2 2 2 2 3
0.000040 2 2 2 0 3 2
0.000040 3 0 2 2 2 2
0.000040 3 2 2 2 2 0
0.000040 2 2 2 0 2 3
0.000040 2 2 0 3 2 2
0.000040 2 2 0 2 3 2
0.000040 3 2 2 2 0 2
0.000040 2 0 2 2 3 2
0.000040 3 2 0 2 2 2
0.000040 2 2 0 2 2 3
0.000040 2 0 2 3 2 2
0.000040 2 2 2 2 3 0
0.000040 2 2 2 3 2 0
0.000040 2 3 2 0 2 2
0.000040 2 0 2 2 2 3
0.000040 0 2 3 2 2 2
0.000040 0 3 2 2 2 2
0.000040 2 2 3 2 2 0
0.000040 2 0 3 2 2 2
0.000040 3 2 2 0 2 2
0.000040 2 2 2 3 0 2
0.000040 2 3 2 2 2 0
0.000021 2 3 2 3 2 0
0.000021 3 0 2 2 2 3
0.000021 3 3 2 0 2 2
0.000021 3 2 0 2 3 2
0.000021 2 2 0 2 3 3
0.000021 2 0 2 3 3 2
0.000021 2 2 2 3 3 0
0.000021 2 2 3 3 0 2
0.000021 2 2 0 3 2 3
0.000021 2 3 2 3 0 2
0.000021 2 0 2 2 3 3
0.000021 3 2 2 2 0 3
0.000021 0 2 3 2 3 2
0.000021 3 3 2 2 0 2
0.000021 2 0 3 2 3 2
0.000021 3 0 3 2 2 2
0.000021 0 3 2 2 3 2
0.000021 2 3 2 0 2 3
0.000021 3 2 0 2 2 3
0.000021 2 0 2 3 2 3
0.000021 2 3 2 2 3 0
0.000021 2 3 3 0 2 2
0.000021 2 0 3 3 2 2
0.000021 0 2 3 2 2 3
0.000021 0 3 2 2 2 3
0.000021 3 2 2 0 3 2
0.000021 0 2 2 3 3 2
0.000021 2 0 3 2 2 3
0.000021 0 3 3 2 2 2
0.000021 3 0 2 3 2 2
0.000021 3 2 2 3 2 0
0.000021 2 2 3 2 3 0
0.000021 3 2 2 0 2 3
0.000021 2 2 2 3 0 3
0.000021 3 2 3 0 2 2
0.000021 3 2 2 3 0 2
0.000021 3 2 3 2 2 0
0.000021 2 2 3 0 3 2
0.000021 0 2 3 3 2 2
0.000021 2 3 0 2 3 2
0.000021 2 3 3 2 2 0
0.000021 3 2 0 3 2 2
0.000021 0 2 2 2 3 3
0.000021 0 2 2 3 2 3
0.000021 2 2 3 2 0 3
0.000021 2 3 0 3 2 2
0.000021 2 3 2 2 0 3
0.000021 0 3 2 3 2 2
0.000021 3 2 3 2 0 2
0.000021 2 2 3 0 2 3
0.000021 2 3 0 2 2 3
0.000021 2 2 0 3 3 2
0.000021 2 2 3 3 2 0
0.000021 3 2 2 2 3 0
0.000021 3 3 2 2 2 0
0.000021 2 3 3 2 0 2
0.000021 2 2 2 0 3 3
0.000021 2 3 2 0 3 2
0.000021 3 3 0 2 2 2
0.000021 3 0 2 2 3 2
-0.000011 2 3 3 0 2 3
-0.000011 2 0 3 3 3 2
-0.000011 3 2 3 3 2 0
-0.000011 2 0 3 3 2 3
-0.000011 0 3 3 2 2 3
-0.000011 3 0 2 3 2 3
-0.000011 3 0 2 3 3 2
-0.000011 0 2 2 3 3 3
-0.000011 3 2 2 0 3 3
-0.000011 0 3 3 3 2 2
-0.000011 2 3 3 2 3 0
-0.000011 3 2 0 3 3 2
-0.000011 2 3 3 3 2 0
-0.000011 3 2 2 3 0 3
-0.000011 3 2 3 0 3 2
-0.000011 3 2 3 2 3 0
-0.000011 3 0 3 3 2 2
-0.000011 2 3 0 3 3 2
-0.000011 0 2 3 3 2 3
-0.000011 0 3 2 3 3 2
-0.000011 0 2 3 3 3 2
-0.000011 3 2 0 3 2 3
-0.000011 3 2 3 0 2 3
-0.000011 2 2 3 0 3 3
-0.000011 2 3 0 2 3 3
-0.000011 3 3 2 2 3 0
-0.000011 2 3 0 3 2 3
-0.000011 3 3 2 3 2 0
-0.000011 3 2 3 2 0 3
-0.000011 0 3 2 3 2 3
-0.000011 3 2 3 3 0 2
-0.000011 2 2 0 3 3 3
-0.000011 2 2 3 3 3 0
-0.000011 2 3 3 3 0 2
-0.000011 3 3 2 0 3 2
-0.000011 3 3 3 2 2 0
-0.000011 3 3 0 2 2 3
-0.000011 3 3 0 2 3 2
-0.000011 3 3 2 0 2 3
-0.000011 2 3 2 0 3 3
-0.000011 2 3 3 2 0 3
-0.000011 2 3 2 3 3 0
-0.000011 3 0 2 2 3 3
-0.000011 3 3 0 3 2 2
-0.000011 3 3 2 3 0 2
-0.000011 3 0 3 2 3 2
-0.000011 3 3 3 2 0 2
-0.000011 3 2 0 2 3 3
-0.000011 3 2 2 3 3 0
-0.000011 2 3 2 3 0 3
-0.000011 2 0 2 3 3 3
-0.000011 2 3 3 0 3 2
-0.000011 3 3 3 0 2 2
-0.000011 2 2 3 3 0 3
-0.000011 3 3 2 2 0 3
-0.000011 0 3 2 2 3 3
-0.000011 0 2 3 2 3 3
-0.000011 2 0 3 2 3 3
-0.000011 3 0 3 2 2 3
-0.000011 0 3 3 2 3 2
-0.000015 3 0 3 3 3 2
-0.000015 0 3 2 3 3 3
-0.000015 3 3 3 2 3 0
-0.000015 3 2 3 3 0 3
-0.000015 3 3 0 3 3 2
-0.000015 2 3 3 3 0 3
-0.000015 3 3 3 3 2 0
-0.000015 3 3 0 2 3 3
-0.000015 3 3 2 0 3 3
-0.000015 3 3 3 0 3 2
-0.000015 3 3 0 3 2 3
-0.000015 3 3 3 3 0 2
-0.000015 3 3 2 3 0 3
-0.000015 3 0 3 2 3 3
-0.000015 3 3 3 2 0 3
-0.000015 3 3 3 0 2 3
-0.000015 0 2 3 3 3 3
-0.000015 2 3 3 0 3 3
-0.000015 0 3 3 2 3 3
-0.000015 3 2 3 3 3 0
-0.000015 0 3 3 3 3 2
-0.000015 2 0 3 3 3 3
-0.000015 3 0 2 3 3 3
-0.000015 3 3 2 3 3 0
-0.000015 3 2 0 3 3 3
-0.000015 0 3 3 3 2 3
-0.000015 2 3 0 3 3 3
-0.000015 2 3 3 3 3 0
-0.000015 3 2 3 0 3 3
-0.000015 3 0 3 3 2 3
0.000042 3 3 3 3 0 3
0.000042 0 3 3 3 3 3
0.000042 3 0 3 3 3 3
0.000042 3 3 0 3 3 3
0.000042 3 3 3 3 3 0
0.000042 3 3 3 0 3 3
0.000165 1 1 1 1 1 1
0.000051 1 1 1 2 1 1
0.000051 1 2 1 1 1 1
0.000051 1 1 1 1 1 2
0.000051 2 1 1 1 1 1
0.000051 1 1 2 1 1 1
0.000051 1 1 1 1 2 1
-0.000018 1 1 1 1 1 3
-0.000018 1 1 3 1 1 1
-0.000018 3 1 1 1 1 1
-0.000018 1 3 1 1 1 1
-0.000018 1 1 1 1 3 1
-0.000018 1 1 1 3 1 1
-0.000017 1 2 1 1 1 2
-0.000017 1 1 2 2 1 1
-0.000017 1 2 2 1 1 1
-0.000017 2 1 1 1 1 2
-0.000017 2 1 1 1 2 1
-0.000017 1 1 1 2 2 1
-0.000017 2 2 1 1 1 1
-0.000017 1 1 2 1 1 2
-0.000017 1 2 1 1 2 1
-0.000017 1 1 2 1 2 1
-0.000017 1 1 1 1 2 2
-0.000017 1 2 1 2 1 1
-0.000017 2 1 1 2 1 1
-0.000017 1 1 1 2 1 2
-0.000017 2 1 2 1 1 1
-0.000021 2 1 1 3 1 1
-0.000021 3 2 1 1 1 1
-0.000021 1 1 2 3 1 1
-0.000021 2 1 1 1 3 1
-0.000021 1 3 1 1 2 1
-0.000021 1 2 1 1 3 1
-0.000021 3 1 1 1 2 1
-0.000021 1 3 1 2 1 1
-0.000021 2 1 1 1 1 3
-0.000021 3 1 1 1 1 2
-0.000021 1 3 1 1 1 2
-0.000021 1 1 2 1 1 3
-0.000021 1 1 3 1 2 1
-0.000021 3 1 1 2 1 1
-0.000021 1 3 2 1 1 1
-0.000021 1 1 1 1 3 2
-0.000021 1 1 3 2 1 1
-0.000021 1 2 1 1 1 3
-0.000021 1 1 1 2 3 1
-0.000021 1 1 3 1 1 2
-0.000021 2 1 3 1 1 1
-0.000021 1 1 1 1 2 3
-0.000021 1 2 3 1 1 1
-0.000021 2 3 1 1 1 1
-0.000021 1 1 1 2 1 3
-0.000021 1 2 1 3 1 1
-0.000021 1 1 1 3 1 2
-0.000021 1 1 1 3 2 1
-0.000021 3 1 2 1 1 1
-0.000021 1 1 2 1 3 1
-0.000050 1 3 1 1 3 1
-0.000050 1 3 1 3 1 1
-0.000050 3 3 1 1 1 1
-0.000050 1 1 1 1 3 3
-0.000050 1 1 1 3 1 3
-0.000050 1 3 3 1 1 1
-0.000050 1 1 3 1 3 1
-0.000050 3 1 1 1 3 1
-0.000050 3 1 1 3 1 1
-0.000050 3 1 3 1 1 1
-0.000050 3 1 1 1 1 3
-0.000050 1 1 1 3 3 1
-0.000050 1 1 3 1 1 3
-0.000050 1 3 1 1 1 3
-0.000050 1 1 3 3 1 1
-0.000025 1 3 2 1 1 2
-0.000025 3 1 2 2 1 1
-0.000025 1 1 3 1 2 2
-0.000025 2 1 3 1 2 1
-0.000025 2 3 2 1 1 1
-0.000025 3 1 1 2 1 2
-0.000025 1 1 3 2 1 2
-0.000025 1 2 3 1 2 1
-0.000025 2 3 1 1 2 1
-0.000025 1 2 3 2 1 1
-0.000025 1 1 1 2 2 3
-0.000025 1 1 1 2 3 2
-0.000025 1 2 1 2 3 1
-0.000025 1 2 2 1 1 3
-0.000025 1 2 3 1 1 2
-0.000025 2 1 3 1 1 2
-0.000025 2 2 1 1 1 3
-0.000025 2 1 2 1 3 1
-0.000025 2 3 1 1 1 2
-0.000025 1 2 1 3 2 1
-0.000025 2 2 3 1 1 1
-0.000025 1 2 2 3 1 1
-0.000025 2 2 1 3 1 1
-0.000025 2 1 3 2 1 1
-0.000025 1 2 1 3 1 2
-0.000025 2 1 1 2 3 1
-0.000025 1 2 1 2 1 3
-0.000025 1 1 1 3 2 2
-0.000025 3 1 2 1 1 2
-0.000025 3 2 1 1 2 1
-0.000025 3 1 2 1 2 1
-0.000025 2 1 2 1 1 3
-0.000025 3 2 1 2 1 1
-0.000025 1 1 2 1 3 2
-0.000025 2 3 1 2 1 1
-0.000025 3 2 1 1 1 2
-0.000025 2 1 1 3 1 2
-0.000025 2 1 1 3 2 1
-0.000025 1 1 2 3 2 1
-0.000025 1 1 2 2 3 1
-0.000025 2 1 1 1 3 2
-0.000025 2 2 1 1 3 1
-0.000025 1 3 1 2 2 1
-0.000025 1 1 2 3 1 2
-0.000025 1 2 1 1 3 2
-0.000025 2 1 1 2 1 3
-0.000025 1 3 1 1 2 2
-0.000025 3 1 1 2 2 1
-0.000025 1 2 2 1 3 1
-0.000025 1 3 2 1 2 1
-0.000025 1 3 1 2 1 2
-0.000025 1 1 2 2 1 3
-0.000025 3 2 2 1 1 1
-0.000025 2 1 1 1 2 3
-0.000025 3 1 1 1 2 2
-0.000025 2 1 2 3 1 1
-0.000025 1 3 2 2 1 1
-0.000025 1 1 3 2 2 1
-0.000025 1 2 1 1 2 3
-0.000025 1 1 2 1 2 3
0.000012 2 1 2 1 2 2
0.000012 2 2 1 2 2 1
0.000012 1 2 2 1 2 2
0.000012 2 1 1 2 2 2
0.000012 2 2 1 1 2 2
0.000012 2 1 2 2 1 2
0.000012 2 2 1 2 1 2
0.000012 2 2 2 1 1 2
0.000012 2 2 2 1 2 1
0.000012 1 1 2 2 2 2
0.000012 2 1 2 2 2 1
0.000012 1 2 2 2 1 2
0.000012 1 2 2 2 2 1
0.000012 2 2 2 2 1 1
0.000012 1 2 1 2 2 2
-0.000031 2 2 3 1 1 2
-0.000031 1 2 2 3 2 1
-0.000031 2 3 2 2 1 1
-0.000031 2 2 1 3 2 1
-0.000031 1 2 2 3 1 2
-0.000031 2 2 3 2 1 1
-0.000031 2 1 3 2 2 1
-0.000031 2 1 2 1 2 3
-0.000031 2 2 1 3 1 2
-0.000031 2 1 1 2 3 2
-0.000031 1 2 2 2 1 3
-0.000031 2 1 3 2 1 2
-0.000031 3 2 1 2 2 1
-0.000031 2 3 1 2 2 1
-0.000031 3 2 1 1 2 2
-0.000031 3 1 2 1 2 2
-0.000031 3 2 2 1 2 1
-0.000031 2 1 2 3 2 1
-0.000031 3 2 1 2 1 2
-0.000031 2 3 1 2 1 2
-0.000031 2 1 1 3 2 2
-0.000031 2 1 2 2 3 1
-0.000031 1 3 1 2 2 2
-0.000031 1 1 2 3 2 2
-0.000031 1 1 2 2 3 2
-0.000031 2 1 1 2 2 3
-0.000031 2 2 1 1 3 2
-0.000031 3 1 1 2 2 2
-0.000031 2 3 2 1 2 1
-0.000031 1 3 2 1 2 2
-0.000031 3 2 2 2 1 1
-0.000031 3 1 2 2 2 1
-0.000031 2 1 2 2 1 3
-0.000031 1 1 2 2 2 3
-0.000031 1 2 2 1 3 2
-0.000031 2 1 2 1 3 2
-0.000031 2 2 2 3 1 1
-0.000031 3 2 2 1 1 2
-0.000031 1 1 3 2 2 2
-0.000031 2 1 2 3 1 2
-0.000031 1 3 2 2 1 2
-0.000031 1 3 2 2 2 1
-0.000031 1 2 3 2 2 1
-0.000031 2 2 1 2 3 1
-0.000031 2 2 2 1 3 1
-0.000031 2 3 2 1 1 2
-0.000031 3 1 2 2 1 2
-0.000031 1 2 3 1 2 2
-0.000031 1 2 2 1 2 3
-0.000031 2 1 3 1 2 2
-0.000031 2 2 1 1 2 3
-0.000031 2 2 1 2 1 3
-0.000031 2 2 2 1 1 3
-0.000031 1 2 3 2 1 2
-0.000031 2 3 1 1 2 2
-0.000031 1 2 1 2 2 3
-0.000031 2 2 3 1 2 1
-0.000031 1 2 1 2 3 2
-0.000031 1 2 1 3 2 2
-0.000031 1 2 2 2 3 1
0.000010 3 1 1 2 3 2
0.000010 2 3 2 1 3 1
0.000010 2 1 1 3 2 3
0.000010 2 2 1 1 3 3
0.000010 1 3 1 2 2 3
0.000010 1 3 2 2 3 1
0.000010 2 1 3 3 2 1
0.000010 3 1 1 2 2 3
0.000010 1 3 3 2 2 1
0.000010 2 1 2 3 1 3
0.000010 1 3 2 2 1 3
0.000010 1 2 3 2 3 1
0.000010 1 3 2 3 2 1
0.000010 2 3 2 1 1 3
0.000010 2 3 3 1 2 1
0.000010 3 2 2 3 1 1
0.000010 3 3 2 1 1 2
0.000010 2 3 1 1 2 3
0.000010 1 2 3 2 1 3
0.000010 2 3 1 1 3 2
0.000010 2 2 1 3 3 1
0.000010 1 1 3 3 2 2
0.000010 2 2 1 3 1 3
0.000010 1 1 2 3 3 2
0.000010 2 1 1 2 3 3
0.000010 3 3 2 2 1 1
0.000010 3 1 3 2 1 2
0.000010 3 2 1 1 2 3
0.000010 1 3 2 1 3 2
0.000010 2 3 2 3 1 1
0.000010 1 3 2 1 2 3
0.000010 1 2 3 1 3 2
0.000010 3 2 2 1 1 3
0.000010 2 1 3 3 1 2
0.000010 2 2 3 3 1 1
0.000010 3 3 2 1 2 1
0.000010 2 3 3 1 1 2
0.000010 1 2 1 3 3 2
0.000010 1 3 3 2 1 2
0.000010 2 2 3 1 3 1
0.000010 1 3 2 3 1 2
0.000010 2 2 3 1 1 3
0.000010 3 1 3 2 2 1
0.000010 3 1 2 1 3 2
0.000010 1 3 1 3 2 2
0.000010 3 2 3 2 1 1
0.000010 3 2 1 2 3 1
0.000010 3 1 1 3 2 2
0.000010 3 1 3 1 2 2
0.000010 2 3 1 2 3 1
0.000010 3 1 2 1 2 3
0.000010 3 2 1 2 1 3
0.000010 2 3 1 2 1 3
0.000010 3 1 2 2 3 1
0.000010 1 1 2 2 3 3
0.000010 1 1 2 3 2 3
0.000010 1 3 3 1 2 2
0.000010 2 1 3 1 2 3
0.000010 1 2 3 3 2 1
0.000010 1 2 2 3 3 1
0.000010 1 2 2 3 1 3
0.000010 3 2 1 1 3 2
0.000010 3 3 1 1 2 2
0.000010 2 3 3 2 1 1
0.000010 2 1 2 3 3 1
0.000010 1 2 2 1 3 3
0.000010 3 2 1 3 2 1
0.000010 2 1 3 1 3 2
0.000010 1 1 3 2 2 3
0.000010 1 1 3 2 3 2
0.000010 3 1 2 2 1 3
0.000010 3 2 1 3 1 2
0.000010 1 2 3 1 2 3
0.000010 1 2 1 2 3 3
0.000010 1 2 3 3 1 2
0.000010 2 1 3 2 3 1
0.000010 2 1 2 1 3 3
0.000010 3 3 1 2 2 1
0.000010 1 2 1 3 2 3
0.000010 3 2 3 1 2 1
0.000010 3 1 2 3 1 2
0.000010 2 1 3 2 1 3
0.000010 3 1 2 3 2 1
0.000010 3 2 2 1 3 1
0.000010 2 3 1 3 2 1
0.000010 3 3 1 2 1 2
0.000010 3 2 3 1 1 2
0.000010 2 1 1 3 3 2
0.000010 1 3 1 2 3 2
0.000010 2 3 1 3 1 2
0.000045 3 1 3 3 3 1
0.000045 3 3 1 3 3 1
0.000045 1 3 3 3 1 3
0.000045 3 3 3 1 1 3
0.000045 3 1 1 3 3 3
0.000045 3 3 3 3 1 1
0.000045 1 1 3 3 3 3
0.000045 1 3 3 1 3 3
0.000045 1 3 1 3 3 3
0.000045 1 3 3 3 3 1
0.000045 3 1 3 3 1 3
0.000045 3 3 3 1 3 1
0.000045 3 3 1 1 3 3
0.000045 3 3 1 3 1 3
0.000045 3 1 3 1 3 3
0.000036 2 2 2 1 2 2
0.000036 1 2 2 2 2 2
0.000036 2 1 2 2 2 2
0.000036 2 2 1 2 2 2
0.000036 2 2 2 2 1 2
0.000036 2 2 2 2 2 1
0.000028 2 1 2 2 3 2
0.000028 3 2 2 2 2 1
0.000028 2 1 2 2 2 3
0.000028 2 3 2 1 2 2
0.000028 3 2 2 2 1 2
0.000028 3 1 2 2 2 2
0.000028 2 2 2 2 3 1
0.000028 2 2 2 3 1 2
0.000028 1 3 2 2 2 2
0.000028 2 2 2 3 2 1
0.000028 2 2 2 1 3 2
0.000028 2 2 1 2 2 3
0.000028 1 2 3 2 2 2
0.000028 2 2 1 2 3 2
0.000028 2 2 3 2 2 1
0.000028 2 2 2 1 2 3
0.000028 2 2 3 1 2 2
0.000028 2 2 2 2 1 3
0.000028 2 3 2 2 1 2
0.000028 1 2 2 2 3 2
0.000028 2 3 2 2 2 1
0.000028 1 2 2 3 2 2
0.000028 2 2 1 3 2 2
0.000028 2 2 3 2 1 2
0.000028 2 1 3 2 2 2
0.000028 1 2 2 2 2 3
0.000028 3 2 1 2 2 2
0.000028 2 3 1 2 2 2
0.000028 2 1 2 3 2 2
0.000028 3 2 2 1 2 2
0.000022 1 2 3 2 2 3
0.000022 2 2 1 2 3 3
0.000022 1 2 3 2 3 2
0.000022 2 2 2 1 3 3
0.000022 2 3 2 2 3 1
0.000022 1 2 3 3 2 2
0.000022 1 3 2 3 2 2
0.000022 2 3 3 1 2 2
0.000022 3 2 2 3 2 1
0.000022 2 2 3 2 3 1
0.000022 3 2 2 3 1 2
0.000022 2 2 3 1 3 2
0.000022 2 2 3 1 2 3
0.000022 1 2 2 3 3 2
0.000022 2 2 1 3 3 2
0.000022 2 3 2 2 1 3
0.000022 2 1 3 2 3 2
0.000022 1 2 2 2 3 3
0.000022 3 2 3 2 2 1
0.000022 3 3 1 2 2 2
0.000022 2 3 3 2 2 1
0.000022 1 2 2 3 2 3
0.000022 3 2 3 1 2 2
0.000022 3 3 2 1 2 2
0.000022 2 2 1 3 2 3
0.000022 3 1 2 3 2 2
0.000022 3 1 3 2 2 2
0.000022 3 2 3 2 1 2
0.000022 2 3 1 3 2 2
0.000022 2 2 3 2 1 3
0.000022 2 1 3 2 2 3
0.000022 2 3 3 2 1 2
0.000022 3 2 2 1 3 2
0.000022 3 2 1 2 2 3
0.000022 2 2 3 3 2 1
0.000022 3 2 1 2 3 2
0.000022 3 3 2 2 2 1
0.000022 2 3 1 2 3 2
0.000022 3 3 2 2 1 2
0.000022 3 2 2 2 3 1
0.000022 2 3 1 2 2 3
0.000022 3 2 2 1 2 3
0.000022 2 1 2 3 2 3
0.000022 2 1 2 3 3 2
0.000022 2 3 2 3 2 1
0.000022 2 2 3 3 1 2
0.000022 2 1 2 2 3 3
0.000022 2 3 2 1 3 2
0.000022 3 1 2 2 3 2
0.000022 1 3 2 2 3 2
0.000022 2 2 2 3 3 1
0.000022 2 1 3 3 2 2
0.000022 2 3 2 3 1 2
0.000022 3 2 2 2 1 3
0.000022 1 3 3 2 2 2
0.000022 3 1 2 2 2 3
0.000022 2 3 2 1 2 3
0.000022 3 2 1 3 2 2
0.000022 2 2 2 3 1 3
0.000022 1 3 2 2 2 3
0.000100 1 3 3 3 3 3
0.000100 3 3 3 3 3 1
0.000100 3 1 3 3 3 3
0.000100 3 3 1 3 3 3
0.000100 3 3 3 1 3 3
0.000100 3 3 3 3 1 3
-0.000051 2 2 2 2 2 2
-0.000033 2 2 2 2 2 3
-0.000033 2 3 2 2 2 2
-0.000033 3 2 2 2 2 2
-0.000033 2 2 3 2 2 2
-0.000033 2 2 2 3 2 2
-0.000033 2 2 2 2 3 2
-0.000071 2 3 3 2 2 2
-0.000071 2 2 3 2 2 3
-0.000071 3 2 2 3 2 2
-0.000071 2 2 3 2 3 2
-0.000071 2 2 3 3 2 2
-0.000071 2 3 2 3 2 2
-0.000071 2 2 2 3 2 3
-0.000071 2 2 2 2 3 3
-0.000071 2 3 2 2 3 2
-0.000071 3 2 2 2 2 3
-0.000071 3 2 2 2 3 2
-0.000071 2 3 2 2 2 3
-0.000071 2 2 2 3 3 2
-0.000071 3 3 2 2 2 2
-0.000071 3 2 3 2 2 2
0.000021 2 3 2 3 2 3
0.000021 2 3 2 3 3 2
0.000021 2 2 2 3 3 3
0.000021 3 2 2 3 3 2
0.000021 2 3 2 2 3 3
0.000021 3 2 3 3 2 2
0.000021 3 2 2 3 2 3
0.000021 2 2 3 2 3 3
0.000021 2 3 3 2 3 2
0.000021 3 2 3 2 3 2
0.000021 2 3 3 3 2 2
0.000021 3 2 3 2 2 3
0.000021 2 3 3 2 2 3
0.000021 3 3 2 2 3 2
0.000021 3 3 2 3 2 2
0.000021 3 3 2 2 2 3
0.000021 2 2 3 3 3 2
0.000021 2 2 3 3 2 3
0.000021 3 2 2 2 3 3
0.000021 3 3 3 2 2 2
-0.000025 2 3 3 2 3 3
-0.000025 3 2 3 3 3 2
-0.000025 2 3 3 3 2 3
-0.000025 2 3 3 3 3 2
-0.000025 3 2 3 3 2 3
-0.000025 2 2 3 3 3 3
-0.000025 3 2 2 3 3 3
-0.000025 3 2 3 2 3 3
-0.000025 3 3 2 3 3 2
-0.000025 3 3 3 3 2 2
-0.000025 3 3 2 2 3 3
-0.000025 3 3 3 2 2 3
-0.000025 3 3 3 2 3 2
-0.000025 2 3 2 3 3 3
-0.000025 3 3 2 3 2 3
-0.000021 3 3 3 3 2 3
-0.000021 3 3 2 3 3 3
-0.000021 3 3 3 2 3 3
-0.000021 2 3 3 3 3 3
-0.000021 3 2 3 3 3 3
-0.000021 3 3 3 3 3 2
0.000238 3 3 3 3 3 3
