0.009874 0 0 0
0.008955 1 0 0
0.008955 0 0 1
0.008955 0 1 0
-0.013443 0 2 0
-0.013443 0 0 2
-0.013443 2 0 0
0.000733 3 0 0
0.000733 0 3 0
0.000733 0 0 3
0.002836 1 0 1
0.002836 1 1 0
0.002836 0 1 1
-0.004561 0 2 1
-0.004561 1 2 0
-0.004561 2 1 0
-0.004561 2 0 1
-0.004561 0 1 2
-0.004561 1 0 2
0.000736 0 3 1
0.000736 0 1 3
0.000736 3 1 0
0.000736 1 0 3
0.000736 1 3 0
0.000736 3 0 1
0.009303 0 2 2
0.009303 2 0 2
0.009303 2 2 0
0.000117 3 2 0
0.000117 0 2 3
0.000117 3 0 2
0.000117 2 0 3
0.000117 0 3 2
0.000117 2 3 0
0.004998 3 3 0
0.004998 3 0 3
0.004998 0 3 3
0.013391 1 1 1
-0.002827 1 2 1
-0.002827 2 1 1
-0.002827 1 1 2
-0.004239 1 1 3
-0.004239 1 3 1
-0.004239 3 1 1
-0.009236 1 2 2
-0.009236 2 1 2
-0.009236 2 2 1
0.000558 1 3 2
0.000558 1 2 3
0.000558 2 1 3
0.000558 3 2 1
0.000558 3 1 2
0.000558 2 3 1
0.005017 3 1 3
0.005017 3 3 1
0.005017 1 3 3
0.007701 2 2 2
0.005525 2 2 3
0.005525 2 3 2
0.005525 3 2 2
-0.000391 3 3 2
-0.000391 2 3 3
-0.000391 3 2 3
0.012731 3 3 3
