   3.0000000e+00   3.0000000e+00   1.0000000e+00   3.0000000e+00   3.0000000e+00   2.0000000e+00   1.0000000e+00   3.0000000e+00   3.0000000e+00   3.0000000e+00   3.0000000e+00   3.0000000e+00   3.0000000e+00   3.0000000e+00   3.0000000e+00   3.0000000e+00   1.0000000e+00   3.0000000e+00   3.0000000e+00   3.0000000e+00   3.0000000e+00   3.0000000e+00   2.0000000e+00   1.0000000e+00   1.0000000e+00   3.0000000e+00   2.0000000e+00   1.0000000e+00   3.0000000e+00   1.0000000e+00   3.0000000e+00   3.0000000e+00   1.0000000e+00   1.0000000e+00   3.0000000e+00   1.0000000e+00   3.0000000e+00   3.0000000e+00   3.0000000e+00   3.0000000e+00   3.0000000e+00   3.0000000e+00   3.0000000e+00   1.0000000e+00   3.0000000e+00   3.0000000e+00   1.0000000e+00   3.0000000e+00   3.0000000e+00   3.0000000e+00   3.0000000e+00   3.0000000e+00   1.0000000e+00   3.0000000e+00   3.0000000e+00   2.0000000e+00   1.0000000e+00   3.0000000e+00   3.0000000e+00   3.0000000e+00   1.0000000e+00   1.0000000e+00   1.0000000e+00   3.0000000e+00   1.0000000e+00   3.0000000e+00   3.0000000e+00   3.0000000e+00   1.0000000e+00   1.0000000e+00   3.0000000e+00   1.0000000e+00   3.0000000e+00   3.0000000e+00   2.0000000e+00   2.0000000e+00   3.0000000e+00   2.0000000e+00   3.0000000e+00   3.0000000e+00   3.0000000e+00   3.0000000e+00   1.0000000e+00   3.0000000e+00   3.0000000e+00   2.0000000e+00   3.0000000e+00   2.0000000e+00   1.0000000e+00   3.0000000e+00   3.0000000e+00   2.0000000e+00   3.0000000e+00   1.0000000e+00   3.0000000e+00   1.0000000e+00   2.0000000e+00   3.0000000e+00   3.0000000e+00   3.0000000e+00   2.0000000e+00   2.0000000e+00   1.0000000e+00   3.0000000e+00   1.0000000e+00   1.0000000e+00   1.0000000e+00   1.0000000e+00   1.0000000e+00   2.0000000e+00   1.0000000e+00   3.0000000e+00   2.0000000e+00   2.0000000e+00   1.0000000e+00   3.0000000e+00   1.0000000e+00   1.0000000e+00   3.0000000e+00   2.0000000e+00   2.0000000e+00   2.0000000e+00   2.0000000e+00   2.0000000e+00   2.0000000e+00   1.0000000e+00   1.0000000e+00   1.0000000e+00   3.0000000e+00   3.0000000e+00   3.0000000e+00   1.0000000e+00   3.0000000e+00   2.0000000e+00   1.0000000e+00   2.0000000e+00   1.0000000e+00   2.0000000e+00   1.0000000e+00   1.0000000e+00   1.0000000e+00   3.0000000e+00   2.0000000e+00   1.0000000e+00   2.0000000e+00   1.0000000e+00   3.0000000e+00   2.0000000e+00   1.0000000e+00   1.0000000e+00   1.0000000e+00   1.0000000e+00   2.0000000e+00   3.0000000e+00   1.0000000e+00   2.0000000e+00   3.0000000e+00   1.0000000e+00   2.0000000e+00   1.0000000e+00   3.0000000e+00   2.0000000e+00   1.0000000e+00   1.0000000e+00   1.0000000e+00   2.0000000e+00   3.0000000e+00   2.0000000e+00   2.0000000e+00   2.0000000e+00   3.0000000e+00   1.0000000e+00   2.0000000e+00   1.0000000e+00   1.0000000e+00   3.0000000e+00   1.0000000e+00   1.0000000e+00   1.0000000e+00   1.0000000e+00   2.0000000e+00   3.0000000e+00   2.0000000e+00   2.0000000e+00   1.0000000e+00   3.0000000e+00   2.0000000e+00   1.0000000e+00   1.0000000e+00   2.0000000e+00   2.0000000e+00   2.0000000e+00   2.0000000e+00   1.0000000e+00   1.0000000e+00   1.0000000e+00   2.0000000e+00   2.0000000e+00   1.0000000e+00   1.0000000e+00   1.0000000e+00   1.0000000e+00   3.0000000e+00   3.0000000e+00   1.0000000e+00   3.0000000e+00   3.0000000e+00   1.0000000e+00   2.0000000e+00   1.0000000e+00   1.0000000e+00   2.0000000e+00   1.0000000e+00   1.0000000e+00   2.0000000e+00   2.0000000e+00   1.0000000e+00   2.0000000e+00   1.0000000e+00   2.0000000e+00   1.0000000e+00   1.0000000e+00   2.0000000e+00
   3.0000000e+00   1.0000000e+00   3.0000000e+00   1.0000000e+00   1.0000000e+00   1.0000000e+00   1.0000000e+00   1.0000000e+00   1.0000000e+00   1.0000000e+00   3.0000000e+00   3.0000000e+00   1.0000000e+00   2.0000000e+00   1.0000000e+00   1.0000000e+00   1.0000000e+00   1.0000000e+00   3.0000000e+00   1.0000000e+00   2.0000000e+00   1.0000000e+00   1.0000000e+00   1.0000000e+00   1.0000000e+00   3.0000000e+00   1.0000000e+00   3.0000000e+00   3.0000000e+00   1.0000000e+00   1.0000000e+00   3.0000000e+00   2.0000000e+00   2.0000000e+00   3.0000000e+00   1.0000000e+00   3.0000000e+00   1.0000000e+00   3.0000000e+00   3.0000000e+00   3.0000000e+00   3.0000000e+00   3.0000000e+00   2.0000000e+00   1.0000000e+00   3.0000000e+00   2.0000000e+00   3.0000000e+00   1.0000000e+00   3.0000000e+00   1.0000000e+00   1.0000000e+00   2.0000000e+00   3.0000000e+00   1.0000000e+00   2.0000000e+00   1.0000000e+00   1.0000000e+00   1.0000000e+00   1.0000000e+00   2.0000000e+00   2.0000000e+00   1.0000000e+00   3.0000000e+00   3.0000000e+00   3.0000000e+00   1.0000000e+00   3.0000000e+00   1.0000000e+00   3.0000000e+00   1.0000000e+00   3.0000000e+00   3.0000000e+00   1.0000000e+00   2.0000000e+00   1.0000000e+00   1.0000000e+00   2.0000000e+00   3.0000000e+00   2.0000000e+00   3.0000000e+00   1.0000000e+00   1.0000000e+00   2.0000000e+00   3.0000000e+00   2.0000000e+00   1.0000000e+00   1.0000000e+00   2.0000000e+00   3.0000000e+00   3.0000000e+00   2.0000000e+00   3.0000000e+00   3.0000000e+00   1.0000000e+00   2.0000000e+00   1.0000000e+00   3.0000000e+00   2.0000000e+00   1.0000000e+00   1.0000000e+00   1.0000000e+00   1.0000000e+00   1.0000000e+00   1.0000000e+00   1.0000000e+00   3.0000000e+00   1.0000000e+00   1.0000000e+00   2.0000000e+00   1.0000000e+00   1.0000000e+00   1.0000000e+00   1.0000000e+00   1.0000000e+00   1.0000000e+00   1.0000000e+00   3.0000000e+00   1.0000000e+00   1.0000000e+00   1.0000000e+00   2.0000000e+00   2.0000000e+00   1.0000000e+00   1.0000000e+00   1.0000000e+00   1.0000000e+00   1.0000000e+00   1.0000000e+00   1.0000000e+00   3.0000000e+00   1.0000000e+00   1.0000000e+00   1.0000000e+00   1.0000000e+00   1.0000000e+00   1.0000000e+00   2.0000000e+00   1.0000000e+00   1.0000000e+00   1.0000000e+00   3.0000000e+00   2.0000000e+00   1.0000000e+00   1.0000000e+00   1.0000000e+00   1.0000000e+00   1.0000000e+00   3.0000000e+00   1.0000000e+00   1.0000000e+00   3.0000000e+00   2.0000000e+00   3.0000000e+00   1.0000000e+00   1.0000000e+00   3.0000000e+00   1.0000000e+00   1.0000000e+00   1.0000000e+00   1.0000000e+00   1.0000000e+00   1.0000000e+00   1.0000000e+00   1.0000000e+00   1.0000000e+00   1.0000000e+00   1.0000000e+00   1.0000000e+00   1.0000000e+00   1.0000000e+00   3.0000000e+00   2.0000000e+00   1.0000000e+00   3.0000000e+00   3.0000000e+00   1.0000000e+00   1.0000000e+00   2.0000000e+00   3.0000000e+00   1.0000000e+00   3.0000000e+00   1.0000000e+00   2.0000000e+00   3.0000000e+00   1.0000000e+00   1.0000000e+00   1.0000000e+00   1.0000000e+00   2.0000000e+00   2.0000000e+00   1.0000000e+00   2.0000000e+00   2.0000000e+00   1.0000000e+00   2.0000000e+00   1.0000000e+00   2.0000000e+00   1.0000000e+00   1.0000000e+00   2.0000000e+00   1.0000000e+00   1.0000000e+00   3.0000000e+00   1.0000000e+00   1.0000000e+00   1.0000000e+00   2.0000000e+00   1.0000000e+00   2.0000000e+00   1.0000000e+00   1.0000000e+00   2.0000000e+00   2.0000000e+00   2.0000000e+00   2.0000000e+00   1.0000000e+00   1.0000000e+00   2.0000000e+00   1.0000000e+00   2.0000000e+00   2.0000000e+00   2.0000000e+00
   3.0000000e+00   3.0000000e+00   3.0000000e+00   3.0000000e+00   3.0000000e+00   1.0000000e+00   1.0000000e+00   3.0000000e+00   2.0000000e+00   3.0000000e+00   1.0000000e+00   2.0000000e+00   1.0000000e+00   2.0000000e+00   1.0000000e+00   1.0000000e+00   1.0000000e+00   3.0000000e+00   1.0000000e+00   1.0000000e+00   1.0000000e+00   1.0000000e+00   1.0000000e+00   1.0000000e+00   2.0000000e+00   1.0000000e+00   1.0000000e+00   3.0000000e+00   1.0000000e+00   1.0000000e+00   1.0000000e+00   1.0000000e+00   2.0000000e+00   1.0000000e+00   3.0000000e+00   2.0000000e+00   1.0000000e+00   1.0000000e+00   1.0000000e+00   3.0000000e+00   3.0000000e+00   1.0000000e+00   2.0000000e+00   1.0000000e+00   1.0000000e+00   2.0000000e+00   1.0000000e+00   1.0000000e+00   1.0000000e+00   3.0000000e+00   1.0000000e+00   1.0000000e+00   1.0000000e+00   2.0000000e+00   1.0000000e+00   1.0000000e+00   1.0000000e+00   1.0000000e+00   2.0000000e+00   1.0000000e+00   1.0000000e+00   1.0000000e+00   2.0000000e+00   1.0000000e+00   3.0000000e+00   1.0000000e+00   1.0000000e+00   1.0000000e+00   1.0000000e+00   3.0000000e+00   1.0000000e+00   2.0000000e+00   1.0000000e+00   1.0000000e+00   1.0000000e+00   1.0000000e+00   3.0000000e+00   1.0000000e+00   1.0000000e+00   1.0000000e+00   3.0000000e+00   3.0000000e+00   1.0000000e+00   2.0000000e+00   3.0000000e+00   2.0000000e+00   1.0000000e+00   1.0000000e+00   1.0000000e+00   2.0000000e+00   1.0000000e+00   1.0000000e+00   1.0000000e+00   1.0000000e+00   1.0000000e+00   1.0000000e+00   1.0000000e+00   1.0000000e+00   2.0000000e+00   1.0000000e+00   1.0000000e+00   1.0000000e+00   1.0000000e+00   1.0000000e+00   2.0000000e+00   1.0000000e+00   1.0000000e+00   1.0000000e+00   3.0000000e+00   1.0000000e+00   1.0000000e+00   3.0000000e+00   1.0000000e+00   2.0000000e+00   1.0000000e+00   3.0000000e+00   1.0000000e+00   1.0000000e+00   1.0000000e+00   1.0000000e+00   2.0000000e+00   1.0000000e+00   2.0000000e+00   1.0000000e+00   2.0000000e+00   1.0000000e+00   1.0000000e+00   1.0000000e+00   3.0000000e+00   1.0000000e+00   3.0000000e+00   1.0000000e+00   1.0000000e+00   1.0000000e+00   3.0000000e+00   1.0000000e+00   1.0000000e+00   2.0000000e+00   3.0000000e+00   1.0000000e+00   3.0000000e+00   1.0000000e+00   2.0000000e+00   1.0000000e+00   1.0000000e+00   1.0000000e+00   1.0000000e+00   1.0000000e+00   1.0000000e+00   3.0000000e+00   3.0000000e+00   1.0000000e+00   2.0000000e+00   1.0000000e+00   3.0000000e+00   2.0000000e+00   1.0000000e+00   3.0000000e+00   1.0000000e+00   1.0000000e+00   1.0000000e+00   1.0000000e+00   1.0000000e+00   3.0000000e+00   1.0000000e+00   2.0000000e+00   1.0000000e+00   1.0000000e+00   2.0000000e+00   2.0000000e+00   1.0000000e+00   1.0000000e+00   3.0000000e+00   1.0000000e+00   1.0000000e+00   3.0000000e+00   1.0000000e+00   1.0000000e+00   1.0000000e+00   3.0000000e+00   1.0000000e+00   3.0000000e+00   1.0000000e+00   3.0000000e+00   3.0000000e+00   1.0000000e+00   1.0000000e+00   3.0000000e+00   3.0000000e+00   2.0000000e+00   1.0000000e+00   1.0000000e+00   2.0000000e+00   1.0000000e+00   1.0000000e+00   1.0000000e+00   1.0000000e+00   2.0000000e+00   3.0000000e+00   3.0000000e+00   1.0000000e+00   3.0000000e+00   1.0000000e+00   1.0000000e+00   3.0000000e+00   2.0000000e+00   1.0000000e+00   1.0000000e+00   1.0000000e+00   1.0000000e+00   1.0000000e+00   1.0000000e+00   2.0000000e+00   2.0000000e+00   2.0000000e+00   2.0000000e+00   1.0000000e+00   1.0000000e+00   2.0000000e+00   3.0000000e+00   1.0000000e+00   1.0000000e+00   1.0000000e+00
   3.0000000e+00   1.0000000e+00   1.0000000e+00   1.0000000e+00   1.0000000e+00   1.0000000e+00   1.0000000e+00   1.0000000e+00   1.0000000e+00   1.0000000e+00   1.0000000e+00   1.0000000e+00   1.0000000e+00   1.0000000e+00   1.0000000e+00   1.0000000e+00   1.0000000e+00   1.0000000e+00   1.0000000e+00   1.0000000e+00   1.0000000e+00   1.0000000e+00   1.0000000e+00   1.0000000e+00   1.0000000e+00   1.0000000e+00   1.0000000e+00   3.0000000e+00   1.0000000e+00   1.0000000e+00   1.0000000e+00   1.0000000e+00   2.0000000e+00   1.0000000e+00   3.0000000e+00   1.0000000e+00   1.0000000e+00   1.0000000e+00   1.0000000e+00   3.0000000e+00   3.0000000e+00   1.0000000e+00   1.0000000e+00   2.0000000e+00   1.0000000e+00   1.0000000e+00   1.0000000e+00   1.0000000e+00   1.0000000e+00   3.0000000e+00   1.0000000e+00   1.0000000e+00   1.0000000e+00   1.0000000e+00   1.0000000e+00   1.0000000e+00   1.0000000e+00   1.0000000e+00   1.0000000e+00   3.0000000e+00   1.0000000e+00   1.0000000e+00   1.0000000e+00   1.0000000e+00   1.0000000e+00   1.0000000e+00   1.0000000e+00   1.0000000e+00   1.0000000e+00   1.0000000e+00   1.0000000e+00   1.0000000e+00   1.0000000e+00   1.0000000e+00   2.0000000e+00   1.0000000e+00   1.0000000e+00   1.0000000e+00   1.0000000e+00   2.0000000e+00   1.0000000e+00   1.0000000e+00   1.0000000e+00   2.0000000e+00   1.0000000e+00   2.0000000e+00   3.0000000e+00   1.0000000e+00   1.0000000e+00   2.0000000e+00   2.0000000e+00   1.0000000e+00   3.0000000e+00   3.0000000e+00   1.0000000e+00   1.0000000e+00   1.0000000e+00   1.0000000e+00   1.0000000e+00   1.0000000e+00   1.0000000e+00   1.0000000e+00   1.0000000e+00   1.0000000e+00   2.0000000e+00   1.0000000e+00   3.0000000e+00   1.0000000e+00   1.0000000e+00   2.0000000e+00   1.0000000e+00   3.0000000e+00   1.0000000e+00   2.0000000e+00   1.0000000e+00   3.0000000e+00   1.0000000e+00   1.0000000e+00   1.0000000e+00   2.0000000e+00   2.0000000e+00   2.0000000e+00   2.0000000e+00   2.0000000e+00   2.0000000e+00   3.0000000e+00   3.0000000e+00   2.0000000e+00   3.0000000e+00   3.0000000e+00   1.0000000e+00   1.0000000e+00   3.0000000e+00   2.0000000e+00   1.0000000e+00   2.0000000e+00   3.0000000e+00   2.0000000e+00   1.0000000e+00   1.0000000e+00   3.0000000e+00   1.0000000e+00   2.0000000e+00   3.0000000e+00   2.0000000e+00   3.0000000e+00   3.0000000e+00   1.0000000e+00   1.0000000e+00   3.0000000e+00   3.0000000e+00   1.0000000e+00   2.0000000e+00   3.0000000e+00   1.0000000e+00   1.0000000e+00   3.0000000e+00   1.0000000e+00   2.0000000e+00   1.0000000e+00   1.0000000e+00   2.0000000e+00   1.0000000e+00   3.0000000e+00   1.0000000e+00   1.0000000e+00   1.0000000e+00   2.0000000e+00   2.0000000e+00   2.0000000e+00   3.0000000e+00   1.0000000e+00   3.0000000e+00   1.0000000e+00   1.0000000e+00   3.0000000e+00   1.0000000e+00   3.0000000e+00   1.0000000e+00   3.0000000e+00   1.0000000e+00   3.0000000e+00   1.0000000e+00   3.0000000e+00   3.0000000e+00   1.0000000e+00   1.0000000e+00   3.0000000e+00   3.0000000e+00   1.0000000e+00   1.0000000e+00   1.0000000e+00   1.0000000e+00   1.0000000e+00   1.0000000e+00   1.0000000e+00   1.0000000e+00   1.0000000e+00   3.0000000e+00   3.0000000e+00   1.0000000e+00   3.0000000e+00   1.0000000e+00   1.0000000e+00   3.0000000e+00   2.0000000e+00   2.0000000e+00   1.0000000e+00   1.0000000e+00   1.0000000e+00   1.0000000e+00   1.0000000e+00   1.0000000e+00   1.0000000e+00   1.0000000e+00   1.0000000e+00   1.0000000e+00   1.0000000e+00   1.0000000e+00   3.0000000e+00   1.0000000e+00   1.0000000e+00   1.0000000e+00
   3.0000000e+00   3.0000000e+00   3.0000000e+00   3.0000000e+00   3.0000000e+00   2.0000000e+00   1.0000000e+00   3.0000000e+00   2.0000000e+00   3.0000000e+00   1.0000000e+00   1.0000000e+00   1.0000000e+00   1.0000000e+00   1.0000000e+00   1.0000000e+00   1.0000000e+00   3.0000000e+00   1.0000000e+00   1.0000000e+00   2.0000000e+00   1.0000000e+00   2.0000000e+00   1.0000000e+00   2.0000000e+00   1.0000000e+00   1.0000000e+00   3.0000000e+00   1.0000000e+00   1.0000000e+00   1.0000000e+00   1.0000000e+00   2.0000000e+00   2.0000000e+00   3.0000000e+00   2.0000000e+00   1.0000000e+00   1.0000000e+00   1.0000000e+00   3.0000000e+00   3.0000000e+00   1.0000000e+00   1.0000000e+00   1.0000000e+00   1.0000000e+00   1.0000000e+00   2.0000000e+00   1.0000000e+00   1.0000000e+00   3.0000000e+00   3.0000000e+00   3.0000000e+00   2.0000000e+00   1.0000000e+00   1.0000000e+00   1.0000000e+00   1.0000000e+00   1.0000000e+00   2.0000000e+00   1.0000000e+00   2.0000000e+00   1.0000000e+00   2.0000000e+00   2.0000000e+00   3.0000000e+00   1.0000000e+00   1.0000000e+00   1.0000000e+00   1.0000000e+00   3.0000000e+00   1.0000000e+00   1.0000000e+00   1.0000000e+00   3.0000000e+00   1.0000000e+00   2.0000000e+00   3.0000000e+00   1.0000000e+00   1.0000000e+00   1.0000000e+00   1.0000000e+00   3.0000000e+00   1.0000000e+00   2.0000000e+00   1.0000000e+00   2.0000000e+00   1.0000000e+00   2.0000000e+00   1.0000000e+00   1.0000000e+00   2.0000000e+00   1.0000000e+00   1.0000000e+00   3.0000000e+00   1.0000000e+00   1.0000000e+00   1.0000000e+00   1.0000000e+00   1.0000000e+00   1.0000000e+00   1.0000000e+00   1.0000000e+00   1.0000000e+00   3.0000000e+00   1.0000000e+00   1.0000000e+00   1.0000000e+00   3.0000000e+00   1.0000000e+00   3.0000000e+00   3.0000000e+00   3.0000000e+00   1.0000000e+00   2.0000000e+00   1.0000000e+00   3.0000000e+00   1.0000000e+00   3.0000000e+00   3.0000000e+00   1.0000000e+00   2.0000000e+00   3.0000000e+00   3.0000000e+00   1.0000000e+00   2.0000000e+00   3.0000000e+00   1.0000000e+00   2.0000000e+00   3.0000000e+00   3.0000000e+00   1.0000000e+00   1.0000000e+00   1.0000000e+00   1.0000000e+00   1.0000000e+00   2.0000000e+00   1.0000000e+00   3.0000000e+00   1.0000000e+00   3.0000000e+00   3.0000000e+00   3.0000000e+00   3.0000000e+00   3.0000000e+00   1.0000000e+00   3.0000000e+00   3.0000000e+00   2.0000000e+00   3.0000000e+00   1.0000000e+00   2.0000000e+00   3.0000000e+00   1.0000000e+00   1.0000000e+00   1.0000000e+00   1.0000000e+00   3.0000000e+00   1.0000000e+00   2.0000000e+00   3.0000000e+00   3.0000000e+00   1.0000000e+00   3.0000000e+00   3.0000000e+00   1.0000000e+00   1.0000000e+00   3.0000000e+00   1.0000000e+00   1.0000000e+00   1.0000000e+00   1.0000000e+00   1.0000000e+00   3.0000000e+00   1.0000000e+00   1.0000000e+00   3.0000000e+00   1.0000000e+00   1.0000000e+00   2.0000000e+00   3.0000000e+00   2.0000000e+00   3.0000000e+00   1.0000000e+00   3.0000000e+00   3.0000000e+00   1.0000000e+00   1.0000000e+00   3.0000000e+00   3.0000000e+00   1.0000000e+00   1.0000000e+00   2.0000000e+00   2.0000000e+00   1.0000000e+00   1.0000000e+00   1.0000000e+00   1.0000000e+00   2.0000000e+00   3.0000000e+00   3.0000000e+00   1.0000000e+00   3.0000000e+00   1.0000000e+00   1.0000000e+00   3.0000000e+00   1.0000000e+00   2.0000000e+00   2.0000000e+00   2.0000000e+00   2.0000000e+00   1.0000000e+00   2.0000000e+00   1.0000000e+00   1.0000000e+00   2.0000000e+00   2.0000000e+00   1.0000000e+00   1.0000000e+00   1.0000000e+00   3.0000000e+00   2.0000000e+00   2.0000000e+00   1.0000000e+00
   3.0000000e+00   1.0000000e+00   1.0000000e+00   1.0000000e+00   1.0000000e+00   1.0000000e+00   3.0000000e+00   1.0000000e+00   1.0000000e+00   1.0000000e+00   1.0000000e+00   2.0000000e+00   3.0000000e+00   2.0000000e+00   3.0000000e+00   3.0000000e+00   3.0000000e+00   1.0000000e+00   3.0000000e+00   3.0000000e+00   3.0000000e+00   1.0000000e+00   3.0000000e+00   1.0000000e+00   1.0000000e+00   1.0000000e+00   2.0000000e+00   3.0000000e+00   1.0000000e+00   3.0000000e+00   3.0000000e+00   1.0000000e+00   2.0000000e+00   3.0000000e+00   3.0000000e+00   1.0000000e+00   3.0000000e+00   1.0000000e+00   1.0000000e+00   3.0000000e+00   3.0000000e+00   1.0000000e+00   2.0000000e+00   2.0000000e+00   3.0000000e+00   2.0000000e+00   3.0000000e+00   1.0000000e+00   3.0000000e+00   3.0000000e+00   1.0000000e+00   1.0000000e+00   3.0000000e+00   2.0000000e+00   1.0000000e+00   2.0000000e+00   1.0000000e+00   1.0000000e+00   1.0000000e+00   3.0000000e+00   3.0000000e+00   2.0000000e+00   1.0000000e+00   2.0000000e+00   3.0000000e+00   3.0000000e+00   1.0000000e+00   3.0000000e+00   1.0000000e+00   3.0000000e+00   1.0000000e+00   2.0000000e+00   3.0000000e+00   1.0000000e+00   2.0000000e+00   3.0000000e+00   1.0000000e+00   2.0000000e+00   3.0000000e+00   2.0000000e+00   3.0000000e+00   3.0000000e+00   3.0000000e+00   2.0000000e+00   3.0000000e+00   2.0000000e+00   3.0000000e+00   3.0000000e+00   2.0000000e+00   1.0000000e+00   1.0000000e+00   2.0000000e+00   3.0000000e+00   3.0000000e+00   1.0000000e+00   2.0000000e+00   2.0000000e+00   3.0000000e+00   3.0000000e+00   1.0000000e+00   2.0000000e+00   2.0000000e+00   1.0000000e+00   3.0000000e+00   3.0000000e+00   3.0000000e+00   3.0000000e+00   3.0000000e+00   1.0000000e+00   1.0000000e+00   1.0000000e+00   1.0000000e+00   2.0000000e+00   2.0000000e+00   1.0000000e+00   1.0000000e+00   1.0000000e+00   3.0000000e+00   3.0000000e+00   2.0000000e+00   2.0000000e+00   1.0000000e+00   1.0000000e+00   2.0000000e+00   2.0000000e+00   3.0000000e+00   1.0000000e+00   3.0000000e+00   1.0000000e+00   3.0000000e+00   3.0000000e+00   3.0000000e+00   1.0000000e+00   2.0000000e+00   1.0000000e+00   3.0000000e+00   3.0000000e+00   1.0000000e+00   3.0000000e+00   3.0000000e+00   1.0000000e+00   1.0000000e+00   1.0000000e+00   1.0000000e+00   2.0000000e+00   3.0000000e+00   3.0000000e+00   2.0000000e+00   1.0000000e+00   1.0000000e+00   2.0000000e+00   1.0000000e+00   2.0000000e+00   1.0000000e+00   1.0000000e+00   1.0000000e+00   1.0000000e+00   3.0000000e+00   2.0000000e+00   3.0000000e+00   3.0000000e+00   2.0000000e+00   3.0000000e+00   3.0000000e+00   1.0000000e+00   2.0000000e+00   3.0000000e+00   2.0000000e+00   2.0000000e+00   2.0000000e+00   1.0000000e+00   1.0000000e+00   2.0000000e+00   1.0000000e+00   1.0000000e+00   3.0000000e+00   3.0000000e+00   1.0000000e+00   2.0000000e+00   3.0000000e+00   3.0000000e+00   3.0000000e+00   2.0000000e+00   2.0000000e+00   3.0000000e+00   3.0000000e+00   2.0000000e+00   3.0000000e+00   3.0000000e+00   2.0000000e+00   2.0000000e+00   3.0000000e+00   3.0000000e+00   2.0000000e+00   1.0000000e+00   2.0000000e+00   2.0000000e+00   3.0000000e+00   3.0000000e+00   3.0000000e+00   2.0000000e+00   3.0000000e+00   1.0000000e+00   3.0000000e+00   3.0000000e+00   3.0000000e+00   3.0000000e+00   2.0000000e+00   3.0000000e+00   2.0000000e+00   3.0000000e+00   3.0000000e+00   2.0000000e+00   2.0000000e+00   3.0000000e+00   3.0000000e+00   1.0000000e+00   2.0000000e+00   3.0000000e+00   2.0000000e+00   3.0000000e+00   3.0000000e+00   3.0000000e+00
   3.0000000e+00   3.0000000e+00   3.0000000e+00   3.0000000e+00   3.0000000e+00   3.0000000e+00   3.0000000e+00   3.0000000e+00   3.0000000e+00   3.0000000e+00   3.0000000e+00   3.0000000e+00   3.0000000e+00   3.0000000e+00   3.0000000e+00   3.0000000e+00   3.0000000e+00   3.0000000e+00   3.0000000e+00   3.0000000e+00   3.0000000e+00   3.0000000e+00   3.0000000e+00   3.0000000e+00   0.0000000e+00   3.0000000e+00   3.0000000e+00   3.0000000e+00   3.0000000e+00   3.0000000e+00   3.0000000e+00   3.0000000e+00   3.0000000e+00   3.0000000e+00   3.0000000e+00   3.0000000e+00   3.0000000e+00   3.0000000e+00   3.0000000e+00   3.0000000e+00   3.0000000e+00   3.0000000e+00   3.0000000e+00   3.0000000e+00   3.0000000e+00   3.0000000e+00   3.0000000e+00   3.0000000e+00   3.0000000e+00   3.0000000e+00   3.0000000e+00   3.0000000e+00   3.0000000e+00   0.0000000e+00   3.0000000e+00   3.0000000e+00   3.0000000e+00   3.0000000e+00   3.0000000e+00   3.0000000e+00   3.0000000e+00   3.0000000e+00   3.0000000e+00   3.0000000e+00   3.0000000e+00   3.0000000e+00   3.0000000e+00   3.0000000e+00   3.0000000e+00   3.0000000e+00   3.0000000e+00   3.0000000e+00   3.0000000e+00   3.0000000e+00   3.0000000e+00   3.0000000e+00   3.0000000e+00   3.0000000e+00   3.0000000e+00   3.0000000e+00   3.0000000e+00   3.0000000e+00   3.0000000e+00   3.0000000e+00   3.0000000e+00   3.0000000e+00   3.0000000e+00   3.0000000e+00   3.0000000e+00   3.0000000e+00   3.0000000e+00   3.0000000e+00   3.0000000e+00   3.0000000e+00   3.0000000e+00   3.0000000e+00   3.0000000e+00   3.0000000e+00   3.0000000e+00   3.0000000e+00   0.0000000e+00   3.0000000e+00   3.0000000e+00   3.0000000e+00   3.0000000e+00   3.0000000e+00   3.0000000e+00   3.0000000e+00   3.0000000e+00   3.0000000e+00   3.0000000e+00   3.0000000e+00   3.0000000e+00   0.0000000e+00   3.0000000e+00   3.0000000e+00   3.0000000e+00   3.0000000e+00   3.0000000e+00   0.0000000e+00   0.0000000e+00   3.0000000e+00   3.0000000e+00   3.0000000e+00   3.0000000e+00   3.0000000e+00   3.0000000e+00   3.0000000e+00   3.0000000e+00   3.0000000e+00   3.0000000e+00   3.0000000e+00   3.0000000e+00   3.0000000e+00   3.0000000e+00   3.0000000e+00   3.0000000e+00   3.0000000e+00   3.0000000e+00   3.0000000e+00   3.0000000e+00   3.0000000e+00   3.0000000e+00   3.0000000e+00   0.0000000e+00   3.0000000e+00   3.0000000e+00   0.0000000e+00   3.0000000e+00   3.0000000e+00   3.0000000e+00   3.0000000e+00   3.0000000e+00   3.0000000e+00   3.0000000e+00   3.0000000e+00   3.0000000e+00   3.0000000e+00   0.0000000e+00   3.0000000e+00   3.0000000e+00   3.0000000e+00   3.0000000e+00   3.0000000e+00   3.0000000e+00   0.0000000e+00   3.0000000e+00   3.0000000e+00   3.0000000e+00   3.0000000e+00   3.0000000e+00   3.0000000e+00   3.0000000e+00   3.0000000e+00   3.0000000e+00   3.0000000e+00   3.0000000e+00   3.0000000e+00   3.0000000e+00   3.0000000e+00   3.0000000e+00   3.0000000e+00   0.0000000e+00   3.0000000e+00   3.0000000e+00   3.0000000e+00   3.0000000e+00   3.0000000e+00   3.0000000e+00   3.0000000e+00   0.0000000e+00   3.0000000e+00   3.0000000e+00   3.0000000e+00   3.0000000e+00   3.0000000e+00   3.0000000e+00   3.0000000e+00   3.0000000e+00   3.0000000e+00   3.0000000e+00   3.0000000e+00   3.0000000e+00   3.0000000e+00   3.0000000e+00   3.0000000e+00   3.0000000e+00   3.0000000e+00   3.0000000e+00   3.0000000e+00   3.0000000e+00   3.0000000e+00   3.0000000e+00   3.0000000e+00   3.0000000e+00   3.0000000e+00   3.0000000e+00   0.0000000e+00   3.0000000e+00   3.0000000e+00   3.0000000e+00   3.0000000e+00   3.0000000e+00
   3.0000000e+00   3.0000000e+00   3.0000000e+00   1.0000000e+00   2.0000000e+00   3.0000000e+00   3.0000000e+00   1.0000000e+00   3.0000000e+00   3.0000000e+00   3.0000000e+00   1.0000000e+00   3.0000000e+00   3.0000000e+00   3.0000000e+00   1.0000000e+00   3.0000000e+00   3.0000000e+00   3.0000000e+00   3.0000000e+00   3.0000000e+00   2.0000000e+00   3.0000000e+00   3.0000000e+00   1.0000000e+00   2.0000000e+00   3.0000000e+00   1.0000000e+00   3.0000000e+00   3.0000000e+00   2.0000000e+00   1.0000000e+00   1.0000000e+00   3.0000000e+00   1.0000000e+00   3.0000000e+00   1.0000000e+00   3.0000000e+00   3.0000000e+00   3.0000000e+00   3.0000000e+00   3.0000000e+00   3.0000000e+00   1.0000000e+00   3.0000000e+00   3.0000000e+00   3.0000000e+00   1.0000000e+00   3.0000000e+00   3.0000000e+00   3.0000000e+00   2.0000000e+00   3.0000000e+00   1.0000000e+00   2.0000000e+00   3.0000000e+00   3.0000000e+00   3.0000000e+00   3.0000000e+00   1.0000000e+00   3.0000000e+00   1.0000000e+00   1.0000000e+00   3.0000000e+00   1.0000000e+00   3.0000000e+00   3.0000000e+00   3.0000000e+00   1.0000000e+00   2.0000000e+00   2.0000000e+00   1.0000000e+00   1.0000000e+00   2.0000000e+00   3.0000000e+00   1.0000000e+00   2.0000000e+00   3.0000000e+00   2.0000000e+00   3.0000000e+00   3.0000000e+00   3.0000000e+00   1.0000000e+00   3.0000000e+00   3.0000000e+00   3.0000000e+00   1.0000000e+00   1.0000000e+00   1.0000000e+00   3.0000000e+00   3.0000000e+00   3.0000000e+00   3.0000000e+00   1.0000000e+00   3.0000000e+00   1.0000000e+00   3.0000000e+00   2.0000000e+00   3.0000000e+00   1.0000000e+00   2.0000000e+00   1.0000000e+00   2.0000000e+00   3.0000000e+00   1.0000000e+00   1.0000000e+00   1.0000000e+00   1.0000000e+00   1.0000000e+00   1.0000000e+00   2.0000000e+00   2.0000000e+00   3.0000000e+00   2.0000000e+00   3.0000000e+00   1.0000000e+00   2.0000000e+00   1.0000000e+00   3.0000000e+00   2.0000000e+00   2.0000000e+00   2.0000000e+00   2.0000000e+00   1.0000000e+00   1.0000000e+00   1.0000000e+00   2.0000000e+00   2.0000000e+00   1.0000000e+00   3.0000000e+00   3.0000000e+00   2.0000000e+00   3.0000000e+00   1.0000000e+00   2.0000000e+00   1.0000000e+00   2.0000000e+00   1.0000000e+00   1.0000000e+00   1.0000000e+00   3.0000000e+00   2.0000000e+00   3.0000000e+00   2.0000000e+00   2.0000000e+00   3.0000000e+00   1.0000000e+00   2.0000000e+00   2.0000000e+00   1.0000000e+00   1.0000000e+00   2.0000000e+00   3.0000000e+00   2.0000000e+00   3.0000000e+00   2.0000000e+00   2.0000000e+00   2.0000000e+00   2.0000000e+00   3.0000000e+00   1.0000000e+00   1.0000000e+00   2.0000000e+00   1.0000000e+00   1.0000000e+00   2.0000000e+00   2.0000000e+00   3.0000000e+00   1.0000000e+00   3.0000000e+00   2.0000000e+00   3.0000000e+00   1.0000000e+00   2.0000000e+00   1.0000000e+00   1.0000000e+00   3.0000000e+00   2.0000000e+00   1.0000000e+00   1.0000000e+00   3.0000000e+00   2.0000000e+00   2.0000000e+00   2.0000000e+00   3.0000000e+00   1.0000000e+00   1.0000000e+00   2.0000000e+00   2.0000000e+00   1.0000000e+00   2.0000000e+00   3.0000000e+00   2.0000000e+00   2.0000000e+00   1.0000000e+00   1.0000000e+00   1.0000000e+00   1.0000000e+00   2.0000000e+00   1.0000000e+00   1.0000000e+00   3.0000000e+00   1.0000000e+00   1.0000000e+00   3.0000000e+00   3.0000000e+00   3.0000000e+00   1.0000000e+00   1.0000000e+00   2.0000000e+00   1.0000000e+00   1.0000000e+00   2.0000000e+00   1.0000000e+00   2.0000000e+00   1.0000000e+00   2.0000000e+00   2.0000000e+00   1.0000000e+00   1.0000000e+00   2.0000000e+00   2.0000000e+00   3.0000000e+00
   3.0000000e+00   1.0000000e+00   1.0000000e+00   3.0000000e+00   1.0000000e+00   1.0000000e+00   1.0000000e+00   1.0000000e+00   1.0000000e+00   1.0000000e+00   3.0000000e+00   3.0000000e+00   1.0000000e+00   2.0000000e+00   2.0000000e+00   1.0000000e+00   3.0000000e+00   3.0000000e+00   1.0000000e+00   3.0000000e+00   2.0000000e+00   1.0000000e+00   3.0000000e+00   1.0000000e+00   1.0000000e+00   1.0000000e+00   1.0000000e+00   3.0000000e+00   3.0000000e+00   1.0000000e+00   1.0000000e+00   1.0000000e+00   2.0000000e+00   3.0000000e+00   2.0000000e+00   3.0000000e+00   1.0000000e+00   1.0000000e+00   1.0000000e+00   3.0000000e+00   3.0000000e+00   3.0000000e+00   3.0000000e+00   2.0000000e+00   3.0000000e+00   1.0000000e+00   3.0000000e+00   2.0000000e+00   3.0000000e+00   1.0000000e+00   1.0000000e+00   2.0000000e+00   3.0000000e+00   2.0000000e+00   2.0000000e+00   1.0000000e+00   3.0000000e+00   1.0000000e+00   1.0000000e+00   2.0000000e+00   1.0000000e+00   1.0000000e+00   2.0000000e+00   3.0000000e+00   1.0000000e+00   3.0000000e+00   3.0000000e+00   1.0000000e+00   1.0000000e+00   1.0000000e+00   2.0000000e+00   3.0000000e+00   1.0000000e+00   2.0000000e+00   1.0000000e+00   3.0000000e+00   2.0000000e+00   3.0000000e+00   2.0000000e+00   3.0000000e+00   3.0000000e+00   1.0000000e+00   3.0000000e+00   3.0000000e+00   2.0000000e+00   1.0000000e+00   2.0000000e+00   1.0000000e+00   2.0000000e+00   3.0000000e+00   3.0000000e+00   1.0000000e+00   1.0000000e+00   3.0000000e+00   1.0000000e+00   2.0000000e+00   3.0000000e+00   1.0000000e+00   2.0000000e+00   1.0000000e+00   1.0000000e+00   1.0000000e+00   1.0000000e+00   3.0000000e+00   1.0000000e+00   1.0000000e+00   1.0000000e+00   3.0000000e+00   1.0000000e+00   1.0000000e+00   2.0000000e+00   1.0000000e+00   1.0000000e+00   1.0000000e+00   1.0000000e+00   1.0000000e+00   1.0000000e+00   3.0000000e+00   1.0000000e+00   2.0000000e+00   2.0000000e+00   1.0000000e+00   1.0000000e+00   1.0000000e+00   1.0000000e+00   1.0000000e+00   2.0000000e+00   1.0000000e+00   1.0000000e+00   3.0000000e+00   1.0000000e+00   1.0000000e+00   1.0000000e+00   1.0000000e+00   1.0000000e+00   1.0000000e+00   1.0000000e+00   1.0000000e+00   1.0000000e+00   1.0000000e+00   1.0000000e+00   2.0000000e+00   3.0000000e+00   2.0000000e+00   1.0000000e+00   1.0000000e+00   1.0000000e+00   1.0000000e+00   2.0000000e+00   3.0000000e+00   3.0000000e+00   2.0000000e+00   3.0000000e+00   2.0000000e+00   3.0000000e+00   1.0000000e+00   2.0000000e+00   1.0000000e+00   1.0000000e+00   1.0000000e+00   1.0000000e+00   1.0000000e+00   1.0000000e+00   1.0000000e+00   1.0000000e+00   2.0000000e+00   1.0000000e+00   1.0000000e+00   1.0000000e+00   1.0000000e+00   1.0000000e+00   3.0000000e+00   1.0000000e+00   2.0000000e+00   3.0000000e+00   1.0000000e+00   3.0000000e+00   1.0000000e+00   3.0000000e+00   2.0000000e+00   3.0000000e+00   1.0000000e+00   2.0000000e+00   1.0000000e+00   1.0000000e+00   3.0000000e+00   1.0000000e+00   1.0000000e+00   2.0000000e+00   1.0000000e+00   2.0000000e+00   1.0000000e+00   2.0000000e+00   1.0000000e+00   2.0000000e+00   1.0000000e+00   2.0000000e+00   1.0000000e+00   2.0000000e+00   2.0000000e+00   1.0000000e+00   1.0000000e+00   1.0000000e+00   1.0000000e+00   3.0000000e+00   1.0000000e+00   1.0000000e+00   1.0000000e+00   2.0000000e+00   1.0000000e+00   2.0000000e+00   2.0000000e+00   1.0000000e+00   1.0000000e+00   1.0000000e+00   1.0000000e+00   2.0000000e+00   2.0000000e+00   2.0000000e+00   2.0000000e+00   1.0000000e+00   2.0000000e+00   3.0000000e+00
   3.0000000e+00   3.0000000e+00   3.0000000e+00   3.0000000e+00   1.0000000e+00   3.0000000e+00   3.0000000e+00   1.0000000e+00   3.0000000e+00   2.0000000e+00   2.0000000e+00   1.0000000e+00   1.0000000e+00   2.0000000e+00   1.0000000e+00   1.0000000e+00   1.0000000e+00   1.0000000e+00   3.0000000e+00   1.0000000e+00   1.0000000e+00   1.0000000e+00   1.0000000e+00   1.0000000e+00   2.0000000e+00   1.0000000e+00   1.0000000e+00   3.0000000e+00   1.0000000e+00   1.0000000e+00   1.0000000e+00   1.0000000e+00   2.0000000e+00   3.0000000e+00   1.0000000e+00   1.0000000e+00   2.0000000e+00   1.0000000e+00   1.0000000e+00   2.0000000e+00   1.0000000e+00   3.0000000e+00   3.0000000e+00   1.0000000e+00   2.0000000e+00   1.0000000e+00   1.0000000e+00   1.0000000e+00   3.0000000e+00   1.0000000e+00   1.0000000e+00   1.0000000e+00   2.0000000e+00   1.0000000e+00   1.0000000e+00   1.0000000e+00   1.0000000e+00   2.0000000e+00   1.0000000e+00   2.0000000e+00   1.0000000e+00   2.0000000e+00   1.0000000e+00   1.0000000e+00   1.0000000e+00   1.0000000e+00   1.0000000e+00   1.0000000e+00   1.0000000e+00   1.0000000e+00   1.0000000e+00   1.0000000e+00   1.0000000e+00   1.0000000e+00   1.0000000e+00   3.0000000e+00   1.0000000e+00   1.0000000e+00   1.0000000e+00   1.0000000e+00   3.0000000e+00   1.0000000e+00   2.0000000e+00   3.0000000e+00   2.0000000e+00   1.0000000e+00   1.0000000e+00   1.0000000e+00   1.0000000e+00   2.0000000e+00   1.0000000e+00   3.0000000e+00   1.0000000e+00   1.0000000e+00   3.0000000e+00   1.0000000e+00   1.0000000e+00   1.0000000e+00   2.0000000e+00   1.0000000e+00   1.0000000e+00   1.0000000e+00   1.0000000e+00   1.0000000e+00   2.0000000e+00   1.0000000e+00   1.0000000e+00   1.0000000e+00   3.0000000e+00   1.0000000e+00   1.0000000e+00   1.0000000e+00   3.0000000e+00   2.0000000e+00   3.0000000e+00   1.0000000e+00   1.0000000e+00   1.0000000e+00   1.0000000e+00   1.0000000e+00   2.0000000e+00   1.0000000e+00   2.0000000e+00   1.0000000e+00   2.0000000e+00   1.0000000e+00   2.0000000e+00   2.0000000e+00   3.0000000e+00   3.0000000e+00   1.0000000e+00   1.0000000e+00   1.0000000e+00   3.0000000e+00   1.0000000e+00   1.0000000e+00   1.0000000e+00   1.0000000e+00   1.0000000e+00   1.0000000e+00   3.0000000e+00   2.0000000e+00   1.0000000e+00   3.0000000e+00   1.0000000e+00   1.0000000e+00   1.0000000e+00   1.0000000e+00   3.0000000e+00   1.0000000e+00   1.0000000e+00   3.0000000e+00   1.0000000e+00   2.0000000e+00   1.0000000e+00   2.0000000e+00   3.0000000e+00   2.0000000e+00   2.0000000e+00   1.0000000e+00   1.0000000e+00   1.0000000e+00   1.0000000e+00   1.0000000e+00   3.0000000e+00   3.0000000e+00   1.0000000e+00   1.0000000e+00   1.0000000e+00   1.0000000e+00   2.0000000e+00   3.0000000e+00   1.0000000e+00   3.0000000e+00   2.0000000e+00   1.0000000e+00   3.0000000e+00   2.0000000e+00   3.0000000e+00   1.0000000e+00   3.0000000e+00   1.0000000e+00   3.0000000e+00   1.0000000e+00   1.0000000e+00   3.0000000e+00   3.0000000e+00   1.0000000e+00   2.0000000e+00   3.0000000e+00   1.0000000e+00   1.0000000e+00   2.0000000e+00   1.0000000e+00   1.0000000e+00   1.0000000e+00   1.0000000e+00   3.0000000e+00   2.0000000e+00   1.0000000e+00   3.0000000e+00   1.0000000e+00   3.0000000e+00   3.0000000e+00   1.0000000e+00   2.0000000e+00   1.0000000e+00   1.0000000e+00   1.0000000e+00   1.0000000e+00   1.0000000e+00   2.0000000e+00   1.0000000e+00   1.0000000e+00   1.0000000e+00   1.0000000e+00   2.0000000e+00   2.0000000e+00   2.0000000e+00   1.0000000e+00   3.0000000e+00   1.0000000e+00   3.0000000e+00
   3.0000000e+00   1.0000000e+00   1.0000000e+00   1.0000000e+00   1.0000000e+00   1.0000000e+00   1.0000000e+00   1.0000000e+00   1.0000000e+00   1.0000000e+00   1.0000000e+00   1.0000000e+00   1.0000000e+00   1.0000000e+00   1.0000000e+00   1.0000000e+00   1.0000000e+00   1.0000000e+00   1.0000000e+00   1.0000000e+00   1.0000000e+00   1.0000000e+00   1.0000000e+00   1.0000000e+00   1.0000000e+00   1.0000000e+00   1.0000000e+00   3.0000000e+00   1.0000000e+00   1.0000000e+00   1.0000000e+00   1.0000000e+00   2.0000000e+00   3.0000000e+00   1.0000000e+00   1.0000000e+00   1.0000000e+00   1.0000000e+00   1.0000000e+00   1.0000000e+00   1.0000000e+00   3.0000000e+00   3.0000000e+00   2.0000000e+00   1.0000000e+00   1.0000000e+00   1.0000000e+00   1.0000000e+00   3.0000000e+00   1.0000000e+00   1.0000000e+00   1.0000000e+00   1.0000000e+00   1.0000000e+00   1.0000000e+00   1.0000000e+00   1.0000000e+00   1.0000000e+00   1.0000000e+00   3.0000000e+00   1.0000000e+00   1.0000000e+00   1.0000000e+00   1.0000000e+00   1.0000000e+00   1.0000000e+00   1.0000000e+00   1.0000000e+00   1.0000000e+00   1.0000000e+00   2.0000000e+00   1.0000000e+00   1.0000000e+00   2.0000000e+00   1.0000000e+00   1.0000000e+00   1.0000000e+00   1.0000000e+00   1.0000000e+00   3.0000000e+00   1.0000000e+00   1.0000000e+00   1.0000000e+00   1.0000000e+00   2.0000000e+00   3.0000000e+00   2.0000000e+00   1.0000000e+00   1.0000000e+00   2.0000000e+00   2.0000000e+00   1.0000000e+00   1.0000000e+00   3.0000000e+00   1.0000000e+00   2.0000000e+00   1.0000000e+00   1.0000000e+00   1.0000000e+00   1.0000000e+00   1.0000000e+00   1.0000000e+00   1.0000000e+00   3.0000000e+00   2.0000000e+00   1.0000000e+00   1.0000000e+00   3.0000000e+00   1.0000000e+00   1.0000000e+00   2.0000000e+00   1.0000000e+00   3.0000000e+00   2.0000000e+00   3.0000000e+00   1.0000000e+00   2.0000000e+00   1.0000000e+00   1.0000000e+00   2.0000000e+00   2.0000000e+00   2.0000000e+00   2.0000000e+00   2.0000000e+00   2.0000000e+00   3.0000000e+00   2.0000000e+00   2.0000000e+00   3.0000000e+00   1.0000000e+00   3.0000000e+00   1.0000000e+00   3.0000000e+00   1.0000000e+00   2.0000000e+00   3.0000000e+00   2.0000000e+00   3.0000000e+00   3.0000000e+00   1.0000000e+00   3.0000000e+00   2.0000000e+00   1.0000000e+00   1.0000000e+00   2.0000000e+00   3.0000000e+00   3.0000000e+00   1.0000000e+00   3.0000000e+00   1.0000000e+00   1.0000000e+00   3.0000000e+00   3.0000000e+00   2.0000000e+00   3.0000000e+00   1.0000000e+00   1.0000000e+00   1.0000000e+00   3.0000000e+00   1.0000000e+00   1.0000000e+00   1.0000000e+00   2.0000000e+00   1.0000000e+00   3.0000000e+00   1.0000000e+00   2.0000000e+00   1.0000000e+00   3.0000000e+00   3.0000000e+00   2.0000000e+00   3.0000000e+00   1.0000000e+00   3.0000000e+00   1.0000000e+00   1.0000000e+00   3.0000000e+00   3.0000000e+00   3.0000000e+00   1.0000000e+00   3.0000000e+00   1.0000000e+00   3.0000000e+00   1.0000000e+00   1.0000000e+00   3.0000000e+00   3.0000000e+00   1.0000000e+00   1.0000000e+00   3.0000000e+00   1.0000000e+00   1.0000000e+00   1.0000000e+00   1.0000000e+00   1.0000000e+00   1.0000000e+00   1.0000000e+00   3.0000000e+00   1.0000000e+00   1.0000000e+00   3.0000000e+00   1.0000000e+00   3.0000000e+00   3.0000000e+00   1.0000000e+00   2.0000000e+00   2.0000000e+00   1.0000000e+00   1.0000000e+00   1.0000000e+00   1.0000000e+00   1.0000000e+00   1.0000000e+00   1.0000000e+00   1.0000000e+00   1.0000000e+00   1.0000000e+00   1.0000000e+00   1.0000000e+00   1.0000000e+00   3.0000000e+00   1.0000000e+00   3.0000000e+00
   3.0000000e+00   3.0000000e+00   3.0000000e+00   3.0000000e+00   2.0000000e+00   3.0000000e+00   3.0000000e+00   1.0000000e+00   3.0000000e+00   2.0000000e+00   1.0000000e+00   1.0000000e+00   1.0000000e+00   1.0000000e+00   2.0000000e+00   1.0000000e+00   1.0000000e+00   1.0000000e+00   3.0000000e+00   1.0000000e+00   2.0000000e+00   1.0000000e+00   1.0000000e+00   1.0000000e+00   2.0000000e+00   2.0000000e+00   1.0000000e+00   3.0000000e+00   1.0000000e+00   1.0000000e+00   2.0000000e+00   1.0000000e+00   2.0000000e+00   3.0000000e+00   2.0000000e+00   1.0000000e+00   2.0000000e+00   1.0000000e+00   1.0000000e+00   1.0000000e+00   1.0000000e+00   3.0000000e+00   3.0000000e+00   1.0000000e+00   1.0000000e+00   1.0000000e+00   1.0000000e+00   2.0000000e+00   3.0000000e+00   1.0000000e+00   1.0000000e+00   1.0000000e+00   1.0000000e+00   2.0000000e+00   1.0000000e+00   1.0000000e+00   1.0000000e+00   2.0000000e+00   1.0000000e+00   1.0000000e+00   1.0000000e+00   2.0000000e+00   1.0000000e+00   2.0000000e+00   1.0000000e+00   1.0000000e+00   1.0000000e+00   1.0000000e+00   1.0000000e+00   2.0000000e+00   3.0000000e+00   1.0000000e+00   1.0000000e+00   1.0000000e+00   3.0000000e+00   3.0000000e+00   1.0000000e+00   1.0000000e+00   1.0000000e+00   1.0000000e+00   1.0000000e+00   1.0000000e+00   1.0000000e+00   1.0000000e+00   2.0000000e+00   2.0000000e+00   2.0000000e+00   1.0000000e+00   1.0000000e+00   1.0000000e+00   2.0000000e+00   3.0000000e+00   3.0000000e+00   3.0000000e+00   3.0000000e+00   3.0000000e+00   1.0000000e+00   1.0000000e+00   1.0000000e+00   1.0000000e+00   1.0000000e+00   1.0000000e+00   1.0000000e+00   1.0000000e+00   1.0000000e+00   1.0000000e+00   3.0000000e+00   1.0000000e+00   1.0000000e+00   3.0000000e+00   3.0000000e+00   1.0000000e+00   3.0000000e+00   2.0000000e+00   3.0000000e+00   1.0000000e+00   1.0000000e+00   3.0000000e+00   3.0000000e+00   3.0000000e+00   3.0000000e+00   1.0000000e+00   2.0000000e+00   2.0000000e+00   1.0000000e+00   3.0000000e+00   3.0000000e+00   2.0000000e+00   3.0000000e+00   1.0000000e+00   3.0000000e+00   2.0000000e+00   2.0000000e+00   1.0000000e+00   1.0000000e+00   1.0000000e+00   2.0000000e+00   2.0000000e+00   3.0000000e+00   3.0000000e+00   3.0000000e+00   3.0000000e+00   3.0000000e+00   1.0000000e+00   1.0000000e+00   3.0000000e+00   3.0000000e+00   2.0000000e+00   1.0000000e+00   3.0000000e+00   3.0000000e+00   2.0000000e+00   1.0000000e+00   1.0000000e+00   3.0000000e+00   1.0000000e+00   1.0000000e+00   1.0000000e+00   1.0000000e+00   3.0000000e+00   3.0000000e+00   3.0000000e+00   1.0000000e+00   1.0000000e+00   3.0000000e+00   1.0000000e+00   1.0000000e+00   3.0000000e+00   2.0000000e+00   2.0000000e+00   1.0000000e+00   3.0000000e+00   1.0000000e+00   3.0000000e+00   1.0000000e+00   1.0000000e+00   3.0000000e+00   1.0000000e+00   3.0000000e+00   2.0000000e+00   3.0000000e+00   2.0000000e+00   3.0000000e+00   1.0000000e+00   1.0000000e+00   3.0000000e+00   3.0000000e+00   1.0000000e+00   1.0000000e+00   3.0000000e+00   1.0000000e+00   1.0000000e+00   2.0000000e+00   1.0000000e+00   1.0000000e+00   1.0000000e+00   1.0000000e+00   3.0000000e+00   2.0000000e+00   1.0000000e+00   3.0000000e+00   1.0000000e+00   3.0000000e+00   3.0000000e+00   1.0000000e+00   1.0000000e+00   2.0000000e+00   1.0000000e+00   2.0000000e+00   2.0000000e+00   2.0000000e+00   1.0000000e+00   2.0000000e+00   1.0000000e+00   1.0000000e+00   1.0000000e+00   2.0000000e+00   2.0000000e+00   1.0000000e+00   2.0000000e+00   3.0000000e+00   1.0000000e+00   3.0000000e+00
   3.0000000e+00   1.0000000e+00   1.0000000e+00   1.0000000e+00   1.0000000e+00   1.0000000e+00   1.0000000e+00   3.0000000e+00   1.0000000e+00   1.0000000e+00   2.0000000e+00   1.0000000e+00   3.0000000e+00   2.0000000e+00   3.0000000e+00   3.0000000e+00   1.0000000e+00   3.0000000e+00   1.0000000e+00   1.0000000e+00   3.0000000e+00   2.0000000e+00   1.0000000e+00   1.0000000e+00   1.0000000e+00   3.0000000e+00   1.0000000e+00   3.0000000e+00   1.0000000e+00   3.0000000e+00   3.0000000e+00   3.0000000e+00   2.0000000e+00   3.0000000e+00   3.0000000e+00   3.0000000e+00   1.0000000e+00   1.0000000e+00   3.0000000e+00   2.0000000e+00   1.0000000e+00   3.0000000e+00   3.0000000e+00   2.0000000e+00   2.0000000e+00   3.0000000e+00   1.0000000e+00   3.0000000e+00   3.0000000e+00   3.0000000e+00   1.0000000e+00   2.0000000e+00   2.0000000e+00   3.0000000e+00   2.0000000e+00   1.0000000e+00   3.0000000e+00   1.0000000e+00   1.0000000e+00   3.0000000e+00   3.0000000e+00   1.0000000e+00   2.0000000e+00   2.0000000e+00   3.0000000e+00   3.0000000e+00   3.0000000e+00   1.0000000e+00   1.0000000e+00   3.0000000e+00   1.0000000e+00   1.0000000e+00   1.0000000e+00   2.0000000e+00   1.0000000e+00   3.0000000e+00   2.0000000e+00   3.0000000e+00   2.0000000e+00   3.0000000e+00   3.0000000e+00   1.0000000e+00   2.0000000e+00   3.0000000e+00   2.0000000e+00   2.0000000e+00   3.0000000e+00   3.0000000e+00   2.0000000e+00   1.0000000e+00   1.0000000e+00   1.0000000e+00   3.0000000e+00   3.0000000e+00   3.0000000e+00   1.0000000e+00   3.0000000e+00   2.0000000e+00   3.0000000e+00   1.0000000e+00   2.0000000e+00   1.0000000e+00   2.0000000e+00   3.0000000e+00   3.0000000e+00   3.0000000e+00   3.0000000e+00   3.0000000e+00   1.0000000e+00   1.0000000e+00   1.0000000e+00   2.0000000e+00   1.0000000e+00   2.0000000e+00   1.0000000e+00   1.0000000e+00   1.0000000e+00   3.0000000e+00   3.0000000e+00   1.0000000e+00   1.0000000e+00   2.0000000e+00   2.0000000e+00   3.0000000e+00   3.0000000e+00   3.0000000e+00   1.0000000e+00   3.0000000e+00   1.0000000e+00   3.0000000e+00   3.0000000e+00   3.0000000e+00   2.0000000e+00   1.0000000e+00   2.0000000e+00   3.0000000e+00   3.0000000e+00   2.0000000e+00   1.0000000e+00   3.0000000e+00   1.0000000e+00   1.0000000e+00   1.0000000e+00   3.0000000e+00   2.0000000e+00   3.0000000e+00   3.0000000e+00   2.0000000e+00   1.0000000e+00   1.0000000e+00   1.0000000e+00   2.0000000e+00   1.0000000e+00   2.0000000e+00   1.0000000e+00   1.0000000e+00   1.0000000e+00   2.0000000e+00   1.0000000e+00   3.0000000e+00   3.0000000e+00   3.0000000e+00   2.0000000e+00   1.0000000e+00   3.0000000e+00   3.0000000e+00   2.0000000e+00   3.0000000e+00   2.0000000e+00   2.0000000e+00   2.0000000e+00   3.0000000e+00   1.0000000e+00   2.0000000e+00   2.0000000e+00   3.0000000e+00   3.0000000e+00   1.0000000e+00   3.0000000e+00   2.0000000e+00   3.0000000e+00   3.0000000e+00   2.0000000e+00   2.0000000e+00   3.0000000e+00   3.0000000e+00   3.0000000e+00   2.0000000e+00   2.0000000e+00   3.0000000e+00   2.0000000e+00   3.0000000e+00   3.0000000e+00   2.0000000e+00   2.0000000e+00   1.0000000e+00   2.0000000e+00   3.0000000e+00   3.0000000e+00   2.0000000e+00   3.0000000e+00   1.0000000e+00   3.0000000e+00   3.0000000e+00   3.0000000e+00   3.0000000e+00   3.0000000e+00   3.0000000e+00   2.0000000e+00   3.0000000e+00   2.0000000e+00   2.0000000e+00   3.0000000e+00   3.0000000e+00   2.0000000e+00   1.0000000e+00   3.0000000e+00   3.0000000e+00   3.0000000e+00   2.0000000e+00   2.0000000e+00   3.0000000e+00   3.0000000e+00
   3.0000000e+00   3.0000000e+00   3.0000000e+00   3.0000000e+00   0.0000000e+00   3.0000000e+00   3.0000000e+00   3.0000000e+00   3.0000000e+00   0.0000000e+00   0.0000000e+00   3.0000000e+00   3.0000000e+00   3.0000000e+00   3.0000000e+00   3.0000000e+00   3.0000000e+00   3.0000000e+00   3.0000000e+00   3.0000000e+00   3.0000000e+00   0.0000000e+00   3.0000000e+00   3.0000000e+00   0.0000000e+00   3.0000000e+00   3.0000000e+00   3.0000000e+00   3.0000000e+00   3.0000000e+00   3.0000000e+00   3.0000000e+00   3.0000000e+00   3.0000000e+00   3.0000000e+00   3.0000000e+00   0.0000000e+00   3.0000000e+00   3.0000000e+00   0.0000000e+00   3.0000000e+00   3.0000000e+00   3.0000000e+00   3.0000000e+00   0.0000000e+00   3.0000000e+00   3.0000000e+00   3.0000000e+00   3.0000000e+00   3.0000000e+00   3.0000000e+00   0.0000000e+00   0.0000000e+00   3.0000000e+00   0.0000000e+00   3.0000000e+00   3.0000000e+00   0.0000000e+00   3.0000000e+00   3.0000000e+00   3.0000000e+00   0.0000000e+00   3.0000000e+00   3.0000000e+00   3.0000000e+00   3.0000000e+00   3.0000000e+00   3.0000000e+00   3.0000000e+00   3.0000000e+00   3.0000000e+00   3.0000000e+00   3.0000000e+00   0.0000000e+00   3.0000000e+00   3.0000000e+00   0.0000000e+00   3.0000000e+00   0.0000000e+00   3.0000000e+00   3.0000000e+00   3.0000000e+00   0.0000000e+00   3.0000000e+00   3.0000000e+00   0.0000000e+00   3.0000000e+00   3.0000000e+00   3.0000000e+00   3.0000000e+00   3.0000000e+00   3.0000000e+00   3.0000000e+00   3.0000000e+00   3.0000000e+00   3.0000000e+00   3.0000000e+00   0.0000000e+00   3.0000000e+00   3.0000000e+00   0.0000000e+00   3.0000000e+00   0.0000000e+00   3.0000000e+00   3.0000000e+00   3.0000000e+00   3.0000000e+00   3.0000000e+00   3.0000000e+00   3.0000000e+00   3.0000000e+00   0.0000000e+00   3.0000000e+00   0.0000000e+00   3.0000000e+00   3.0000000e+00   0.0000000e+00   3.0000000e+00   3.0000000e+00   3.0000000e+00   3.0000000e+00   0.0000000e+00   0.0000000e+00   3.0000000e+00   3.0000000e+00   3.0000000e+00   3.0000000e+00   3.0000000e+00   3.0000000e+00   3.0000000e+00   3.0000000e+00   3.0000000e+00   0.0000000e+00   3.0000000e+00   0.0000000e+00   3.0000000e+00   3.0000000e+00   0.0000000e+00   3.0000000e+00   3.0000000e+00   3.0000000e+00   3.0000000e+00   3.0000000e+00   3.0000000e+00   0.0000000e+00   3.0000000e+00   3.0000000e+00   0.0000000e+00   3.0000000e+00   3.0000000e+00   3.0000000e+00   0.0000000e+00   3.0000000e+00   0.0000000e+00   3.0000000e+00   3.0000000e+00   3.0000000e+00   0.0000000e+00   3.0000000e+00   3.0000000e+00   3.0000000e+00   3.0000000e+00   0.0000000e+00   3.0000000e+00   3.0000000e+00   3.0000000e+00   0.0000000e+00   3.0000000e+00   0.0000000e+00   0.0000000e+00   0.0000000e+00   3.0000000e+00   3.0000000e+00   3.0000000e+00   0.0000000e+00   3.0000000e+00   3.0000000e+00   3.0000000e+00   3.0000000e+00   3.0000000e+00   3.0000000e+00   3.0000000e+00   3.0000000e+00   0.0000000e+00   3.0000000e+00   3.0000000e+00   3.0000000e+00   0.0000000e+00   0.0000000e+00   3.0000000e+00   0.0000000e+00   3.0000000e+00   3.0000000e+00   0.0000000e+00   3.0000000e+00   3.0000000e+00   3.0000000e+00   3.0000000e+00   3.0000000e+00   3.0000000e+00   3.0000000e+00   3.0000000e+00   3.0000000e+00   3.0000000e+00   3.0000000e+00   3.0000000e+00   3.0000000e+00   3.0000000e+00   3.0000000e+00   3.0000000e+00   3.0000000e+00   3.0000000e+00   3.0000000e+00   3.0000000e+00   0.0000000e+00   3.0000000e+00   3.0000000e+00   3.0000000e+00   3.0000000e+00   3.0000000e+00   3.0000000e+00   3.0000000e+00   3.0000000e+00
   6.8091143e-01   1.7382093e-02   1.3859354e-02   1.3859354e-02   1.1336021e-02   1.1336021e-02   8.9704760e-03   8.9704760e-03   5.5700990e-03   5.5700990e-03   5.5652261e-03   5.4109541e-03   5.3050576e-03   5.0495961e-03   5.0006828e-03   4.6712434e-03   4.6305852e-03   4.5994081e-03   4.5994081e-03   4.5726153e-03   4.3234338e-03   4.0909964e-03   3.5387294e-03   3.4580052e-03   3.1550879e-03   3.0885615e-03   2.9739784e-03   2.8351327e-03   2.4914013e-03   2.3272691e-03   2.3230106e-03   2.2868903e-03   2.2498068e-03   2.1546033e-03   2.1546033e-03   2.1182533e-03   2.1182533e-03   2.0792027e-03   2.0018094e-03   1.9999278e-03   1.9999278e-03   1.9999278e-03   1.9999278e-03   1.9454320e-03   1.9127123e-03   1.9127123e-03   1.8687597e-03   1.8687597e-03   1.8056763e-03   1.8056763e-03   1.7971424e-03   1.7926319e-03   1.7796626e-03   1.7796626e-03   1.7574102e-03   1.7574102e-03   1.7478311e-03   1.7274758e-03   1.7274758e-03   1.6675876e-03   1.5663940e-03   1.5618222e-03   1.5618222e-03   1.5597791e-03   1.4590898e-03   1.4446329e-03   1.4409059e-03   1.4409059e-03   1.4205055e-03   1.4008755e-03   1.3910209e-03   1.3332956e-03   1.3111348e-03   1.2547773e-03   1.2547773e-03   1.2497093e-03   1.2427020e-03   1.2298404e-03   1.2298404e-03   1.1768513e-03   1.1628976e-03   1.1598566e-03   1.1381930e-03   1.1381524e-03   1.1381524e-03   1.1269417e-03   1.0927104e-03   1.0821824e-03   1.0480216e-03   1.0222663e-03   1.0222663e-03   9.7403760e-04   9.4987298e-04   9.0582915e-04   8.9119229e-04   8.7907197e-04   8.1222641e-04   8.0710670e-04   6.9881923e-04   6.9818701e-04   6.7538812e-04   6.6901377e-04   6.6901377e-04   6.6639298e-04   6.4494868e-04   6.3964290e-04   6.3352521e-04   6.3352521e-04   6.2232907e-04   5.7562120e-04   5.7562120e-04   5.4813396e-04   5.4813396e-04   5.4304031e-04   5.4137108e-04   5.4137108e-04   5.3329076e-04   5.3272184e-04   5.3072311e-04   5.2103995e-04   5.2103995e-04   5.2103995e-04   5.2103995e-04   5.1897766e-04   5.1897766e-04   5.0246217e-04   5.0045328e-04   5.0016213e-04   4.9200324e-04   4.8819872e-04   4.8819872e-04   4.8646962e-04   4.8429481e-04   4.5328370e-04   4.5328370e-04   4.3678609e-04   4.3678609e-04   4.3194282e-04   4.2582623e-04   4.0500564e-04   4.0464744e-04   3.9665427e-04   3.9665427e-04   3.7709797e-04   3.4807260e-04   3.4034271e-04   3.4034271e-04   3.2493637e-04   3.1691710e-04   3.1691710e-04   3.1691710e-04   3.1691710e-04   3.1582944e-04   3.1582944e-04   3.0935292e-04   3.0253497e-04   3.0190023e-04   2.9559067e-04   2.9325007e-04   2.9161444e-04   2.9161444e-04   2.8231946e-04   2.8231946e-04   2.7672036e-04   2.7672036e-04   2.6429140e-04   2.6314792e-04   2.6314792e-04   2.5897548e-04   2.5649046e-04   2.5649046e-04   2.3582318e-04   2.3292463e-04   2.3292463e-04   2.2758123e-04   2.1253732e-04   2.1253732e-04   1.9237852e-04   1.7565514e-04   1.7565514e-04   1.5633005e-04   1.5633005e-04   1.3546810e-04   1.3546810e-04   1.1361419e-04   1.1361419e-04   8.5044173e-05   8.5044173e-05   8.4855925e-05   8.4855925e-05   7.6655767e-05   5.3747509e-05   5.0764444e-05   4.7606299e-05   4.7606299e-05   4.7606299e-05   4.7606299e-05   4.2068735e-05   4.2068735e-05   4.1487148e-05   4.1487148e-05   3.6579325e-05   3.6579325e-05   3.4508161e-05   3.4508161e-05   3.3205366e-05   3.3205366e-05   2.8129430e-05   2.8129430e-05   2.8129430e-05   2.8129430e-05   2.4119393e-05   2.4119393e-05   2.4119393e-05   2.1864320e-05   2.1864320e-05   2.1864320e-05   2.1864320e-05   1.5121148e-05   1.0741501e-05   5.8336778e-06   1.8517086e-06   9.2585429e-07
