(-1.0267898933161572+0j)
-1.070467370986040834e+00 -1.192660695277135474e+00 -1.163958626704543420e+00 -9.666321151256731525e-01 -1.064868515663077275e+00 -1.041570314420030563e+00 -1.049401474576066029e+00
-9.909211562924484795e-01 -1.045616293568089716e+00 -9.380660945140872897e-01 -9.457558150878178083e-01 -1.027663580149862810e+00 -1.018970667792193474e+00 -1.027220673694351660e+00
-1.034984205808494373e+00 -1.061343425697847564e+00 -1.015655426325074551e+00 -1.031823066573956282e+00 -1.012862392313280679e+00 -1.053216877672523921e+00 -1.018295395342061482e+00
-1.014051069516177073e+00 -1.162036272252114699e+00 -8.446317412933517232e-01 -9.456164390352252980e-01 -9.895717752949044765e-01 -1.008840406777538945e+00 -1.035001634859301411e+00
-1.026440823494390031e+00 -1.020259414770837481e+00 -9.742340008185426115e-01 -1.057205324807410030e+00 -9.961618950281412310e-01 -1.004994309283398835e+00 -1.029887079169614417e+00
-1.188142303667289568e+00 -1.255387792850681805e+00 -1.046623087510210048e+00 -9.337085422386817157e-01 -1.035089372811207831e+00 -9.896262422255235336e-01 -1.010816906198799714e+00
-1.046570861253625750e+00 -8.345311640831178934e-01 -1.088003162133488466e+00 -1.111562035309693997e+00 -1.145174311984547444e+00 -1.008010782079828971e+00 -1.037950252871280732e+00
-1.084105636552762597e+00 -8.540922202803331587e-01 -9.584516225041186388e-01 -9.747697737049474398e-01 -9.577228740509706739e-01 -9.555628496809198680e-01 -1.012572822182414178e+00
-8.701653083866842664e-01 -1.006887757735050570e+00 -1.077624675929581777e+00 -1.061567854346777473e+00 -1.038536168890768607e+00 -1.077223184355746710e+00 -1.031556116739720252e+00
-1.084568656916361284e+00 -1.282495436064698069e+00 -8.769915134057404416e-01 -1.064434307893036724e+00 -9.684323963070022856e-01 -9.891629735033538040e-01 -1.011747795306839670e+00
-9.047157350036689749e-01 -8.331811975286553817e-01 -1.097505763767406606e+00 -9.882416624042837938e-01 -1.024812291450273527e+00 -1.019347582910958394e+00 -1.044132248348804914e+00
-1.012675450515367004e+00 -1.101730344358186287e+00 -1.067632769122864644e+00 -8.948004163581266823e-01 -9.664173329424947667e-01 -1.001106375097311485e+00 -1.021420243377939130e+00
-1.077804975748075655e+00 -1.084379016738482804e+00 -1.197299622696879062e+00 -1.049870543730119898e+00 -1.012771834437680596e+00 -1.019755648049708974e+00 -1.022730331650211433e+00
-1.101292166029679720e+00 -1.135954655673699243e+00 -9.338603755351986280e-01 -1.057701481754693695e+00 -1.032338519485735517e+00 -1.030137823889856641e+00 -1.017972975532380531e+00
-9.677087630197531709e-01 -1.098586413985986887e+00 -8.480161807617561109e-01 -8.233559824325693555e-01 -1.023904038892922586e+00 -9.908447111426577081e-01 -9.959137612953012919e-01
-9.955890055234943858e-01 -1.106653086417225929e+00 -7.851239255918835980e-01 -1.092401654346840445e+00 -1.002402101495814435e+00 -1.015626906053775258e+00 -1.028045939604695036e+00
-9.816997240120173274e-01 -8.906308344060169802e-01 -7.470591247033837590e-01 -1.136967178328135653e+00 -1.041202757867660367e+00 -1.032027298649921043e+00 -1.027619998747641539e+00
-1.017197308286680979e+00 -1.125679899403705164e+00 -9.490677812619789933e-01 -9.390314771522021431e-01 -9.571416303928330649e-01 -9.808187416383100654e-01 -1.007802455794678309e+00
-1.012229182104479541e+00 -1.150050639097035088e+00 -1.156365292326059446e+00 -1.208400540879116747e+00 -1.146013356986880893e+00 -1.067303100463267818e+00 -1.035495611961679607e+00
-1.295554197954832176e+00 -1.160873618955700515e+00 -1.176470379007549916e+00 -9.468162896736860290e-01 -9.192003174914642472e-01 -1.014734416112449189e+00 -1.022133721124489192e+00
-1.108412768857258257e+00 -1.188735161645060323e+00 -1.402249189323051759e+00 -1.168939057445311569e+00 -1.075714730434131461e+00 -1.041117704934219290e+00 -1.009994729278948178e+00
-9.309318558475929706e-01 -1.126894248372964036e+00 -9.511928960814568512e-01 -9.272115320953204787e-01 -9.909243879699660695e-01 -1.000512378634016208e+00 -1.045179739101268268e+00
-1.151149150662931220e+00 -1.147852100028901035e+00 -1.028785825507222640e+00 -8.929121713854506481e-01 -1.018210444244623147e+00 -1.005926520148033632e+00 -9.981414133658397247e-01
-1.019721747612032381e+00 -1.197504341662117611e+00 -1.237462132062434605e+00 -9.923658356876501330e-01 -1.006108342071321715e+00 -1.033269002370341028e+00 -1.027237505413586938e+00
-9.286931346847602242e-01 -1.082097907051220886e+00 -9.459002982462045850e-01 -9.957453507616991217e-01 -1.011733143167782067e+00 -1.003726526493637472e+00 -1.020118034657105710e+00
-9.616641811017787589e-01 -1.265249258453769343e+00 -1.182603490564155813e+00 -9.577302466187047614e-01 -9.666850383880074560e-01 -1.015244765726078136e+00 -1.024733099491990984e+00
-9.739801534616052692e-01 -1.100894548683243990e+00 -9.812935766623258615e-01 -9.857885209873060717e-01 -1.027058859113720857e+00 -1.015668708244142238e+00 -1.026229109491797686e+00
-1.042569686115877303e+00 -1.086573762504258411e+00 -9.470085806317127819e-01 -1.092349760305288520e+00 -1.032528710410201889e+00 -1.036339628625435161e+00 -1.027674583423223709e+00
-1.071883267446120946e+00 -1.202692596276308201e+00 -1.246820404296517637e+00 -1.086021073501434842e+00 -9.619776158702704194e-01 -1.027360520642695896e+00 -1.032979953073816404e+00
-1.139964574850008461e+00 -1.038000760439929060e+00 -1.123129090799389829e+00 -1.044647991450488256e+00 -1.038455978373048261e+00 -9.941105229068476490e-01 -1.015845428135548900e+00
-8.774864047588319949e-01 -9.934374482201819845e-01 -1.014619155833068831e+00 -1.100997103324596438e+00 -1.079270010749890041e+00 -1.053374780180226011e+00 -1.042534369937277106e+00
-9.163822834366817105e-01 -1.063554342171348033e+00 -8.940899935878192650e-01 -9.852489362900671566e-01 -9.513374298799099904e-01 -1.015389725419505673e+00 -1.028392179216284674e+00
-1.025595581672137158e+00 -1.017358813085154523e+00 -1.085482569649384388e+00 -1.059324043186056663e+00 -1.021368348890050903e+00 -1.042845703584497130e+00 -1.029601121308223455e+00
-9.835996748589606042e-01 -1.163886758403655186e+00 -1.154327693262925614e+00 -1.101265603440875651e+00 -1.046058802794684439e+00 -9.947812189926619197e-01 -9.942578107571051760e-01
-1.145727333845182550e+00 -9.857393294491920699e-01 -1.047285431454768379e+00 -1.148590740217977135e+00 -1.092723823127595750e+00 -1.022200805218291819e+00 -1.026002163286351632e+00
-1.069187297550272753e+00 -1.022272375649237119e+00 -9.834125828533437641e-01 -8.750254090514788530e-01 -1.005581674180704432e+00 -1.040327075945689295e+00 -1.024367053240575309e+00
-1.071575045980795338e+00 -1.178659201136916579e+00 -1.067486423116714711e+00 -1.161249299795165335e+00 -9.671770460211188691e-01 -9.952971680578786007e-01 -1.021358798872237905e+00
-9.769387948759851170e-01 -1.034362574387165168e+00 -9.018804301040095339e-01 -9.073469460480731996e-01 -1.006133197749293551e+00 -9.867011276041122159e-01 -1.010826932789756327e+00
-1.105844613427035661e+00 -9.864929933867081502e-01 -1.081180634649693495e+00 -1.116069360079168682e+00 -1.106861037341940524e+00 -1.057268300994362420e+00 -1.022181078966258205e+00
-1.058330482805454054e+00 -1.011973917832198921e+00 -1.106728130400790100e+00 -1.020317227836601504e+00 -1.046580841979582566e+00 -1.037009562676196595e+00 -1.032754443732544658e+00
-9.253927503761492090e-01 -9.310930972987012666e-01 -9.807201920936039485e-01 -8.649408846155344222e-01 -1.016045012428711480e+00 -1.036285800789928935e+00 -1.020577060959435123e+00
-8.093287541531992701e-01 -9.221349010062827034e-01 -1.064276762764498230e+00 -9.753611326728526265e-01 -1.012266244382919567e+00 -1.035180829683810977e+00 -1.033600538130471591e+00
-8.618861017028089933e-01 -9.667906732620332733e-01 -1.036999670101566906e+00 -9.897203356763339954e-01 -1.042014238124023606e+00 -1.062429911150832851e+00 -1.039337412115447279e+00
-1.063237017854098632e+00 -1.110868551505309831e+00 -9.751481018856393845e-01 -1.045638532369962626e+00 -1.075686850405767281e+00 -1.020922191170345883e+00 -1.017841401525229728e+00
-1.036312403791806780e+00 -1.161946473167799532e+00 -1.049789385682249332e+00 -1.048378582822798499e+00 -1.039083045917595705e+00 -1.040508149157678197e+00 -1.027101160192296803e+00
-9.213683091931024194e-01 -9.643379200940476181e-01 -9.649998906988983549e-01 -1.015000870803469013e+00 -1.057536959650414055e+00 -1.034285590673168720e+00 -1.049311070032860727e+00
-9.508238991065143253e-01 -8.136134514727197953e-01 -8.969714983543184417e-01 -1.031823086431720604e+00 -1.011581400353570359e+00 -1.018582609047619769e+00 -1.019163921699431263e+00
-9.081612923828563666e-01 -5.961752890597544763e-01 -8.104865383337767071e-01 -9.346563532310323552e-01 -9.727688716744777864e-01 -1.009470125964752718e+00 -1.023349691486313162e+00
-9.088383448170516132e-01 -1.128938641430834444e+00 -9.925915699261134151e-01 -1.034240142468600077e+00 -9.989077318299530717e-01 -1.024052592710711806e+00 -1.002940345563401614e+00
-1.062012022636613651e+00 -1.069656374574416091e+00 -8.039428113876336823e-01 -9.636259355548100203e-01 -1.014777524174321321e+00 -1.025699481186731710e+00 -1.042224953316758018e+00
