(-1.0267898933161572+0j)
-1.041002860141621689e+00 -1.024258572279872936e+00 -9.360761413211147186e-01 -9.982020924553314245e-01 -9.628450776889803109e-01 -9.188833897610084733e-01 -8.948963292668112857e-01
-1.007364253035777146e+00 -1.039261390942557206e+00 -1.007364233295754197e+00 -9.062139765793766344e-01 -9.521764896076696516e-01 -9.723525852585899187e-01 -9.516276985221567841e-01
-1.001706639807514065e+00 -1.001706644890999698e+00 -9.419750253561627318e-01 -1.049091112738318898e+00 -1.020933520691354346e+00 -8.272311729443906358e-01 -9.472968100295933169e-01
-1.007364250642515557e+00 -1.017067307054516867e+00 -1.042901336921159050e+00 -8.444856542707057656e-01 -8.883265200673466921e-01 -1.030487013374586702e+00 -8.869259058869136680e-01
-1.022046778637703213e+00 -9.170479266671787144e-01 -9.977764031801807931e-01 -1.045993263320048605e+00 -1.184200738820241128e+00 -9.680741246876474193e-01 -9.616588542564903364e-01
-1.072900007918413223e+00 -1.011257767121427342e+00 -9.913880416600298062e-01 -9.036881660558337970e-01 -9.720688524090457250e-01 -9.908320398107006710e-01 -1.007090416001083177e+00
-9.440277948113351414e-01 -9.179733231585469611e-01 -9.857075715078238431e-01 -8.844110522747872238e-01 -9.516066986515694381e-01 -1.198609449981072217e+00 -9.728282527073996988e-01
-9.936385313221220983e-01 -1.039261386156032252e+00 -1.017847048437259261e+00 -1.027847365244158873e+00 -9.926410426873406578e-01 -1.036701091045650891e+00 -1.022458512268256570e+00
-1.007364250642515557e+00 -1.007364250642515557e+00 -9.173807326696952202e-01 -1.069739275913375920e+00 -1.275589676597813416e+00 -1.309946993132335535e+00 -1.051981596525538798e+00
-1.007364250642515557e+00 -9.446322182005291168e-01 -1.057677201379861209e+00 -1.044565569863986632e+00 -9.532489431023476456e-01 -1.139038461607788655e+00 -1.163290458459527166e+00
-1.018740605281029943e+00 -1.001027006677023046e+00 -9.043237878503918026e-01 -8.429484123985968580e-01 -8.914109983356155453e-01 -8.604840503785720074e-01 -1.009038176377186957e+00
-9.754671103424712442e-01 -1.011675531007252715e+00 -1.046655199342698239e+00 -1.036172204971276045e+00 -1.201432642426648378e+00 -1.334723318306735962e+00 -1.269506476811016249e+00
-1.007364245855988827e+00 -1.036199259844827303e+00 -9.996035555892053281e-01 -1.001961889272021899e+00 -1.253898520174595355e+00 -1.363710409728517980e+00 -9.460436213696761243e-01
-1.007364250642515557e+00 -1.019877339645243630e+00 -1.001568592120595902e+00 -1.014548941248990310e+00 -1.216865173918702858e+00 -1.106571213463982239e+00 -9.577256079076033046e-01
-1.007364250642515557e+00 -9.879802044286858376e-01 -1.019129525754843613e+00 -1.077830518236967627e+00 -9.705904491436294634e-01 -1.046221270725609109e+00 -1.105916503346409563e+00
-1.007364250642515557e+00 -8.025316756259321949e-01 -8.750662754744329419e-01 -1.010602787194502916e+00 -1.018553075781454709e+00 -1.115891553028482086e+00 -9.912651810709478539e-01
-1.007364243165765672e+00 -1.018740590327531947e+00 -1.022609174490824557e+00 -9.567541353363022694e-01 -9.630375219477107507e-01 -9.851099234090350265e-01 -9.124220229474424571e-01
-9.726166964350042576e-01 -1.011875111315749365e+00 -1.013139764557188904e+00 -1.013268356513462365e+00 -9.221276383525882636e-01 -1.018770997882421092e+00 -1.014569782792514197e+00
-1.025612531561927554e+00 -1.039848082564291509e+00 -1.060519126378316912e+00 -1.063165396325311818e+00 -9.973827849406822210e-01 -1.137464818896464003e+00 -8.520153419046438970e-01
-1.007364250642515557e+00 -1.011839010729246979e+00 -1.006714670869826911e+00 -1.042842446292303826e+00 -9.807896101180748616e-01 -1.143562825842075803e+00 -1.239111877856103661e+00
-1.013082994446028451e+00 -1.001706647284262175e+00 -1.045206951405952545e+00 -1.046920076806110877e+00 -1.113850472755278709e+00 -1.106177152459335566e+00 -1.036448058694179331e+00
-1.007364250642515557e+00 -9.279963153872241577e-01 -8.895067061271939579e-01 -9.761126632676537795e-01 -8.538895060373121737e-01 -9.523715997139365896e-01 -9.940399204561733981e-01
-1.007364250642515557e+00 -1.047984538592386272e+00 -9.886188108425866261e-01 -9.790915465897658265e-01 -9.628950057133289775e-01 -8.764787819251518286e-01 -1.126597114084713525e+00
-9.560830566518951912e-01 -9.528070337277947388e-01 -1.057420643134554084e+00 -9.896434034278582814e-01 -9.941438148661312368e-01 -9.479354033129112622e-01 -1.020511110738262950e+00
-1.052987110262950665e+00 -9.516328646333436225e-01 -9.855931277420175718e-01 -9.730285502101727602e-01 -9.268780271281151784e-01 -9.277082173599291437e-01 -9.215948922116945496e-01
-1.007364250642515557e+00 -9.751802137474703258e-01 -9.550907510809034662e-01 -9.663674549040521811e-01 -1.059418743306581590e+00 -1.116299660057538112e+00 -1.077898584996403564e+00
-1.046660470976622292e+00 -1.061268187179407185e+00 -1.061970648198579781e+00 -1.097096415441181527e+00 -1.307000998772779532e+00 -1.077532051738731234e+00 -9.616502538286990642e-01
-9.879801969519377280e-01 -8.871703482653980899e-01 -1.046291816684203901e+00 -1.164466526953107817e+00 -1.029667481430920795e+00 -1.211660107599990432e+00 -1.033249261415084774e+00
-1.053223884872363847e+00 -1.078360587693928174e+00 -1.095423758189748575e+00 -9.401594611513433009e-01 -1.126197757192687554e+00 -1.178112432099547746e+00 -1.043669380752435316e+00
-1.041002857748358323e+00 -1.058036820828611724e+00 -1.054035451487651542e+00 -1.081387829735135142e+00 -1.023171512085093937e+00 -1.152112439429012980e+00 -1.332824135188208636e+00
-8.660483076512015543e-01 -9.815489928467302505e-01 -1.027441773141362980e+00 -1.040104782258824301e+00 -8.978876038047225450e-01 -9.653153463022841052e-01 -8.016685340117213343e-01
-1.007364248249251304e+00 -1.055583303665393657e+00 -1.007448357792016580e+00 -9.370265442749730056e-01 -7.692450041875895650e-01 -8.183880080826995140e-01 -1.005868738682321073e+00
-4.586564747018977428e-01 -8.361573888882132266e-01 -9.507928485428722709e-01 -9.638821414344898031e-01 -9.495889968170923012e-01 -1.004627649204094197e+00 -9.132380675587778995e-01
-9.923936599953773197e-01 -9.867360491603767159e-01 -9.634044247733628552e-01 -1.011227294447849090e+00 -9.389626626078522165e-01 -1.015628544024233193e+00 -1.042026306830092786e+00
-1.007364250642515557e+00 -1.055891026082020900e+00 -1.155257581262406852e+00 -1.058142805424992616e+00 -9.755409380159019150e-01 -1.088437429467152384e+00 -1.040649496008820840e+00
-1.035345246913357720e+00 -1.045414713308727706e+00 -1.083087472890261083e+00 -9.958504012885018852e-01 -1.128262732887089115e+00 -1.046300525409089133e+00 -1.189884118884067199e+00
-1.007364250642515557e+00 -9.906199651740283940e-01 -9.538643543570568539e-01 -9.778850126436076096e-01 -1.052573863416300881e+00 -8.405413828413657029e-01 -9.291168854755920137e-01
-1.007364250642515557e+00 -1.026841829688892815e+00 -1.131862349461527195e+00 -1.132078356756656135e+00 -1.096845187379100750e+00 -9.953059039928975338e-01 -8.074486102777687080e-01
-9.737256486201584238e-01 -8.752964392144626515e-01 -9.982711659995366915e-01 -9.050151258198786408e-01 -7.904471193576050325e-01 -1.014179456812951408e+00 -1.112071599364426788e+00
-1.007364248249252192e+00 -1.058645439846610081e+00 -1.030658818559080814e+00 -9.182262880128382321e-01 -9.828874874955824126e-01 -9.688584390694812143e-01 -9.164451348896429650e-01
-1.024258572279872936e+00 -9.569813532816606738e-01 -1.006440358624364428e+00 -9.375615690444281114e-01 -8.029184484954132728e-01 -9.034379983113947077e-01 -1.137831928798393122e+00
-9.848123181701557982e-01 -9.734359659249038899e-01 -8.678764066313773284e-01 -1.038432078300758121e+00 -9.160937993301043747e-01 -9.649877880417818687e-01 -1.220473250462028147e+00
-8.886583606388542833e-01 -1.010114928256258260e+00 -9.045909267745591009e-01 -1.061613037154960359e+00 -1.035350465412518517e+00 -9.166438612426688337e-01 -9.392807181857403265e-01
-9.655103563214586515e-01 -9.970872158240187133e-01 -9.098977289965990423e-01 -9.679181923754311967e-01 -1.075318998661769498e+00 -1.014702865431800660e+00 -1.136056951176987795e+00
-1.007364250642515557e+00 -1.006600580238729670e+00 -1.085209697742469004e+00 -1.025523653197421226e+00 -1.015919557376935067e+00 -7.782910228876689374e-01 -9.145818135210239674e-01
-1.007364250642515557e+00 -1.041002862534884166e+00 -1.008757551292170263e+00 -9.155856561034303454e-01 -9.784522053339212988e-01 -9.418465451446813574e-01 -1.074634427297197270e+00
-1.007364250642515557e+00 -9.710858729213178719e-01 -1.102481627865587122e+00 -1.036538652145109651e+00 -8.331015984625187443e-01 -8.552717381848502498e-01 -8.464540858213558394e-01
-1.013021854000766275e+00 -1.082153457161620480e+00 -9.250218807661596543e-01 -9.023218043938463495e-01 -9.800230305188186719e-01 -9.515903801054514943e-01 -7.154482533743946604e-01
-1.018740605281029055e+00 -9.908093136103275356e-01 -1.021546479049259659e+00 -1.103665725120228203e+00 -9.357629028879728139e-01 -1.018369056413731322e+00 -8.246672582058174328e-01
-1.007364250642515557e+00 -1.032405920251578735e+00 -9.488014896291296907e-01 -1.002438256696465579e+00 -9.632648431547767842e-01 -9.491672676934248543e-01 -8.640789403806419244e-01
