(-1.0267898933161572+0j)
-9.035932158247650392e-01 -1.033043165556635223e+00 -8.761601904334304081e-01 -8.807460935797548629e-01 -1.030178085662444509e+00 -1.187057818356471728e+00 -1.069839168057930223e+00
-1.017607197701299704e+00 -1.213304855824970829e+00 -6.650776240853675247e-01 -1.055228224486773669e+00 -9.946974464319833231e-01 -1.117383191106326557e+00 -1.172910409151992184e+00
-1.091786594618306516e+00 -9.792030428530420494e-01 -6.386852084399645690e-01 -1.066555062966283884e+00 -9.865943785983084524e-01 -8.488725000735453108e-01 -1.007178188589869627e+00
-9.018015261304599406e-01 -9.675732103444119048e-01 -1.091505407585458443e+00 -8.417392668681396017e-01 -9.965626409499712679e-01 -1.081361815780100599e+00 -1.090057606985639360e+00
-1.119536191681479664e+00 -1.012602743349836132e+00 -1.026674527519340074e+00 -1.020344570562778941e+00 -1.056370151082771436e+00 -1.040421139459074773e+00 -9.786117094641779701e-01
-5.066755046438702337e-01 -9.976971049980871697e-01 -9.796416642744034675e-01 -9.204154397066339754e-01 -8.977974633992094056e-01 -1.160171271696301076e+00 -1.076185739170353095e+00
-8.078046903650690780e-01 -6.521410851631141981e-01 -7.479945822296638624e-01 -9.820951157464286041e-01 -9.436720019229651868e-01 -9.305912278413330796e-01 -7.777951449523570204e-01
-1.176474292411389122e+00 -1.035732006852088105e+00 -1.073998381522910606e+00 -1.041158661224046433e+00 -1.006195154028014294e+00 -9.165364458879867726e-01 -1.055602992971039100e+00
-1.090563090433694704e+00 -5.538781130591550195e-01 -1.073860690975116050e+00 -1.105648123474380462e+00 -1.135920364459007459e+00 -8.843400733141653092e-01 -1.048059968160527156e+00
-9.569181488483362585e-01 -1.047684238755319797e+00 -9.994635317853477474e-01 -1.267404310468998041e+00 -1.190421465170096837e+00 -1.078491856024002438e+00 -8.732111665200559258e-01
-8.748443249177464409e-01 -1.709480049660514922e+00 -1.182602556377993608e+00 -1.029347185786498642e+00 -9.524419246163411401e-01 -9.919507933849764925e-01 -1.144934914581090091e+00
-1.017727830460544602e+00 -6.897444071422835776e-01 -1.139716501058575915e+00 -1.100972254584117849e+00 -1.013656150347100215e+00 -9.031625828505900344e-01 -9.303775552099162738e-01
-1.166910739033649946e+00 -1.223038447647873284e+00 -1.200534203059429039e+00 -1.002692988751070935e+00 -1.024451568665690537e+00 -1.179886895952583892e+00 -1.176896708487146448e+00
-1.089290524240417390e+00 -9.650668041201351244e-01 -9.938637427716239259e-01 -1.141292262466545360e+00 -1.182574330798146001e+00 -9.410890891566268124e-01 -1.181291474540383746e+00
-6.805407874547206859e-01 -8.098401081309543059e-01 -9.230292727555227117e-01 -9.906978808244675250e-01 -1.024421137784234048e+00 -1.004590160915228125e+00 -1.102635059548497942e+00
-9.067045262682418283e-01 -8.030986589271043030e-01 -5.806555729496096774e-01 -9.308871947447139306e-01 -1.304584719492003941e+00 -1.021977744312689396e+00 -1.081120184540144358e+00
-1.371244990834913580e+00 -5.508721038857053998e-01 -9.568270605142270568e-01 -9.813456593897829094e-01 -1.261977562634047700e+00 -1.291316533923121845e+00 -1.061329243555950264e+00
-1.147281357965255211e+00 -1.238841939916447643e+00 -1.060383399099717572e+00 -1.036602630432699179e+00 -1.202924217003543461e+00 -1.104280556156897575e+00 -1.234421150385584198e+00
-1.020898407974250688e+00 -4.233016368927131623e-01 -9.205515392557073184e-01 -8.898054821642604750e-01 -1.164152966770765296e+00 -1.253655992398842400e+00 -9.459121706951947317e-01
-1.184108782274548410e+00 -8.518166625443797102e-01 -1.196198930480904643e+00 -1.187753855244476853e+00 -9.592645116563103258e-01 -9.689657832756086719e-01 -9.627796937352979256e-01
-1.013610835899128482e+00 -8.562296038171783863e-01 -1.237302192484242447e+00 -1.113802832081214333e+00 -9.467815939967385575e-01 -8.133560992814201640e-01 -1.011642089855457449e+00
-1.137268823503786663e+00 -9.210050831563556528e-01 -9.634789142688147123e-01 -1.150823243038479049e+00 -8.928040164035850879e-01 -9.229952447478044775e-01 -1.053221353405172422e+00
-1.135611515257088477e+00 -9.633988400310879996e-01 -1.210515353059279597e+00 -9.768719601665454277e-01 -1.229186227319739366e+00 -9.192213550667611699e-01 -1.214764749651222608e+00
-9.304162444610843963e-01 -1.070920092199544094e+00 -1.076289083999421692e+00 -1.075009993619652882e+00 -1.145568176519994097e+00 -8.227018966075174689e-01 -1.351680679301442645e+00
-9.183651787987514581e-01 -1.262445838220759953e+00 -1.010674758955040886e+00 -1.012015403881767917e+00 -1.026818095828978095e+00 -9.864846359162715572e-01 -8.054765096567155780e-01
-1.043664628046735210e+00 -1.130284687561522006e+00 -9.034887748101914084e-01 -7.743539075600835986e-01 -8.955991553252706794e-01 -1.051354959351113116e+00 -9.973367183881522990e-01
-8.250263704658475916e-01 -1.385110470993123677e+00 -1.130648375244598824e+00 -7.691958370570484149e-01 -1.255418605713363611e+00 -1.023620845460156303e+00 -8.584262797965358516e-01
-1.023849033540362718e+00 -9.639360548928648242e-01 -8.916570222889506070e-01 -9.756115410159349466e-01 -1.138643711937598724e+00 -8.537823862181159740e-01 -1.036919795300275560e+00
-9.873111403690604249e-01 -1.088795933976312469e+00 -1.015653972399072735e+00 -8.643916415938761588e-01 -1.027189441322553520e+00 -8.805257269954465116e-01 -8.835859262497391953e-01
-1.033669972831434691e+00 -9.686051995117601621e-01 -1.107052131374890891e+00 -9.819696142570863984e-01 -1.276573520471679046e+00 -8.176264984874395125e-01 -1.000151465772963100e+00
-6.958552386385568056e-01 -4.733240044074076280e-01 -1.136668792094137181e+00 -9.675659178170255004e-01 -1.031822908439861131e+00 -1.069218618352471672e+00 -1.094664361136216790e+00
-6.643216603387180896e-01 -1.277065996813526283e+00 -1.190101333183210208e+00 -6.910071403204618434e-01 -9.881523139207395445e-01 -1.018844934003517722e+00 -1.002824619040269205e+00
-1.120891060171000042e+00 -9.291810257564749875e-01 -8.795845281572898244e-01 -9.906414378700043599e-01 -9.343053043207794062e-01 -9.918147867051461120e-01 -1.183028441462697700e+00
-1.279267501635751536e+00 -6.300902039879812122e-01 -7.105725208111737246e-01 -1.100822700067115356e+00 -1.058156193065278750e+00 -1.079285565575724526e+00 -1.141508715830834575e+00
-1.042740373527499820e+00 -8.169967561647997201e-01 -5.546659397279078973e-01 -1.113628041063764229e+00 -1.027752368248173731e+00 -1.045214201365499918e+00 -9.547710628886116879e-01
-1.015099806215054024e+00 -8.415349266212670543e-01 -9.943224704676847381e-01 -1.015771742057501648e+00 -9.495354681128604923e-01 -1.066833433166705092e+00 -1.158348437614228565e+00
-9.414104291170826144e-01 -1.044369240145629263e+00 -8.892148599435572009e-01 -1.021160527027176634e+00 -9.739212913836192698e-01 -1.029247727033680171e+00 -9.324665272916883296e-01
-1.132810273792144606e+00 -1.037642526826247469e+00 -1.124388324134753425e+00 -1.193729064110257809e+00 -1.030746973782036058e+00 -1.122728028375424181e+00 -1.011431975380907566e+00
-8.111328587092394571e-01 -9.282576183266284531e-01 -9.534520377631805488e-01 -1.007739348877803920e+00 -1.135829622756432400e+00 -1.115004350005397882e+00 -1.045082293513257987e+00
-9.929641685806274154e-01 -1.257889022883668773e+00 -8.791230480298484196e-01 -9.121047115435736430e-01 -9.526266756344918818e-01 -9.286979488162074858e-01 -1.056563267590545863e+00
-1.051613156283920603e+00 -1.042943090052156130e+00 -9.761357722203376497e-01 -9.510663488198618509e-01 -1.038359604247647283e+00 -9.873290079837087063e-01 -1.059683445423535098e+00
-7.656619798877430938e-01 -6.747473896577353969e-01 -7.870211147372065952e-01 -9.801382976987689233e-01 -9.676571579004349388e-01 -9.444755454311932752e-01 -7.924284398803456142e-01
-1.071497492957175446e+00 -9.685495469868596885e-01 -1.229999739538996550e+00 -9.968595849097443562e-01 -1.075924426402234957e+00 -9.465273295401299691e-01 -8.289459377678518592e-01
-1.168122279378000172e+00 -9.765358671359969378e-01 -9.224651276314688175e-01 -1.034938346359370875e+00 -9.982866636183942433e-01 -1.134296783929670482e+00 -9.782055692725553087e-01
-1.119155152209891035e+00 -1.238035480819476675e+00 -1.127393854451247179e+00 -1.107248916999010291e+00 -1.074035902152134625e+00 -9.101494781528067790e-01 -1.059045765026154662e+00
-1.000355348347881090e+00 -1.392474012856057541e+00 -9.003005909565944265e-01 -1.126111915324799817e+00 -1.107243873445113103e+00 -8.693195199922989502e-01 -1.133054249568509420e+00
-1.023521451909227942e+00 -7.771168823609135856e-01 -9.694043573177992812e-01 -1.144908742761599818e+00 -8.947144198584160435e-01 -1.021964681519858864e+00 -1.302089215609124828e+00
-9.692889342037140921e-01 -1.120135564463398126e+00 -7.124649169991181807e-01 -1.018598838441988619e+00 -1.096499440086061483e+00 -1.177996773088677784e+00 -1.030969537539519365e+00
-2.140711546398499365e-01 -1.103557784929801500e+00 -1.004303474415973341e+00 -1.092119967538532244e+00 -1.124903553176504367e+00 -1.148255939554285732e+00 -1.070292405788985768e+00
-9.509913938521643573e-01 -7.347565103238578033e-01 -1.096217046551499763e+00 -1.039721363600240700e+00 -1.126414179861072284e+00 -1.157275700650572503e+00 -1.128077734059677262e+00
