(-1.0267898933161572+0j)
-8.811299981110787272e-01 -1.131232145445204118e+00 -1.100326871405735041e+00 -1.021346624929280189e+00 -1.053784384716332845e+00 -1.030872551242192792e+00 -1.025357529955394753e+00
-9.768092664746195197e-01 -1.055078533528200246e+00 -8.707737602482508166e-01 -9.929820706159944166e-01 -1.103499925551540528e+00 -1.030138956923695837e+00 -1.013749664250020111e+00
-1.307816942404991245e+00 -1.071231882976544370e+00 -9.728114072930749145e-01 -1.083219645445915091e+00 -1.038009973795165131e+00 -1.048078927392490201e+00 -1.002579347261888465e+00
-7.083042439643509880e-01 -7.790879328464122011e-01 -1.266039700608424745e+00 -1.013880588211911515e+00 -1.010790802947958866e+00 -1.024767675769494346e+00 -1.028156414812221975e+00
-9.482460050948606778e-01 -1.238267712835133594e+00 -1.075864484415120614e+00 -1.115040849164715908e+00 -1.064421306829649971e+00 -1.039794251575440143e+00 -1.016277296078268222e+00
-1.003433641648790342e+00 -1.086104550613418596e+00 -1.057763587583869125e+00 -1.115980163841020278e+00 -1.065778729660915580e+00 -1.000762757450749163e+00 -1.012919754681995244e+00
-1.319330026967962866e+00 -1.325502130175218340e+00 -9.070304399721171862e-01 -9.842458814875323370e-01 -1.039296368336669829e+00 -1.011072666558164634e+00 -1.024393316441270407e+00
-1.154398163936241062e+00 -7.037054243703266820e-01 -1.013885065470955915e+00 -1.029246862729295664e+00 -1.058763753720015188e+00 -1.017861045037565582e+00 -1.034106179155779515e+00
-1.257647188790006254e+00 -1.103746729692208106e+00 -8.930721544699187220e-01 -1.097799429963695061e+00 -1.039294750945157553e+00 -1.054301452350044244e+00 -1.020543825730650056e+00
-1.068853969124429426e+00 -8.138765517901749291e-01 -9.264147439310779220e-01 -1.104934776337390012e+00 -9.831145517539479073e-01 -9.897001394249542727e-01 -1.042820837627336239e+00
-9.349798982498711553e-01 -1.278420415885165973e+00 -1.197273702946577423e+00 -1.053815267999948624e+00 -1.033481086163133611e+00 -1.035734206897534371e+00 -1.020700586034834600e+00
-7.288359975254774525e-01 -1.507985022601173952e+00 -8.543339083332384121e-01 -1.120259176291310332e+00 -1.014914679471369041e+00 -1.055541216313814701e+00 -1.037018487442693981e+00
-1.121914913013206672e+00 -8.588221624617347061e-01 -8.547738210859900931e-01 -1.049236022199249163e+00 -1.058151954714609211e+00 -1.014781358828354740e+00 -1.014833731598145050e+00
-1.093219652201224967e+00 -1.241406291154295793e+00 -8.907993041960713398e-01 -1.037953443669023201e+00 -1.079425723957886163e+00 -1.035072296086009480e+00 -1.037615464456989045e+00
-1.297078173825843450e+00 -6.525451317431976150e-01 -8.649112174398139175e-01 -1.103303272517296207e+00 -1.018160711249103123e+00 -1.055917233439921610e+00 -1.021958982820049044e+00
-9.578039219804237447e-01 -1.071733985076707363e+00 -1.054271552372558318e+00 -1.138192345628611157e+00 -9.881095063177447457e-01 -1.025738112760876675e+00 -1.033140880788716132e+00
-1.194249037727681539e+00 -1.038891321709686011e+00 -1.068699682686342634e+00 -9.400523556857987018e-01 -1.040895879380922651e+00 -1.021875501701891231e+00 -1.033841223213374683e+00
-8.897190789677837941e-01 -1.218598782750527576e+00 -1.132618861156569956e+00 -1.077733439563539619e+00 -1.035985225766602014e+00 -1.038977679086908523e+00 -1.024339371595957005e+00
-7.779009985511171621e-01 -1.363337649871818158e+00 -9.112544100006383374e-01 -9.168455309390717289e-01 -9.655014432130268887e-01 -9.982530235659057283e-01 -1.037504355161705583e+00
-1.061545107136205424e+00 -1.344488151447907676e+00 -8.946356567203270771e-01 -9.692110061609273686e-01 -1.001547929990260322e+00 -1.023171109390716538e+00 -1.018497853612029047e+00
-7.174589583998036701e-01 -9.819737503514138766e-01 -9.838204778238166526e-01 -1.031061551811342625e+00 -1.115262322996484201e+00 -1.024941189733399760e+00 -1.034916784600696360e+00
-9.896064732322136237e-01 -9.489346818484261092e-01 -1.288626046264734981e+00 -9.644186802685368320e-01 -1.016843596714904763e+00 -1.042684841699423437e+00 -1.040279709284797960e+00
-6.943848453516254793e-01 -9.470608273882774597e-01 -9.610328428728580619e-01 -1.001701871092455676e+00 -1.006256894877794572e+00 -1.023171947209708499e+00 -1.025824750385050166e+00
-9.256710411975621611e-01 -1.142124926085038794e+00 -1.097410590276933995e+00 -9.911717508661057607e-01 -9.840244728846974098e-01 -1.036060978177685499e+00 -1.017305993983170787e+00
-9.113876666345612776e-01 -1.105041048234808088e+00 -1.112082994557320959e+00 -9.817079058159849936e-01 -1.054983395410331148e+00 -1.045191152211123686e+00 -1.018097262911706657e+00
-1.129703680385824249e+00 -1.337510801281554862e+00 -8.603708364711355472e-01 -1.037992772195561741e+00 -1.041249777409560373e+00 -1.044449792497246676e+00 -1.048592728241776406e+00
-7.010267442111306480e-01 -1.597947027404031495e+00 -9.183654018261036001e-01 -9.747360585890234574e-01 -1.024305760828909229e+00 -1.030252054219295665e+00 -1.008505671663206371e+00
-1.237694864650670468e+00 -1.126594186138405895e+00 -1.111727372133270997e+00 -1.036435280900278144e+00 -1.034162669484471664e+00 -1.025987686316924830e+00 -1.008857667753397358e+00
-9.265181076569062313e-01 -9.837748571132642894e-01 -9.982700294030335542e-01 -1.046862031960008821e+00 -9.791220645818601298e-01 -1.001709063538149813e+00 -1.020644467947607659e+00
-1.051685264142017573e+00 -9.203138845478280317e-01 -1.191590697680208422e+00 -9.813618540378561406e-01 -1.027336109556341803e+00 -1.011845791077231382e+00 -1.025226264515576524e+00
-8.924628073258276117e-01 -5.285583346003441818e-01 -1.174986014107620491e+00 -1.047369500269082820e+00 -1.077136824749710620e+00 -1.025370169397324283e+00 -1.025412561318036708e+00
-1.231647214453800210e+00 -1.236403331532974548e+00 -1.139875998283724989e+00 -9.773282853298912443e-01 -1.075437964998571694e+00 -1.036284036424151900e+00 -1.035568378133103984e+00
-1.025331185953347379e+00 -8.139809643650464110e-01 -8.905806060352157161e-01 -9.315513877425436462e-01 -1.036360731881050157e+00 -1.021324013821476306e+00 -1.028224046470456621e+00
-8.774549552118298124e-01 -1.091021269822363138e+00 -1.055204669176868393e+00 -1.051697735164323966e+00 -1.075256772301483643e+00 -1.061466902717277172e+00 -1.019514571062488884e+00
-8.394622898103580866e-01 -1.157117163378344138e+00 -1.180758080744216620e+00 -1.091287482769324413e+00 -1.025357542916599307e+00 -1.051973919209249431e+00 -1.019474655777008465e+00
-1.247065984678394912e+00 -9.985632347273929454e-01 -1.002710918284113184e+00 -1.038236316357825650e+00 -9.781879462145077753e-01 -1.032857719837965149e+00 -1.032812065673406110e+00
-1.026934234050730588e+00 -1.154344935654650683e+00 -1.198640903870760610e+00 -1.088840202336311513e+00 -1.051828966033886203e+00 -1.047417364320104127e+00 -1.043395099620672006e+00
-1.129105219000896554e+00 -7.171330490674545644e-01 -1.094094402280989087e+00 -9.239414129296541489e-01 -9.753340075994900715e-01 -1.018189260523996609e+00 -1.043119441496462407e+00
-7.117421957070639849e-01 -1.102054217569943262e+00 -9.519441228074878580e-01 -1.060783400256245734e+00 -1.025549298512354213e+00 -1.019871751573674601e+00 -1.029816814945777814e+00
-1.354810777843368008e+00 -1.534395583629770243e+00 -9.910136271938947417e-01 -9.464175476371829987e-01 -1.056593093815689777e+00 -1.022431293009423925e+00 -1.030122462575069342e+00
-7.926333800429521403e-01 -5.587601386354696942e-01 -1.047129192624544736e+00 -9.770951175454944959e-01 -1.001164815117856932e+00 -1.007682065993124709e+00 -1.022989405451447453e+00
-1.137517067912900082e+00 -1.150716981626579205e+00 -1.055021461529642934e+00 -9.774951689458175608e-01 -1.038123611318082062e+00 -1.022868959035061032e+00 -1.031956910328016619e+00
-7.803225974527778774e-01 -8.653897669119618996e-01 -1.008962503604490024e+00 -1.031379719908422032e+00 -1.048550841349130458e+00 -1.043315638042987104e+00 -1.016075020325203582e+00
-9.412227254822784772e-01 -1.093636807174808823e+00 -7.756555622968219765e-01 -9.271618933731522461e-01 -9.843099297098838463e-01 -1.054281091129271708e+00 -1.033042770138352218e+00
-1.318762892041728030e+00 -8.848452874832899440e-01 -1.219407402690927178e+00 -1.098804743113740656e+00 -9.962075513975614527e-01 -1.014605005191732801e+00 -1.035813021626645458e+00
-6.542843148637924600e-01 -6.171320221922798055e-01 -1.036201577785748285e+00 -1.013783984116867209e+00 -1.069840885757342264e+00 -1.031160749548205580e+00 -1.033691325176859799e+00
-7.354807967542322800e-01 -1.338012762676504153e+00 -1.224957719928309707e+00 -1.025506859309968988e+00 -1.047771822191389646e+00 -1.031662932506626440e+00 -1.023018934130410784e+00
-9.512636234060138918e-01 -1.043873516304333116e+00 -7.023310958561701511e-01 -1.170778129600383188e+00 -1.028074674633888463e+00 -1.046684638389519861e+00 -1.025054234274252352e+00
-1.367299953416867275e+00 -1.375754199124029853e+00 -1.107733894579255640e+00 -9.945686922751564296e-01 -1.014403331242921702e+00 -1.013553315957287815e+00 -1.039169337355436262e+00
-9.587502609776104023e-01 -1.345653176123890127e+00 -1.013335918706147254e+00 -1.139541995996316892e+00 -1.017729715815872460e+00 -1.061874334672929798e+00 -1.036417165480918001e+00
