(-1.0267898933161572+0j)
-1.096302432155582984e+00 -9.818122649482186048e-01 -8.920031512788524353e-01 -1.103881693168036193e+00 -1.002889476464308594e+00 -1.050184608162109789e+00 -1.023008032403792456e+00
-1.265481762510425767e+00 -1.197552092865007189e+00 -1.076860935118300056e+00 -1.006938167082282121e+00 -1.056253643729110792e+00 -1.043894686996272192e+00 -1.024230830687320903e+00
-8.940017158267981046e-01 -1.043128789231404951e+00 -9.236719667648127796e-01 -1.016870191745240959e+00 -1.067328334675390344e+00 -1.022715877987522504e+00 -1.029958292211163418e+00
2.102138678558862495e-02 -9.671028279545081929e-01 -1.176100423390594507e+00 -1.031252401418182529e+00 -1.024227840044912519e+00 -1.036212433060443416e+00 -1.036244432988535635e+00
-9.299320948385672025e-01 -1.555762030567960252e+00 -8.798739608413255198e-01 -1.033886057379101331e+00 -1.012948624163024114e+00 -1.063310736398806355e+00 -1.014037406832783539e+00
-1.033425595104932704e+00 -1.145935655596360903e+00 -1.118618938257800899e+00 -1.063939541330060301e+00 -1.095810555190579016e+00 -1.058771885600549467e+00 -1.030705022159340345e+00
-1.133368797144721718e+00 -1.227062586786125564e+00 -9.050571052639879710e-01 -9.971239515705443424e-01 -1.098018360216463485e+00 -1.061857611120967881e+00 -1.022188418269842636e+00
-1.169940461986207048e+00 -1.368058958190127683e+00 -1.015005146520436163e+00 -1.063812048045678971e+00 -1.008853687673257227e+00 -1.023569676610048163e+00 -1.028602255551216871e+00
-1.021561508512014882e+00 -1.261967407894662330e+00 -1.141065685466446489e+00 -9.557564466756254262e-01 -1.097673231204766786e+00 -1.056588411007724382e+00 -1.015741585389967838e+00
-1.080457125986457712e+00 -9.091595915939247874e-01 -9.741355181905921867e-01 -1.006203255019435083e+00 -1.038482332822542986e+00 -1.015984397827718766e+00 -1.030923897175313186e+00
-8.036958636293975999e-01 -7.875260315884125006e-01 -9.254888139412251746e-01 -9.548201351351774946e-01 -1.035045891477508917e+00 -1.025255950849540909e+00 -1.030396847315019571e+00
-1.202781633221910340e+00 -1.207626163819780274e+00 -1.268923283848232941e+00 -1.040303809965359427e+00 -1.049836311613540296e+00 -1.027467789221209848e+00 -1.017645969880324408e+00
-9.780880451062623493e-01 -1.402216484049727541e+00 -9.644963017995644705e-01 -1.241057669260136720e+00 -1.112843410556316748e+00 -1.021443231852549260e+00 -1.041114316199389656e+00
-1.114863334061838351e+00 -8.262618225274565020e-01 -1.056368969584234208e+00 -9.154054328138512275e-01 -1.023079197534137563e+00 -1.032552886143532689e+00 -1.030504328955249349e+00
-6.007145793570538572e-01 -1.019838345401646862e+00 -9.852253154886305708e-01 -1.012250239808114571e+00 -1.032428548984964500e+00 -1.023409291141406108e+00 -1.018738175059289652e+00
-1.234301049574199283e+00 -1.437154691452109390e+00 -9.889661463956889165e-01 -9.081135730030611697e-01 -1.007625639442583321e+00 -9.969946282425290462e-01 -1.029889155112615917e+00
-6.210401939361860357e-01 -1.009572115483499566e+00 -1.033722367140415876e+00 -1.057377848152449396e+00 -1.076464956353490265e+00 -1.015938003431601011e+00 -1.041206749463343684e+00
-1.195483226004471433e+00 -1.137403352747613283e+00 -1.030784034425322737e+00 -1.015904707460937750e+00 -1.038614627131241974e+00 -1.055027972897994104e+00 -1.023482644733127778e+00
-1.058119264590008157e+00 -1.224772789496702430e+00 -9.682077333552099319e-01 -9.848636863051503099e-01 -1.004263005490108718e+00 -1.043482118726873686e+00 -1.017456644548855316e+00
-6.515782258911846370e-01 -9.376335710059562345e-01 -1.118830664176794443e+00 -1.139771412696848785e+00 -1.055558592702944942e+00 -1.002280175505815052e+00 -1.026312491651620640e+00
-1.043305663444688669e+00 -1.280718161782740339e+00 -9.520563783049267315e-01 -1.057575659954459013e+00 -9.245269032453968805e-01 -9.843663168524487972e-01 -1.027341446564626892e+00
-9.459628511820872276e-01 -7.756934847614962436e-01 -1.021563002803377529e+00 -9.047660996187509852e-01 -9.821808136711629444e-01 -1.041431227180249053e+00 -1.027897343004068986e+00
-1.120116458041041874e+00 -1.048467337484312090e+00 -9.927590916169801716e-01 -1.085030977203576441e+00 -1.017544040550104611e+00 -1.047393522281518941e+00 -1.030431403993134154e+00
-1.060646378558290692e+00 -3.960732138743097153e-01 -1.127014929921744901e+00 -9.585070038119081204e-01 -1.057851856865474005e+00 -1.044199097649993746e+00 -1.022029957643714404e+00
-1.158570108288491163e+00 -7.346424684085697265e-01 -9.458137173707639178e-01 -1.013166748781606508e+00 -9.818014462846829105e-01 -1.028802864788221250e+00 -1.042571604505717175e+00
-8.978357646170778139e-01 -1.414181843999209320e+00 -9.776868323112015702e-01 -1.063089141803541970e+00 -1.066175435540034577e+00 -1.050149769606170125e+00 -1.023877288762213844e+00
-1.038048526399342641e+00 -8.065113137481700889e-01 -9.994147955341627920e-01 -1.001253681959411779e+00 -1.032228732298836604e+00 -1.017707602575316450e+00 -1.028882717795301716e+00
-9.491698794864298350e-01 -9.749420554280119333e-01 -9.770807388875484278e-01 -1.072968101001388952e+00 -1.007929890604206236e+00 -1.026736723895489867e+00 -1.038733059618433430e+00
-6.301240609140474902e-01 -1.262497367915634605e+00 -1.232772815626765883e+00 -9.472823904524068084e-01 -1.056818847496743707e+00 -1.025947141722687306e+00 -1.043984428925915253e+00
-1.110745132033655658e+00 -9.120982087657845128e-01 -9.717670298875367152e-01 -1.052429872037082603e+00 -1.100081553016570624e+00 -1.034995412652062186e+00 -1.035837194627624136e+00
-1.244374950368536403e+00 -1.070769025966706423e+00 -1.018379350135858452e+00 -1.051030562652858436e+00 -1.060733705547477257e+00 -1.031797381410180847e+00 -1.022056033028676758e+00
-1.066673290343072900e+00 -9.902065414467573490e-01 -1.233458319766390865e+00 -9.492324907353832941e-01 -1.001272048414213245e+00 -1.053400801452005986e+00 -1.021914876828271090e+00
-9.360968953248161029e-01 -7.500210088821859244e-01 -1.054423501440520106e+00 -1.100304139254538072e+00 -1.078764654637533127e+00 -1.025586038282702894e+00 -1.031101038668328584e+00
-1.075142548398940967e+00 -1.095690717189707009e+00 -9.320799627299516388e-01 -1.048595048424032505e+00 -9.978600530482015785e-01 -1.003770995107051256e+00 -1.035423379043435510e+00
-8.452871203949676726e-01 -9.887624030123696173e-01 -7.697731863961676524e-01 -1.052289558506645406e+00 -1.033557775996765571e+00 -1.044018681317224306e+00 -1.029218658714275314e+00
-9.453151934567793901e-01 -1.126802191724776137e+00 -9.698889190933064341e-01 -1.030251015797821523e+00 -1.040462147619647837e+00 -1.039853207160486015e+00 -1.040039205475898676e+00
-8.243315634883323639e-01 -9.993357313846136236e-01 -1.016009673455006812e+00 -9.312199441477790884e-01 -1.045603029270424145e+00 -1.000603559647551322e+00 -1.022586665225259317e+00
-9.594396412111185768e-01 -1.298560585061494521e+00 -9.567979791801546341e-01 -1.135816941223138699e+00 -1.071204058600517151e+00 -1.031613951768242110e+00 -1.030401682913823613e+00
-1.172093282184363261e+00 -8.115114308803930143e-01 -1.321315940845573245e+00 -9.839420448376774431e-01 -1.029137846404343470e+00 -1.017505504871987654e+00 -1.034271463619681697e+00
-1.079979943781193441e+00 -1.375136696263465019e+00 -9.888977788272876879e-01 -1.008242296905552671e+00 -1.003678132299134163e+00 -1.063301200589440221e+00 -1.023327400702233270e+00
-8.066912150467810960e-01 -1.403322748836931311e+00 -9.170215514949804358e-01 -1.025578939308784854e+00 -9.314858290630656512e-01 -1.040187337072642215e+00 -1.019621854878409728e+00
-1.032900920680052792e+00 -7.727714038176261013e-01 -8.326901938351243260e-01 -1.137635211310410455e+00 -1.001010678265786602e+00 -1.058096292711971032e+00 -1.027202303434965991e+00
-1.290992686444482729e+00 -9.010348483967183242e-01 -1.142681166555539640e+00 -9.923649749371996620e-01 -1.037424198019352595e+00 -9.931092508856842471e-01 -1.046304119339958483e+00
-7.124946806440499714e-01 -1.212797667052205597e+00 -9.353679952172448964e-01 -1.034059207618604148e+00 -1.029369866100064534e+00 -1.051029181900241305e+00 -1.018594423559980200e+00
-1.210895103190627431e+00 -1.023882887861394586e+00 -1.087154427164084503e+00 -1.027092854094381558e+00 -1.028014515486643354e+00 -1.041156528548899729e+00 -1.023623820588491995e+00
-9.937544327400678057e-01 -9.179289558951726491e-01 -1.189181731129439257e+00 -1.048042090560960204e+00 -1.023400998647171711e+00 -1.014457989761193168e+00 -1.037395774467840148e+00
-8.819028480981314644e-01 -5.865956438601829248e-01 -1.081708525146035882e+00 -1.018541372110448151e+00 -1.021971256959472996e+00 -1.015324874403887634e+00 -1.046754251240525235e+00
-1.189281886241324138e+00 -9.938884999922201757e-01 -9.033466653435962002e-01 -8.134311667422089442e-01 -1.033955359892024362e+00 -1.020111622328349732e+00 -1.029120592424780156e+00
-1.103571847610322010e+00 -1.309482373821014178e+00 -1.255146756115557594e+00 -1.023111571528854569e+00 -1.069740164216771205e+00 -1.060974841002279234e+00 -1.040017373384880983e+00
-1.210822776506500276e+00 -1.010466557380315322e+00 -1.109145709857473072e+00 -1.053866437843256065e+00 -1.008229200549634719e+00 -1.023864935493340234e+00 -1.027130928353141570e+00
