(-0.9141497046270843+0j)
-8.632325381578987988e-01 -9.454902501691818673e-01 -9.582858942598259100e-01 -9.269257392128561479e-01 -9.183353352550837068e-01 -9.136128557305295272e-01 -9.202168069780977122e-01
-8.632325381578987988e-01 -8.495229194893515468e-01 -8.789006737790955315e-01 -8.887499314528303218e-01 -9.064309986685780141e-01 -9.145218487107157346e-01 -9.136847430009730209e-01
-9.043613941635403330e-01 -8.837969661607195659e-01 -9.282671707855786325e-01 -9.249970710374594285e-01 -9.200181920431972360e-01 -9.176464053535290377e-01 -9.159469682207560526e-01
-9.454902501691818673e-01 -9.866191061748234015e-01 -9.268954314689502594e-01 -9.136970344932547894e-01 -9.356239383450511982e-01 -9.191109204368260732e-01 -9.155961872358958642e-01
-8.632325381578987988e-01 -9.317806315006346152e-01 -9.149373857078481054e-01 -8.995635423827864630e-01 -9.020104889985000041e-01 -9.164221138843396952e-01 -9.145979072766586837e-01
-9.043613941635403330e-01 -9.249258221663611002e-01 -9.265579196269025930e-01 -9.145023677833804543e-01 -9.102272134205723342e-01 -9.120759592951624972e-01 -9.124485239522036606e-01
-8.906517754949930810e-01 -8.632325381578987988e-01 -9.059282077256601839e-01 -8.915295130430059833e-01 -8.946810654455211731e-01 -9.071735134313955173e-01 -9.089936148123790582e-01
-9.866191061748234015e-01 -8.702227571806765427e-01 -8.691741040507136029e-01 -9.080219455742007950e-01 -9.066147818519653123e-01 -9.081174894951781207e-01 -9.120597284223682655e-01
-8.632325381578987988e-01 -9.043613941635403330e-01 -8.906517754949933030e-01 -9.093577885227442925e-01 -9.029447914308948997e-01 -9.066300159003991554e-01 -9.165584872146609330e-01
-9.866191061748234015e-01 -9.454902501691818673e-01 -9.066463306082982454e-01 -9.301493375361890026e-01 -9.182389082305068007e-01 -9.217232753878982221e-01 -9.159647805616354388e-01
-8.221036821522572646e-01 -7.455681899784264433e-01 -8.519559551784733342e-01 -9.044018684911924177e-01 -9.108647139950917238e-01 -9.127591913588933847e-01 -9.136567777298029158e-01
-9.454902501691818673e-01 -1.027747962180464825e+00 -1.012112468508478802e+00 -9.526490729465101337e-01 -9.478031453405119100e-01 -9.260059794675766787e-01 -9.193345115509073961e-01
-8.632325381578987988e-01 -8.358133008208042947e-01 -8.682292966308698956e-01 -8.996979967497150676e-01 -9.120696199102406032e-01 -9.209338637299421260e-01 -9.159809108521904664e-01
-9.043613941635403330e-01 -8.015392541494364975e-01 -8.991571430162405010e-01 -9.276083824096607033e-01 -9.162219600575155498e-01 -9.149307299298400364e-01 -9.164837073212094287e-01
-9.043613941635403330e-01 -9.729094875062763714e-01 -9.380654171966339439e-01 -9.060854609973975071e-01 -9.047792644454778488e-01 -9.207939171613693796e-01 -9.141345329911162443e-01
-9.043613941635403330e-01 -9.043613941635403330e-01 -8.691080890158476846e-01 -9.428682639698008350e-01 -9.255869833786519729e-01 -9.216469845193518973e-01 -9.149790419046756051e-01
-1.027747962180464825e+00 -1.035973733381593043e+00 -9.573719196819229227e-01 -9.020495061195542563e-01 -9.125054600949144001e-01 -9.195824729597777969e-01 -9.164974386286987018e-01
-9.454902501691818673e-01 -9.249258221663611002e-01 -9.340655679453925275e-01 -9.220838966153425131e-01 -9.248857268212090643e-01 -9.107465301128304658e-01 -9.173170818501904522e-01
-8.221036821522572646e-01 -8.714583093590270169e-01 -8.458629456999445795e-01 -8.667724810672826630e-01 -9.107813265976417716e-01 -9.050107396479506461e-01 -9.090913282872922219e-01
-9.043613941635403330e-01 -9.043613941635403330e-01 -9.234569344518740452e-01 -9.268830688865487000e-01 -9.237447551778811272e-01 -9.201768542259257666e-01 -9.141535611303298614e-01
-8.632325381578987988e-01 -9.454902501691818673e-01 -8.865388898944291940e-01 -9.153170100884145954e-01 -9.070691098988877821e-01 -9.134573671314610843e-01 -9.123860359033210132e-01
-9.454902501691818673e-01 -9.249258221663611002e-01 -9.560773340634293183e-01 -9.371153570291598234e-01 -9.256460141248591400e-01 -9.217931732312564241e-01 -9.161916190091913270e-01
-1.027747962180464825e+00 -9.948448773759516195e-01 -9.367659473801061010e-01 -9.123292470363465467e-01 -8.961259011490502191e-01 -9.057089198001283536e-01 -9.045855968461461449e-01
-9.043613941635403330e-01 -9.454902501691818673e-01 -9.256113030997884517e-01 -9.083151007411521816e-01 -9.182217489885567963e-01 -9.083508383080268755e-01 -9.114096675868673669e-01
-8.221036821522572646e-01 -8.769421568264458289e-01 -9.413773645686177582e-01 -9.295069915405024252e-01 -9.187276064032859901e-01 -9.132153006142623708e-01 -9.110927341894897724e-01
-8.083940634837100125e-01 -8.083940634837100125e-01 -9.077235149322554486e-01 -9.088031095358505285e-01 -9.073706007687017960e-01 -9.140172025287000013e-01 -9.135676424443216481e-01
-8.221036821522572646e-01 -7.684853395405893961e-01 -8.777826011830057729e-01 -8.969797599859105075e-01 -9.191391024462677306e-01 -9.233170119321790770e-01 -9.158303020408252726e-01
-9.454902501691818673e-01 -1.048312390183285814e+00 -9.225881276497575056e-01 -9.370820729562056028e-01 -9.099837185984908094e-01 -9.185617017436839005e-01 -9.208168629034717556e-01
-9.454902501691818673e-01 -1.041457580849012299e+00 -9.230285136343386876e-01 -9.192593192564194604e-01 -9.170015793265439141e-01 -9.059502111288274540e-01 -9.132108166045250774e-01
-5.159617134569339791e-01 -8.585422584463989759e-01 -8.629236501133109583e-01 -9.193202487492525554e-01 -9.158628261160147721e-01 -9.079893276805922619e-01 -9.107107266705937176e-01
-9.043613941635403330e-01 -9.317806315006346152e-01 -8.523312769544321155e-01 -8.653618056403556968e-01 -8.999621525476270145e-01 -9.184184270667864469e-01 -9.134199465997708822e-01
-8.221036821522572646e-01 -8.837969661607195659e-01 -8.898861734135027346e-01 -9.270203472407224643e-01 -9.238962007125776088e-01 -9.167000094820764167e-01 -9.136975924319888920e-01
-9.043613941635403330e-01 -9.454902501691818673e-01 -9.005930073603402031e-01 -8.823241903735384861e-01 -8.991871548795039581e-01 -9.113127967770345839e-01 -9.157217861925009972e-01
-8.906517754949930810e-01 -8.083940634837100125e-01 -8.676392013013604076e-01 -8.944810636911671997e-01 -8.962336753097533970e-01 -9.136994078349104376e-01 -9.184558276183009129e-01
-8.632325381578987988e-01 -8.221036821522570426e-01 -8.986490530516458852e-01 -9.104779932618153326e-01 -9.179865431444714785e-01 -9.198347044128555305e-01 -9.157279727369030953e-01
-9.043613941635403330e-01 -9.729094875062761494e-01 -9.386354408349083522e-01 -9.262392810687419820e-01 -9.130090188628111614e-01 -9.182765352598630804e-01 -9.129743490268010797e-01
-8.221036821522572646e-01 -8.083940634837100125e-01 -8.730251229211466457e-01 -9.225130513181215575e-01 -9.141783780668076842e-01 -9.184989368612835881e-01 -9.124449594431597310e-01
-9.043613941635403330e-01 -8.083940634837100125e-01 -8.132903558653340470e-01 -8.750873260654074004e-01 -9.077538550982505727e-01 -9.092952183309314096e-01 -9.128685480659183282e-01
-8.632325381578987988e-01 -8.906517754949930810e-01 -8.803695614935825864e-01 -8.945809626109403334e-01 -9.121384269126729949e-01 -9.150647635796668178e-01 -9.175798670922928890e-01
-9.454902501691818673e-01 -8.837969661607195659e-01 -9.079520085767313065e-01 -9.391149401346486902e-01 -9.130719051566905664e-01 -9.124204174991775718e-01 -9.131264245345774855e-01
-8.632325381578987988e-01 -9.591998688377291193e-01 -9.135011399425717604e-01 -9.195307204190378281e-01 -9.062136806943662526e-01 -9.071084283069245080e-01 -9.083699078773100899e-01
-9.043613941635403330e-01 -8.221036821522572646e-01 -8.766638641858460756e-01 -9.014354478032523543e-01 -9.052378558396331210e-01 -9.113218734357867445e-01 -9.151062121804866001e-01
-6.127527455889981711e-01 -7.103266795246178100e-01 -8.965885347735692568e-01 -9.226065531921116003e-01 -9.118966687712025676e-01 -9.103405156148257626e-01 -9.143731660530790561e-01
-9.043613941635403330e-01 -9.043613941635403330e-01 -8.902600721044632293e-01 -9.091875431745747305e-01 -9.073023671563985593e-01 -9.090140167899863899e-01 -9.105784945836564725e-01
-9.043613941635403330e-01 -9.591998688377291193e-01 -9.190502713084124364e-01 -9.159299960748999991e-01 -9.188558452215133121e-01 -9.267547099687006851e-01 -9.181749828547957071e-01
-8.632325381578987988e-01 -7.469169531202309864e-01 -8.468908773881168583e-01 -8.993644065339944094e-01 -9.141962166270184431e-01 -9.209614197703971383e-01 -9.154506704587878074e-01
-9.454902501691818673e-01 -9.386354408349083522e-01 -9.900465108419601590e-01 -9.155973207679798387e-01 -9.274973649864185488e-01 -9.215865907903787457e-01 -9.190069946852920113e-01
-9.866191061748234015e-01 -9.249258221663611002e-01 -9.131747204504637727e-01 -9.068831158475635368e-01 -8.924892787271502259e-01 -9.041973462466418310e-01 -9.137794988315076639e-01
-9.043613941635403330e-01 -9.591998688377291193e-01 -9.208129365657967691e-01 -9.240955812842596151e-01 -9.055623594152187872e-01 -9.113229627701865398e-01 -9.126340209891129485e-01
-8.632325381578987988e-01 -8.358133008208042947e-01 -8.457608490071849561e-01 -8.826990328776355144e-01 -8.921588670029664270e-01 -9.107226952227204242e-01 -9.133760635107422976e-01
