(-0.9141497046270843+0j)
-9.454902501691818673e-01 -7.168422615074206972e-01 -9.324597676561320325e-01 -9.236405454161847883e-01 -9.055979292389716440e-01 -9.127473058933376349e-01 -9.128555265479062486e-01
-9.043613941635403330e-01 -8.714583093590272389e-01 -9.363505043901506619e-01 -9.072096516295004021e-01 -9.206922497630528612e-01 -9.197798737827748150e-01 -9.111648797664720911e-01
-9.043613941635403330e-01 -9.537160213703100853e-01 -9.226408857216031878e-01 -8.923417385586004391e-01 -9.144418090441422953e-01 -9.130840851946194769e-01 -9.133616202951838625e-01
-8.221036821522572646e-01 -9.537160213703100853e-01 -9.454902501691820893e-01 -9.164842928463424743e-01 -9.175954426847553469e-01 -9.196565077989303783e-01 -9.144578743277619326e-01
-9.866191061748234015e-01 -9.043613941635403330e-01 -9.546299959482132946e-01 -8.833448013073664784e-01 -9.139149283686384129e-01 -9.152360014130210830e-01 -9.107699341891014599e-01
-8.632325381578987988e-01 -9.372644789680534272e-01 -9.135011399425719825e-01 -8.997756950940506426e-01 -9.102960086250398986e-01 -9.129528455537855303e-01 -9.166613852644452942e-01
-8.221036821522572646e-01 -9.372644789680532051e-01 -8.815120297159616536e-01 -9.287816524168898136e-01 -9.186825490108950776e-01 -9.167576645272393909e-01 -9.132042063927096054e-01
-9.454902501691818673e-01 -8.714583093590274609e-01 -9.546299959482135167e-01 -8.994979911284425311e-01 -9.156143188975288671e-01 -9.233858997804184066e-01 -9.154483397772193998e-01
-9.043613941635403330e-01 -9.208129365657969911e-01 -9.409203772796662646e-01 -9.136360353803821832e-01 -9.213108913127393551e-01 -9.155898356395589799e-01 -9.148499982627623650e-01
-8.632325381578987988e-01 -9.701675637725665213e-01 -8.867610387609748956e-01 -9.223552686660084765e-01 -9.181540789986580853e-01 -9.189140184507368359e-01 -9.147645209035543123e-01
-9.866191061748234015e-01 -8.879098517612836750e-01 -9.317806315006350593e-01 -9.046390981291477784e-01 -9.128782912578773390e-01 -9.162782103721519578e-01 -9.136871672737040262e-01
-9.454902501691818673e-01 -9.866191061748231794e-01 -9.180710128320873631e-01 -9.342004633832027283e-01 -8.992779472638722238e-01 -9.120351845856878858e-01 -9.168120287589479611e-01
-9.454902501691818673e-01 -8.714583093590272389e-01 -9.500601230586976920e-01 -8.684768882364665155e-01 -9.193202626013913248e-01 -9.176433296058393863e-01 -9.147075359974153885e-01
-7.809748261466157304e-01 -9.208129365657969911e-01 -8.776212929819434683e-01 -9.326374826674187490e-01 -9.073036771147985347e-01 -9.168840908055267969e-01 -9.146533727336468855e-01
-7.809748261466157304e-01 -9.372644789680534272e-01 -9.546299959482132946e-01 -9.087726323452848254e-01 -9.177126329466843702e-01 -9.172654281816300381e-01 -9.153792248763231720e-01
-1.027747962180464825e+00 -9.043613941635403330e-01 -9.135011399425717604e-01 -9.162065888807345848e-01 -9.180464247571334946e-01 -9.126955552921142134e-01 -9.121920188981543776e-01
-8.632325381578987988e-01 -8.879098517612836750e-01 -8.959007845400065451e-01 -9.013386758098346219e-01 -9.205070764853854337e-01 -9.219861550550777496e-01 -9.180073009666770423e-01
-7.809748261466157304e-01 -1.019522190979336607e+00 -9.043613941635403330e-01 -9.329151866330264165e-01 -9.108181212903411206e-01 -9.096474157011310568e-01 -9.129912184052823010e-01
-8.632325381578987988e-01 -8.106018278354806261e-01 -9.135011399425717604e-01 -9.303446331326740149e-01 -9.217825347626612542e-01 -9.170913835340784859e-01 -9.106737376563213138e-01
-1.027747962180464825e+00 -8.714583093590272389e-01 -9.180710128320875851e-01 -9.544871874204156059e-01 -9.086645700156038563e-01 -9.122870353890603079e-01 -9.140101763078082309e-01
-9.454902501691818673e-01 -9.043613941635403330e-01 -9.409203772796662646e-01 -9.013386758098346219e-01 -8.978694364536098371e-01 -9.188198385002476209e-01 -9.171525273745958495e-01
-9.866191061748234015e-01 -7.941502854332237460e-01 -8.821911658714590709e-01 -9.252035261319687676e-01 -9.279964518329703038e-01 -9.162287137156336359e-01 -9.118867831435476523e-01
-1.027747962180464825e+00 -8.879098517612838970e-01 -9.043613941635403330e-01 -9.020685446287953768e-01 -9.152726114996926343e-01 -9.083002981110656071e-01 -9.141946718421668505e-01
-9.866191061748234015e-01 -9.208129365657969911e-01 -9.135011399425717604e-01 -8.933493113431690835e-01 -9.239217820067914255e-01 -9.226814016914580696e-01 -9.124512726181489564e-01
-1.027747962180464825e+00 -8.599564550422503784e-01 -9.135011399425717604e-01 -9.200624191312632982e-01 -9.288936168712412789e-01 -9.170915087532288679e-01 -9.155719016398379262e-01
-9.043613941635403330e-01 -8.714583093590270169e-01 -8.913309116504904983e-01 -8.969274376280901295e-01 -9.074904397291997382e-01 -9.180537277961476894e-01 -9.147075359974156106e-01
-1.068876818186106359e+00 -9.372644789680534272e-01 -8.821911658714590709e-01 -9.277740796323211692e-01 -9.270376611258982491e-01 -9.105652018883786392e-01 -9.106438343820669745e-01
-8.632325381578987988e-01 -9.208129365657969911e-01 -9.043613941635401110e-01 -9.033538213789716886e-01 -9.107326866668107312e-01 -9.085092737234069515e-01 -9.167589926184104288e-01
-7.809748261466157304e-01 -9.866191061748234015e-01 -8.463113189108305567e-01 -9.262110989165371899e-01 -9.139164866090893069e-01 -9.127716785641458719e-01 -9.117333180066743425e-01
-9.043613941635403330e-01 -9.043613941635403330e-01 -9.089312670530561578e-01 -9.223552686660084765e-01 -9.215056006108112152e-01 -9.116282223472736979e-01 -9.160548625208323470e-01
-9.454902501691818673e-01 -9.043613941635405551e-01 -9.089312670530561578e-01 -8.949122920589532848e-01 -9.197982323019667783e-01 -9.149571483366844005e-01 -9.145935661851382070e-01
-9.866191061748234015e-01 -9.866191061748231794e-01 -9.409203772796662646e-01 -9.026239525600109337e-01 -9.107310973300765111e-01 -9.086558854057072976e-01 -9.167251405785551421e-01
-9.043613941635403330e-01 -9.537160213703100853e-01 -9.317806315006348372e-01 -9.287816524168900356e-01 -9.252921798317178537e-01 -9.177218168922481878e-01 -9.173288416797978906e-01
-9.043613941635403330e-01 -9.537160213703103073e-01 -8.776212929819432462e-01 -9.493460804197105807e-01 -9.288920275345072808e-01 -9.181088441649504217e-01 -9.127889495914264240e-01
-9.043613941635403330e-01 -9.372644789680534272e-01 -9.272107586111192346e-01 -9.223552686660082545e-01 -9.141998092041595525e-01 -9.160950398761077418e-01 -9.149205239848429150e-01
-8.221036821522572646e-01 -9.537160213703100853e-01 -9.043613941635403330e-01 -9.249258221663613222e-01 -9.186225126788282180e-01 -9.132237547888183427e-01 -9.164850709592430311e-01
-9.866191061748234015e-01 -8.106018278354804041e-01 -9.226408857216034098e-01 -8.979350104126587739e-01 -8.963901224179703364e-01 -9.203925009007872804e-01 -9.131283210838426756e-01
-9.454902501691818673e-01 -9.701675637725667434e-01 -8.776212929819434683e-01 -9.087726323452848254e-01 -9.120176498682081023e-01 -9.123686531542266609e-01 -9.154472126539882071e-01
-8.221036821522572646e-01 -9.208129365657969911e-01 -9.317806315006348372e-01 -9.059243748793240902e-01 -9.083812785168171589e-01 -9.201622129120802240e-01 -9.152029105711211310e-01
-9.454902501691818673e-01 -9.208129365657967691e-01 -9.180710128320873631e-01 -9.000533990596580880e-01 -9.217523373647130702e-01 -9.071397869689373783e-01 -9.141811310262243362e-01
-8.221036821522572646e-01 -8.106018278354806261e-01 -9.363505043901504399e-01 -9.100579090954611372e-01 -9.178028355804167537e-01 -9.134541679966755590e-01 -9.145080888259299323e-01
-8.221036821522572646e-01 -8.714583093590274609e-01 -9.180710128320875851e-01 -9.249258221663611002e-01 -9.087515939758680217e-01 -9.161246015669141096e-01 -9.148296870388493707e-01
-5.930080035665509230e-01 -9.372644789680536492e-01 -9.135011399425719825e-01 -9.249258221663611002e-01 -9.098402585424593125e-01 -9.160731014039912301e-01 -9.101459218639454951e-01
-9.043613941635403330e-01 -8.879098517612836750e-01 -9.317806315006348372e-01 -9.236405454161847883e-01 -9.229264676511171883e-01 -9.110216607833113711e-01 -9.157264938999422066e-01
-8.632325381578987988e-01 -9.701675637725665213e-01 -8.776212929819434683e-01 -9.226329726316161439e-01 -9.154323553896132060e-01 -9.184364425829035783e-01 -9.156111132664793706e-01
-5.518791475609093888e-01 -6.839391767029076030e-01 -9.141802760980691778e-01 -9.187771423810874305e-01 -9.081993150089019418e-01 -9.086335162413031741e-01 -9.156274757247916396e-01
-8.632325381578987988e-01 -9.043613941635403330e-01 -9.454902501691818673e-01 -9.326374826674187490e-01 -9.131047561943484991e-01 -9.185648021832811816e-01 -9.134973121525592488e-01
-7.809748261466157304e-01 -9.043613941635403330e-01 -8.821911658714590709e-01 -9.390638664183003081e-01 -9.079271177709710150e-01 -9.025838536753981733e-01 -9.117917137339984768e-01
-9.043613941635403330e-01 -9.701675637725665213e-01 -9.135011399425719825e-01 -9.236405454161850104e-01 -9.165099256953487261e-01 -9.092221463459585484e-01 -9.144336143382479909e-01
-8.632325381578987988e-01 -9.208129365657969911e-01 -9.135011399425717604e-01 -9.274963756667137238e-01 -9.166175799368733168e-01 -9.110987706590668589e-01 -9.163600982754392943e-01
