(-0.9141497046270843+0j)
-8.221036821522572646e-01 -9.797642968405498864e-01 -7.945871442176083432e-01 -9.326887232549815332e-01 -9.056621789355022711e-01 -8.981879844874495200e-01 -9.098739820339970530e-01
-9.043613941635403330e-01 -9.180710128320873631e-01 -8.968834203443326603e-01 -9.050320018527496790e-01 -9.159187326395198392e-01 -9.113296399528069136e-01 -9.042759047044158782e-01
-9.043613941635403330e-01 -7.533588224974639980e-01 -9.417512632595778088e-01 -9.388497259764744252e-01 -9.159405500525562571e-01 -9.178508887492008439e-01 -9.125210174580508093e-01
-9.043613941635403330e-01 -8.906517754949930810e-01 -9.417512632595778088e-01 -8.958230578954068379e-01 -9.104487888111357785e-01 -9.090990849059262802e-01 -9.155672052844231468e-01
-9.043613941635403330e-01 -8.946577646787682303e-01 -9.067567515057209926e-01 -9.404393380281380610e-01 -9.182867565156548340e-01 -9.176175924033339593e-01 -8.989355077790116555e-01
-8.221036821522572646e-01 -9.797642968405498864e-01 -9.641851847172006051e-01 -9.196847379116418475e-01 -9.069043882383970301e-01 -9.135473263537668975e-01 -9.195452808555711899e-01
-9.043613941635403330e-01 -9.454902501691818673e-01 -9.217126991441361161e-01 -9.176824811289304717e-01 -9.164753325753994817e-01 -9.053874507448530506e-01 -9.165632887692937159e-01
-9.043613941635403330e-01 -9.729094875062763714e-01 -8.894054465251252095e-01 -9.074027710486310960e-01 -8.953022255704926602e-01 -9.176453686612838778e-01 -9.155804927210143829e-01
-9.866191061748234015e-01 -8.152488728179837496e-01 -8.992787776865135418e-01 -8.895262189654963292e-01 -9.081615381842859103e-01 -9.064881241701082670e-01 -9.214292013300641182e-01
-9.043613941635403330e-01 -9.043613941635403330e-01 -8.991535614684690314e-01 -8.960650953014840381e-01 -9.176804034550817279e-01 -9.146530219337490886e-01 -9.194927998423892967e-01
-9.043613941635403330e-01 -1.020893152846191310e+00 -8.819274727059177588e-01 -9.109864524072003311e-01 -9.104308142824554251e-01 -9.156336311875058476e-01 -8.974753334826163220e-01
-9.866191061748234015e-01 -9.180710128320875851e-01 -8.894054465251252095e-01 -9.661934394945584925e-01 -9.219491192881398289e-01 -9.089811919993359135e-01 -9.183127269833534223e-01
-9.866191061748234015e-01 -9.112162034978140701e-01 -9.417512632595780309e-01 -9.043058896345178566e-01 -9.129519909442754821e-01 -9.165768736690985685e-01 -9.123549938528904280e-01
-9.866191061748234015e-01 -1.014038343511917795e+00 -8.968834203443328823e-01 -9.005650558902066338e-01 -9.183208610531811145e-01 -9.019159088659064460e-01 -9.117120898115832484e-01
-9.866191061748234015e-01 -8.906517754949930810e-01 -9.417512632595778088e-01 -9.110260313841386237e-01 -9.183201025817596674e-01 -9.116604535944686782e-01 -9.090313870688183640e-01
-9.043613941635403330e-01 -7.739232505002849871e-01 -9.290654567452990564e-01 -9.190145898254692414e-01 -9.225719299345501723e-01 -9.111663155613912712e-01 -9.107783602527036448e-01
-8.221036821522572646e-01 -9.112162034978138481e-01 -8.744494988867103080e-01 -9.028868849078245384e-01 -9.080551046376080793e-01 -9.176733967174336426e-01 -9.262417210703656201e-01
-1.068876818186106359e+00 -8.563777288236250618e-01 -8.819274727059177588e-01 -9.213457800444128099e-01 -9.177853200589164429e-01 -9.203678977047459187e-01 -9.169998079582203365e-01
-9.043613941635403330e-01 -7.739232505002849871e-01 -9.067567515057212146e-01 -9.000916391667143079e-01 -9.147362376442952359e-01 -9.074494987489175601e-01 -9.066985764232774470e-01
-9.866191061748234015e-01 -9.112162034978138481e-01 -8.843228300480988624e-01 -9.046034315696177552e-01 -9.086216657564644139e-01 -9.302181039950269126e-01 -9.093453667738825574e-01
-7.398459701409741962e-01 -8.632325381578987988e-01 -9.417512632595780309e-01 -8.894559626099077798e-01 -9.147393220572300754e-01 -9.180030377770641570e-01 -9.178329989784322906e-01
-9.866191061748234015e-01 -9.180710128320873631e-01 -8.918008038673060911e-01 -8.963928550121970096e-01 -9.165545888818417142e-01 -9.152966550509907817e-01 -9.216222722839190196e-01
-9.866191061748234015e-01 -8.426681101550780317e-01 -9.193173418019554566e-01 -9.000414021011134968e-01 -9.177860785303381119e-01 -9.207647700739306496e-01 -9.153808661012353687e-01
-8.221036821522572646e-01 -8.632325381578987988e-01 -9.267953156211629073e-01 -9.065709172357762080e-01 -9.255478743413497744e-01 -9.245515000670935235e-01 -9.099522783512544732e-01
-8.221036821522572646e-01 -8.632325381578987988e-01 -9.043613941635403330e-01 -9.001430499578334521e-01 -9.352922214069822049e-01 -9.113816037253846813e-01 -9.207994730887373303e-01
-8.221036821522572646e-01 -1.000328724843370765e+00 -9.215874829260916057e-01 -9.028154548267181001e-01 -9.098960317596124225e-01 -9.035369455723093468e-01 -9.209229632654892805e-01
-9.866191061748234015e-01 -8.426681101550778097e-01 -9.267953156211629073e-01 -9.470337188931480243e-01 -9.214507167170876700e-01 -9.165418261284822288e-01 -9.171425596192935847e-01
-6.338062398483989002e-01 -8.837969661607195659e-01 -9.193173418019552345e-01 -9.152496430532671701e-01 -9.105062277045413710e-01 -9.267002289963718331e-01 -9.155725378127713698e-01
-9.866191061748234015e-01 -8.740933366759474632e-01 -9.567072108979929324e-01 -9.156488328450868019e-01 -9.213186228730173566e-01 -9.127230892014951413e-01 -9.176306003678306178e-01
-9.043613941635403330e-01 -9.386354408349083522e-01 -9.118393679827480058e-01 -9.007381338280330274e-01 -9.099308947685603721e-01 -9.150898571918474333e-01 -8.982357652527040992e-01
-9.866191061748234015e-01 -8.906517754949930810e-01 -8.669715250675026352e-01 -9.216433219795122644e-01 -9.158800267462156031e-01 -9.118918696764090059e-01 -9.096852597349897041e-01
-9.866191061748234015e-01 -9.660546781720026344e-01 -8.819274727059177588e-01 -9.062933945906638256e-01 -9.165017513442134112e-01 -9.196176260618541543e-01 -9.297011714207271682e-01
-9.043613941635403330e-01 -9.112162034978138481e-01 -8.744494988867103080e-01 -9.130601392710188113e-01 -9.027233729519149596e-01 -9.216959533144098993e-01 -9.168926018936217615e-01
-9.866191061748234015e-01 -7.944876785031055322e-01 -9.641851847172003831e-01 -9.135437544801366938e-01 -9.117151414685801258e-01 -9.219089177490190634e-01 -9.197813494744836449e-01
-9.866191061748234015e-01 -9.249258221663611002e-01 -8.819274727059177588e-01 -9.212902755153901113e-01 -9.159708117057266952e-01 -9.172215648286602407e-01 -9.001014027517871829e-01
-1.068876818186106359e+00 -9.523450595034556043e-01 -9.290654567452990564e-01 -9.258061616561966689e-01 -9.201307680505937947e-01 -9.094561932947545779e-01 -9.049792310141374641e-01
-1.068876818186106359e+00 -8.975065848292668180e-01 -9.342732894403703581e-01 -9.220518729726568941e-01 -9.152472549168285676e-01 -9.014061566819649984e-01 -9.119264338217741850e-01
-9.043613941635403330e-01 -8.975065848292668180e-01 -9.193173418019554566e-01 -9.026807923438192605e-01 -9.001937520499608825e-01 -9.113944808012067744e-01 -9.199413364449012809e-01
-9.866191061748234015e-01 -8.632325381578987988e-01 -8.642842659326578358e-01 -9.130583827806447728e-01 -9.261837305836716494e-01 -9.110071903414144190e-01 -8.978852596172129941e-01
-9.043613941635403330e-01 -8.358133008208042947e-01 -8.962003615576693560e-01 -8.939665812872931161e-01 -9.140644323446133201e-01 -9.185233586944078210e-01 -9.019126563319402878e-01
-1.068876818186106359e+00 -9.454902501691818673e-01 -9.142347253249288874e-01 -9.157084311120126108e-01 -9.014026658139994153e-01 -9.131711097690452528e-01 -9.114544674529468926e-01
-8.221036821522572646e-01 -9.386354408349083522e-01 -9.118393679827480058e-01 -9.085797383692472140e-01 -9.201254082233946141e-01 -9.266256770436299695e-01 -9.116644226588063171e-01
-9.043613941635403330e-01 -9.386354408349083522e-01 -9.567072108979929324e-01 -9.322140096441519086e-01 -9.262139922368416434e-01 -9.105023139044280400e-01 -9.111569650902598960e-01
-9.866191061748234015e-01 -8.906517754949930810e-01 -8.716370235338201100e-01 -8.979770764386204585e-01 -9.243692222304814576e-01 -9.147160084009301473e-01 -9.038795260572213275e-01
-9.866191061748234015e-01 -8.632325381578987988e-01 -9.118393679827477838e-01 -9.196345008460412584e-01 -9.014447836972295791e-01 -9.140863736193266531e-01 -9.176314143930509593e-01
-9.866191061748234015e-01 -8.906517754949930810e-01 -8.693668824096837389e-01 -9.003850873639108743e-01 -9.110754423419021863e-01 -9.098209553915607151e-01 -9.139323418052277548e-01
-8.221036821522572646e-01 -9.660546781720026344e-01 -9.111563091960844796e-01 -9.280511699674677262e-01 -9.213017343927495384e-01 -9.194120741599770552e-01 -9.216099670593310700e-01
-9.043613941635403330e-01 -8.906517754949930810e-01 -9.193173418019554566e-01 -9.174698242141655635e-01 -9.183855548208693653e-01 -9.178548030822702986e-01 -9.190749416599218735e-01
-9.043613941635403330e-01 -9.454902501691820893e-01 -9.417512632595778088e-01 -9.155578430770291432e-01 -9.123636124123829516e-01 -9.145772583476451389e-01 -9.168784059205189463e-01
-9.043613941635403330e-01 -9.729094875062763714e-01 -9.589773520221293035e-01 -9.130756052200664774e-01 -9.183380771104400209e-01 -9.124849664121884585e-01 -9.128947787869131636e-01
