(-0.9141497046270843+0j)
-7.231159762678608383e-01 -1.027747962180464825e+00 -9.316449415866628891e-01 -9.119669683296630636e-01 -9.066078278298422832e-01 -9.183646769509944408e-01 -9.073826776860675070e-01
-6.408582642565777698e-01 -9.454902501691818673e-01 -1.014038343511917795e+00 -9.130470981358197458e-01 -9.044018696889472020e-01 -9.174481564463609073e-01 -9.059582204418513696e-01
-8.053736882791439067e-01 -8.632325381578987988e-01 -9.729094875062761494e-01 -9.340923938479700483e-01 -9.555993425048515677e-01 -9.189905259477647581e-01 -9.084803788660992252e-01
-6.408582642565777698e-01 -8.632325381578987988e-01 -7.644633704808468933e-01 -8.980666620459260008e-01 -9.063768918098630278e-01 -9.101108041853652741e-01 -9.162902306676629083e-01
-8.053736882791439067e-01 -9.454902501691818673e-01 -1.000193034929398817e+00 -9.162351782472301087e-01 -9.199283763245783563e-01 -9.065237585501567663e-01 -9.113139000641531373e-01
-7.231159762678608383e-01 -9.454902501691818673e-01 -7.672652074780684783e-01 -8.935852741323516701e-01 -9.186937788423473750e-01 -9.123859067445235782e-01 -9.165583819201620353e-01
-8.053736882791439067e-01 -8.632325381578987988e-01 -9.866191061748234015e-01 -8.571611356046849872e-01 -9.222342163834499340e-01 -9.260806786510938915e-01 -9.162037061251325776e-01
-6.408582642565777698e-01 -8.632325381578987988e-01 -1.000328724843370765e+00 -9.002013016402025114e-01 -9.169988622975943082e-01 -9.149476190677164888e-01 -9.134200005829405944e-01
-8.053736882791439067e-01 -8.632325381578987988e-01 -9.591998688377291193e-01 -8.923218757417440417e-01 -9.388639448963881362e-01 -9.101042441154841844e-01 -9.129101970065690574e-01
-7.231159762678608383e-01 -8.632325381578987988e-01 -1.027747962180464825e+00 -8.778180193808861054e-01 -8.993929917673469943e-01 -9.195138261781922173e-01 -9.088482153908369332e-01
-7.231159762678608383e-01 -9.963761964155043449e-01 -8.444113821748117088e-01 -9.274770582848809175e-01 -9.238073969232335481e-01 -9.205811491041041572e-01 -9.135663638994341307e-01
-7.231159762678608383e-01 -8.632325381578987988e-01 -8.769421568264460509e-01 -9.511206604247702812e-01 -9.127185985782187982e-01 -9.058586547491905838e-01 -9.231565341109827516e-01
-6.408582642565777698e-01 -9.454902501691818673e-01 -8.495229194893515468e-01 -9.063649632098734754e-01 -9.069934986018838297e-01 -9.078890946085237390e-01 -9.230770643261584363e-01
-8.053736882791439067e-01 -8.632325381578987988e-01 -9.454902501691818673e-01 -9.109145405258652906e-01 -8.989314779917784159e-01 -8.998420360448625699e-01 -9.131353299106083066e-01
-6.290006789729792880e-01 -8.200390918410155328e-01 -9.591998688377291193e-01 -8.714788290657752290e-01 -8.904020040750723064e-01 -9.186670261301242979e-01 -9.109665067939171079e-01
-6.408582642565777698e-01 -8.632325381578987988e-01 -9.509441410048448118e-01 -9.143196040276414527e-01 -9.246583489520857624e-01 -9.129561347208360322e-01 -9.156654948233416969e-01
-7.231159762678608383e-01 -8.632325381578987988e-01 -1.019492234347580517e+00 -9.426298228107207189e-01 -9.012489794482229089e-01 -9.344264919143095982e-01 -9.178813717286294915e-01
-6.408582642565777698e-01 -9.454902501691818673e-01 -9.317806315006346152e-01 -9.188456580843141763e-01 -9.477644828978878389e-01 -9.245205604351761641e-01 -9.164420225220145655e-01
-6.408582642565777698e-01 -1.027747962180464825e+00 -9.317806315006346152e-01 -9.086701314593693679e-01 -8.999929620581178513e-01 -9.109691246389236552e-01 -9.191369355807733621e-01
-7.231159762678608383e-01 -9.022968038522986012e-01 -9.180710128320875851e-01 -9.470491783022504384e-01 -9.647463015119389640e-01 -8.970304467164548212e-01 -9.076535292957658152e-01
-7.231159762678608383e-01 -9.454902501691818673e-01 -1.041457580849012299e+00 -8.758347459080767505e-01 -9.101276550193918569e-01 -9.168133073019898438e-01 -9.113018067496864161e-01
-6.408582642565777698e-01 -9.454902501691818673e-01 -8.769421568264460509e-01 -9.251371387255516998e-01 -9.274461040444980098e-01 -9.097435674062478439e-01 -9.131109426212357105e-01
-7.231159762678608383e-01 -8.632325381578987988e-01 -9.347465986360136148e-01 -9.485095012448273577e-01 -9.158361163152962670e-01 -9.199639496719352882e-01 -9.104160727702904632e-01
-6.408582642565777698e-01 -9.454902501691818673e-01 -9.317806315006346152e-01 -9.824082947266267185e-01 -9.245077057803253728e-01 -9.328817633353935213e-01 -9.147859162684378598e-01
-7.231159762678608383e-01 -8.632325381578987988e-01 -8.632325381578987988e-01 -9.467218827103599521e-01 -8.953375678625340450e-01 -9.150150326640343890e-01 -9.093372449595561458e-01
-6.408582642565777698e-01 -1.027747962180464825e+00 -9.073273612989191106e-01 -9.582235558436037470e-01 -8.836749117997487746e-01 -9.119513721133237771e-01 -9.203385857813276560e-01
-7.231159762678608383e-01 -9.454902501691818673e-01 -8.936177426303720805e-01 -9.340054481270464448e-01 -9.346505269226236257e-01 -8.922055464448633844e-01 -9.205034666958687994e-01
-7.231159762678608383e-01 -8.632325381578987988e-01 -9.866191061748234015e-01 -9.568768203695080521e-01 -8.732582646223231437e-01 -9.155817219873986224e-01 -9.077432797801904263e-01
-7.231159762678608383e-01 -1.027747962180464825e+00 -8.495229194893515468e-01 -9.386789136953698209e-01 -9.185788488136069629e-01 -9.255687831674112021e-01 -9.218304521431922582e-01
-8.053736882791439067e-01 -8.632325381578987988e-01 -1.000328724843370765e+00 -8.847230049107143168e-01 -9.008528182464375922e-01 -9.041730374855695418e-01 -9.167298632316426277e-01
-7.231159762678608383e-01 -7.809748261466157304e-01 -1.000328724843370765e+00 -9.098125996817482131e-01 -9.028961464493064915e-01 -9.135978084763284324e-01 -9.195002543915479221e-01
-7.231159762678608383e-01 -8.007356878224031194e-01 -8.906517754949930810e-01 -9.009905993856620610e-01 -9.145889744995702175e-01 -9.130965254622743776e-01 -9.216613169855013554e-01
-3.385041400383960175e-01 -8.200390918410155328e-01 -9.180710128320875851e-01 -9.325496574631514379e-01 -9.185131971514756133e-01 -9.094904283402133194e-01 -9.191761918955755339e-01
-8.053736882791439067e-01 -8.632325381578987988e-01 -9.317806315006346152e-01 -8.764089454905682475e-01 -9.017275989081291465e-01 -9.250139922534440506e-01 -9.081211718707903335e-01
-8.053736882791439067e-01 -8.632325381578987988e-01 -9.729094875062761494e-01 -9.496517727102832263e-01 -9.438467227911465640e-01 -9.219978343488527406e-01 -9.176333031001669971e-01
-7.231159762678608383e-01 -9.454902501691818673e-01 -9.477223935578654723e-01 -8.727966292766712320e-01 -9.077839591070112624e-01 -9.078384106859728186e-01 -9.147664864148529196e-01
-6.408582642565777698e-01 -8.632325381578987988e-01 -9.317806315006346152e-01 -9.331449012210742966e-01 -8.814936072077804718e-01 -9.175238549040646285e-01 -9.143027526666697158e-01
-6.408582642565777698e-01 -1.027747962180464825e+00 -9.866191061748234015e-01 -8.793032080808763640e-01 -8.901929151293933584e-01 -8.906496757327796443e-01 -9.084222015184867383e-01
-2.443888427435145783e-01 -9.454902501691818673e-01 -9.807737451135881690e-01 -9.260081705703936406e-01 -9.624398160356201215e-01 -9.092888701734073154e-01 -9.094434423395186817e-01
-7.231159762678608383e-01 -9.022968038522986012e-01 -8.769421568264460509e-01 -9.036695670560787041e-01 -9.112688376239520549e-01 -9.080042075163329285e-01 -9.097556994772303396e-01
-7.231159762678608383e-01 -9.454902501691818673e-01 -8.468993058750956537e-01 -8.957157623598880347e-01 -9.107246233273630365e-01 -9.138062599916919604e-01 -9.087008626590605820e-01
-6.408582642565777698e-01 -1.027747962180464825e+00 -9.018734704632563881e-01 -9.154843041781278723e-01 -9.322560859836587221e-01 -9.141475533083479599e-01 -9.102340684998445619e-01
-7.231159762678608383e-01 -8.632325381578987988e-01 -9.043613941635403330e-01 -9.282879429350762157e-01 -8.871928608748730349e-01 -9.018591386825630662e-01 -9.156380925094093071e-01
-7.112583909842623564e-01 -8.632325381578987988e-01 -8.083940634837100125e-01 -9.281377826981483947e-01 -9.073624589168381993e-01 -9.104355016017339208e-01 -9.161986519268731088e-01
-8.053736882791439067e-01 -8.632325381578987988e-01 -8.358133008208045167e-01 -9.038248913730814182e-01 -8.953760753678364770e-01 -9.044395060292854671e-01 -9.114158661892995950e-01
-7.231159762678608383e-01 -9.454902501691818673e-01 -9.758754546416551490e-01 -8.951890064352979737e-01 -9.278693956513487384e-01 -9.123207095211992579e-01 -9.167107813118348103e-01
-7.231159762678608383e-01 -1.027747962180464825e+00 -8.850621947453584104e-01 -8.775647692162503732e-01 -9.350886724789663207e-01 -9.161035583859039599e-01 -9.079102442236633985e-01
-8.053736882791439067e-01 -8.632325381578987988e-01 -8.850621947453584104e-01 -8.681638878435326001e-01 -9.202788965671476751e-01 -9.044510984168024903e-01 -9.203389350530816193e-01
-7.231159762678608383e-01 -8.632325381578987988e-01 -1.000328724843370765e+00 -9.470909389413532109e-01 -9.176122337376314553e-01 -9.079874117574543435e-01 -9.060294687020343796e-01
-6.408582642565777698e-01 -8.632325381578987988e-01 -9.888512495635070065e-01 -9.262392763265917539e-01 -9.269477233419994855e-01 -9.103235959955561230e-01 -9.141085856251970343e-01
