(-0.9141497046270843+0j)
-9.043613941635403330e-01 -9.317806315006346152e-01 -8.961356229624118930e-01 -9.166032797738340454e-01 -9.146317242008353832e-01 -9.111523232088375446e-01 -9.108814882528758483e-01
-9.043613941635403330e-01 -8.208681299739067905e-01 -9.225296025170323100e-01 -9.302523285703102607e-01 -9.183061397618769162e-01 -9.101408176103210623e-01 -9.112619966583478393e-01
-9.043613941635403330e-01 -9.317806315006348372e-01 -8.419885564569850045e-01 -8.986527589150211659e-01 -9.119300675457252536e-01 -9.143431950159316424e-01 -9.160816304745046379e-01
-9.043613941635403330e-01 -9.591998688377288973e-01 -9.290387077669252092e-01 -9.324369306643384148e-01 -9.234392508573848746e-01 -9.125736668082556902e-01 -9.112176830662354066e-01
-9.043613941635403330e-01 -9.043613941635401110e-01 -9.290387077669252092e-01 -9.294593552298652250e-01 -9.124105891336390384e-01 -9.161149607009310136e-01 -9.138186651471847943e-01
-9.043613941635403330e-01 -8.769421568264460509e-01 -9.290387077669252092e-01 -9.099628588863345469e-01 -9.170243018046365657e-01 -9.134364508506936930e-01 -9.137387770707300350e-01
-9.043613941635403330e-01 -9.317806315006346152e-01 -9.060780601147756519e-01 -9.134786917857166122e-01 -9.223443917443935325e-01 -9.232919722784481698e-01 -9.162266785873079966e-01
-9.043613941635403330e-01 -9.317806315006348372e-01 -9.372644789680534272e-01 -9.104301700854887658e-01 -9.091298150442906900e-01 -9.087633877367106150e-01 -9.126386546387991183e-01
-6.747549176420478689e-01 -8.710232848108599990e-01 -8.834880781161317254e-01 -8.951881587258886386e-01 -9.082017930857017030e-01 -9.082233088115746478e-01 -9.097254221963516629e-01
-9.043613941635403330e-01 -9.043613941635403330e-01 -9.208129365657967691e-01 -9.159893426487047963e-01 -9.107244271793019097e-01 -9.192739760102851543e-01 -9.153259699888950385e-01
-9.043613941635403330e-01 -9.866191061748236235e-01 -9.290387077669254312e-01 -9.132946269107714565e-01 -9.211654716715026447e-01 -9.104825497206375795e-01 -9.127040600342851695e-01
-9.043613941635403330e-01 -9.317806315006348372e-01 -8.896265177125189938e-01 -9.185063624238759550e-01 -9.170699903624218718e-01 -9.176274220559633710e-01 -9.143201793238572295e-01
-9.043613941635403330e-01 -9.317806315006346152e-01 -9.208129365657967691e-01 -9.154028743061209950e-01 -9.181190034593630367e-01 -9.166146500642443629e-01 -9.171110462886070680e-01
-9.043613941635403330e-01 -8.769421568264458289e-01 -8.879098517612838970e-01 -9.242468519066570076e-01 -9.163680255029497124e-01 -9.177448325486802228e-01 -9.173209323281793504e-01
-9.043613941635403330e-01 -8.495229194893515468e-01 -8.731749753102623357e-01 -9.144209592897719618e-01 -9.136550383665013042e-01 -9.197597893925780754e-01 -9.156601883580882673e-01
-9.043613941635403330e-01 -8.769421568264458289e-01 -9.372644789680534272e-01 -9.283536567099143211e-01 -9.153465130335315392e-01 -9.119238192424444778e-01 -9.130721855994817782e-01
-9.043613941635403330e-01 -8.769421568264460509e-01 -8.978522889136474339e-01 -9.003813153914431711e-01 -8.985734142653781786e-01 -9.099919664640462313e-01 -9.162422269221216498e-01
-9.043613941635403330e-01 -9.591998688377291193e-01 -9.454902501691818673e-01 -9.187053813622531040e-01 -9.117689242637639913e-01 -9.102550073153069521e-01 -9.097633861090802521e-01
-9.043613941635403330e-01 -8.769421568264460509e-01 -9.125871653646683290e-01 -8.971439153720378590e-01 -9.172962041343116768e-01 -9.112996919370411897e-01 -9.144066331383148283e-01
-9.043613941635403330e-01 -9.866191061748234015e-01 -9.619417925714383033e-01 -9.293835771518829114e-01 -9.074023717357911911e-01 -9.080650542902962696e-01 -9.112663627703755376e-01
-9.043613941635403330e-01 -8.769421568264460509e-01 -9.290387077669252092e-01 -9.156384702364709360e-01 -9.203156656274847913e-01 -9.132481013418985993e-01 -9.132842131463901891e-01
-9.043613941635403330e-01 -1.041457580849012299e+00 -8.995689548648831968e-01 -8.822762554145539005e-01 -9.136469903987182173e-01 -9.136150224018310118e-01 -9.133636203816802857e-01
-9.043613941635403330e-01 -9.317806315006348372e-01 -9.043613941635403330e-01 -9.087903962257716239e-01 -9.165000175910774649e-01 -9.126186564909756216e-01 -9.126360789388870964e-01
-9.043613941635403330e-01 -8.769421568264458289e-01 -8.879098517612838970e-01 -9.246920955647458529e-01 -9.230693925193872440e-01 -9.147267834019928712e-01 -9.146753536800432682e-01
-9.043613941635403330e-01 -9.043613941635403330e-01 -9.208129365657969911e-01 -9.225424505355502847e-01 -9.206356987944871451e-01 -9.097803403761620666e-01 -9.121672377449544511e-01
-9.043613941635403330e-01 -9.591998688377291193e-01 -9.208129365657969911e-01 -9.135291966802431274e-01 -9.257221595655057422e-01 -9.132491827718013377e-01 -9.134379011373491286e-01
-9.043613941635403330e-01 -7.887655727995769306e-01 -9.187413832638245959e-01 -9.044890058436937386e-01 -9.139521055445304354e-01 -9.126875680565947890e-01 -9.186633049824527442e-01
-9.043613941635403330e-01 -8.298944288052184648e-01 -8.834880781161317254e-01 -9.229207896558907498e-01 -9.238391249714877906e-01 -9.132551735788033698e-01 -9.130128245738194925e-01
-9.043613941635403330e-01 -1.014038343511917795e+00 -8.978522889136472118e-01 -8.944034638125529790e-01 -9.104670181666928430e-01 -9.072929497658369646e-01 -9.099362745623517101e-01
-9.043613941635403330e-01 -8.769421568264458289e-01 -8.961356229624118930e-01 -9.053896584254735869e-01 -9.007323920827418062e-01 -9.122718506015715656e-01 -9.149627485023476003e-01
-9.043613941635403330e-01 -1.014038343511917795e+00 -9.783933349736947394e-01 -9.321681455500893110e-01 -9.148975917176861428e-01 -9.113479208974587520e-01 -9.130058863832425375e-01
-9.043613941635403330e-01 -9.043613941635403330e-01 -9.454902501691818673e-01 -9.259319813061283044e-01 -9.201646233437424938e-01 -9.128301855573265344e-01 -9.137650863005605251e-01
-9.043613941635403330e-01 -8.221036821522572646e-01 -8.796840805601554569e-01 -9.060472880179889499e-01 -9.069037790519279829e-01 -9.157181006116764665e-01 -9.144260751369496232e-01
-9.043613941635403330e-01 -8.769421568264458289e-01 -9.060780601147758739e-01 -9.190843334148784960e-01 -9.303995686912908125e-01 -9.191363360546159766e-01 -9.140267517500560990e-01
-9.043613941635403330e-01 -9.591998688377291193e-01 -9.454902501691818673e-01 -9.239652118162388073e-01 -9.040347549201751542e-01 -9.126147129714835549e-01 -9.131043499302594624e-01
-9.043613941635403330e-01 -8.495229194893515468e-01 -8.550067669567705808e-01 -8.888886788758191271e-01 -9.077090715542522892e-01 -9.123373016036752103e-01 -9.148012581435261970e-01
-9.043613941635403330e-01 -9.317806315006346152e-01 -9.454902501691816452e-01 -9.263823284518372114e-01 -9.129965269345433621e-01 -9.186244951823508975e-01 -9.145183793749386281e-01
-9.043613941635403330e-01 -7.887655727995769306e-01 -8.626147620687233397e-01 -9.022036541508132723e-01 -8.961431366618787253e-01 -9.060010316156684729e-01 -9.133417687580528410e-01
-9.043613941635403330e-01 -9.591998688377288973e-01 -9.125871653646683290e-01 -9.282442695698253088e-01 -9.297001331603814700e-01 -9.212484928784524518e-01 -9.176323007552488198e-01
-9.043613941635403330e-01 -8.495229194893515468e-01 -8.796840805601554569e-01 -9.119613980312973878e-01 -9.166453028650517476e-01 -9.141303135478663355e-01 -9.142279081839729260e-01
-9.043613941635403330e-01 -8.769421568264460509e-01 -9.372644789680534272e-01 -9.317063951083929263e-01 -9.249545023517754538e-01 -9.129517733394415524e-01 -9.152991775239364136e-01
-9.043613941635403330e-01 -8.769421568264460509e-01 -8.796840805601554569e-01 -9.184098118253646303e-01 -9.040297184197100266e-01 -9.121835765018405651e-01 -9.124855002766633083e-01
-6.747549176420478689e-01 -8.298944288052184648e-01 -8.482347729684386328e-01 -9.048059835148999364e-01 -9.055578436975258994e-01 -9.177440534140440809e-01 -9.183005769154520825e-01
-6.747549176420478689e-01 -8.298944288052184648e-01 -9.187413832638245959e-01 -8.808247235768497108e-01 -9.105884725580876138e-01 -9.145867573434279807e-01 -9.137607804891111352e-01
-9.043613941635403330e-01 -8.710232848108599990e-01 -8.978680672164164323e-01 -9.156884910838497538e-01 -9.076702710780809591e-01 -9.106964476021685018e-01 -9.124869557099318795e-01
-9.043613941635403330e-01 -9.043613941635403330e-01 -8.978522889136472118e-01 -9.232772014741995603e-01 -9.226461442114425315e-01 -9.129185459399010716e-01 -9.153048063115173383e-01
-9.043613941635403330e-01 -8.769421568264458289e-01 -9.125871653646685511e-01 -9.163773937771219069e-01 -9.092183046344347597e-01 -9.195473478249359678e-01 -9.149402516639243421e-01
-9.043613941635403330e-01 -9.317806315006348372e-01 -9.454902501691816452e-01 -9.284227359527020829e-01 -9.273121015289845781e-01 -9.153022990159257466e-01 -9.130483817758993093e-01
-9.043613941635403330e-01 -8.769421568264458289e-01 -9.454902501691818673e-01 -9.062901179659027529e-01 -9.145052814709954125e-01 -9.125455438916084683e-01 -9.123697241045046757e-01
-9.043613941635403330e-01 -1.014038343511917795e+00 -9.454902501691816452e-01 -9.390195248421379093e-01 -9.211214087460734001e-01 -9.123433409448639120e-01 -9.156398553750592084e-01
