(-1.1361894540659228+0j)
-1.117349034990279932e+00 -1.206849323020982911e+00 -1.127856538188873436e+00 -1.116702606948435150e+00 -1.122879617823733689e+00 -1.131497617958709512e+00 -1.133626978985279976e+00
-1.072598890974928665e+00 -1.086023934179533690e+00 -1.068165742833695475e+00 -1.093466748661415799e+00 -1.124636228440152319e+00 -1.131565025946829284e+00 -1.136476360102421257e+00
-1.117349034990279932e+00 -1.162099179005631644e+00 -1.108990167696094709e+00 -1.141050726543983540e+00 -1.137446015719540959e+00 -1.136715407615714657e+00 -1.133854662707815653e+00
-1.117349034990279932e+00 -9.939029039212010641e-01 -1.057323981578941474e+00 -1.099427630672002554e+00 -1.123966474695936579e+00 -1.128139321904414238e+00 -1.133366166461432734e+00
-1.206849323020982911e+00 -1.147182464333847740e+00 -1.171688495580349709e+00 -1.144887329332630710e+00 -1.151439708019194708e+00 -1.137456242072016011e+00 -1.135886864503668825e+00
-8.596664750464554361e-01 -1.025876644141982874e+00 -1.087880304872523407e+00 -1.114517774679206763e+00 -1.123045840083519042e+00 -1.135097781315371979e+00 -1.135925688054127747e+00
-1.117349034990279932e+00 -1.050223818967252587e+00 -1.097941007678815417e+00 -1.106894907406737794e+00 -1.137513391570585064e+00 -1.135391640851826978e+00 -1.134148701590347308e+00
-1.251599467036334623e+00 -1.139019582928679775e+00 -1.138224424665301715e+00 -1.138315469627321441e+00 -1.128640600235712110e+00 -1.125232502714797800e+00 -1.133042413065747489e+00
-1.162099179005631644e+00 -1.151444382811500411e+00 -1.115026799680527869e+00 -1.132056771088423286e+00 -1.130727732359568805e+00 -1.128883636413798630e+00 -1.133696902383332983e+00
-1.162099179005631644e+00 -1.177015893677415548e+00 -1.156601189327764789e+00 -1.144230694017649430e+00 -1.138505741604266319e+00 -1.138454749490684037e+00 -1.137310956424046893e+00
-1.162099179005631644e+00 -1.135994928330009923e+00 -1.145278577730440173e+00 -1.141960583496900661e+00 -1.126447945835766795e+00 -1.132715248968256816e+00 -1.135866324486765500e+00
-1.162099179005631644e+00 -1.014964410679920270e+00 -1.095190226839025005e+00 -1.121784567472978722e+00 -1.130746407060270187e+00 -1.133666410546236847e+00 -1.136468739112121540e+00
-1.162099179005631644e+00 -1.096218139511690115e+00 -1.123353635770875769e+00 -1.128595445297817523e+00 -1.126918671623728940e+00 -1.143188025220828852e+00 -1.140374455980690982e+00
-1.206849323020982911e+00 -1.214307680356875085e+00 -1.146167872418137446e+00 -1.136752172026524565e+00 -1.140800096275127018e+00 -1.136268101880060666e+00 -1.137761975320529029e+00
-1.072598890974928665e+00 -1.080057248310820395e+00 -1.149742014345007668e+00 -1.130518305134192492e+00 -1.133859781494904517e+00 -1.137766428250895689e+00 -1.134824772490941047e+00
-1.162099179005631644e+00 -1.191932608349199452e+00 -1.146694398751559429e+00 -1.117253072574054151e+00 -1.139651524473445754e+00 -1.136180356961732141e+00 -1.137097274362759869e+00
-1.251599467036334623e+00 -1.109542219032781496e+00 -1.142884875261332756e+00 -1.132196779610984638e+00 -1.134489173379494620e+00 -1.133832674462156742e+00 -1.132826748938623673e+00
-1.206849323020982911e+00 -1.147182464333847740e+00 -1.133856008045876163e+00 -1.131389752488892952e+00 -1.126526402885044575e+00 -1.124929659722581299e+00 -1.135139110791463679e+00
-1.162099179005631644e+00 -9.535927846017236975e-01 -1.066653405237100838e+00 -1.122690411007813527e+00 -1.123103094482086561e+00 -1.130579401667006323e+00 -1.136291091802389186e+00
-1.162099179005631644e+00 -1.019838216663680575e+00 -1.081517223366764480e+00 -1.136042933846315162e+00 -1.145607334851460379e+00 -1.141673650859054590e+00 -1.133591486975416895e+00
-1.162099179005631644e+00 -1.197899294217912747e+00 -1.109677581730505569e+00 -1.127961544322402254e+00 -1.135016752507289173e+00 -1.144659209584748982e+00 -1.138116856323459825e+00
-1.072598890974928665e+00 -1.184474251013307278e+00 -1.124497170147457314e+00 -1.118863744219172673e+00 -1.144104547216049816e+00 -1.140261687097514187e+00 -1.137620295476847954e+00
-1.162099179005631644e+00 -1.057682176303144761e+00 -1.080696007139971382e+00 -1.130640537515919419e+00 -1.130695586248322115e+00 -1.134514069804691605e+00 -1.134831800872794005e+00
-1.162099179005631644e+00 -1.069296957300816864e+00 -1.144630077939456481e+00 -1.144189553134843162e+00 -1.145011280526753605e+00 -1.138972176128913549e+00 -1.135871317574609130e+00
-1.072598890974928665e+00 -1.063096689211853629e+00 -1.166363196922626688e+00 -1.134654745188265590e+00 -1.133981074921094123e+00 -1.133965320907196261e+00 -1.133751222680672743e+00
-1.177015893677415548e+00 -1.233699409430193850e+00 -1.165037319774316238e+00 -1.144253631812791383e+00 -1.130560338330331316e+00 -1.132830755304065296e+00 -1.136791540652574817e+00
-1.206849323020982911e+00 -1.117349034990279932e+00 -1.104992822030852917e+00 -1.110558746574791034e+00 -1.134984828119117939e+00 -1.134365930018448321e+00 -1.138397029195188370e+00
-1.117349034990279932e+00 -1.118975519540728936e+00 -1.109992449259966207e+00 -1.133215014166194301e+00 -1.142506694057232597e+00 -1.129651370061946825e+00 -1.136233396836994647e+00
-9.939169070925102378e-01 -1.063173379900743676e+00 -1.116988646070859570e+00 -1.088794493865629320e+00 -1.133658079520080353e+00 -1.138308594129031182e+00 -1.136423750510116903e+00
-9.218387905583154129e-01 -1.152901655264468861e+00 -1.164813765757867436e+00 -1.141570314896383387e+00 -1.135965870743032013e+00 -1.136887612852973461e+00 -1.136070151632676328e+00
-1.147182464333847740e+00 -1.054572852256548732e+00 -1.129439545946588019e+00 -1.101591712019532210e+00 -1.130799918048581265e+00 -1.132550020693633641e+00 -1.133657416912226434e+00
-1.117349034990279932e+00 -1.094973962982604299e+00 -1.124128212146217720e+00 -1.130627836456252311e+00 -1.132528616763909479e+00 -1.136254154725214960e+00 -1.133221026686409783e+00
-1.162099179005631644e+00 -1.176311369608139312e+00 -1.133041065232031297e+00 -1.151353813399011994e+00 -1.131466524742657409e+00 -1.134573956160169761e+00 -1.136912967235630401e+00
-1.139724106997956010e+00 -1.075334738971192916e+00 -1.135511330170463129e+00 -1.129211398074242201e+00 -1.143550928537059974e+00 -1.135321964299670583e+00 -1.136387327473943998e+00
-1.162099179005631644e+00 -1.086811081577436333e+00 -1.122957376748280556e+00 -1.117235091129998192e+00 -1.131135423993709033e+00 -1.140331178687022717e+00 -1.140260836259763266e+00
-1.072598890974928665e+00 -1.199390965685091182e+00 -1.168811700607934601e+00 -1.129332390889745685e+00 -1.124352601221816794e+00 -1.141012555406999418e+00 -1.136555793309502960e+00
-1.162099179005631644e+00 -1.139724106997956010e+00 -1.083448639142181591e+00 -1.122687332852982500e+00 -1.145648167809718121e+00 -1.139107802091738453e+00 -1.139094672937370323e+00
-1.072598890974928665e+00 -1.046921885293141230e+00 -1.096228262537763953e+00 -1.092888539137085502e+00 -1.135583679780436395e+00 -1.137363902883751443e+00 -1.138401949357764842e+00
-9.218387905583154129e-01 -1.088370095634380696e+00 -1.103885368971887271e+00 -1.113728118612756113e+00 -1.132596509780511962e+00 -1.128182572309333498e+00 -1.134091142668380403e+00
-1.117349034990279932e+00 -1.139724106997956010e+00 -1.136527668139716507e+00 -1.147675303480776066e+00 -1.129127931871398260e+00 -1.133973794676267577e+00 -1.137602683991807417e+00
-1.027848746959576953e+00 -1.065140533639036491e+00 -1.075896114424293337e+00 -1.129015557266263237e+00 -1.136448520969712384e+00 -1.140344792939440133e+00 -1.139286069113703892e+00
-1.206849323020982911e+00 -1.191932608349199008e+00 -1.131427342678069436e+00 -1.147814332983004615e+00 -1.144856278206353384e+00 -1.145716665024330894e+00 -1.141597019534490887e+00
-9.491667630771586373e-01 -1.067883660898186093e+00 -1.174138618691630942e+00 -1.132301906474728614e+00 -1.133261283694516841e+00 -1.138554277832045436e+00 -1.139330174624398673e+00
-1.027848746959576953e+00 -1.117349034990279932e+00 -1.187990333757370731e+00 -1.143907963161239660e+00 -1.124055398534208550e+00 -1.130027695600185567e+00 -1.132236628252907717e+00
-1.117349034990279932e+00 -1.132265749662063836e+00 -1.152505684079464743e+00 -1.153009644550066159e+00 -1.150038337314563730e+00 -1.138256564480909727e+00 -1.138344678241568708e+00
-1.251599467036334623e+00 -1.147674115740482836e+00 -1.105551029583589528e+00 -1.138914546662606497e+00 -1.139242354540876523e+00 -1.135903743076376760e+00 -1.134366588518565422e+00
-9.071211950988783412e-01 -1.049519294897976796e+00 -1.105139576772850685e+00 -1.136573205870804237e+00 -1.132190858393540278e+00 -1.131218798012729287e+00 -1.132164541295727744e+00
-1.117349034990279932e+00 -1.153149150202561035e+00 -1.085588532699759412e+00 -1.094717058585685354e+00 -1.117695468182256846e+00 -1.126331017622525632e+00 -1.131873042016149356e+00
-8.596664750464554361e-01 -1.085548451908419310e+00 -1.140146298205393816e+00 -1.150304876137398846e+00 -1.126970189623398344e+00 -1.134071501203332666e+00 -1.132986075517605329e+00
-8.409795559449976254e-01 -9.898524362108412911e-01 -1.090885167813175016e+00 -1.129247193508815972e+00 -1.128278244447536771e+00 -1.141057642643136916e+00 -1.135592314824725779e+00
