(-1.1361894540659228+0j)
-1.027848746959576953e+00 -1.188949265414842582e+00 -1.123990567923921713e+00 -1.120402408719892495e+00 -1.132063044370397620e+00 -1.128566232466097663e+00 -1.142168152928326297e+00
-1.162099179005631644e+00 -1.137637728350446853e+00 -1.124177780044931740e+00 -1.137474223551663943e+00 -1.143173710670075671e+00 -1.131175008596069009e+00 -1.137545647422632200e+00
-1.117349034990279932e+00 -1.153149150202561479e+00 -1.150501394171609348e+00 -1.117202853659242212e+00 -1.149434861501199556e+00 -1.140724749473566835e+00 -1.130318805595957432e+00
-1.027848746959576953e+00 -1.242649438233264458e+00 -1.083436807550554271e+00 -1.129201155307275162e+00 -1.145660413209585116e+00 -1.147501926442566322e+00 -1.132959066927449410e+00
-1.117349034990279932e+00 -1.100093271409424922e+00 -1.131006525099583104e+00 -1.122130185511942990e+00 -1.136190602631188096e+00 -1.132253022280600430e+00 -1.140871929258840289e+00
-1.206849323020982911e+00 -1.135249092596420706e+00 -1.133143203466286497e+00 -1.156938074139419736e+00 -1.129252025153349326e+00 -1.137709266487925586e+00 -1.139935641261441646e+00
-1.117349034990279932e+00 -1.171049207808701809e+00 -1.125741802274248027e+00 -1.142796134548755393e+00 -1.141947577665431535e+00 -1.130931316152141264e+00 -1.129434176626960440e+00
-1.117349034990279932e+00 -1.171049207808701809e+00 -1.155766116996944426e+00 -1.111308139874746193e+00 -1.120581015516067147e+00 -1.135080184558354688e+00 -1.125019494998363179e+00
-1.251599467036334623e+00 -1.117349034990279932e+00 -1.101554866514273812e+00 -1.124534382410056210e+00 -1.127268663613400168e+00 -1.147031439598343638e+00 -1.135368962815905380e+00
-1.251599467036334623e+00 -1.171049207808701809e+00 -1.129442502870267262e+00 -1.135460045365910720e+00 -1.139862589639355495e+00 -1.143266325943812500e+00 -1.138140521790215853e+00
-1.117349034990279932e+00 -1.153149150202561479e+00 -1.150501394171608904e+00 -1.123987422060872099e+00 -1.134243986129236159e+00 -1.144792552587140300e+00 -1.138676104290924140e+00
-1.117349034990279932e+00 -1.083937555532024977e+00 -1.103118888743589654e+00 -1.126006160678655554e+00 -1.125146967108369367e+00 -1.132601759083939008e+00 -1.134000756523737330e+00
-1.162099179005631644e+00 -1.117349034990279932e+00 -1.083436807550554271e+00 -1.123306441522778698e+00 -1.144363371518837269e+00 -1.139078054152499853e+00 -1.146935905378701825e+00
-1.251599467036334623e+00 -1.153149150202561479e+00 -1.129442502870267262e+00 -1.135751007191644124e+00 -1.125463479526087607e+00 -1.150094474751500950e+00 -1.136085070236208860e+00
-1.296349611051685891e+00 -1.188949265414842582e+00 -1.138407926291622019e+00 -1.122130185511942990e+00 -1.144430136457842195e+00 -1.137427860808352342e+00 -1.136393272485717532e+00
-1.117349034990279932e+00 -1.153149150202561479e+00 -1.185790431719641713e+00 -1.148425728945739799e+00 -1.146889031869418485e+00 -1.143732450730569727e+00 -1.135970016800111004e+00
-1.206849323020982911e+00 -1.224749380627123685e+00 -1.139784736399928722e+00 -1.125984878672465328e+00 -1.144404098349314669e+00 -1.139485645397688263e+00 -1.131434098575907932e+00
-1.251599467036334623e+00 -1.153149150202561479e+00 -1.120289867327902478e+00 -1.146021532047626135e+00 -1.148117166526472666e+00 -1.128870150310534726e+00 -1.145467632855337037e+00
-1.072598890974928665e+00 -1.153149150202561035e+00 -1.150314182050599321e+00 -1.122780763179784813e+00 -1.150167784242245972e+00 -1.137562673036881300e+00 -1.127717346698326129e+00
-1.296349611051685891e+00 -1.153149150202561479e+00 -1.129442502870267262e+00 -1.136250843096417107e+00 -1.149048574047619287e+00 -1.135143803993505784e+00 -1.120635363288170705e+00
-1.072598890974928665e+00 -1.153149150202561479e+00 -1.138407926291622019e+00 -1.121078828825955220e+00 -1.132931410141205575e+00 -1.124396115884169767e+00 -1.128352091255541367e+00
-1.072598890974928665e+00 -1.082193213803284149e+00 -1.180525708894305748e+00 -1.150423185557333028e+00 -1.140296993944346138e+00 -1.146279505787890507e+00 -1.132244884933067741e+00
-1.206849323020982911e+00 -1.117349034990279932e+00 -1.139971948520938305e+00 -1.118374549238047244e+00 -1.130437885815512633e+00 -1.132084790884650527e+00 -1.129307379335809713e+00
-1.162099179005631644e+00 -1.153149150202561035e+00 -1.099418188147570419e+00 -1.166558021327559924e+00 -1.134543320625842622e+00 -1.132362439836413603e+00 -1.138544883207115888e+00
-1.072598890974928665e+00 -1.153149150202561035e+00 -1.143672649116957540e+00 -1.118400391676267702e+00 -1.136598134030331941e+00 -1.141431512454244235e+00 -1.126633934189931630e+00
-1.162099179005631644e+00 -1.153149150202561479e+00 -1.139784736399928278e+00 -1.120406969151923171e+00 -1.143576699276029007e+00 -1.137383454607585609e+00 -1.136276791013133725e+00
-1.206849323020982911e+00 -1.153149150202561035e+00 -1.175260986068970670e+00 -1.102658734214088998e+00 -1.136282197806119498e+00 -1.141149244657861050e+00 -1.140284110377230764e+00
-1.296349611051685891e+00 -1.153149150202561479e+00 -1.138407926291622019e+00 -1.139882980881807839e+00 -1.132670556686932617e+00 -1.153218120204978270e+00 -1.138074660727076193e+00
-1.251599467036334623e+00 -1.081548919777998830e+00 -1.118913057219596219e+00 -1.157043330899802491e+00 -1.127113254420662791e+00 -1.116916362173976385e+00 -1.131344886859177112e+00
-1.162099179005631644e+00 -1.135249092596420706e+00 -1.100607786134867094e+00 -1.147753869271707305e+00 -1.126058323509852244e+00 -1.129026860678006727e+00 -1.140233509473413509e+00
-1.251599467036334623e+00 -1.171049207808701809e+00 -1.166108350526605886e+00 -1.139189839201585563e+00 -1.127003871926264722e+00 -1.137442607655628546e+00 -1.130543363368110565e+00
-1.011339078589018614e+00 -1.153149150202561035e+00 -1.150501394171609348e+00 -1.131318950811686097e+00 -1.139392577490582870e+00 -1.138432440659345346e+00 -1.142478459813691671e+00
-1.072598890974928665e+00 -1.119737670744306079e+00 -1.180525708894306192e+00 -1.147223630496682745e+00 -1.137791842745397908e+00 -1.131291739657289686e+00 -1.143978416380547980e+00
-1.162099179005631644e+00 -1.083937555532024977e+00 -1.138407926291622019e+00 -1.127473378515224667e+00 -1.134889742017072933e+00 -1.118612146016848552e+00 -1.143714700956342423e+00
-1.206849323020982911e+00 -1.099448977384139159e+00 -1.159466817592963661e+00 -1.168701659270191762e+00 -1.149362626780956909e+00 -1.135749073663475439e+00 -1.133376851459349410e+00
-1.296349611051685891e+00 -1.188949265414842582e+00 -1.154202094767628584e+00 -1.119153185826424757e+00 -1.130404675126260639e+00 -1.147449431318918300e+00 -1.124234548433958203e+00
-1.206849323020982911e+00 -1.153149150202561479e+00 -1.161030839822279948e+00 -1.119611610989386108e+00 -1.139843469051711189e+00 -1.134152138237372043e+00 -1.136537408922512427e+00
-1.117349034990279932e+00 -1.135249092596420706e+00 -1.159466817592964105e+00 -1.156938074139419736e+00 -1.139207493105296898e+00 -1.129513231227063486e+00 -1.141284462190352400e+00
-1.296349611051685891e+00 -1.083937555532024977e+00 -1.078359296846228332e+00 -1.150158066169820525e+00 -1.129981472531529807e+00 -1.139614489671495257e+00 -1.141165606641766139e+00
-1.206849323020982911e+00 -1.030237382713602878e+00 -1.150501394171609348e+00 -1.139622421926326457e+00 -1.148515634619977188e+00 -1.144464466498839705e+00 -1.135931420233565969e+00
-1.162099179005631644e+00 -1.188949265414842582e+00 -1.104495698851896357e+00 -1.161895808862371648e+00 -1.145247360087587207e+00 -1.130878799735311802e+00 -1.130762486662100219e+00
-9.830986029442253527e-01 -1.153149150202561035e+00 -1.171560285472950991e+00 -1.146016971615595459e+00 -1.135730370423838398e+00 -1.142150547753768119e+00 -1.130886699567803078e+00
-1.072598890974928665e+00 -1.119737670744306079e+00 -1.180525708894305748e+00 -1.123743584679550267e+00 -1.120628139305607451e+00 -1.134898730635504283e+00 -1.141395880580489575e+00
-1.162099179005631644e+00 -1.171049207808701809e+00 -1.117349034990279932e+00 -1.142821976986976296e+00 -1.132465708152619044e+00 -1.140151361411853692e+00 -1.131277612685616774e+00
-1.162099179005631644e+00 -1.188949265414842582e+00 -1.125554590153237999e+00 -1.121609067600979781e+00 -1.126755900700998403e+00 -1.130925357488940186e+00 -1.147002032023858753e+00
-1.162099179005631644e+00 -1.099448977384139159e+00 -1.111511656027557304e+00 -1.121599946736918429e+00 -1.144435983004429058e+00 -1.134300271795258386e+00 -1.134859985696519136e+00
-1.251599467036334623e+00 -1.171049207808701809e+00 -1.117349034990279932e+00 -1.151569038697917158e+00 -1.136152970854254818e+00 -1.136031941952398316e+00 -1.131193431300178798e+00
-1.162099179005631644e+00 -1.117349034990280376e+00 -1.141535970750254148e+00 -1.123071725005517774e+00 -1.129231157973135335e+00 -1.131532230328156530e+00 -1.139490075986256290e+00
-9.665889345736670135e-01 -1.206849323020983356e+00 -1.196319877370312312e+00 -1.136953105640700734e+00 -1.129958326358322385e+00 -1.134533878811692098e+00 -1.135703933805647381e+00
-1.162099179005631644e+00 -1.171049207808701809e+00 -1.196319877370312312e+00 -1.140417780088863076e+00 -1.131711160431970509e+00 -1.146590390634725676e+00 -1.121967084795676861e+00
