(-1.1361894540659228+0j)
-1.003009197894448201e+00 -1.067024913662498520e+00 -1.116812989046978011e+00 -1.093824868094948055e+00 -1.080426834561026617e+00 -1.137989577422021892e+00 -1.138202608938157390e+00
-9.135089098637450000e-01 -1.106368774842577896e+00 -1.199850990726720745e+00 -1.109811644116222684e+00 -1.122207309009677800e+00 -1.127616018348237326e+00 -1.143313896807876429e+00
-1.003009197894448201e+00 -1.042256040333503275e+00 -1.153581887597512345e+00 -1.162101090666324943e+00 -1.151130162462692397e+00 -1.127638189316447548e+00 -1.129635722544655163e+00
-1.003009197894448201e+00 -1.162099179005631644e+00 -1.272379559028480323e+00 -1.213392122995176958e+00 -1.099918930750925394e+00 -1.144986930335988529e+00 -1.132692616245582151e+00
-1.003009197894448201e+00 -1.139885069674206886e+00 -9.169065948188344084e-01 -1.161795216014045007e+00 -1.142358862612373738e+00 -1.148530033965887931e+00 -1.124468731428088120e+00
-1.003009197894448201e+00 -1.162099179005631644e+00 -1.265444089821513796e+00 -1.126137863393715133e+00 -1.164149103301258315e+00 -1.152522042827693660e+00 -1.137280549156613585e+00
-1.003009197894448201e+00 -1.042256040333503275e+00 -1.036303175280401057e+00 -1.146639093118383190e+00 -1.179742850014171118e+00 -1.140866530922227895e+00 -1.131834727623827863e+00
-9.135089098637450000e-01 -1.131756328364206254e+00 -1.183415316941079709e+00 -1.145406753213936035e+00 -1.120668688769280941e+00 -1.128794626414728164e+00 -1.137676143418576036e+00
-9.135089098637450000e-01 -1.129733471654777777e+00 -1.177015893677415548e+00 -1.191330952648344876e+00 -1.156863481705976415e+00 -1.141240638173333544e+00 -1.141329129622267402e+00
-1.003009197894448201e+00 -1.131756328364206254e+00 -1.095970033967536228e+00 -1.110672577588020626e+00 -1.133429549870848874e+00 -1.134728351063027940e+00 -1.137058105360567062e+00
-9.135089098637450000e-01 -1.162099179005631644e+00 -1.168025419413289523e+00 -1.154875282416570670e+00 -1.132163615349188301e+00 -1.142581172401094580e+00 -1.138893360524999565e+00
-1.003009197894448201e+00 -1.162099179005631644e+00 -1.251599467036334623e+00 -1.169741649896027358e+00 -1.147947032667704370e+00 -1.135236561300352776e+00 -1.139909523710599171e+00
-9.135089098637450000e-01 -1.162099179005631644e+00 -1.138665172925728442e+00 -1.195436770719661812e+00 -1.163246990246118884e+00 -1.142530733556871958e+00 -1.139730959554749568e+00
-9.135089098637450000e-01 -1.162099179005631644e+00 -1.093378982967074364e+00 -1.122824763430998463e+00 -1.169563667595244549e+00 -1.124881817862049882e+00 -1.138059966292839231e+00
-9.135089098637450000e-01 -1.072598890974928665e+00 -1.251536603949038984e+00 -1.125011429219528569e+00 -1.123442540457581629e+00 -1.149517069288632509e+00 -1.132556826539234063e+00
-1.003009197894448201e+00 -1.162099179005631644e+00 -1.185470321998239207e+00 -1.085661686702557471e+00 -1.157220968510746850e+00 -1.136407497536087607e+00 -1.145879891348413171e+00
-9.135089098637450000e-01 -1.072598890974928665e+00 -1.236682752364550719e+00 -1.114801199880095517e+00 -1.133778618859841547e+00 -1.138706605075569200e+00 -1.139667266475929530e+00
-5.825535181116447969e-01 -1.162099179005631644e+00 -1.078935451151297187e+00 -1.168710357068921013e+00 -1.145515678808284754e+00 -1.139699527025626491e+00 -1.134235157147650774e+00
-1.003009197894448201e+00 -1.016868486811874694e+00 -1.229684420070288553e+00 -1.123833395544635128e+00 -1.133063976931676820e+00 -1.126232309879739990e+00 -1.135248034871507272e+00
-1.003009197894448201e+00 -1.162099179005631644e+00 -1.185407458910943568e+00 -1.134749119720041222e+00 -1.177921443866883688e+00 -1.150623712514435404e+00 -1.141182266409574542e+00
-1.003009197894448201e+00 -1.018019074292649817e+00 -1.069408930943869240e+00 -1.167519503842865625e+00 -1.131708123625243090e+00 -1.145758130283454523e+00 -1.140107997280704666e+00
-9.135089098637450000e-01 -1.162099179005631644e+00 -1.134257891631927695e+00 -1.105916559350105466e+00 -1.118412751798153693e+00 -1.135251306272090588e+00 -1.131518313282488641e+00
-1.003009197894448201e+00 -1.072598890974928665e+00 -1.176479847734113182e+00 -1.159689069294850050e+00 -1.130995572763574319e+00 -1.144050236764923678e+00 -1.131693046674334902e+00
-1.003009197894448201e+00 -1.162099179005631644e+00 -1.039449775425710154e+00 -1.141587964611368022e+00 -1.103457932598569613e+00 -1.137758435623022812e+00 -1.132948093720161697e+00
-1.003009197894448201e+00 -1.162099179005631644e+00 -1.069408930943869240e+00 -1.158838900206232037e+00 -1.087502116869599522e+00 -1.114346696730917241e+00 -1.131671914766500198e+00
-1.003009197894448201e+00 -1.162099179005631644e+00 -1.217295893311670874e+00 -1.156339410912179400e+00 -1.124691037717127529e+00 -1.135452997819607734e+00 -1.143217041605808948e+00
-9.135089098637450000e-01 -1.129733471654777777e+00 -1.068128746593832723e+00 -1.138942161063984937e+00 -1.091790442583446819e+00 -1.123459978536800463e+00 -1.130512194636913215e+00
-9.135089098637450000e-01 -1.050384781643503906e+00 -1.152982978566914340e+00 -1.190414317131324839e+00 -1.136604257086249348e+00 -1.146867971581850387e+00 -1.133524253503743306e+00
-1.003009197894448201e+00 -1.162099179005631644e+00 -1.155574029567376204e+00 -1.105072260959408137e+00 -1.131502445473147045e+00 -1.132733073109454924e+00 -1.139411597711758706e+00
-1.003009197894448201e+00 -1.162099179005631644e+00 -1.117286171902984737e+00 -1.158306184439837239e+00 -1.112801539759565195e+00 -1.129837860696072838e+00 -1.134815266704286785e+00
-9.135089098637450000e-01 -1.042256040333503275e+00 -1.230220466013590919e+00 -1.048494650936889983e+00 -1.100416520747922622e+00 -1.141160726598112074e+00 -1.131354218719605953e+00
-1.003009197894448201e+00 -1.162099179005631644e+00 -1.086380650672812198e+00 -1.175050198305079618e+00 -1.117765030944165794e+00 -1.131132668843444211e+00 -1.133249794939165778e+00
-1.003009197894448201e+00 -1.162099179005631644e+00 -9.585925049777178630e-01 -1.160010644380197853e+00 -1.113405771586487791e+00 -1.141391427964084215e+00 -1.128149212052245165e+00
-1.003009197894448201e+00 -1.129733471654777777e+00 -1.144528550246090681e+00 -1.138733331628029699e+00 -1.149118990767399318e+00 -1.154510771597925256e+00 -1.132226002196196735e+00
-9.135089098637450000e-01 -1.139885069674206886e+00 -1.134257891631927695e+00 -1.137998898004819903e+00 -1.129808888665816635e+00 -1.148774245734159649e+00 -1.140718791223543693e+00
-1.003009197894448201e+00 -1.018019074292649817e+00 -1.155100846711369478e+00 -1.152969104619394614e+00 -1.110719035258122656e+00 -1.130064408747093907e+00 -1.141329148091714707e+00
-1.003009197894448201e+00 -1.106368774842577896e+00 -1.221703174605471176e+00 -1.175965755666778190e+00 -1.138225325651375464e+00 -1.145043474205618583e+00 -1.124477220796509247e+00
-1.003009197894448201e+00 -1.162099179005631644e+00 -9.994085505552754434e-01 -1.188735651227737833e+00 -1.105378984221249361e+00 -1.132657241884821531e+00 -1.133812359159497962e+00
-6.707661047323412173e-01 -1.162099179005631644e+00 -1.034248170223241559e+00 -1.141469084395496214e+00 -1.166518764497762817e+00 -1.119932540280392796e+00 -1.136222384835185562e+00
-1.003009197894448201e+00 -1.162099179005631644e+00 -1.132265749662063836e+00 -1.137567458151985011e+00 -1.161849156070342115e+00 -1.131777041701521380e+00 -1.140685685582416120e+00
-9.135089098637450000e-01 -1.072598890974928665e+00 -1.033712124279938971e+00 -1.139816367463131641e+00 -1.122728202244294593e+00 -1.138723435924763994e+00 -1.129043169756018372e+00
-9.135089098637450000e-01 -1.072598890974928665e+00 -1.195740980612402193e+00 -1.135568864955184942e+00 -1.122268392664284686e+00 -1.123759320295260711e+00 -1.127414639841792798e+00
-1.003009197894448201e+00 -1.072598890974928665e+00 -1.087452742559416929e+00 -1.151236946773016800e+00 -1.100827607534932362e+00 -1.144614277338600328e+00 -1.131657883918118390e+00
-1.003009197894448201e+00 -1.131756328364206254e+00 -1.140720177982887940e+00 -1.105254462853217934e+00 -1.131882146176113491e+00 -1.120167122724148534e+00 -1.138154751854163926e+00
-1.003009197894448201e+00 -1.139885069674206886e+00 -1.117349034990279932e+00 -1.181991804176203420e+00 -1.099772212854782882e+00 -1.143883833008935369e+00 -1.140105678418453117e+00
-9.135089098637450000e-01 -1.072598890974928665e+00 -1.123275275397937811e+00 -1.129532722842053971e+00 -1.146566963503082182e+00 -1.142520309094108288e+00 -1.129607984275199151e+00
-1.003009197894448201e+00 -1.162099179005631644e+00 -9.980153176160093675e-01 -1.145456177185390167e+00 -1.101071228466846463e+00 -1.138591679932869027e+00 -1.141596183793514019e+00
-9.135089098637450000e-01 -1.162099179005631644e+00 -1.104424462288359887e+00 -1.202758391095971380e+00 -1.090704809884475601e+00 -1.124293345622044971e+00 -1.136255127474280702e+00
-9.135089098637450000e-01 -1.131756328364206254e+00 -1.093378982967074364e+00 -1.162014274769545885e+00 -1.126804427568544487e+00 -1.140901006891495761e+00 -1.124202338842761772e+00
-1.003009197894448201e+00 -1.072598890974928665e+00 -1.072598890974928665e+00 -1.148502841797685026e+00 -1.176195778929152169e+00 -1.142661180980476754e+00 -1.133202259035308135e+00
