(-1.1361894540659228+0j)
-1.117349034990279932e+00 -1.095055716959681291e+00 -1.138609326897313867e+00 -1.155344168520420656e+00 -1.136782373861635609e+00 -1.135548983363554587e+00 -1.137646135185736096e+00
-1.162099179005631644e+00 -1.164230138244457979e+00 -1.170589324905777495e+00 -1.135552600410869140e+00 -1.144247228024475316e+00 -1.131815620077959217e+00 -1.135814418742855825e+00
-1.206849323020982911e+00 -1.138658627378542842e+00 -1.174303763737091000e+00 -1.144475005668250667e+00 -1.136048837427888092e+00 -1.134429892199566581e+00 -1.135329956200768819e+00
-1.206849323020982911e+00 -1.125872871945585274e+00 -1.162452935084804295e+00 -1.135455566812833883e+00 -1.139297848143153047e+00 -1.133078289974839503e+00 -1.134640696072425570e+00
-1.206849323020982911e+00 -1.194063567588025787e+00 -1.093575281116128561e+00 -1.170040948391072089e+00 -1.136307388804724816e+00 -1.141571957861331477e+00 -1.139550601196379631e+00
-1.072598890974928665e+00 -1.196194526826852123e+00 -1.091029134248580501e+00 -1.132043707732180327e+00 -1.134809026285380273e+00 -1.139553890856349838e+00 -1.133622689393499527e+00
-1.117349034990279932e+00 -1.138658627378542842e+00 -1.190045909260278201e+00 -1.139944744175338531e+00 -1.136445502216560488e+00 -1.137194019980540372e+00 -1.135351134218886671e+00
-1.162099179005631644e+00 -1.113087116512627706e+00 -1.147064545640790634e+00 -1.144129008970894201e+00 -1.146507399342629352e+00 -1.139379085606289976e+00 -1.142323711299880973e+00
-1.206849323020982911e+00 -1.084400920765549614e+00 -1.154493423303417643e+00 -1.141160180185632367e+00 -1.133946389450701364e+00 -1.145400530401248673e+00 -1.136476648118929234e+00
-1.072598890974928665e+00 -1.140789586617369178e+00 -1.089825915128145528e+00 -1.122830201680693474e+00 -1.137952527171836259e+00 -1.137385968192002217e+00 -1.136475775294564450e+00
-1.162099179005631644e+00 -1.196194526826852123e+00 -1.142819472690717486e+00 -1.145289197889810762e+00 -1.117602904574177991e+00 -1.132903484724779197e+00 -1.138750471067661252e+00
-1.251599467036334623e+00 -1.181277812155068219e+00 -1.142146887689041268e+00 -1.134225967841571148e+00 -1.127976649393733322e+00 -1.136098348704428496e+00 -1.136371258699624409e+00
-1.072598890974928665e+00 -1.228158915409245822e+00 -1.154847179382590738e+00 -1.164294548511616068e+00 -1.133271563356060607e+00 -1.139338522757012306e+00 -1.135860137558349692e+00
-1.162099179005631644e+00 -1.041781735989024682e+00 -1.190045909260278201e+00 -1.125978934701056478e+00 -1.152495666524238072e+00 -1.140474756882401852e+00 -1.135432354993896720e+00
-1.162099179005631644e+00 -1.168492056722110650e+00 -1.166344251955704348e+00 -1.136422039723806066e+00 -1.137940616322432152e+00 -1.125737999175138171e+00 -1.137822156370992488e+00
-1.162099179005631644e+00 -1.151444382811500411e+00 -1.135390595028090033e+00 -1.151160254912990233e+00 -1.135709800173831052e+00 -1.135723788613614893e+00 -1.139209147834926217e+00
-1.206849323020982911e+00 -1.213242200737462362e+00 -1.162487862241473824e+00 -1.144336536751683120e+00 -1.139030514882096945e+00 -1.126452833433962297e+00 -1.132528069696267625e+00
-1.072598890974928665e+00 -1.110956157273801370e+00 -1.107301913890526457e+00 -1.147568140409111148e+00 -1.131679601857311201e+00 -1.141063155369735682e+00 -1.135261442236628948e+00
-1.117349034990279932e+00 -1.149313423572674076e+00 -1.150778984472104138e+00 -1.109751506361570161e+00 -1.137036594020507607e+00 -1.136939618734742474e+00 -1.139085571023680021e+00
-1.072598890974928665e+00 -1.211111241498636026e+00 -1.130119180997168460e+00 -1.139902957668680550e+00 -1.127938512339961008e+00 -1.143040659525439207e+00 -1.135635034778341268e+00
-1.162099179005631644e+00 -1.181277812155068219e+00 -1.166344251955704348e+00 -1.145525051592538368e+00 -1.141123217618862373e+00 -1.135525563475678457e+00 -1.137283503806164831e+00
-1.162099179005631644e+00 -1.056698450660808586e+00 -1.110485718603081207e+00 -1.142085217778071371e+00 -1.143872219325628325e+00 -1.132823888729041162e+00 -1.132442985470715424e+00
-1.072598890974928665e+00 -1.213242200737461918e+00 -1.130472937076341111e+00 -1.124170997210961254e+00 -1.124877662939708589e+00 -1.140911770007551507e+00 -1.134782460275612248e+00
-1.162099179005631644e+00 -1.136527668139716507e+00 -1.178018202568404948e+00 -1.131947025322270761e+00 -1.135700054933409753e+00 -1.135183759604850628e+00 -1.136939932642899276e+00
-1.206849323020982911e+00 -1.128003831184411609e+00 -1.111016352721839962e+00 -1.131988460640803495e+00 -1.124538625685650661e+00 -1.135024567613374558e+00 -1.133431843595560817e+00
-1.296349611051685891e+00 -1.155706301289153082e+00 -1.160930887041866200e+00 -1.157582026909313111e+00 -1.140755907999743357e+00 -1.141309749986241684e+00 -1.133862988939271954e+00
-1.206849323020982911e+00 -1.194063567588025787e+00 -1.166344251955704348e+00 -1.134225967841571148e+00 -1.144324465488221865e+00 -1.135875173975798624e+00 -1.136377612105059498e+00
-1.206849323020982911e+00 -1.093908483363191131e+00 -1.106771279771767258e+00 -1.145400043260689671e+00 -1.130734313536429170e+00 -1.132689646328258970e+00 -1.133826614155390100e+00
-1.162099179005631644e+00 -1.196194526826852123e+00 -1.118622108424053962e+00 -1.162154426097008475e+00 -1.131073350790486653e+00 -1.141070961999027578e+00 -1.137296210617035008e+00
-1.072598890974928665e+00 -1.142920545856195513e+00 -1.150955862511690242e+00 -1.122996645331074905e+00 -1.130164997270597382e+00 -1.141579764490623816e+00 -1.136173687343169370e+00
-1.251599467036334623e+00 -1.149313423572674076e+00 -1.174480641776677547e+00 -1.154433293888950995e+00 -1.119451132392493165e+00 -1.142588033141705317e+00 -1.133137354027047294e+00
-1.162099179005631644e+00 -1.183408771393894554e+00 -1.154493423303417643e+00 -1.119640384529923871e+00 -1.138926207306068417e+00 -1.134111508216614439e+00 -1.137390138202916123e+00
-1.117349034990279932e+00 -1.140789586617369178e+00 -1.095274207198653205e+00 -1.115400521454866123e+00 -1.142598841243890551e+00 -1.145011886754669028e+00 -1.134810363852246429e+00
-1.251599467036334623e+00 -1.140789586617369178e+00 -1.126404742165854511e+00 -1.138798367029266512e+00 -1.131607897864309376e+00 -1.140292145003049651e+00 -1.137265316414223904e+00
-1.206849323020982911e+00 -1.140789586617369178e+00 -1.138078692778554668e+00 -1.148853337659876406e+00 -1.115662160580949358e+00 -1.134183297583060579e+00 -1.139287878655043329e+00
-1.251599467036334623e+00 -1.065222287616113483e+00 -1.134329326790571635e+00 -1.130647665110535716e+00 -1.134501509809858533e+00 -1.137186213351248476e+00 -1.135381155597332548e+00
-1.162099179005631644e+00 -1.179146852916241439e+00 -1.171296837064122798e+00 -1.134281566121072782e+00 -1.150582112091580456e+00 -1.133507496470696818e+00 -1.134154115728526424e+00
-1.162099179005631644e+00 -1.196194526826852123e+00 -1.139105033859403537e+00 -1.127263780763696044e+00 -1.134502592614349936e+00 -1.135358564854910490e+00 -1.138466570508207099e+00
-1.251599467036334623e+00 -1.151444382811500411e+00 -1.137406107776878894e+00 -1.147499081544889776e+00 -1.152052202245863466e+00 -1.130640352806109306e+00 -1.135027868249373295e+00
-1.206849323020982911e+00 -1.086531880004375950e+00 -1.111016352721840406e+00 -1.129626296296311949e+00 -1.144431790351039258e+00 -1.135119776867696828e+00 -1.137252609603352838e+00
-1.162099179005631644e+00 -1.108825198034975035e+00 -1.177487568449645750e+00 -1.148742492288996608e+00 -1.129674733502519679e+00 -1.138606545536786196e+00 -1.133806308961637477e+00
-1.027848746959576953e+00 -1.211111241498636026e+00 -1.143526984849062789e+00 -1.136407876762836278e+00 -1.144117777048569984e+00 -1.132911291354071093e+00 -1.136598479281444529e+00
-8.311437872535314408e-01 -1.151444382811500411e+00 -1.130296059036754119e+00 -1.139736865206424365e+00 -1.146702789714105997e+00 -1.131473816207131389e+00 -1.136792687858642292e+00
-1.206849323020982911e+00 -1.153575342050326746e+00 -1.134718010026413815e+00 -1.108646213345905185e+00 -1.145189387380171731e+00 -1.128455287180359701e+00 -1.136424575898000278e+00
-1.162099179005631644e+00 -1.140789586617369178e+00 -1.110662596642667310e+00 -1.120855820540216818e+00 -1.147115816018436263e+00 -1.132507034448907213e+00 -1.135991312752477445e+00
-1.162099179005631644e+00 -1.108825198034975035e+00 -1.141439375530695965e+00 -1.139598396289856819e+00 -1.123613910650103076e+00 -1.134905938471176601e+00 -1.135670164584776209e+00
-1.296349611051685891e+00 -1.112103390870291530e+00 -1.138255570818141216e+00 -1.155566210450304165e+00 -1.144591679300988929e+00 -1.132697452957550865e+00 -1.134256514521654768e+00
-1.206849323020982911e+00 -1.041781735989024682e+00 -1.111335181644343528e+00 -1.135247687843919717e+00 -1.143867888107663155e+00 -1.128979702930539730e+00 -1.134208677904348761e+00
-7.863936432381798403e-01 -1.069484206093766154e+00 -1.146391960639113972e+00 -1.139861522350147816e+00 -1.122352443417769852e+00 -1.131085172560551300e+00 -1.135000336825820355e+00
-1.251599467036334623e+00 -1.128003831184411609e+00 -1.162629813124390843e+00 -1.164391582109651324e+00 -1.132998816072548376e+00 -1.136844409480420648e+00 -1.134637705446248646e+00
