(-1.1011503302326189+0j)
-1.066108649317936141e+00 -1.045442560090912743e+00 -1.039646838954125574e+00 -1.088307152834979252e+00 -1.118056465696128043e+00 -1.111114943118901799e+00 -1.119438564917709877e+00
-1.066108649317936141e+00 -1.066108649317936141e+00 -1.036006433611865729e+00 -1.075479175707831470e+00 -1.106797405903457765e+00 -1.108932461156899807e+00 -1.117441881930891334e+00
-9.913944924869751985e-01 -1.094866673072067531e+00 -1.096535956532114664e+00 -1.137736144238364444e+00 -1.044790675656809054e+00 -1.064254470853022383e+00 -1.083401454671125030e+00
-1.066108649317936141e+00 -1.059417638129106942e+00 -1.096194311591013104e+00 -1.091084117982251911e+00 -1.154305711465751338e+00 -1.090118247182910061e+00 -1.101751881998389138e+00
-1.066108649317936141e+00 -1.038888156450481492e+00 -1.135851236594621838e+00 -1.133306711005960032e+00 -1.016346488477734233e+00 -1.120781199284017760e+00 -1.103534479603611285e+00
-9.677148524281738995e-01 -1.011489279654267381e+00 -1.014027166608857167e+00 -1.038790071371055168e+00 -1.115390668702957555e+00 -1.080655043861024733e+00 -1.125816142536060660e+00
-1.066108649317936141e+00 -9.958502801157215201e-01 -1.032189244348990398e+00 -1.039488349968764824e+00 -1.134391284019859114e+00 -1.084917762489263193e+00 -1.098298740342414925e+00
-8.598743265225718968e-01 -9.601101695365134026e-01 -9.515255680759177048e-01 -1.022428034508340744e+00 -1.155848002832265076e+00 -1.135712987791771988e+00 -1.091534550560071759e+00
-9.708006996506791664e-01 -1.038810740732150073e+00 -1.040166923904222607e+00 -9.786595114830107800e-01 -1.136505697036553908e+00 -1.107644255097947950e+00 -1.102186622972361363e+00
-9.696900481944026318e-01 -9.630537033830082194e-01 -9.889193823020157037e-01 -1.083830284989557580e+00 -1.158594332270094451e+00 -1.088474656113398442e+00 -1.101652564310134919e+00
-1.066108649317936141e+00 -1.066108649317936141e+00 -1.032695321877407313e+00 -1.085487126211803544e+00 -1.046948458130597226e+00 -1.067604976429014307e+00 -1.096776827347655026e+00
-1.066108649317936141e+00 -1.066108649317936141e+00 -1.033395374947603695e+00 -1.027022451037473472e+00 -1.048136828881994997e+00 -1.076332704528264017e+00 -1.084891792613411177e+00
-1.066108649317936141e+00 -1.025448412422811373e+00 -9.867455427367198828e-01 -1.048193919405990382e+00 -1.131759141507096000e+00 -1.089500898160070230e+00 -1.107461856734481165e+00
-9.748541640437410338e-01 -9.691218167933352001e-01 -1.023225860632202444e+00 -1.135931493531089131e+00 -1.151032208727730044e+00 -1.057125522286770147e+00 -1.090312402880605491e+00
-1.066108649317936141e+00 -9.841157314772728260e-01 -1.028606063594867503e+00 -9.629518738736314587e-01 -1.019363246741906259e+00 -1.037901275043885851e+00 -1.053707117782455516e+00
-1.066108649317936141e+00 -9.908889033567845894e-01 -9.873850637542225250e-01 -1.038774150577441713e+00 -1.082995753143877860e+00 -1.092868538812214574e+00 -1.091428674125870080e+00
-1.066108649317936141e+00 -1.037371116769043367e+00 -1.073302671442749379e+00 -1.133854038321892244e+00 -1.209320664056602546e+00 -1.126087315532921629e+00 -1.077253511091213589e+00
-1.066108649317936141e+00 -9.900419491857337384e-01 -1.030120084427708749e+00 -1.035713147025183467e+00 -1.015110985233952157e+00 -1.091490994139933113e+00 -1.101317899862820138e+00
-8.932349278829260220e-01 -1.060688410638419121e+00 -1.091062284887461598e+00 -1.073252288262081855e+00 -1.002371698934164668e+00 -1.065086843321779941e+00 -1.077866742963675017e+00
-1.066108649317936141e+00 -1.012961114056737166e+00 -1.032526696823650836e+00 -1.128990919082194289e+00 -1.082027206749150761e+00 -1.079901828027541200e+00 -1.092995552926401714e+00
-1.066108649317936141e+00 -1.039514763495155591e+00 -1.043697901182130128e+00 -1.075377923186932261e+00 -1.107698696040879671e+00 -1.083778380414045284e+00 -1.100409151399414753e+00
-1.066108649317936141e+00 -1.066108649317936141e+00 -1.109661199702623335e+00 -1.068590967448665996e+00 -1.100503012610364983e+00 -1.081189910712539337e+00 -1.100256626546662675e+00
-1.066108649317936141e+00 -1.046175740038930879e+00 -1.021381226815073706e+00 -1.082112840811201071e+00 -1.154104781550971293e+00 -1.121574007622504920e+00 -1.110663778958065340e+00
-1.066108649317936141e+00 -9.744639274828288400e-01 -1.018175344394017134e+00 -1.078957974297338751e+00 -1.133396879600404583e+00 -1.075169552696817910e+00 -1.087248202799782959e+00
-1.066108649317936141e+00 -1.066108649317936141e+00 -1.054278441373108333e+00 -1.089193591855157184e+00 -1.073678553391564705e+00 -1.069511711786514052e+00 -1.090358222097723928e+00
-9.629914879202540190e-01 -1.019246023831837045e+00 -1.034659901402370963e+00 -1.178851370677356680e+00 -1.163889889845785675e+00 -1.108747465412958322e+00 -1.091185962153875311e+00
-1.066108649317936141e+00 -1.039288335456370671e+00 -1.092408027196144715e+00 -1.087204388852421211e+00 -1.072138232658654378e+00 -1.095986747354210644e+00 -1.101507314427655704e+00
-1.066108649317936141e+00 -1.046335541126973467e+00 -1.028789640097493407e+00 -1.134197122109744882e+00 -1.129351530982597218e+00 -1.095490647481993873e+00 -1.101398817830541832e+00
-1.066108649317936141e+00 -1.045871010474984875e+00 -1.003964043223507741e+00 -1.087350939852842036e+00 -1.090830940667361748e+00 -1.130562348591393818e+00 -1.101508124833856073e+00
-8.194072770713732856e-01 -9.755217491575616240e-01 -9.971099710560403784e-01 -1.067098293985475177e+00 -1.078269393581673619e+00 -1.090745711281548180e+00 -1.099992125807881305e+00
-9.725870019848712467e-01 -1.040144657332306100e+00 -1.151087742611230480e+00 -1.141296955903612798e+00 -1.122461647278637731e+00 -1.084124123936938577e+00 -1.098014210146149860e+00
-9.728789682775124126e-01 -1.040256714852425102e+00 -1.051429681844969100e+00 -1.088444748832562592e+00 -1.164460662616770836e+00 -1.150999227018867144e+00 -1.121642672651005368e+00
-1.066108649317936141e+00 -1.040599411706391253e+00 -1.140460678058476063e+00 -1.072975955819722715e+00 -1.131746522421258394e+00 -1.121789780844925311e+00 -1.109909661288309035e+00
-9.677148524281738995e-01 -1.061244578043880393e+00 -1.080880771289697506e+00 -1.080762412898001568e+00 -1.028813362728942193e+00 -1.099800833265002664e+00 -1.107470815186712088e+00
-1.066108649317936141e+00 -1.066108649317936141e+00 -1.049256726754227653e+00 -9.815378014710024468e-01 -1.047661862020293322e+00 -1.060009016812807792e+00 -1.116537103633436168e+00
-1.066108649317936141e+00 -1.039347206104254795e+00 -1.025868140393542349e+00 -1.075323125237194866e+00 -1.160822063363106782e+00 -1.160280000970011161e+00 -1.110360107233277827e+00
-1.066108649317936141e+00 -9.920816307310242887e-01 -9.770141763795586742e-01 -1.091978902812392960e+00 -1.083180834519358982e+00 -1.127227041797264961e+00 -1.085470004941818889e+00
-9.493419490820834694e-01 -1.038623922004922040e+00 -1.022199775937891131e+00 -1.020829185792311300e+00 -1.060081852898206334e+00 -1.040328520595259709e+00 -1.087551518519751959e+00
-1.115306295189303576e+00 -1.115306295189303576e+00 -1.079130001678717754e+00 -1.083631957945774271e+00 -1.111355198452474990e+00 -1.098384974202476272e+00 -1.119402400779277329e+00
-9.606212530007796069e-01 -9.836295790540166006e-01 -1.063607053429759031e+00 -1.173087532420490797e+00 -1.151517390039464850e+00 -1.109141479056582558e+00 -1.106579969675064223e+00
-9.685335375918093792e-01 -1.012569968834796219e+00 -1.016835530908038354e+00 -1.032498599227431590e+00 -1.028779803630558209e+00 -1.102930128029635082e+00 -1.113860610843430576e+00
-1.066108649317936141e+00 -1.115306295189303576e+00 -1.076967775357455581e+00 -1.179108819683489351e+00 -1.124070090833829472e+00 -1.092070935237265061e+00 -1.103166994342764440e+00
-1.066108649317936141e+00 -1.066108649317936141e+00 -9.774902196139513277e-01 -9.875295962824695017e-01 -1.078863382691978234e+00 -1.120100918281790481e+00 -1.109545117208979192e+00
-9.946061217060274684e-01 -1.046526769873361795e+00 -1.003472035922020389e+00 -1.027378767834689954e+00 -1.091256398318464438e+00 -1.120087776996268270e+00 -1.102801899142408004e+00
-1.066108649317936141e+00 -1.027744975890435120e+00 -1.026639832195011870e+00 -1.050981441421628304e+00 -1.123635209525829737e+00 -1.081178845362379182e+00 -1.089179572059661982e+00
-1.066108649317936141e+00 -1.038971404914169616e+00 -9.615308285138303157e-01 -1.088058771497032229e+00 -1.070107883821950878e+00 -1.069515819037986537e+00 -1.095556241757384086e+00
-1.066108649317936141e+00 -1.046373049963705393e+00 -1.102333112120943204e+00 -1.092799217327275141e+00 -1.008304313485006043e+00 -1.043764337467613101e+00 -1.078443419592189478e+00
-1.066108649317936141e+00 -1.059417638129106942e+00 -1.049074604234015773e+00 -1.037226433600791031e+00 -1.032840223181238581e+00 -1.055442438873459565e+00 -1.086849379479291944e+00
-1.066108649317936141e+00 -1.066108649317936141e+00 -1.104007002609063814e+00 -1.134541089973178707e+00 -1.119340691192132198e+00 -1.074700996274301712e+00 -1.104213777598795465e+00
-1.066108649317936141e+00 -1.040112348384461427e+00 -1.040093882303041450e+00 -1.090314801696808056e+00 -1.132784851245363766e+00 -1.140526238814459248e+00 -1.116075670384927054e+00
