(-1.1011503302326189+0j)
-1.164503941060671011e+00 -1.045330142431390552e+00 -1.084264495258151717e+00 -1.108329248907647946e+00 -1.104857056885950817e+00 -1.101906614482512259e+00 -1.098764243774579263e+00
-1.066108649317936141e+00 -1.164503941060671011e+00 -1.102584303489229089e+00 -1.101046471424121709e+00 -1.098708219286801846e+00 -1.098427103616374634e+00 -1.100870237898843307e+00
-1.164503941060671011e+00 -1.136391000562746667e+00 -1.106974247274674195e+00 -1.094629387180030111e+00 -1.081801996673944943e+00 -1.101624370901489680e+00 -1.100035507907962451e+00
-1.164503941060671011e+00 -1.010495165295883124e+00 -1.053989020875771843e+00 -1.092592269499289781e+00 -1.098552669803540827e+00 -1.108020950454284170e+00 -1.101583796529222781e+00
-9.461729369899533060e-01 -1.094221589815860263e+00 -1.117274201024158309e+00 -1.123404355877817951e+00 -1.120937427754585602e+00 -1.105932636403943459e+00 -1.104895365377522864e+00
-1.262899232803406324e+00 -1.094221589815860263e+00 -1.087446566298039041e+00 -1.098601712140887310e+00 -1.120349382498309954e+00 -1.094027744727621432e+00 -1.102728605134149831e+00
-1.164503941060671011e+00 -1.094221589815860263e+00 -1.072911192364759403e+00 -1.091624665859231458e+00 -1.086906339584892578e+00 -1.104983143242581400e+00 -1.103370660918138402e+00
-1.016911003446568484e+00 -1.150447470811708950e+00 -1.129381244547372987e+00 -1.107157824466342255e+00 -1.111394561930596936e+00 -1.103753815409144634e+00 -1.098992609212437799e+00
-1.164503941060671011e+00 -9.823822247979586697e-01 -1.102587449718966717e+00 -1.090453241417925989e+00 -1.086668533096946110e+00 -1.110621706662387798e+00 -1.098682250989407194e+00
-1.213701586932038667e+00 -1.066108649317935919e+00 -1.110304549456736067e+00 -1.113574908710433853e+00 -1.091845143341565016e+00 -1.098286145242688860e+00 -1.104973935041947630e+00
-1.262899232803406324e+00 -1.136391000562746889e+00 -1.118478927539978685e+00 -1.106190220826284154e+00 -1.113126792322557179e+00 -1.099600149859705667e+00 -1.100866948857832428e+00
-9.677133575752009387e-01 -1.192616881558595354e+00 -1.088351684299773137e+00 -1.120093903355148690e+00 -1.107167345947360104e+00 -1.108961183492599645e+00 -1.099024007681507875e+00
-1.164503941060671011e+00 -1.164503941060671011e+00 -1.148457939638009684e+00 -1.119228210115714051e+00 -1.103006788300601837e+00 -1.102693841142868170e+00 -1.104258234301124020e+00
-1.262899232803406324e+00 -1.108278060064822323e+00 -1.084415872630063671e+00 -1.108329248907647946e+00 -1.098048820999962594e+00 -1.107902204773173693e+00 -1.101788657693486773e+00
-1.115306295189303576e+00 -1.150447470811708950e+00 -1.065493701141076333e+00 -1.125237652757311357e+00 -1.091475642524222023e+00 -1.102731513255520213e+00 -1.100812133127106129e+00
-1.262899232803406324e+00 -1.045330142431390552e+00 -1.126202319737223068e+00 -1.091318934657360851e+00 -1.097579629735136564e+00 -1.099607816407697447e+00 -1.100085309084457119e+00
-1.164503941060671011e+00 -1.059386612680352613e+00 -1.137256014116529101e+00 -1.128446194879356934e+00 -1.097882367542579729e+00 -1.096513528846565499e+00 -1.097698054773477594e+00
-1.262899232803406324e+00 -1.045330142431390552e+00 -1.118176172796154777e+00 -1.113269177508563246e+00 -1.098762243547989126e+00 -1.097198119412720718e+00 -1.100820010203664268e+00
-1.066108649317936141e+00 -1.108278060064822323e+00 -1.133320202446819636e+00 -1.101046471424121709e+00 -1.096193965478137189e+00 -1.096635859196431584e+00 -1.104631816017878077e+00
-1.213701586932038667e+00 -1.108278060064822323e+00 -1.170861790680970849e+00 -1.112607305070375530e+00 -1.105625319493225955e+00 -1.099476641999797444e+00 -1.101170633997929915e+00
-1.016911003446568484e+00 -1.045330142431390552e+00 -1.057921686315744125e+00 -1.065090635643431094e+00 -1.105804616372742633e+00 -1.105207602640039699e+00 -1.103139771084246767e+00
-1.016911003446568484e+00 -1.066108649317936141e+00 -1.107125624646586370e+00 -1.085105671214516621e+00 -1.105597899463601541e+00 -1.091496133447791061e+00 -1.097495508326183256e+00
-1.066108649317936141e+00 -1.122334530313784606e+00 -1.053985874646034659e+00 -1.101046471424121709e+00 -1.091840556405088591e+00 -1.093493408000695943e+00 -1.097539865521260261e+00
-1.164503941060671011e+00 -1.080165119566898202e+00 -1.102284694975142809e+00 -1.094833207981277035e+00 -1.110800094963254381e+00 -1.106484007579633833e+00 -1.102904910324250753e+00
-9.953705828613208517e-01 -1.045330142431390552e+00 -1.110153172084824114e+00 -1.116885361233103113e+00 -1.082656185835086493e+00 -1.104026691089393886e+00 -1.100969887282731152e+00
-1.066108649317936141e+00 -1.122334530313784606e+00 -1.122263361837775975e+00 -1.089383727377244204e+00 -1.095032451573076049e+00 -1.095549228182194579e+00 -1.101957286945084435e+00
-1.164503941060671011e+00 -1.192616881558595354e+00 -1.098954392793080936e+00 -1.117852964873161437e+00 -1.115421587389180846e+00 -1.095444855392714523e+00 -1.101378427540641969e+00
-1.164503941060671011e+00 -1.150447470811708950e+00 -1.107122478416848743e+00 -1.099976957383439702e+00 -1.091017456822752418e+00 -1.113228390972969217e+00 -1.100208789418722244e+00
-1.066108649317936141e+00 -1.073443082929314674e+00 -1.027343457189540121e+00 -1.109296852547706269e+00 -1.103344285236031341e+00 -1.099769720732554745e+00 -1.100189097712020780e+00
-1.164503941060671011e+00 -1.178560411309633071e+00 -1.110758681572471929e+00 -1.079554280209860107e+00 -1.108155064212488661e+00 -1.099714217383610304e+00 -1.101488544038087714e+00
-1.164503941060671011e+00 -1.052052179068973858e+00 -1.103341190348788636e+00 -1.108431159308271408e+00 -1.112900911869449505e+00 -1.103510909951058272e+00 -1.100830249064989719e+00
-9.461729369899533060e-01 -1.164503941060671011e+00 -1.111058290086558209e+00 -1.127478591239298389e+00 -1.105749674724259890e+00 -1.106352344671492016e+00 -1.100646446249216925e+00
-1.164503941060671011e+00 -1.066108649317936141e+00 -1.080782815704178113e+00 -1.105018796384978685e+00 -1.107930101146676005e+00 -1.095670345679520929e+00 -1.106256399530734402e+00
-1.164503941060671011e+00 -1.122334530313784384e+00 -1.117725186910156543e+00 -1.101912164663556570e+00 -1.085060657936019801e+00 -1.093052066522409937e+00 -1.104566701491165759e+00
-1.164503941060671011e+00 -1.094221589815860263e+00 -1.159811242531402220e+00 -1.089281816976620743e+00 -1.104502234265332561e+00 -1.102188297128062988e+00 -1.101978549266333429e+00
-1.213701586932038667e+00 -1.024551635544845185e+00 -1.060652771469632771e+00 -1.119126299715090145e+00 -1.101061520877667732e+00 -1.098446383557262429e+00 -1.100206744315477048e+00
-1.066108649317936141e+00 -1.010495165295883124e+00 -1.110307695686473473e+00 -1.125237652757311135e+00 -1.104627506883661958e+00 -1.098302962385764969e+00 -1.098795456807160287e+00
-1.213701586932038667e+00 -1.059386612680352613e+00 -1.028097197819362041e+00 -1.081031435853036182e+00 -1.107526755504454785e+00 -1.104701696449085890e+00 -1.106788090611424691e+00
-1.115306295189303576e+00 -1.122334530313784606e+00 -1.136801882000793462e+00 -1.100944561023498025e+00 -1.110428756287133556e+00 -1.106887604510038203e+00 -1.104131894316134899e+00
-1.262899232803406324e+00 -1.164503941060671011e+00 -9.776853867429621259e-01 -1.116681540431855968e+00 -1.097883284929874970e+00 -1.104318176247096606e+00 -1.102555001235562049e+00
-1.164503941060671011e+00 -1.164503941060671011e+00 -1.122263361837776197e+00 -1.104051192744920140e+00 -1.114737419645368988e+00 -1.107403729278156224e+00 -1.101433184790958641e+00
-1.115306295189303576e+00 -1.115612493676201300e+00 -1.084264495258151939e+00 -1.099875046982816240e+00 -1.097170779769143678e+00 -1.101129662038419443e+00 -1.102692341855251001e+00
-1.164503941060671011e+00 -1.073443082929314896e+00 -1.114243507356182716e+00 -1.087142788895256951e+00 -1.103369870491064830e+00 -1.094385061339394838e+00 -1.100277619505129145e+00
-1.164503941060671011e+00 -1.108278060064822323e+00 -1.068824003323137983e+00 -1.100842650622874785e+00 -1.103987272140789511e+00 -1.105875104868565550e+00 -1.100443944035017552e+00
-1.115306295189303576e+00 -1.094221589815860263e+00 -1.094864057521722334e+00 -1.106292131226907394e+00 -1.099962998844091544e+00 -1.100613537270301645e+00 -1.102604955028062328e+00
-8.969752911185857602e-01 -1.087499553178276956e+00 -1.140283561554767289e+00 -1.086073274854574944e+00 -1.113277754869341774e+00 -1.095961071142428800e+00 -1.099729898951292917e+00
-1.115306295189303576e+00 -1.164503941060671011e+00 -1.148606170780184232e+00 -1.110366366588388054e+00 -1.101912957876923338e+00 -1.096672806956786150e+00 -1.101414944731699208e+00
-1.213701586932038667e+00 -1.080165119566898202e+00 -1.137104636744617370e+00 -1.128446194879356934e+00 -1.114207883997523130e+00 -1.102318873507758701e+00 -1.101464433478726468e+00
-1.164503941060671011e+00 -1.206673351807557637e+00 -1.125896418763661755e+00 -1.104051192744920362e+00 -1.089427827818497452e+00 -1.102508719868345866e+00 -1.102167947262178149e+00
-1.164503941060671011e+00 -1.122334530313784384e+00 -1.133774334562555497e+00 -1.099875046982816240e+00 -1.117557058749941046e+00 -1.098502847110559788e+00 -1.102265737016209002e+00
