(-1.1011503302326189+0j)
-8.238878091408314841e-01 -1.062892594043497896e+00 -9.602603391955730761e-01 -1.066428634318891344e+00 -1.112201563436604257e+00 -1.098770494537320008e+00 -1.111070013867494266e+00
-1.010251184383193834e+00 -1.048866408367668202e+00 -1.173879483307409988e+00 -1.083523884133677839e+00 -1.093178447110100704e+00 -1.084322686967544191e+00 -1.092014235491607144e+00
-1.010251184383193834e+00 -1.006220630263956917e+00 -1.015231743948858956e+00 -1.145280057603111246e+00 -1.094493890856610641e+00 -1.110290657573504536e+00 -1.104382325257278197e+00
-9.610535385118263996e-01 -1.103504168590316636e+00 -1.088550521161085971e+00 -1.093125796280810746e+00 -1.103250665451076973e+00 -1.112291112232204560e+00 -1.099348436585513289e+00
-1.010251184383193834e+00 -1.071358908149266709e+00 -1.130677108554129617e+00 -1.127540560004412606e+00 -1.077539081974264956e+00 -1.094561884527152751e+00 -1.101176968506178078e+00
-1.010251184383193834e+00 -1.109522623436891120e+00 -1.092004771850025424e+00 -1.087658057859539174e+00 -1.107512179977149458e+00 -1.100107705717590312e+00 -1.097472539860135043e+00
-8.373779832408241308e-01 -9.709743404238510012e-01 -1.120698094169918058e+00 -1.153619930425756834e+00 -1.067565138466914476e+00 -1.088454717472802091e+00 -1.087721526940301553e+00
-9.610535385118263996e-01 -1.024224679153794781e+00 -1.003955429968241830e+00 -1.047268931640317868e+00 -1.094773793964722408e+00 -1.064471485260257033e+00 -1.106702457582966037e+00
-9.610535385118263996e-01 -1.052082463642106225e+00 -1.093122712140119024e+00 -1.075544889658462067e+00 -1.125613175491823714e+00 -1.097965382967712067e+00 -1.106613882432537999e+00
-9.089083702833902212e-01 -1.024339705029176928e+00 -1.135249299533162670e+00 -1.051575174292340487e+00 -1.057836772002517467e+00 -1.112791639731881332e+00 -1.099718004213757983e+00
-1.010251184383193834e+00 -1.118642107682521925e+00 -1.067829383498580142e+00 -1.083471419443343908e+00 -1.093862730403710071e+00 -1.087633241502343751e+00 -1.105784541940583843e+00
-1.010251184383193834e+00 -1.131705510479759536e+00 -1.122938672875243515e+00 -1.070839420519267726e+00 -1.105604639812523882e+00 -1.090398701462126141e+00 -1.097900552606122293e+00
-1.010251184383193834e+00 -1.033310218737024222e+00 -1.067295192796257286e+00 -1.209705652881876370e+00 -1.136336704761700567e+00 -1.117259693865531922e+00 -1.109455302526900944e+00
-1.010251184383193834e+00 -1.104615922006692008e+00 -1.111386456986268589e+00 -1.080779657673882177e+00 -1.114064391508864604e+00 -1.110819459792193431e+00 -1.102069484961652801e+00
-9.610535385118263996e-01 -1.044269319676199181e+00 -1.007163149351029130e+00 -1.107275011811750254e+00 -1.109743425447106135e+00 -1.113249730730036191e+00 -1.105001039126672691e+00
-9.581060161547577669e-01 -1.164503941060671011e+00 -1.155837250697429042e+00 -1.036928812663505894e+00 -1.114797054064631698e+00 -1.108877836711096521e+00 -1.110885074490680413e+00
-9.089083702833902212e-01 -1.000511788156112747e+00 -1.108944088594476352e+00 -1.095156553017252454e+00 -1.127082621557916386e+00 -1.101228141992233400e+00 -1.101839171695098152e+00
-1.010251184383193834e+00 -1.164503941060671011e+00 -1.147426739692842590e+00 -1.128995541807132685e+00 -1.130217313605403007e+00 -1.090126001902036013e+00 -1.100749179083819751e+00
-1.010251184383193834e+00 -1.132817263896134907e+00 -1.078313217982908911e+00 -1.113020520224237364e+00 -1.086579426318728725e+00 -1.102117321087784818e+00 -1.105177065055337637e+00
-1.010251184383193834e+00 -1.095691024624409593e+00 -1.064623773551102381e+00 -1.120343508122497500e+00 -1.079450720938477826e+00 -1.104563479240495472e+00 -1.104210972725453876e+00
-1.010251184383193834e+00 -1.006530243002687230e+00 -1.121899662072803228e+00 -1.138430675621525001e+00 -1.090666635706431631e+00 -1.125238038233963733e+00 -1.099366748674740268e+00
-9.118558926404588538e-01 -1.090246178929730636e+00 -1.176819265843728424e+00 -1.120833936607560588e+00 -1.098085316274477696e+00 -1.122799462309084007e+00 -1.101875821100054331e+00
-1.010251184383193834e+00 -1.057332722473436792e+00 -1.106555977213270037e+00 -1.071597981965342061e+00 -1.094994987709515089e+00 -1.118918888036674719e+00 -1.092425628825170136e+00
-1.010251184383193834e+00 -1.091862131948184711e+00 -1.163191617039701420e+00 -1.062215312841284121e+00 -1.107266622955448643e+00 -1.089997817173122385e+00 -1.096955738558266891e+00
-9.610535385118263996e-01 -9.920454740503438229e-01 -1.015315371561650526e+00 -1.051407105339538406e+00 -1.099031646357057301e+00 -1.111958384886779339e+00 -1.096479426144922886e+00
-1.010251184383193834e+00 -1.019593645799924841e+00 -1.089028212755910108e+00 -1.063577467184302794e+00 -1.081848621466352967e+00 -1.086141119064928606e+00 -1.105362899325856185e+00
-8.238878091408314841e-01 -1.105384118021935924e+00 -1.102350721710976700e+00 -1.087598875556373024e+00 -1.116753142489908646e+00 -1.108116605513707942e+00 -1.096531503158936216e+00
-9.610535385118263996e-01 -1.066257619855719430e+00 -1.044486385476367296e+00 -1.072129998500796599e+00 -1.076227635451176834e+00 -1.095159286964942469e+00 -1.099013087012283174e+00
-8.403255055978927635e-01 -1.052082463642106225e+00 -1.052675384244784906e+00 -1.072168985241318762e+00 -1.094806953552355910e+00 -1.086436555276959037e+00 -1.096988003392698197e+00
-9.089083702833902212e-01 -1.098907079898847616e+00 -1.084345265658792634e+00 -1.117088408182029369e+00 -1.080423579563340120e+00 -1.120830277362708127e+00 -1.104691149302918785e+00
-1.010251184383193834e+00 -9.603587968858076085e-01 -1.110177483127792630e+00 -1.100378884269957336e+00 -1.103362974436615129e+00 -1.107670397766097325e+00 -1.104409112925591963e+00
-1.010251184383193834e+00 -1.098907079898847616e+00 -1.085384276461232922e+00 -1.059226291863311298e+00 -1.123117538887461464e+00 -1.108193032111950416e+00 -1.096027509898199970e+00
-8.075655561835864971e-01 -1.066108649317936141e+00 -1.154241618812511083e+00 -1.133185751640224836e+00 -1.145534187427424744e+00 -1.103124027484052805e+00 -1.111183004234992833e+00
-7.360351691410205177e-01 -1.131705510479759536e+00 -1.138198730121984692e+00 -9.969712531194589999e-01 -1.087006597929317087e+00 -1.102087804943525651e+00 -1.100494808562380467e+00
-9.118558926404588538e-01 -1.131705510479759536e+00 -1.146498485008486945e+00 -1.125548404156422544e+00 -1.108495577395384180e+00 -1.097221983619214303e+00 -1.090988003134512052e+00
-9.118558926404588538e-01 -1.077377362995841192e+00 -1.046056998291302165e+00 -1.097499564330397526e+00 -1.120573471506943974e+00 -1.129167072374782421e+00 -1.104296379690376195e+00
-8.238878091408314841e-01 -9.261390001497901148e-01 -1.176230818130819644e+00 -1.114084232782112771e+00 -1.080603993420923503e+00 -1.103967123320533261e+00 -1.101525146433969482e+00
-1.010251184383193834e+00 -1.058100918488680708e+00 -1.075961883159499255e+00 -1.137090007461211361e+00 -1.138516886889738178e+00 -1.088926786411807290e+00 -1.095691780624692191e+00
-1.010251184383193834e+00 -1.132817263896134907e+00 -9.361120793494207559e-01 -1.051235422265447639e+00 -1.094563294961583111e+00 -1.095388342318327268e+00 -1.102494727682107989e+00
-1.010251184383193834e+00 -1.057642335212167328e+00 -1.010632424464532608e+00 -1.077697239290209996e+00 -1.123027851905302965e+00 -1.106931934629945768e+00 -1.091659304835856936e+00
-1.010251184383193834e+00 -1.091208961808322719e+00 -1.171685755657079442e+00 -1.141711463476200672e+00 -1.099038078906442673e+00 -1.104073081520648980e+00 -1.104810586803845140e+00
-8.238878091408314841e-01 -1.104615922006692008e+00 -1.139043357193548989e+00 -1.099370303051322217e+00 -1.119257877261374823e+00 -1.095679635567269550e+00 -1.105402782509559589e+00
-9.610535385118263996e-01 -8.947619357239842142e-01 -9.575964585676119967e-01 -1.075697126219648858e+00 -1.118605893779205829e+00 -1.110022110449214727e+00 -1.102940025569738136e+00
-1.010251184383193834e+00 -9.972957328816745015e-01 -1.170602482489472518e+00 -1.060439733387218642e+00 -1.111837789682810662e+00 -1.081105769450189324e+00 -1.102455699089760044e+00
-9.118558926404588538e-01 -1.086302260378123830e+00 -1.125243156643658260e+00 -1.176768463689589872e+00 -1.071269598045272442e+00 -1.107801771525045886e+00 -1.098381287499742287e+00
-9.610535385118263996e-01 -1.033310218737024222e+00 -1.109505407802092058e+00 -1.162537992062564918e+00 -1.121936557311944638e+00 -1.107689716504695276e+00 -1.100314415091045550e+00
-1.010251184383193834e+00 -1.104925534745422322e+00 -1.135699862622693956e+00 -1.123071632687966837e+00 -1.076157881529943072e+00 -1.096562300951845259e+00 -1.094551669865026611e+00
-1.010251184383193834e+00 -1.001623541572488119e+00 -1.052786140362869327e+00 -1.086633893682253715e+00 -1.081343228519665800e+00 -1.113073598498686367e+00 -1.102031452575094495e+00
-1.010251184383193834e+00 -1.033310218737024222e+00 -1.086065999839436635e+00 -1.099284956602663899e+00 -1.107281738828966411e+00 -1.083161906599531488e+00 -1.099593079508763394e+00
-9.610535385118263996e-01 -9.547989253157466161e-01 -1.071500448298550401e+00 -1.101266913780382328e+00 -1.067339525481677764e+00 -1.089495406637325470e+00 -1.108110136393423151e+00
