(-1.1011503302326189+0j)
-1.164503941060671011e+00 -1.080747672395552694e+00 -1.125833508989483533e+00 -1.071743737140223196e+00 -1.094681969250126841e+00 -1.102259685050954285e+00 -1.097345240498816210e+00
-1.030739616089628496e+00 -1.098907079898847616e+00 -1.139251048772583985e+00 -1.085269410798246570e+00 -1.109552133782730987e+00 -1.110754469154091151e+00 -1.101395111440008900e+00
-1.164503941060671011e+00 -1.031550026524185260e+00 -1.106361268667236608e+00 -1.094121364411728248e+00 -1.095708916369248165e+00 -1.098006614087588595e+00 -1.096365588099410093e+00
-9.677133575752009387e-01 -1.064348457105096735e+00 -1.133196348233437067e+00 -1.110790157400879608e+00 -1.097535030665076405e+00 -1.106248314583997416e+00 -1.100819031678661464e+00
-8.693180658324658472e-01 -1.131705510479759536e+00 -1.069273023874162565e+00 -1.117075940978587534e+00 -1.104621337364212863e+00 -1.097851106888792394e+00 -1.099091024075195211e+00
-1.164503941060671011e+00 -1.062588264892257772e+00 -1.107943455945350042e+00 -1.113153432827352241e+00 -1.115324441219768481e+00 -1.092373425368494910e+00 -1.109445386927892629e+00
-1.164503941060671011e+00 -1.097146887686008654e+00 -1.067690836596049131e+00 -1.055281816890120128e+00 -1.112905189667095174e+00 -1.103856666772097483e+00 -1.100082031568535790e+00
-1.066108649317936141e+00 -1.064348457105096735e+00 -1.072163349857082615e+00 -1.089584550871448787e+00 -1.103330793261982468e+00 -1.095245208597073194e+00 -1.097313222755579964e+00
-8.693180658324658472e-01 -1.164503941060671011e+00 -1.122806158719910297e+00 -1.109109750066650246e+00 -1.102654641973835670e+00 -1.098739792059145071e+00 -1.084844952606187185e+00
-1.164503941060671011e+00 -1.097146887686008654e+00 -1.137668861494470551e+00 -1.089769816691875448e+00 -1.108792889586855290e+00 -1.105971889283551057e+00 -1.092479750421105233e+00
-9.677133575752009387e-01 -1.148104725770215273e+00 -1.094525916162249812e+00 -1.096061239110998731e+00 -1.109055941174579063e+00 -1.099393618640732484e+00 -1.105454013023555060e+00
-1.030739616089628496e+00 -1.180903156351126970e+00 -1.160031427799637527e+00 -1.128820927346907421e+00 -1.098878207768258619e+00 -1.101299127370682918e+00 -1.107100596226313627e+00
-9.677133575752009387e-01 -9.460335656462275367e-01 -1.122943183006563483e+00 -1.131518820130074765e+00 -1.101359268725068397e+00 -1.106101375688004040e+00 -1.102378746422994382e+00
-1.164503941060671011e+00 -1.111785910763625207e+00 -1.104916105675776583e+00 -1.067837909330822566e+00 -1.109423474089382466e+00 -1.098427590361614303e+00 -1.089244836799892591e+00
-1.262899232803406324e+00 -1.064348457105096735e+00 -1.125833508989483533e+00 -1.113704797074338337e+00 -1.109316056489364710e+00 -1.102535777489041635e+00 -1.099221953607301128e+00
-1.066108649317936141e+00 -1.049709434027480182e+00 -1.121360995728450050e+00 -1.114998211328015909e+00 -1.102684078539434731e+00 -1.086157295430580483e+00 -1.113783853920371492e+00
-9.677133575752009387e-01 -1.098907079898847616e+00 -1.070718186865622812e+00 -1.078590995298571720e+00 -1.096674698414206173e+00 -1.103860975377966458e+00 -1.093916663942175127e+00
-1.164503941060671011e+00 -1.129945318266920129e+00 -1.079663213387689336e+00 -1.083079904607233690e+00 -1.112325969563733530e+00 -1.089739561718223726e+00 -1.106094149412363947e+00
-1.164503941060671011e+00 -1.080747672395552694e+00 -1.088608239909756303e+00 -1.111680610496799559e+00 -1.089130116815655303e+00 -1.104047680715395829e+00 -1.099126977932629812e+00
-1.066108649317936141e+00 -1.097146887686008654e+00 -1.100580616701396508e+00 -1.084437191169734804e+00 -1.110833214810906799e+00 -1.101707110711191095e+00 -1.095882631155812525e+00
-1.066108649317936141e+00 -1.047949241814640997e+00 -1.148196075294650731e+00 -1.125826447287419096e+00 -1.118122069761582127e+00 -1.091211514586513998e+00 -1.096194542026276864e+00
-1.129134907832363588e+00 -1.082507864608391879e+00 -1.122806158719910297e+00 -1.089933968956173338e+00 -1.099695394094489131e+00 -1.096822314123897080e+00 -1.099459577701781932e+00
-1.030739616089628496e+00 -1.080747672395552694e+00 -1.113861132197843329e+00 -1.094502718650864903e+00 -1.107486784662247370e+00 -1.104468795092556022e+00 -1.105449897530951908e+00
-1.066108649317936141e+00 -1.031550026524185260e+00 -1.155558914538604487e+00 -1.109856490467717283e+00 -1.099645984037345148e+00 -1.109979250000600937e+00 -1.107142030924575415e+00
-1.164503941060671011e+00 -1.115306295189303576e+00 -1.082690563657263016e+00 -1.095297363283549430e+00 -1.116574492943523955e+00 -1.096786762380069558e+00 -1.108776616616307109e+00
-1.129134907832363588e+00 -1.115306295189303576e+00 -1.066245673604589328e+00 -1.067715803554590615e+00 -1.092455949200957788e+00 -1.096464589388942201e+00 -1.107684876574819732e+00
-1.262899232803406324e+00 -1.097146887686008654e+00 -1.131751185241976820e+00 -1.096776043357654107e+00 -1.115095975537119699e+00 -1.107318819601652571e+00 -1.084302803937972959e+00
-1.030739616089628496e+00 -1.046189049601801813e+00 -1.137668861494470551e+00 -1.141403772185153986e+00 -1.106320746308714353e+00 -1.099977810392844368e+00 -1.105119418161947920e+00
-9.323443243468934050e-01 -1.115306295189303576e+00 -1.112415969206383526e+00 -1.107806006577181979e+00 -1.121093679521755870e+00 -1.106310120448286138e+00 -1.110566184540220380e+00
-1.066108649317936141e+00 -9.969914037304342669e-01 -1.094525916162249590e+00 -1.100067346875873930e+00 -1.102489865105013900e+00 -1.103276633668251794e+00 -1.106427177234340808e+00
-1.066108649317936141e+00 -1.097146887686008654e+00 -1.125833508989483533e+00 -1.105732967320985694e+00 -1.097503302156513039e+00 -1.105739956680984903e+00 -1.100062030752694042e+00
-1.262899232803406324e+00 -9.460335656462275367e-01 -1.116888482467416566e+00 -1.097788383327669592e+00 -1.106476666967289635e+00 -1.099040628888674487e+00 -1.101298341638379918e+00
-1.066108649317936141e+00 -1.062588264892257772e+00 -1.145168725025077272e+00 -1.090267418963692059e+00 -1.109490644571533569e+00 -1.100163644233134619e+00 -1.110028885016681954e+00
-1.262899232803406324e+00 -1.148104725770215273e+00 -1.107943455945350042e+00 -1.082015682275853763e+00 -1.120053347180629544e+00 -1.099148876199312452e+00 -1.099161293408147388e+00
-1.262899232803406324e+00 -1.148104725770215273e+00 -1.072163349857082615e+00 -1.121480538408981209e+00 -1.094548197683467894e+00 -1.105482861611304157e+00 -1.093693252230931723e+00
-1.164503941060671011e+00 -1.113546102976464391e+00 -1.149641238286110756e+00 -1.091975290960094380e+00 -1.107105621264830475e+00 -1.094406416420139028e+00 -1.108881906906136194e+00
-1.164503941060671011e+00 -1.082507864608391879e+00 -1.143723562033617247e+00 -1.106205439628982212e+00 -1.099243240945654954e+00 -1.110985507351229806e+00 -1.097669329801746141e+00
-1.066108649317936141e+00 -1.148104725770215273e+00 -1.076635863118116099e+00 -1.106549218872291629e+00 -1.099135785879471694e+00 -1.100101904562801103e+00 -1.107649778153851017e+00
-1.129134907832363588e+00 -1.098907079898847616e+00 -1.093080753170789787e+00 -1.115379565567152342e+00 -1.100919439990895921e+00 -1.094613649969763181e+00 -1.094976615792236707e+00
-9.677133575752009387e-01 -1.164503941060671011e+00 -1.107943455945350042e+00 -1.105193099658966727e+00 -1.090408698106424268e+00 -1.101368766414383193e+00 -1.105837086966058980e+00
-1.129134907832363588e+00 -1.148104725770215273e+00 -1.146613888016537519e+00 -1.100279403371789311e+00 -1.078563645867365750e+00 -1.096457534351838570e+00 -1.102288573370213687e+00
-1.066108649317936141e+00 -1.113546102976464391e+00 -1.097553266431823049e+00 -1.084093411926425166e+00 -1.095725046589268503e+00 -1.113022367883099273e+00 -1.099809341798910101e+00
-1.129134907832363588e+00 -1.197302371641582930e+00 -1.060327997352096041e+00 -1.122339055350489501e+00 -1.098189939859892661e+00 -1.105453291997348098e+00 -1.095977614421100643e+00
-1.164503941060671011e+00 -1.180903156351126970e+00 -1.118333645458876813e+00 -1.113317803993786770e+00 -1.087696051401841668e+00 -1.110215290594828819e+00 -1.106194223000956933e+00
-1.030739616089628496e+00 -1.066108649317936141e+00 -1.102025779692856755e+00 -1.103565068048594000e+00 -1.122750187802226129e+00 -1.102630940129178949e+00 -1.097471241036297673e+00
-1.262899232803406324e+00 -1.029789834311345853e+00 -1.030602591802975088e+00 -1.088307104694977046e+00 -1.097253349119925003e+00 -1.094250548292481806e+00 -1.096505800775825712e+00
-1.164503941060671011e+00 -1.164503941060671011e+00 -1.012712538758841596e+00 -1.096908259467540336e+00 -1.113919450768353858e+00 -1.104105104675005666e+00 -1.103483551111662297e+00
-9.677133575752009387e-01 -1.113546102976464391e+00 -1.106498292953890017e+00 -1.082784029595541764e+00 -1.093436991933516067e+00 -1.100199969450234683e+00 -1.098048692725655862e+00
-1.066108649317936141e+00 -1.062588264892257772e+00 -1.051382970830029073e+00 -1.109237494684297332e+00 -1.117449386677850987e+00 -1.101446414116040051e+00 -1.098462359096975538e+00
-9.677133575752009387e-01 -1.129945318266920129e+00 -1.107943455945350042e+00 -1.114743889441897728e+00 -1.103108994725299663e+00 -1.096708625846713803e+00 -1.106256379528082867e+00
