(-1.0351862664342546+0j)
-9.199657607530060677e-01 -9.292922197539938978e-01 -9.150411036723555824e-01 -1.030179659824507432e+00 -1.066803617843553376e+00 -9.867640332724356700e-01 -1.019927044403120320e+00
-9.189768236865702988e-01 -8.786925783244057264e-01 -9.253871627306056169e-01 -9.986482193223552573e-01 -1.017992628975840974e+00 -1.026764744915944494e+00 -1.035221111425184581e+00
-9.008045033625582398e-01 -9.078864140079201395e-01 -1.001255194804233639e+00 -1.062999465093587226e+00 -1.062480515136826176e+00 -1.047274173782020146e+00 -1.041764935117894364e+00
-9.062116038842971122e-01 -9.553223391766328954e-01 -9.801957693308966935e-01 -1.067441932853071318e+00 -1.040321549365573750e+00 -1.037764982544381098e+00 -1.026807941988443273e+00
-8.678355568794955399e-01 -9.952411018413274135e-01 -1.041443508345845093e+00 -1.016797111056434666e+00 -1.014634692328482579e+00 -1.037262216279196902e+00 -1.042500093804731964e+00
-9.118040253021058028e-01 -8.944785920765123688e-01 -1.016074285783133746e+00 -1.039255546372065409e+00 -9.944527386489132592e-01 -1.047761039414043083e+00 -1.036129963331509751e+00
-9.731106157775787358e-01 -9.346400804025667419e-01 -1.040101607172691178e+00 -9.984731314124779544e-01 -1.031514216970755626e+00 -1.009299019264384700e+00 -1.026020316457130876e+00
-9.731106157775787358e-01 -9.251293525191239819e-01 -9.809949439529325188e-01 -1.131365145119771265e+00 -1.021222358151573584e+00 -1.023744330956469994e+00 -1.037592607266357936e+00
-9.132495196816701188e-01 -9.255393671376725973e-01 -9.754605423821540722e-01 -1.119473414398528544e+00 -1.050895153761536083e+00 -1.036521964614401270e+00 -1.030194160399444003e+00
-9.731106157775787358e-01 -9.149086435703008835e-01 -9.575958212230384348e-01 -9.755309983336075685e-01 -9.976140146724066238e-01 -1.039387139461178444e+00 -1.045863025775574995e+00
-8.976148404769079825e-01 -8.983570847974777784e-01 -9.114967654590271362e-01 -9.770356564970175128e-01 -1.063339934717642876e+00 -1.037510584525196400e+00 -1.034401714609241019e+00
-9.278928782883095749e-01 -9.439562674508434892e-01 -1.017555555974033688e+00 -9.859397901708903955e-01 -1.027376918218744439e+00 -1.031555331830926514e+00 -1.033921815933160682e+00
-9.731106157775787358e-01 -9.406452626924084459e-01 -9.182387755218806014e-01 -9.797109544620288268e-01 -1.076538772646675080e+00 -1.039046794671855345e+00 -1.032576110992811769e+00
-8.741017493892935253e-01 -9.316418175013352343e-01 -8.467097634740075041e-01 -1.020078293390629387e+00 -1.081428073244117050e+00 -1.052771940715331755e+00 -1.027177002308252707e+00
-1.027214980683515577e+00 -1.023714745372227064e+00 -1.037054179573721591e+00 -1.090406245305953981e+00 -1.069612265155767794e+00 -9.907777179288717040e-01 -1.028518740089134020e+00
-9.731106157775787358e-01 -8.930399061577125597e-01 -9.347343857204883921e-01 -1.041295483606377026e+00 -1.074460896677064570e+00 -1.041538843918611290e+00 -1.034568179901625307e+00
-9.731106157775787358e-01 -9.224636181699321646e-01 -9.381622502811239883e-01 -1.041041577040210164e+00 -1.000216816102075246e+00 -1.038181965893638425e+00 -1.037411090251175949e+00
-8.777557017951462814e-01 -9.557081656099815081e-01 -1.024239778420559022e+00 -9.992319220755971898e-01 -9.919129589568954630e-01 -1.035513765576189016e+00 -1.033729130690734355e+00
-9.731106157775787358e-01 -9.258458152376241035e-01 -9.653468248289196474e-01 -1.030205523585248972e+00 -1.009717090033748654e+00 -1.058068183958467579e+00 -1.035133689536942070e+00
-9.652771369386484723e-01 -9.775291644166026472e-01 -9.725461771143426581e-01 -1.059144740502461213e+00 -1.041126014137131017e+00 -1.037751876282595909e+00 -1.039130850192795386e+00
-9.731106157775787358e-01 -9.789391975116801259e-01 -9.888740440989416403e-01 -1.088920440710486215e+00 -1.098433609637008201e+00 -1.063315088190368130e+00 -1.042829216757242161e+00
-7.619909361780078383e-01 -8.509119591529956672e-01 -1.011515710899511866e+00 -1.059875179044984073e+00 -1.044283052487219088e+00 -1.010544545565541075e+00 -1.036956225258673037e+00
-9.731106157775787358e-01 -9.256667084618912522e-01 -9.625244377371927618e-01 -1.029124048113206236e+00 -1.037444138186391918e+00 -1.056837334981238996e+00 -1.038899639910160655e+00
-9.243076708619206716e-01 -9.421902607120671291e-01 -9.305304693477272071e-01 -9.615398778803979640e-01 -1.027489404909603277e+00 -1.005656772187945247e+00 -1.024328747646089166e+00
-1.027214980683515577e+00 -9.906048036414507596e-01 -1.045910043402022538e+00 -9.799703300824819108e-01 -9.939968430392037702e-01 -1.042660509648679845e+00 -1.050977803049055304e+00
-8.672758413947210254e-01 -9.741781472240447215e-01 -9.458914862139586877e-01 -1.097367608726839805e+00 -1.028389770127749347e+00 -1.059615592818765162e+00 -1.033807175881158669e+00
-1.027214980683515577e+00 -9.943078881886459053e-01 -1.077941183262206115e+00 -1.036760632168323593e+00 -1.043089363913157763e+00 -1.056668914268225290e+00 -1.049483550595030845e+00
-8.468215448158822323e-01 -9.969764894489725471e-01 -1.072748728705259058e+00 -1.068200395766620847e+00 -1.061356115437253500e+00 -1.038414523229557851e+00 -1.050397985304555970e+00
-9.026369709213195591e-01 -9.079773106708128871e-01 -1.012764525880488264e+00 -1.074949922520209711e+00 -1.067763560492179131e+00 -1.029274911889574540e+00 -1.041858403542775591e+00
-9.273613603474206712e-01 -9.796731225441815960e-01 -1.035165001193331769e+00 -1.070188874733225326e+00 -1.028084799009009842e+00 -1.035865331365623199e+00 -1.035420442183357270e+00
-9.731106157775787358e-01 -9.198482980204176762e-01 -9.174145287487517342e-01 -9.107627421901132170e-01 -9.797865764842565994e-01 -1.027964088724182989e+00 -1.029954715354211237e+00
-9.043985525958313509e-01 -8.837924699237532655e-01 -9.038543713578099936e-01 -1.033820796155647592e+00 -1.053276106804402534e+00 -1.030874798651141955e+00 -1.034344124518887575e+00
-7.973749573448578598e-01 -8.500792223056505836e-01 -1.017840896443561682e+00 -1.033083436586446524e+00 -1.028548763371579966e+00 -1.052265995342254179e+00 -1.048840336752389302e+00
-9.416364606936071802e-01 -9.332701938229321925e-01 -9.301634364407920241e-01 -1.054493148000530400e+00 -1.064087396447700451e+00 -1.027446497934104475e+00 -1.035242954295083617e+00
-9.272466044138658603e-01 -8.950630189322874575e-01 -9.174203734649957198e-01 -9.990682296686568264e-01 -9.932336019790535264e-01 -1.038872244333195693e+00 -1.032463685658792318e+00
-9.731106157775787358e-01 -8.600522522570579476e-01 -9.118164048825870838e-01 -9.924553151261392703e-01 -1.039569397829563702e+00 -1.034208827118237473e+00 -1.028852370773865932e+00
-9.731106157775787358e-01 -9.400920109664534507e-01 -9.300429317873255552e-01 -1.023609207032206481e+00 -1.047036687397604249e+00 -1.040281939764082564e+00 -1.030140384695879430e+00
-9.267155264108761781e-01 -9.518537951378447382e-01 -1.029187222355592457e+00 -1.117015908519498169e+00 -1.089506777718568520e+00 -1.054725405834120000e+00 -1.035529144147323999e+00
-8.961737922389821920e-01 -1.008486938111620379e+00 -9.928822398986991704e-01 -1.035085345688044001e+00 -1.059150991452516122e+00 -1.050767499910546299e+00 -1.039021166470823321e+00
-8.587388979686667589e-01 -8.757213393263569845e-01 -9.998294873492624690e-01 -1.094077843832669705e+00 -1.027456401520251639e+00 -1.056270324643674208e+00 -1.036050000541196114e+00
-8.675166461149621533e-01 -8.930392123867640919e-01 -1.071649884665768937e+00 -1.087156627204884041e+00 -9.969669341800734275e-01 -1.029725077844032555e+00 -1.036133602760152872e+00
-9.731106157775787358e-01 -9.069521211417257422e-01 -9.219887784197133840e-01 -9.360801651655641376e-01 -8.882631400632670093e-01 -1.003316198444890173e+00 -1.027936865392218291e+00
-9.034296826748497988e-01 -8.511842592621834402e-01 -8.653012693508397302e-01 -1.008857619069625677e+00 -1.018753881793798888e+00 -1.040956983822515669e+00 -1.022932960152635351e+00
-9.731106157775787358e-01 -1.009278242213066390e+00 -1.038939156802362707e+00 -1.100915514702283993e+00 -1.036424043791078997e+00 -1.011362088058734177e+00 -1.025448156332646077e+00
-9.370500595572359703e-01 -9.474578346745041735e-01 -9.765248923258971203e-01 -9.848147059214784615e-01 -1.004400144208676959e+00 -1.038371826800176478e+00 -1.036869010648779454e+00
-1.027214980683515577e+00 -9.508595993939703561e-01 -9.777850104189464986e-01 -1.024257665442571685e+00 -1.001852069833379488e+00 -1.024779725652043894e+00 -1.031039403372292940e+00
-9.731106157775787358e-01 -1.027214980683515577e+00 -1.046820218670177383e+00 -1.107498725782107618e+00 -1.065434878933172014e+00 -1.042713489020157702e+00 -1.039355395322950404e+00
-9.190062508716418943e-01 -9.068506229122612616e-01 -8.588462340829103869e-01 -9.185075736639118915e-01 -9.629016149017846082e-01 -1.036131412040166122e+00 -1.036007076167731800e+00
-9.038674745928416687e-01 -9.020569505151734280e-01 -9.309348322848169932e-01 -1.037937567474249256e+00 -1.057737499128954095e+00 -1.039553265741068211e+00 -1.025007878249778237e+00
-9.567413358272564006e-01 -9.933614769127472321e-01 -9.757723374846398734e-01 -9.660381342635244728e-01 -1.011268583011849742e+00 -1.003967414882168008e+00 -1.033101167028482426e+00
