(-1.0351862664342546+0j)
-1.027214980683515577e+00 -1.060277135172622343e+00 -1.059160136073820979e+00 -1.056991567428006373e+00 -1.022825825048473858e+00 -1.036647353800947080e+00 -1.036430996210378819e+00
-9.623158575335469811e-01 -1.085397018878950126e+00 -9.942988484442940589e-01 -1.065817298487612419e+00 -1.033542194954445215e+00 -1.039025738747644700e+00 -1.031765799718678434e+00
-1.081319345589452308e+00 -1.087116241829374275e+00 -1.048020020350947767e+00 -1.046345022902336996e+00 -1.018146914497053857e+00 -1.030806972750061279e+00 -1.037681876888205457e+00
-1.027214980683515577e+00 -1.102574631802499150e+00 -1.047711733371426757e+00 -1.050794395016311888e+00 -1.029419053164489561e+00 -1.040691165544981089e+00 -1.033640993931927987e+00
-1.081319345589452308e+00 -9.449784377628356324e-01 -1.044591410566335421e+00 -1.041912087914886875e+00 -1.007416293770584392e+00 -1.034324127562211704e+00 -1.033269567762568730e+00
-1.081319345589452308e+00 -1.046751043946138049e+00 -1.053069302503163218e+00 -1.033050761878369306e+00 -1.032587412044340347e+00 -1.041980159787210702e+00 -1.032966054645857223e+00
-1.135423710495389260e+00 -1.042886446452856886e+00 -1.022352963580705820e+00 -1.014298604394592518e+00 -1.023913612674792084e+00 -1.030259421991087887e+00 -1.039366804210587247e+00
-9.082114926276101396e-01 -1.119965320522264385e+00 -1.016537295429923660e+00 -1.028111278650891691e+00 -1.039551152667998801e+00 -1.040788111907122726e+00 -1.034264763678944377e+00
-9.731106157775787358e-01 -9.812659623565741507e-01 -1.099391586901312445e+00 -1.019834983666308093e+00 -1.032786919118660274e+00 -1.030898208298724139e+00 -1.035101333114706312e+00
-1.135423710495389260e+00 -1.015834263999888520e+00 -1.023086228019627120e+00 -1.042174940960094220e+00 -1.037456330593967913e+00 -1.037132154345152824e+00 -1.036160248769316450e+00
-1.081319345589452308e+00 -1.021844236036026698e+00 -1.091684412413287397e+00 -1.038554295092873669e+00 -1.038715123653608963e+00 -1.034681546983555522e+00 -1.035631068679327527e+00
-1.081319345589452308e+00 -9.522814811569650928e-01 -1.030639259017891884e+00 -1.013474450282058958e+00 -1.025666423882177103e+00 -1.039485815344608710e+00 -1.036755419855217575e+00
-1.135423710495389260e+00 -1.061996358123046491e+00 -1.029602039049685169e+00 -1.067721166899803897e+00 -1.025466916807856954e+00 -1.032270846582810986e+00 -1.037095563245220120e+00
-1.135423710495389260e+00 -1.008318144809542627e+00 -1.031101689487173401e+00 -1.034921784233349573e+00 -1.040824196548138847e+00 -1.035307030970907594e+00 -1.037564172713595134e+00
-9.082114926276101396e-01 -1.061996358123046491e+00 -1.047445230852022791e+00 -1.064223743089844021e+00 -1.025452665987358625e+00 -1.044563859085148927e+00 -1.032443992804139121e+00
-9.623158575335469811e-01 -1.104506930549139732e+00 -1.027981366682082065e+00 -1.030581020264630610e+00 -1.038026350175930812e+00 -1.036067487587926772e+00 -1.033011082772257172e+00
-1.081319345589452308e+00 -1.042886446452856664e+00 -1.082781543017059089e+00 -1.059281510942665872e+00 -1.031860637849552509e+00 -1.031803178479041350e+00 -1.036532733342986123e+00
-1.135423710495389260e+00 -1.006172770266685390e+00 -1.009288219960944089e+00 -1.065753401391871691e+00 -1.028435768613387591e+00 -1.037305153242346289e+00 -1.029289054711548967e+00
-1.189528075401326213e+00 -1.025708833529308084e+00 -1.036150971639388851e+00 -1.080550870009397535e+00 -1.017918905781736605e+00 -1.033381131114368578e+00 -1.037314611917670160e+00
-1.016420222439483823e+00 -1.089048540576015078e+00 -1.095537999657299810e+00 -1.041059631683524556e+00 -1.033105180088695230e+00 -1.041221583863518374e+00 -1.034734120485555575e+00
-1.135423710495389260e+00 -9.831982611032147323e-01 -9.794218359572876009e-01 -1.040920000695577885e+00 -1.026036936389820076e+00 -1.038540938203438735e+00 -1.032630770285003718e+00
-1.027214980683515577e+00 -1.046751043946138271e+00 -1.007209448574295285e+00 -1.034021868032771074e+00 -1.039033384623643697e+00 -1.035784240008307933e+00 -1.035555819214924345e+00
-9.082114926276101396e-01 -1.054480238932700598e+00 -1.046557822923340764e+00 -1.021949701216108952e+00 -1.032786919118660274e+00 -1.034179613998913894e+00 -1.036052291786358825e+00
-1.135423710495389260e+00 -1.058131760629765328e+00 -9.648948949099189765e-01 -1.016597663981854804e+00 -1.050690286619221148e+00 -1.038240558183384010e+00 -1.033011111850804298e+00
-1.135423710495389260e+00 -9.522814811569649818e-01 -1.065400781684003428e+00 -1.005619825376854903e+00 -1.037123818803434183e+00 -1.037624546396164416e+00 -1.030935028568713996e+00
-1.081319345589452308e+00 -1.013901965253247717e+00 -1.033759581822982998e+00 -1.039705199346355302e+00 -1.054870431691170563e+00 -1.031128246597206255e+00 -1.039055381760359831e+00
-8.541071277216732982e-01 -1.133491411748748678e+00 -1.034492846261904520e+00 -1.045433241709454730e+00 -1.038743625294606066e+00 -1.040238680454822484e+00 -1.033698947445147898e+00
-1.135423710495389260e+00 -1.029360355226372592e+00 -1.049215715259150583e+00 -1.054486230837355931e+00 -1.033119430909193781e+00 -1.038618871431817414e+00 -1.033875471618877162e+00
-9.623158575335469811e-01 -1.044818745199497467e+00 -1.011063035818307920e+00 -1.029536900941884436e+00 -1.022483814181827766e+00 -1.031824072306131157e+00 -1.036291907656510247e+00
-9.731106157775787358e-01 -1.069938628905825251e+00 -1.042395948699807118e+00 -1.048814764516075915e+00 -1.040054669891855355e+00 -1.034375456150021799e+00 -1.035979514037614013e+00
-1.081319345589452308e+00 -1.039234924755792155e+00 -1.005397179707050448e+00 -1.015641171739457560e+00 -1.048875724798115527e+00 -1.037168299919351888e+00 -1.033350141512876075e+00
-1.027214980683515577e+00 -1.100642333055858568e+00 -1.056189625308254332e+00 -1.041777000865322433e+00 -1.028169759180960874e+00 -1.038504792629239892e+00 -1.034706673280101796e+00
-9.623158575335469811e-01 -1.089048540576014856e+00 -1.044166433106935132e+00 -1.051694311216890387e+00 -1.043066274158881424e+00 -1.036059896081121146e+00 -1.033789157888628463e+00
-9.082114926276101396e-01 -1.069938628905825251e+00 -1.018036945867411669e+00 -1.021014190038618707e+00 -1.028051005285246067e+00 -1.039670235868759507e+00 -1.029629930880940680e+00
-1.189528075401326213e+00 -1.023776534782667280e+00 -1.060351499531787978e+00 -1.047221209118307517e+00 -1.018769185616625217e+00 -1.041584714098340969e+00 -1.031410055621559962e+00
-1.135423710495389260e+00 -9.061193870338071221e-01 -1.019078497285854201e+00 -1.030962523232876960e+00 -1.020612249078728162e+00 -1.034770901838891533e+00 -1.036442049048373892e+00
-1.135423710495389260e+00 -9.947920535830583333e-01 -1.068983534958376058e+00 -1.042676917065900710e+00 -1.032881923117764167e+00 -1.042829971259565891e+00 -1.037574861995369524e+00
-1.081319345589452308e+00 -1.100642333055858568e+00 -1.014762479572560050e+00 -1.038952235187645456e+00 -1.040187674608068713e+00 -1.033789879123522493e+00 -1.036806010656801558e+00
-1.027214980683515577e+00 -1.112449201331918491e+00 -1.067175597541367260e+00 -1.014490267485975927e+00 -1.018754934796126665e+00 -1.040812835854364238e+00 -1.032123308848377885e+00
-9.082114926276101396e-01 -9.404746128809049477e-01 -1.041779374740765096e+00 -1.033050761878369084e+00 -1.039498901130390784e+00 -1.039217750778600902e+00 -1.037630788917845104e+00
-1.135423710495389260e+00 -1.104506930549139732e+00 -1.018924353796093474e+00 -1.037244573805219838e+00 -1.027362231807568138e+00 -1.029863976302218154e+00 -1.033481256760425460e+00
-9.731106157775787358e-01 -9.945789777868417891e-01 -1.054419140901126539e+00 -1.025163290915954040e+00 -1.037959847817824244e+00 -1.037514297713738820e+00 -1.033587343824463378e+00
-1.189528075401326213e+00 -1.054480238932700598e+00 -1.026360694314478739e+00 -1.051204200103387443e+00 -1.041460718488208315e+00 -1.034502837272883724e+00 -1.034846497392026610e+00
-1.135423710495389260e+00 -9.793336636099334580e-01 -1.008250999992737595e+00 -1.023761398609569273e+00 -1.047521927739370362e+00 -1.039428775943320060e+00 -1.036474797276894844e+00
-9.623158575335469811e-01 -9.389684657266974543e-01 -1.081585848108856496e+00 -1.057353912545866637e+00 -1.047056411232623718e+00 -1.027784090682248852e+00 -1.036127506356505190e+00
-1.135423710495389260e+00 -1.071657851856249399e+00 -1.059309948113345445e+00 -1.029863651082832510e+00 -1.052813610334249361e+00 -1.037004773222291121e+00 -1.036605167964874230e+00
-1.081319345589452308e+00 -1.131559113002108097e+00 -1.042662451219211084e+00 -1.046153359810953365e+00 -1.046301135396838777e+00 -1.026947581530177844e+00 -1.035240122085158143e+00
-8.433123694776416546e-01 -1.087116241829374275e+00 -1.099545730391072951e+00 -9.953684720262563346e-01 -1.050148768678255129e+00 -1.031523692286075988e+00 -1.032695112304147678e+00
-9.623158575335469811e-01 -1.000375874026763423e+00 -1.051140343156038881e+00 -1.031935452601799419e+00 -1.029789565672132756e+00 -1.030662459186763247e+00 -1.034903252923909278e+00
-9.190062508716418943e-01 -9.713913928271545872e-01 -1.029905994578970363e+00 -1.008944772141656898e+00 -1.018887939512340024e+00 -1.036385000048417826e+00 -1.036470548842429285e+00
