(-1.0351862664342546+0j)
-9.190062508716418943e-01 -1.001076815480649529e+00 -1.018182532253428141e+00 -1.034990740732103287e+00 -1.028914738222917347e+00 -1.028236955495765326e+00 -1.037746178222008986e+00
-1.189528075401326213e+00 -1.050028383728878190e+00 -9.950359016739663831e-01 -1.042306429428442094e+00 -1.042787000570394529e+00 -1.035792894805485531e+00 -1.033807684653101688e+00
-9.824005724683996243e-01 -1.140576507153097552e+00 -9.997406290570913789e-01 -1.019581770517259844e+00 -1.020063772119406575e+00 -1.042196082863461326e+00 -1.037783653528597139e+00
-1.081319345589452308e+00 -1.036772210170282760e+00 -1.010820105007972369e+00 -1.042735170165681291e+00 -1.033436149656677294e+00 -1.037102582075627666e+00 -1.041934679595619695e+00
-8.834817993473469411e-01 -1.016161023539449815e+00 -1.040624238907312371e+00 -1.047322749364835603e+00 -1.054308445750144596e+00 -1.047853336570535809e+00 -1.029793148585151030e+00
-1.189528075401326213e+00 -1.091624938904868891e+00 -1.056016381626057932e+00 -1.022294566404700511e+00 -1.032234666232116460e+00 -1.038719817598110051e+00 -1.033773446517444849e+00
-1.090609302280273418e+00 -9.281892984440842653e-01 -1.057788181534278671e+00 -1.043410709065982545e+00 -1.029728046748902948e+00 -1.045049845391544441e+00 -1.032696953680889429e+00
-1.135423710495389260e+00 -1.003653213809503786e+00 -9.798397892628510908e-01 -1.051521201984212617e+00 -1.036947571302102800e+00 -1.036912880247934154e+00 -1.039859134813463815e+00
-1.036504937374336466e+00 -1.024638582354661320e+00 -9.982666381800903155e-01 -1.024195785542298065e+00 -1.034593470811618454e+00 -1.033146155930587451e+00 -1.035664488299780306e+00
-9.731106157775787358e-01 -1.031619413512574468e+00 -9.840506773071260316e-01 -1.060309009371864786e+00 -1.030037669966555658e+00 -1.041867628954539438e+00 -1.031561511975576551e+00
-1.189528075401326213e+00 -1.071013752274035946e+00 -1.061607008963293186e+00 -1.045558366657597826e+00 -1.022622248021996638e+00 -1.038245061551518633e+00 -1.036909089540912543e+00
-1.081319345589452308e+00 -1.055181180386586259e+00 -1.001606680549352646e+00 -1.040128382105524274e+00 -1.028704959206284686e+00 -1.037537448496626213e+00 -1.020784547490397376e+00
-1.189528075401326213e+00 -1.049654201814553378e+00 -1.028376108250198762e+00 -1.035007872969100129e+00 -1.032553095233876839e+00 -1.043317746454109907e+00 -1.046884039800219934e+00
-9.731106157775787358e-01 -1.039722790413461606e+00 -1.048472978352069429e+00 -1.053270429407163089e+00 -1.021345831937577220e+00 -1.041668827783429618e+00 -1.039324844890782806e+00
-1.027214980683515577e+00 -1.019111603782628439e+00 -1.078559867003531902e+00 -1.018767777942934050e+00 -1.035425779586314210e+00 -1.043074233242451410e+00 -1.045060306200366051e+00
-1.081319345589452308e+00 -1.049654201814553378e+00 -1.046410896552178116e+00 -1.062900562985006125e+00 -1.039442006109368766e+00 -1.033630282963130309e+00 -1.041055131192826888e+00
-8.741918426565259415e-01 -1.018737421868303628e+00 -1.023867411174704145e+00 -1.011452168409323615e+00 -1.038353068737144280e+00 -1.037858795820798541e+00 -1.037113011130569973e+00
-1.189528075401326213e+00 -1.125118117179972899e+00 -1.044051005721066794e+00 -1.051217657426691598e+00 -1.030474504732808549e+00 -1.036014335935818487e+00 -1.033543643347963226e+00
-1.027214980683515577e+00 -9.197117396288725377e-01 -1.049852717645030076e+00 -1.029731857084383417e+00 -1.038233189936676126e+00 -1.032541726600556320e+00 -1.046116256027187275e+00
-1.189528075401326213e+00 -1.065486773702002843e+00 -1.012772880944725618e+00 -1.040652087616634969e+00 -1.032090074446501138e+00 -1.030547853097055322e+00 -1.040587207548506310e+00
-8.293774344414102107e-01 -1.001076815480649529e+00 -1.004837417055476578e+00 -1.039240388678882354e+00 -1.016734581355392297e+00 -1.035412741857449692e+00 -1.036683982371385149e+00
-1.081319345589452308e+00 -8.998489168266888827e-01 -9.890682680005682403e-01 -1.013355004790585490e+00 -1.037666428881071745e+00 -1.027099747890622750e+00 -1.032023561040112281e+00
-8.293774344414102107e-01 -1.119591138607939795e+00 -9.575941129165970178e-01 -1.014472462759703930e+00 -1.019750408608288694e+00 -1.034844473892640559e+00 -1.028775878163003199e+00
-1.027214980683515577e+00 -9.922250747511131008e-01 -9.847405469536062439e-01 -1.039823018920750020e+00 -1.035943975480245527e+00 -1.029922372591484558e+00 -1.038089039016714121e+00
-9.375861642532838935e-01 -1.065860955616327654e+00 -1.023758105311566080e+00 -1.057611210443255345e+00 -1.039339559815631642e+00 -1.036721609460090399e+00 -1.035916193039356337e+00
-1.090609302280273418e+00 -1.104132748634814920e+00 -1.001214619934092109e+00 -1.015191569722886378e+00 -1.039441454432657341e+00 -1.034784487534056829e+00 -1.032668888478178726e+00
-1.081319345589452308e+00 -1.037146392084607349e+00 -1.066594491098540320e+00 -1.054283496792662866e+00 -1.038717383524247806e+00 -1.036448624116958817e+00 -1.048109470659957410e+00
-9.824005724683996243e-01 -9.392432555881502498e-01 -1.020636674668580213e+00 -1.044759529367559114e+00 -1.041561261131394023e+00 -1.036457592345350731e+00 -1.037295430332029866e+00
-1.189528075401326213e+00 -9.981262352374705715e-01 -9.979838834279681770e-01 -1.053763745186971024e+00 -1.050149746860165934e+00 -1.036212399513865456e+00 -1.031351870314467956e+00
-1.081319345589452308e+00 -1.138000108824243517e+00 -1.044544845059916627e+00 -1.044731195751694042e+00 -1.029383189181217295e+00 -1.038152511047375270e+00 -1.030756127890724017e+00
-1.027214980683515577e+00 -1.037146392084607349e+00 -1.056314190657277718e+00 -1.023783817333010937e+00 -1.035293414912934917e+00 -1.039157663363285966e+00 -1.040539684422723932e+00
-1.189528075401326213e+00 -1.049654201814553378e+00 -1.029544762956431381e+00 -1.048869027233921392e+00 -1.041355161340486113e+00 -1.038025719094968657e+00 -1.026748035238895795e+00
-9.824005724683996243e-01 -1.080570981760803129e+00 -1.014653986716084422e+00 -1.015407776771057202e+00 -1.053929258975817351e+00 -1.033460380027836578e+00 -1.026199957251861861e+00
-1.189528075401326213e+00 -1.005855430224033231e+00 -1.048363672488931364e+00 -1.001024973110562932e+00 -1.025747028872562527e+00 -1.038883251721370193e+00 -1.031544386257902790e+00
-1.027214980683515577e+00 -1.000702633566324717e+00 -1.017100601991687725e+00 -1.026895403098160742e+00 -1.032295751768043779e+00 -1.031517553387991226e+00 -1.035223230702859709e+00
-9.824005724683996243e-01 -1.055181180386586259e+00 -1.022197389990072924e+00 -1.004811817229697368e+00 -1.038021876816328071e+00 -1.037794905636488130e+00 -1.038862288961478475e+00
-8.741918426565259415e-01 -1.101930532220285475e+00 -1.022676175049825442e+00 -1.036508684985324003e+00 -1.022257149363903439e+00 -1.035363166812584446e+00 -1.035937772018168168e+00
-8.649018859657050529e-01 -1.029417197098045023e+00 -1.038068317768571003e+00 -1.044438852573041476e+00 -1.038419341036115551e+00 -1.042134037694723903e+00 -1.036605958809207806e+00
-1.027214980683515577e+00 -1.076166548931744238e+00 -1.040624238907312371e+00 -1.019105586974448752e+00 -1.015632226400468685e+00 -1.041907517288571006e+00 -1.033284562829291708e+00
-8.834817993473469411e-01 -1.021313820197157884e+00 -1.050723563320042686e+00 -1.025129043438213206e+00 -1.031180480535898392e+00 -1.038711041425861126e+00 -1.034717230076146244e+00
-9.282962075624627829e-01 -1.018737421868303850e+00 -1.047884887429178846e+00 -1.042137665185842943e+00 -1.028324056851179780e+00 -1.030411946911100829e+00 -1.033401941909930954e+00
-1.135423710495389260e+00 -1.089048540576014856e+00 -9.815965348919739597e-01 -1.020683792655773914e+00 -1.041010604969764497e+00 -1.035106130980168571e+00 -1.037811194886012700e+00
-7.752730695354732582e-01 -1.055181180386586259e+00 -1.049641633058302048e+00 -1.034057482836188147e+00 -1.037391583905822312e+00 -1.033900031575211376e+00 -1.043801819648313423e+00
-1.027214980683515577e+00 -1.098605770062782039e+00 -1.055820351318427885e+00 -1.015345178681197780e+00 -1.045660374087817868e+00 -1.028810593111190386e+00 -1.038787011006926386e+00
-1.081319345589452308e+00 -1.052604782057732224e+00 -1.021311490035962777e+00 -1.018813322958524559e+00 -1.027563872152665425e+00 -1.039804028915474188e+00 -1.039926048867890307e+00
-1.189528075401326213e+00 -1.055181180386586259e+00 -1.034641550954816802e+00 -1.025083577585351069e+00 -1.046895075084669724e+00 -1.047584434264760445e+00 -1.035239805143256753e+00
-1.135423710495389260e+00 -9.587318964760093154e-01 -1.064837745469417341e+00 -1.034914964310666319e+00 -1.032199009412719359e+00 -1.028941112358182641e+00 -1.047164042610152723e+00
-1.189528075401326213e+00 -9.153073067998136469e-01 -1.074247200235667332e+00 -1.042553227591504594e+00 -1.033392832325787047e+00 -1.033814200355648971e+00 -1.034330632439743436e+00
-1.135423710495389260e+00 -1.047451985400023933e+00 -1.018363508281960872e+00 -1.035835043875003691e+00 -1.035401798202441270e+00 -1.025751483735614311e+00 -1.035683375174687448e+00
-1.189528075401326213e+00 -1.031619413512574468e+00 -1.040624238907312371e+00 -1.047444070801862859e+00 -1.046317095564248456e+00 -1.036963033429123771e+00 -1.029231700049772158e+00
