(-1.0351862664342546+0j)
-1.117388922193410350e+00 -1.072715927880676823e+00 -1.052512744160205571e+00 -1.023353900933499094e+00 -1.030136432250126077e+00 -1.037253207086152429e+00 -1.037299514770417375e+00
-9.190062508716418943e-01 -9.525068905002186392e-01 -1.049958367717407359e+00 -1.018794753692529920e+00 -1.021674302998456962e+00 -1.032588097637702873e+00 -1.035651980913857573e+00
-7.752730695354732582e-01 -1.006513272664251613e+00 -1.017685237866313486e+00 -1.056202830922019942e+00 -1.054044376041402220e+00 -1.037456486418771640e+00 -1.036826427060533184e+00
-9.947654191085312236e-01 -1.101136723773428860e+00 -1.020410993276752887e+00 -1.051222958519935968e+00 -1.039890756129453919e+00 -1.027027241681747416e+00 -1.032246465905527044e+00
-1.135423710495389260e+00 -1.051920820698758474e+00 -1.040392757895987064e+00 -1.049835903212090304e+00 -1.042274678782694419e+00 -1.035462570301780794e+00 -1.035101504755703061e+00
-1.012076204404715352e+00 -9.457524616426484787e-01 -1.006923671226464645e+00 -1.008214667310587176e+00 -1.034737012309567827e+00 -1.027834384364104459e+00 -1.034835111731722268e+00
-7.931096305357565601e-01 -1.000336247119530730e+00 -9.922626823941699259e-01 -1.016829678769107792e+00 -1.019348418431833103e+00 -1.032968983676528119e+00 -1.034551588865819216e+00
-9.623158575335469811e-01 -1.050421219026885344e+00 -1.078078542210335389e+00 -1.041575098146454881e+00 -1.027285334826036900e+00 -1.026274249220719081e+00 -1.033194804027829150e+00
-9.587176047855364702e-01 -1.048145781008673394e+00 -1.050727020724551153e+00 -1.059473837843644795e+00 -1.039113731909241167e+00 -1.036181654760444548e+00 -1.033709400157704072e+00
-1.048869784014468065e+00 -1.114722002476125517e+00 -1.059654346592979302e+00 -1.057792251350266000e+00 -1.018580433109846917e+00 -1.031375192966276000e+00 -1.039375828833871918e+00
-1.004382522050855986e+00 -1.104483795630246679e+00 -1.065005903321007752e+00 -1.034359419191430707e+00 -1.032112273580424455e+00 -1.034606333357121155e+00 -1.035155106287939164e+00
-1.081319345589452308e+00 -1.078313547539122563e+00 -1.033775572459848524e+00 -1.036357199567248921e+00 -1.030514676514868055e+00 -1.031870597801487710e+00 -1.035923054288493406e+00
-9.947654191085312236e-01 -1.083805222529875767e+00 -1.067515873697868489e+00 -1.052384478128152612e+00 -1.036214471128804160e+00 -1.032766928912721038e+00 -1.037147765379063724e+00
-9.502781571449190334e-01 -1.051936321678246244e+00 -1.094624778225548045e+00 -1.054068424672771176e+00 -1.046218805774383309e+00 -1.042992662619975919e+00 -1.034962272358279645e+00
-9.911454040795576459e-01 -1.001569372837316729e+00 -1.027311602947109215e+00 -1.045853233111971203e+00 -1.035597957584074358e+00 -1.038341086776053412e+00 -1.035856792560114759e+00
-9.190062508716418943e-01 -1.016047339796104954e+00 -1.024102614732572913e+00 -1.036454506887491078e+00 -1.040707034569207101e+00 -1.032398490978598371e+00 -1.031805980665731592e+00
-1.045249768985494487e+00 -1.092140218570639698e+00 -1.072096203211261978e+00 -1.060362272303781772e+00 -1.047877166479621369e+00 -1.041930546226593535e+00 -1.037078252677132051e+00
-8.733413336063224897e-01 -1.024116340522686963e+00 -1.023655798256946969e+00 -1.027773099335261620e+00 -1.038598785692695259e+00 -1.033521477442465919e+00 -1.035312309216835480e+00
-9.731106157775787358e-01 -1.054681139578697913e+00 -9.853574431756257912e-01 -1.039836750239945040e+00 -1.023644147372138935e+00 -1.033269628034570342e+00 -1.035957635515572184e+00
-9.375861642532838935e-01 -1.009191798931383666e+00 -1.017605131834845134e+00 -1.021314499009859933e+00 -1.028591731396900411e+00 -1.040067371091440096e+00 -1.034692313849080891e+00
-9.226262659006154720e-01 -9.687653524517257919e-01 -1.026982728601895545e+00 -1.045832263124070849e+00 -1.032253955732063577e+00 -1.036880251290226873e+00 -1.035952884997518364e+00
-1.081319345589452308e+00 -1.124681005818866097e+00 -1.083880802616521644e+00 -1.035784123607297769e+00 -1.034263890799751007e+00 -1.029537499378349708e+00 -1.035903539160562437e+00
-9.659141102815574920e-01 -1.069477861748020731e+00 -1.047104312519708147e+00 -1.041241723072121372e+00 -1.034713876100878949e+00 -1.032057877085151620e+00 -1.036101176345182395e+00
-7.675532012407522142e-01 -1.076521675258771626e+00 -1.043183382465740383e+00 -1.044826264677157557e+00 -1.037494232367561775e+00 -1.031340976395797249e+00 -1.031245966413098181e+00
-1.012076204404715352e+00 -1.094307875131831365e+00 -1.031255205174331113e+00 -1.040519293586547267e+00 -1.038011800642515858e+00 -1.040249166501362676e+00 -1.034708731439612173e+00
-8.865566892966575407e-01 -9.622995358228247920e-01 -1.018655633071706923e+00 -1.053151870231860965e+00 -1.044564168796235260e+00 -1.038789261774490935e+00 -1.036854179910444929e+00
-9.463309958644416930e-01 -1.040779370438011497e+00 -1.014843345490409110e+00 -1.033391542508908856e+00 -1.032438965914504791e+00 -1.033484251651458630e+00 -1.039437416566765915e+00
-9.298445336775995607e-01 -9.360291332257617558e-01 -1.018080446231544034e+00 -9.935157465054620385e-01 -1.034240919894226396e+00 -1.037079329301158426e+00 -1.039325154324614697e+00
-8.200874777505891000e-01 -9.426140409055525637e-01 -9.995239714423355126e-01 -1.022183840382599573e+00 -1.028751303929438032e+00 -1.024200715637277881e+00 -1.031255804904276818e+00
-9.947654191085312236e-01 -1.098816572207325981e+00 -1.027354838625584410e+00 -1.025409012158505107e+00 -1.033140389864480202e+00 -1.027806854749291787e+00 -1.028340873266611055e+00
-1.102974148920405018e+00 -1.094953367784178955e+00 -1.077823757802616189e+00 -1.037425639267363309e+00 -1.030472179708714187e+00 -1.037090916458994982e+00 -1.036992248690492113e+00
-1.004382522050855986e+00 -9.760066278007575313e-01 -9.989291351222596704e-01 -1.035593823219810750e+00 -1.040495333196287175e+00 -1.038532083681688478e+00 -1.036713158030579063e+00
-8.961737922389820810e-01 -1.052470212990574971e+00 -1.030967305031821546e+00 -1.064097955002214935e+00 -1.048438747108281666e+00 -1.037574249577345897e+00 -1.031669646133852369e+00
-1.054267163136484164e+00 -1.027995361535644747e+00 -1.069354709350800237e+00 -1.070122186765379180e+00 -1.042146623256955174e+00 -1.037895154557574751e+00 -1.035076455620040914e+00
-9.463309958644416930e-01 -1.015369709753925154e+00 -1.017995961660826065e+00 -1.022730996421064464e+00 -1.024559787754884654e+00 -1.033240794454118205e+00 -1.036425200262163671e+00
-1.027214980683515577e+00 -1.013306160384439547e+00 -1.053192797185905194e+00 -1.009400594387554140e+00 -1.031424864017682852e+00 -1.040270491918291018e+00 -1.036908356990228430e+00
-1.027214980683515577e+00 -1.018810352692439025e+00 -1.037657381874812046e+00 -1.039322949967462995e+00 -1.025962272319916213e+00 -1.024366926772890540e+00 -1.030574567514396911e+00
-1.027214980683515577e+00 -1.068263273334523422e+00 -1.019452231439225587e+00 -1.028178311363002750e+00 -1.042555625396911267e+00 -1.035522236408679353e+00 -1.034911701513751225e+00
-1.135423710495389260e+00 -9.860991453199576817e-01 -9.922143205130781185e-01 -1.024817285348280649e+00 -1.028818709221761107e+00 -1.041137016284551464e+00 -1.039414845292760958e+00
-9.911454040795576459e-01 -1.035800654390961473e+00 -1.002832884588535034e+00 -1.042463627594511610e+00 -1.047598539528442174e+00 -1.041775343585304769e+00 -1.035418111125739449e+00
-1.135423710495389260e+00 -1.066216081943355043e+00 -9.873315669806175254e-01 -1.027448878911371821e+00 -1.031103945197439309e+00 -1.032198375625833497e+00 -1.035093653667120250e+00
-9.082114926276101396e-01 -1.003457677762516376e+00 -1.005678220176370763e+00 -1.010898263627443505e+00 -1.018409710557479642e+00 -1.026680108264018454e+00 -1.036746357213174097e+00
-1.135423710495389260e+00 -1.029094753291737607e+00 -1.061636767044813912e+00 -1.062976079783347405e+00 -1.044312611762191922e+00 -1.037009356962917739e+00 -1.037248180622754257e+00
-1.081319345589452308e+00 -1.041646075667243210e+00 -1.080236664175369121e+00 -1.066235866069230820e+00 -1.052687952180490383e+00 -1.035027287544292962e+00 -1.034883924298372282e+00
-9.067634866160206863e-01 -1.071268468790782746e+00 -1.037652324914933200e+00 -1.051258598812219613e+00 -1.050252001999473217e+00 -1.044071013229022959e+00 -1.039357627943441553e+00
-9.282962075624627829e-01 -1.012398741415178716e+00 -1.010880688759065116e+00 -1.027683454131276708e+00 -1.038269457653449024e+00 -1.042930550459824302e+00 -1.038746278784913546e+00
-9.947654191085312236e-01 -1.068414219026288858e+00 -1.070024848706263132e+00 -1.057635190463921182e+00 -1.035581324217466737e+00 -1.033329412882364906e+00 -1.036254603111085748e+00
-1.004382522050855986e+00 -1.020018475187494555e+00 -1.025482559586659015e+00 -1.050187046007819758e+00 -1.045119789973760760e+00 -1.038523884110449602e+00 -1.036861741263944037e+00
-1.099354133891431218e+00 -1.086119427822727967e+00 -1.031184979229740062e+00 -1.021498846643901448e+00 -1.040124194319275608e+00 -1.039102078722960787e+00 -1.033689539055628437e+00
-1.012076204404715352e+00 -1.048866519672323694e+00 -1.007798923648111300e+00 -1.035469661878559045e+00 -1.033228750471811175e+00 -1.028933883288094542e+00 -1.028641613777678820e+00
