(-1.0351862664342546+0j)
-9.731106157775787358e-01 -1.081319345589452308e+00 -9.996728413488671361e-01 -9.914215056271530324e-01 -1.046423969155442668e+00 -1.047782499866058092e+00 -1.035672729999168595e+00
-9.731106157775787358e-01 -9.190062508716418943e-01 -1.006722510003229321e+00 -1.031082148872013438e+00 -1.062965225610994491e+00 -1.037967217231943851e+00 -1.036664825917714916e+00
-9.731106157775787358e-01 -8.494343862905189280e-01 -1.018105390723631265e+00 -1.071205636533460570e+00 -1.065554789826334225e+00 -1.043295005638886108e+00 -1.027886760721502091e+00
-9.369927825432433632e-01 -9.654924565706567430e-01 -1.035330214269801541e+00 -1.013717664076122738e+00 -1.047444789536777776e+00 -1.026700350841379006e+00 -1.035851775029403399e+00
-9.731106157775787358e-01 -9.720902493961267599e-01 -9.737182830821988766e-01 -1.033023515744936116e+00 -1.037299169611280103e+00 -1.036359195046962833e+00 -1.041993763303158183e+00
-8.973920392669580970e-01 -1.027226552394473025e+00 -1.068871189126387566e+00 -1.032096667203449947e+00 -1.007846573345170693e+00 -1.052566184176666031e+00 -1.037362495516547911e+00
-9.731106157775787358e-01 -9.190062508716418943e-01 -9.695697518232095913e-01 -1.040234334459954946e+00 -9.757897147170669916e-01 -1.024430052822244752e+00 -1.034669632416911789e+00
-9.731106157775787358e-01 -1.041673685688207396e+00 -9.622179811281179607e-01 -1.011345991411441103e+00 -1.044296412965401544e+00 -1.040596619076484153e+00 -1.025903175309531790e+00
-9.731106157775787358e-01 -9.510453232769225940e-01 -1.037635564284695500e+00 -1.083053939704831325e+00 -1.032140057952058321e+00 -1.042504543400321726e+00 -1.038579427067047423e+00
-9.731106157775787358e-01 -1.056120818981941323e+00 -1.025695467109241754e+00 -1.008197869752539777e+00 -1.062027218178094090e+00 -1.045148231149991336e+00 -1.039916137344583991e+00
-9.731106157775787358e-01 -8.539683029311697648e-01 -9.228206208355256290e-01 -1.111590351679897726e+00 -1.053070116347246232e+00 -1.034309781355428726e+00 -1.040601896437979512e+00
-9.731106157775787358e-01 -1.041673685688207396e+00 -9.401027290608556797e-01 -1.074727537518680442e+00 -1.028208767336106000e+00 -1.031650302658944085e+00 -1.031892165894182423e+00
-9.731106157775787358e-01 -9.654924565706567430e-01 -1.093959305878421162e+00 -1.001192746884984830e+00 -1.032191206980554998e+00 -1.045587292589137407e+00 -1.041291370277323880e+00
-9.731106157775787358e-01 -9.311209068895883734e-01 -1.069844269060155728e+00 -1.026997836472618886e+00 -1.023275593243282433e+00 -1.037758728108739703e+00 -1.046409910790310427e+00
-8.614460370746008788e-01 -1.019596821476593584e+00 -1.038931214778689327e+00 -1.089618566014429302e+00 -1.038533582407512368e+00 -1.030075662144504189e+00 -1.027739164629249524e+00
-8.973920392669580970e-01 -9.731106157775787358e-01 -1.087477636493656918e+00 -1.063107712817868755e+00 -1.035900802811422938e+00 -1.036407279029000428e+00 -1.042639015920346246e+00
-8.973920392669580970e-01 -9.865373826898609089e-01 -1.104809098458960026e+00 -1.025516879031139306e+00 -1.050024367226973343e+00 -1.019595567438831729e+00 -1.038141633927141649e+00
-9.731106157775787358e-01 -9.300889687971788389e-01 -1.073864596270920124e+00 -1.010601494352557861e+00 -9.810415914678521920e-01 -1.040331861066468910e+00 -1.037841615377732785e+00
-9.731106157775787358e-01 -9.586634824838445867e-01 -1.093160123937158223e+00 -1.052193793954904866e+00 -1.004796208263430524e+00 -1.040844908899197563e+00 -1.044193879993691843e+00
-8.936513826620411383e-01 -9.697462004093815313e-01 -1.020335550225965893e+00 -1.095498497905937452e+00 -1.013576057219816917e+00 -1.032588329038437447e+00 -1.037242615542247171e+00
-9.046156059138250605e-01 -9.156418355034446899e-01 -1.066406383729227025e+00 -1.069563785183108351e+00 -9.927077319109716136e-01 -1.038222965994510361e+00 -1.038239245723941995e+00
-8.975638703089359183e-01 -9.731106157775787358e-01 -1.053354219757234755e+00 -1.090112813542955195e+00 -1.016856472162673830e+00 -1.037659565905809655e+00 -1.038083100133555980e+00
-8.936513826620411383e-01 -9.972887760036377447e-01 -9.508458832222616008e-01 -1.067952967324658164e+00 -1.054572353933570961e+00 -1.049889626376724561e+00 -1.046280477524877295e+00
-8.504818138228167346e-01 -9.400627487018035078e-01 -8.956438941300248757e-01 -9.950742843400030013e-01 -1.046355521581059378e+00 -1.012433168575844977e+00 -1.044259697178081536e+00
-9.731106157775787358e-01 -9.256040436971119112e-01 -1.037511020032163334e+00 -1.049827375492274673e+00 -1.041831839465983567e+00 -1.047440456169275169e+00 -1.024758481319302028e+00
-8.936513826620411383e-01 -8.780974716166449756e-01 -1.063753237729323065e+00 -1.023317644332456311e+00 -1.027371206433954409e+00 -1.021426817629429218e+00 -1.036024659481921795e+00
-8.975638703089359183e-01 -1.053776769995196094e+00 -1.011623721338867021e+00 -9.578168024946094317e-01 -1.024290522607668397e+00 -1.039235666920579781e+00 -1.021857819022790714e+00
-8.251563727982875740e-01 -1.081319345589452308e+00 -1.042802869421732836e+00 -1.015063030997092497e+00 -9.935454960572058791e-01 -1.034266398332837067e+00 -1.026583417098657414e+00
-9.407334391481603220e-01 -1.017252772489848356e+00 -1.004116155057201087e+00 -1.060826546004278947e+00 -1.053001869551720482e+00 -1.024294036078430947e+00 -1.035065139508154708e+00
-8.577053804696839201e-01 -9.476693361977678309e-01 -1.026448147185889948e+00 -1.023560427923438709e+00 -1.054551053609528832e+00 -1.035393085260960966e+00 -1.039312105681954757e+00
-9.731106157775787358e-01 -8.788866567367547011e-01 -1.023795001185986209e+00 -9.545331928051867809e-01 -1.032823158802050223e+00 -1.029657101312528855e+00 -1.036901542568620993e+00
-8.612742060326228355e-01 -9.187750696102997550e-01 -1.006484204312710684e+00 -1.034316108663469569e+00 -1.035267928124753656e+00 -1.028911119492060378e+00 -1.033990105432843976e+00
-9.046156059138250605e-01 -9.101249723109682277e-01 -1.042394325534401922e+00 -1.006183647657809876e+00 -1.022508910043475439e+00 -1.034159235783381980e+00 -1.034944856550498837e+00
-9.297692158963763998e-01 -1.001785272814662342e+00 -9.455540338326922090e-01 -9.870047483783112030e-01 -1.044471976666559110e+00 -1.024930266098659004e+00 -1.024082480286523822e+00
-8.251563727982875740e-01 -1.081319345589452308e+00 -1.050264741759118436e+00 -1.066646747607671530e+00 -1.043920972784470713e+00 -1.030574495976296578e+00 -1.035772509267969710e+00
-8.936513826620411383e-01 -1.019365640215251556e+00 -1.025502855363003452e+00 -1.089955272133761532e+00 -1.006326517020929678e+00 -1.023083957274440348e+00 -1.044584578508010342e+00
-9.731106157775787358e-01 -8.534453771569439073e-01 -1.015054483650942085e+00 -1.062982326356634033e+00 -1.048329093398249423e+00 -1.044539935019737964e+00 -1.036073865355695567e+00
-9.731106157775787358e-01 -8.649740209282040793e-01 -1.064975406168155114e+00 -9.951975467884843773e-01 -1.042346457274351712e+00 -1.023132663113141438e+00 -1.038931572021917216e+00
-8.612742060326228355e-01 -8.814618869848420690e-01 -9.773408492201781650e-01 -1.028742889664902904e+00 -1.046232400564141241e+00 -1.038948069596471679e+00 -1.036025483675636405e+00
-9.731106157775787358e-01 -8.197393628719833458e-01 -1.034311440391753489e+00 -1.101077058190287339e+00 -1.052636291096444854e+00 -1.035386883840261785e+00 -1.038727283916519362e+00
-9.731106157775787358e-01 -1.009634613282926363e+00 -9.800825312332843708e-01 -9.714487252773981174e-01 -1.019029844300075371e+00 -1.025268596334986348e+00 -1.030728205201239867e+00
-9.369927825432433632e-01 -1.056910004102050937e+00 -9.224120769481944926e-01 -1.008026692283617631e+00 -1.061746391153487235e+00 -1.055023437994907276e+00 -1.048119768206585256e+00
-9.731106157775787358e-01 -8.869787501773185312e-01 -1.050264741759118436e+00 -9.577066708959156571e-01 -1.007546199937205733e+00 -1.029824386493356503e+00 -1.037356663291733039e+00
-9.046156059138250605e-01 -1.071357137395785308e+00 -1.085971468420025676e+00 -1.036332405553313629e+00 -1.016709698729254541e+00 -1.024980562773151860e+00 -1.031787085889816602e+00
-8.938232137040189595e-01 -9.431844110977009032e-01 -1.081901787469288223e+00 -1.061166000703402723e+00 -1.023849514725944099e+00 -1.039115719571262808e+00 -1.039815721224354172e+00
-8.614460370746008788e-01 -1.009403432021584113e+00 -1.032805272318122469e+00 -1.092469261676929371e+00 -1.039869806415146591e+00 -1.045395979597552039e+00 -1.031296844968720983e+00
-9.731106157775787358e-01 -9.431844110977009032e-01 -9.022501077673212855e-01 -1.064396876358206789e+00 -1.011075958529779495e+00 -1.029893482008194194e+00 -1.037863900174965437e+00
-9.731106157775787358e-01 -1.081319345589452308e+00 -1.013271438961365511e+00 -1.043430116638578431e+00 -1.052878746796254372e+00 -1.028104692477997961e+00 -1.038232586083676523e+00
-9.731106157775787358e-01 -8.935649712918309895e-01 -1.063203144293124680e+00 -1.019882065338947097e+00 -1.050282258669125390e+00 -1.022378827367390830e+00 -1.026902093530740911e+00
-9.731106157775787358e-01 -8.880596798103120859e-01 -1.065134861550422141e+00 -1.070774797084220964e+00 -1.032453677007748594e+00 -1.031063750112013011e+00 -1.033723348911779638e+00
