(-0.9834727290331735+0j)
-9.904237384207689177e-01 -1.022689742272524738e+00 -9.888270635720942670e-01 -1.002922200973480837e+00 -9.757945023540057772e-01 -9.919300722154575922e-01 -9.772046597784669331e-01
-8.632137414969731637e-01 -9.405987253681958871e-01 -9.679394924781612453e-01 -9.634024724754972624e-01 -9.778680293783252875e-01 -9.907001229238460160e-01 -9.829820029127575021e-01
-1.117633735344564894e+00 -9.839127219144150338e-01 -9.827806587859374554e-01 -9.783661277275460533e-01 -9.975901137688358844e-01 -9.816948924863810877e-01 -9.888253437745719854e-01
-1.054028736882666850e+00 -1.042348182722400374e+00 -9.989502041719001690e-01 -9.705251008769726351e-01 -9.770109460019286152e-01 -9.911875820651108171e-01 -9.865191801137161987e-01
-9.360780941834128122e-01 -1.011996208271380482e+00 -1.010447523139437642e+00 -9.963658451496963941e-01 -9.673429508654989295e-01 -9.788779326850287621e-01 -9.781433763501783396e-01
-8.817324499460567067e-01 -8.912372169364297658e-01 -9.915296210180121195e-01 -9.701515712641162192e-01 -9.737562887387040123e-01 -9.907818385196225375e-01 -9.836287679542683460e-01
-9.360780941834128122e-01 -1.044616670816455262e+00 -1.030648005049505045e+00 -1.019538501814930553e+00 -9.841163189440691461e-01 -9.777399499360756030e-01 -9.794460864161785851e-01
-9.314484170711418987e-01 -9.563690960990915979e-01 -1.006370787325788552e+00 -9.937678423195039912e-01 -9.785369357476608743e-01 -9.808218958967709344e-01 -9.900013040360904348e-01
-1.117633735344564894e+00 -1.047425019452151718e+00 -9.746729864481837868e-01 -9.589829937246946434e-01 -9.888224611757154836e-01 -9.779145845767349687e-01 -9.856256540507655206e-01
-1.054028736882666850e+00 -1.039539834086703918e+00 -9.807651905238852219e-01 -9.788623155279396748e-01 -9.878124929001279586e-01 -9.905507977317450363e-01 -9.845213058379318483e-01
-8.724730957215148797e-01 -1.001842534811877794e+00 -9.895141527559598860e-01 -1.008042566806324425e+00 -9.833329903191655452e-01 -9.781116204603812481e-01 -9.798756643380202025e-01
-1.117633735344564894e+00 -1.022689742272524738e+00 -9.470061220946836000e-01 -9.731876334342179913e-01 -9.851208045739918706e-01 -9.819437129876478210e-01 -9.819310830175286275e-01
-9.360780941834128122e-01 -9.434070740038924541e-01 -9.585034410622209622e-01 -9.470434443259350132e-01 -9.784314514325276324e-01 -9.776814983494159783e-01 -9.738293913605025054e-01
-8.724730957215148797e-01 -8.838918921126237560e-01 -9.463648322003628266e-01 -9.621998425428182067e-01 -9.816952486252185084e-01 -9.858679426400810408e-01 -9.775265643693035189e-01
-9.904237384207689177e-01 -9.979544650928977578e-01 -9.908425318341465005e-01 -9.790670148095869108e-01 -9.811875860424930096e-01 -9.867656468819496762e-01 -9.882318402102812094e-01
-1.058658413994937764e+00 -1.033383276273668994e+00 -1.013791370479676601e+00 -9.820791643460633491e-01 -9.828032153153332118e-01 -9.786590937507478882e-01 -9.891256031110217117e-01
-1.117633735344564894e+00 -8.614251030270515530e-01 -9.854832162318554190e-01 -9.767198834047134959e-01 -9.850573385264351778e-01 -9.785536595546409089e-01 -9.866783377408666622e-01
-8.724730957215148797e-01 -1.009187859635683804e+00 -1.021899042817430159e+00 -9.716696023491671053e-01 -9.943460084873163574e-01 -9.830905455516218971e-01 -9.826195636670225220e-01
-1.054028736882666850e+00 -9.917979072798629447e-01 -9.746729864481837868e-01 -9.809466191906816013e-01 -9.955267496926512027e-01 -9.823085317190953791e-01 -9.843706459660105379e-01
-9.950534155330398312e-01 -9.979544650928977578e-01 -9.895141527559597749e-01 -1.003418388773874792e+00 -9.770548912912164763e-01 -9.845452066258024715e-01 -9.832536695732491117e-01
-8.817324499460567067e-01 -9.681423511835194340e-01 -1.014478459663542109e+00 -9.972650302468162309e-01 -9.888000398996379392e-01 -9.867201717271534278e-01 -9.825450355182090423e-01
-8.724730957215148797e-01 -9.900692797274498469e-01 -9.996372933557660101e-01 -9.822838636277104740e-01 -9.762164982885709330e-01 -9.755819042320603707e-01 -9.804647536364441418e-01
-1.054028736882666850e+00 -1.017612905542773394e+00 -9.895141527559598860e-01 -9.962256755951021114e-01 -9.786625720113554250e-01 -9.898084960668558363e-01 -9.735227444842726729e-01
-1.058658413994937764e+00 -9.574488171823750671e-01 -9.645498458483776627e-01 -9.818282929207444720e-01 -9.823873853540019407e-01 -9.790890179617846023e-01 -9.775449403769476131e-01
-1.054028736882666850e+00 -1.100783643530385714e+00 -1.025929979341534626e+00 -9.646576758184164380e-01 -9.827253473681191176e-01 -9.808008618091872410e-01 -9.802588686441841004e-01
-9.950534155330398312e-01 -1.017612905542773394e+00 -9.632214667701910482e-01 -9.725512760792300870e-01 -9.883644685045639422e-01 -9.868061363182962786e-01 -9.826474139200912505e-01
-8.134977743718878607e-01 -9.844525824560568239e-01 -9.908883311236913460e-01 -9.935750993546694776e-01 -9.892405122726560807e-01 -9.798840198631673104e-01 -9.816233075794074114e-01
-1.117633735344564894e+00 -1.059198274536579554e+00 -1.027945447603586970e+00 -9.564725870388562923e-01 -9.858386734313790978e-01 -9.837029186879163722e-01 -9.850149703931799783e-01
-9.996830926453107447e-01 -1.034462997356952574e+00 -9.632214667701911592e-01 -9.734504611763497017e-01 -9.967776831052493902e-01 -9.836830370469848983e-01 -9.894346656357726477e-01
-9.904237384207689177e-01 -9.979544650928977578e-01 -9.699549607402135898e-01 -9.820791643460633491e-01 -9.724937831205382466e-01 -9.870697820064695538e-01 -9.832011958685623609e-01
-9.360780941834128122e-01 -1.042348182722400374e+00 -9.969347359098479355e-01 -1.003751301293303477e+00 -9.885199355316112158e-01 -9.855734668323111736e-01 -9.826712343617610701e-01
-8.724730957215148797e-01 -9.097068903755340941e-01 -9.766884547102359093e-01 -9.487542183758204128e-01 -9.750931307760837274e-01 -9.869121019608309009e-01 -9.838467615568962099e-01
-9.996830926453107447e-01 -9.563690960990915979e-01 -9.874986844939077635e-01 -9.951632152170174495e-01 -9.877564886572238745e-01 -9.765364888152820999e-01 -9.891197058924534602e-01
-9.904237384207689177e-01 -9.839127219144150338e-01 -9.841090378641241809e-01 -9.904984200911401970e-01 -1.001028772991041649e+00 -9.860918539910402680e-01 -9.839820253154841767e-01
-9.314484170711418987e-01 -1.042348182722400374e+00 -1.016493927925594232e+00 -1.001223383240408271e+00 -9.727015543242922835e-01 -9.751726604670618581e-01 -9.852325869483753440e-01
-9.268187399588709852e-01 -1.043427903805683954e+00 -9.706420499240792088e-01 -9.778524285600953547e-01 -9.755146640585539153e-01 -9.852245818672251687e-01 -9.798976077221721592e-01
-9.360780941834128122e-01 -1.009727720177325594e+00 -9.605189093242731957e-01 -9.625032873783775367e-01 -9.911164803838267146e-01 -9.808839039086763023e-01 -9.945849617241014906e-01
-8.678434186092440772e-01 -9.979544650928977578e-01 -9.605189093242731957e-01 -9.640914032407255085e-01 -9.802557800081181938e-01 -9.816493992342820718e-01 -9.830617982831021395e-01
-8.724730957215148797e-01 -9.670626301002359648e-01 -1.011775902217624257e+00 -9.848643550908460220e-01 -9.899020091547162670e-01 -9.843595168679738494e-01 -9.836392212166500393e-01
-9.314484170711418987e-01 -1.031654648721255896e+00 -9.868115953100419224e-01 -1.002285843618492933e+00 -9.841857302893858295e-01 -9.852495152020777081e-01 -9.822486405309378554e-01
-1.054028736882666850e+00 -1.014804556907076938e+00 -1.006370787325788330e+00 -1.004562890246069040e+00 -9.706575639494278152e-01 -9.837892655898751171e-01 -9.852845041999558351e-01
-9.360780941834128122e-01 -1.023769463355808096e+00 -9.530983261703851461e-01 -9.856114143165588537e-01 -9.800520338205882531e-01 -9.845028975804317461e-01 -9.866356495270587335e-01
-1.054028736882666850e+00 -9.316338189194646180e-01 -9.274927293684820384e-01 -9.972355625629465425e-01 -9.715576858172635388e-01 -9.865257917027682177e-01 -9.809120850691501747e-01
-8.088680972596169472e-01 -9.732191879132707779e-01 -9.625343775863254292e-01 -9.538626278918511670e-01 -9.831576320066205410e-01 -9.797027550568200294e-01 -9.824423020215369284e-01
-1.117633735344564894e+00 -1.051313089171131754e+00 -9.942321784639300830e-01 -1.004965887542795144e+00 -9.790385340170005835e-01 -9.852457093226238971e-01 -9.857304194437942479e-01
-9.360780941834128122e-01 -1.003031301822649102e+00 -9.510828579083329126e-01 -1.001737082407858859e+00 -9.810465704376745144e-01 -9.823716783656245566e-01 -9.812017262248041716e-01
-8.724730957215148797e-01 -1.017612905542773394e+00 -9.868115953100420334e-01 -9.867439594719407125e-01 -9.895014114775601000e-01 -9.751043057428998573e-01 -9.813463531311362731e-01
-9.407077712956837257e-01 -9.754876760073254438e-01 -9.544725045381166062e-01 -1.001416126205242785e+00 -9.801533741038714886e-01 -9.855258264615132102e-01 -9.828201427836782411e-01
-9.904237384207689177e-01 -9.602571658180716341e-01 -9.922167102018777385e-01 -9.770934130175698007e-01 -9.769690988872545834e-01 -9.859301138513352214e-01 -9.817656888093206913e-01
-8.724730957215148797e-01 -1.023769463355808096e+00 -1.045489171357281144e+00 -9.961030174075646837e-01 -9.803241683347663216e-01 -9.898544861351704638e-01 -9.796773527873093856e-01
