(-0.9834727290331735+0j)
-9.407077712956837257e-01 -1.029053950155681019e+00 -1.009325838020294519e+00 -9.617484269944704955e-01 -9.779671793148723147e-01 -9.836074152512772617e-01 -9.824346657232911895e-01
-9.102467509171758842e-01 -9.361271767365790808e-01 -9.762504303634869096e-01 -9.976774212360963734e-01 -9.940874048848586941e-01 -9.882211984685198569e-01 -9.864525231957312901e-01
-8.607761965579220353e-01 -9.237595381467655908e-01 -9.930932951969344558e-01 -9.858283196570287732e-01 -9.688912253723211965e-01 -9.861547618649231239e-01 -9.849155794764830052e-01
-9.407077712956837257e-01 -1.019080210276407161e+00 -1.015177916582049589e+00 -9.886354278941913432e-01 -9.916858687877618816e-01 -9.810812684703308362e-01 -9.839327272147404546e-01
-9.597173052764298440e-01 -1.058424807666051182e+00 -1.020670716119514765e+00 -9.808147565985898542e-01 -9.853547561171596136e-01 -9.811031629657807063e-01 -9.818544329091346556e-01
-8.417666625771758060e-01 -1.058424807666051182e+00 -9.748637025415241020e-01 -9.958429169959014393e-01 -9.850609256802551617e-01 -9.839960966248058050e-01 -9.840312121114948019e-01
-1.009187859635683804e+00 -9.582835645361285071e-01 -9.892600613684303656e-01 -9.810149873072668836e-01 -9.786953013779271515e-01 -9.790416227790462722e-01 -9.849686627403386741e-01
-7.922961082179218462e-01 -1.001955787613588278e+00 -1.004700697781590657e+00 -1.005944699284513355e+00 -9.886491304560931503e-01 -9.794618291179912895e-01 -9.826353037192807616e-01
-8.607761965579220353e-01 -9.214446995906301341e-01 -9.196771282073422649e-01 -9.819929918831199478e-01 -9.762518466224821001e-01 -9.848208651325264240e-01 -9.851019872408895983e-01
-9.597173052764298440e-01 -9.934351510170180699e-01 -9.872849917298653910e-01 -9.696707191076252563e-01 -9.701341066881706832e-01 -9.762940848111888448e-01 -9.797214135328926599e-01
-9.102467509171758842e-01 -9.827348594963924988e-01 -9.989877453348067204e-01 -9.927737025309236740e-01 -9.780593640009340728e-01 -9.824411386791971346e-01 -9.850776188186696203e-01
-1.009187859635683804e+00 -1.019080210276407161e+00 -9.874973676528449040e-01 -9.836344174793441031e-01 -9.768643016937239576e-01 -9.784596813095667311e-01 -9.855302788743680598e-01
-1.058658413994937764e+00 -1.052644078695531782e+00 -1.026269391777178352e+00 -9.895655819874409342e-01 -9.842994265030278189e-01 -9.842679247518499874e-01 -9.830927883410817136e-01
-1.009187859635683804e+00 -1.042670338816257924e+00 -1.041053919920370330e+00 -1.009875343131123149e+00 -9.915993088828856106e-01 -9.869497942013407688e-01 -9.838807114553056454e-01
-8.912372169364297658e-01 -1.028082867659042110e+00 -9.937001245606725819e-01 -9.790315318377905696e-01 -9.786014336719186524e-01 -9.801639107875548262e-01 -9.831669122094307545e-01
-8.912372169364297658e-01 -9.809026105793403616e-01 -9.833831495708681425e-01 -9.740769315260562333e-01 -9.751694978367166922e-01 -9.828793761835760145e-01 -9.830749687829621886e-01
-7.922961082179218462e-01 -9.880025543327732862e-01 -9.703023110313733213e-01 -9.701287831510746473e-01 -9.753517534305573555e-01 -9.770436379477743793e-01 -9.780085889222902562e-01
-1.009187859635683804e+00 -1.049136044693290026e+00 -1.004152773103617058e+00 -9.809389685074276777e-01 -9.759671115556802778e-01 -9.835305538426143412e-01 -9.831601331863892845e-01
-1.009187859635683804e+00 -1.066260467356108688e+00 -1.027219181406249238e+00 -1.014468232281701798e+00 -1.005843323726496985e+00 -9.919094487496803447e-01 -9.847565227376583463e-01
-9.597173052764298440e-01 -9.668336098809180434e-01 -9.520830060204044099e-01 -9.691338243973522948e-01 -9.761775089022169949e-01 -9.797017127707864370e-01 -9.805223842654564592e-01
-9.597173052764298440e-01 -1.005695150737661248e+00 -1.005494751112376850e+00 -9.972562590915348135e-01 -9.928428891283952451e-01 -9.839554905736229706e-01 -9.858872243521190626e-01
-1.009187859635683804e+00 -9.954900817365563981e-01 -1.014358814896638261e+00 -9.939354577845620486e-01 -9.987670084381889968e-01 -9.871250503072399596e-01 -9.840532840053539676e-01
-9.102467509171758842e-01 -9.350311106499691327e-01 -9.760374881578333106e-01 -9.778769410566181541e-01 -9.779081422147506419e-01 -9.817700574367190791e-01 -9.816250171440268346e-01
-1.009187859635683804e+00 -9.247196961170038865e-01 -9.322704750749974956e-01 -9.598797885562280197e-01 -9.784390148263695242e-01 -9.811269854912789690e-01 -9.839518785776545373e-01
-9.407077712956837257e-01 -1.019080210276407161e+00 -9.827893459652561337e-01 -9.892053658065287358e-01 -9.841444273133739262e-01 -9.831187915328247762e-01 -9.832248946873904938e-01
-1.009187859635683804e+00 -9.880025543327732862e-01 -9.754804515857432579e-01 -9.786708006116924263e-01 -9.833838451811800496e-01 -9.813305550457852577e-01 -9.855158356863301661e-01
-7.922961082179218462e-01 -9.432434813410672803e-01 -1.024540635922554621e+00 -1.006914409159900270e+00 -9.908084724355898931e-01 -9.828286296488955021e-01 -9.824728532273414583e-01
-8.417666625771758060e-01 -9.665705948038121331e-01 -9.841303502109466361e-01 -9.636975204074837986e-01 -9.709248436725385067e-01 -9.774595008187108025e-01 -9.805997100514537435e-01
-8.912372169364297658e-01 -1.040615408096719818e+00 -1.002325524535362389e+00 -9.859281769907548565e-01 -9.904447630851320739e-01 -9.822731286644816873e-01 -9.838592718223474476e-01
-9.407077712956837257e-01 -9.424122925218920699e-01 -9.847222586690178581e-01 -9.694071806156924209e-01 -9.757094811993125560e-01 -9.780165176532971127e-01 -9.796874785177110967e-01
-9.407077712956837257e-01 -9.168840364269461585e-01 -9.455184135294716352e-01 -9.689458407612671076e-01 -9.853273979572768626e-01 -9.816733372622825637e-01 -9.830177203973679001e-01
-1.009187859635683804e+00 -1.017025279556868833e+00 -9.729175946518526796e-01 -9.822894223844029771e-01 -9.836191984154107892e-01 -9.816604604677626744e-01 -9.818938841671461804e-01
-1.009187859635683804e+00 -1.042670338816257924e+00 -1.015314688017336486e+00 -9.940292609916580036e-01 -9.801589196786273384e-01 -9.925084056065384130e-01 -9.861448988717318453e-01
-9.102467509171758842e-01 -1.018692626626056974e+00 -1.018578107602050586e+00 -1.006362875369150256e+00 -1.003140125936199389e+00 -9.950537620031471020e-01 -9.860819758174341754e-01
-1.058658413994937764e+00 -9.488779983989240607e-01 -9.505479138970118758e-01 -9.713537491959602921e-01 -9.704739254787979608e-01 -9.840549270448565311e-01 -9.822016819662102716e-01
-1.058658413994937764e+00 -1.051672996198892873e+00 -9.743466165898302389e-01 -1.001781744228826820e+00 -9.859808755554653192e-01 -9.788745313068746290e-01 -9.818994981913058417e-01
-1.009187859635683804e+00 -9.455174177695642168e-01 -9.876288567177918809e-01 -9.769905567088920106e-01 -9.842824231002409441e-01 -9.802800405606636458e-01 -9.806008569223964022e-01
-9.597173052764298440e-01 -9.467198293880343396e-01 -1.007641904811957367e+00 -1.019451461439801365e+00 -9.910718289263911185e-01 -9.833614379824759943e-01 -9.822936027045987561e-01
-9.407077712956837257e-01 -1.019080210276407161e+00 -9.998402826390309084e-01 -9.909656454839288475e-01 -9.864632539161720670e-01 -9.921528619755874967e-01 -9.870218064386450108e-01
-8.912372169364297658e-01 -1.004492739119191125e+00 -9.832298703241402205e-01 -9.793661878471662252e-01 -9.909517935594930327e-01 -9.839429624518545303e-01 -9.836171179631809647e-01
-8.417666625771758060e-01 -9.640642935066479069e-01 -9.639657955759588503e-01 -1.001803770649116743e+00 -1.005685311285057004e+00 -9.911130936436342020e-01 -9.844961189807035495e-01
-1.009187859635683804e+00 -1.011592682872624049e+00 -9.698393446935957840e-01 -9.773918732528730224e-01 -9.768144786294334914e-01 -9.819572815783379482e-01 -9.823274341720209524e-01
-1.009187859635683804e+00 -9.934351510170180699e-01 -9.840533924466495774e-01 -9.740673344381065579e-01 -9.905308561274925871e-01 -9.810776342901140756e-01 -9.832653060562233094e-01
-7.922961082179218462e-01 -9.479222410065044624e-01 -9.537422096493265444e-01 -9.560261061539555572e-01 -9.696110843031331417e-01 -9.805167844336730720e-01 -9.839575751309299623e-01
-8.912372169364297658e-01 -9.640642935066479069e-01 -9.494360977669060730e-01 -9.734356359721774155e-01 -9.833252458497333537e-01 -9.835503130349694256e-01 -9.844507268636897290e-01
-7.922961082179218462e-01 -8.624693782410031151e-01 -9.781192389037540735e-01 -9.940185453024521500e-01 -9.891629223197411225e-01 -9.820650498744192269e-01 -9.844337155788472904e-01
-8.417666625771758060e-01 -9.404741649667971437e-01 -9.593297591899958565e-01 -9.838992159499818646e-01 -9.878542701497430301e-01 -9.872042082729712842e-01 -9.823284057386192369e-01
-8.607761965579220353e-01 -9.217002386776069756e-01 -1.003976553433828967e+00 -9.708400477338230417e-01 -9.733484325533532378e-01 -9.805569432301396438e-01 -9.840096137539882104e-01
-1.058658413994937764e+00 -1.019080210276407161e+00 -1.007028670992760055e+00 -9.876334197903209322e-01 -9.850143111307599897e-01 -9.833045987664174037e-01 -9.843606165647313944e-01
-8.912372169364297658e-01 -9.715123695463552256e-01 -9.617180002243572723e-01 -9.737139841685673591e-01 -9.832957296442885742e-01 -9.818352073541518621e-01 -9.851203795873693103e-01
