(-0.9834727290331735+0j)
-1.078316854444813400e+00 -1.037282250585397803e+00 -1.012197266813608554e+00 -9.875697673917929187e-01 -9.863755959520046357e-01 -9.859272124953557537e-01 -9.860556145625509750e-01
-8.883743453369893350e-01 -9.992937487638330341e-01 -9.233499818327837172e-01 -9.797066594272225704e-01 -9.916184888086353455e-01 -9.929954741006373764e-01 -9.871510291414665739e-01
-9.106360947986535948e-01 -1.012514528082314236e+00 -9.590393730166477670e-01 -9.584592778773552979e-01 -9.757389548215289476e-01 -9.796099777212009529e-01 -9.836220436242885112e-01
-8.030986881465540517e-01 -9.278248213646761444e-01 -9.751782426645834168e-01 -9.810346086331014348e-01 -9.777557945927686234e-01 -9.771965418087030786e-01 -9.807371056425329137e-01
-7.922961082179218462e-01 -9.524061000040405789e-01 -9.839646888799331581e-01 -9.770133806446159586e-01 -9.870501968998400821e-01 -9.891457874211866397e-01 -9.865285088623337861e-01
-5.849091237905330587e-01 -9.180970853796841524e-01 -9.612294930033433715e-01 -9.797703319685964196e-01 -9.916091031797391597e-01 -9.890969063056660460e-01 -9.839289056024861368e-01
-1.028586737497907633e+00 -9.400588648265542080e-01 -9.920438549750690838e-01 -1.004923832134564154e+00 -9.912040982110168486e-01 -9.830118495902278042e-01 -9.817939343530435181e-01
-1.117633735344564894e+00 -1.014887199367652704e+00 -1.010657763432996958e+00 -1.001391452538846316e+00 -9.865160940175585758e-01 -9.850493063354269774e-01 -9.831964918698592459e-01
-9.996830926453107447e-01 -9.927438510922736992e-01 -9.619614330878726305e-01 -9.737647522373813480e-01 -9.760077686969045319e-01 -9.801492548587222853e-01 -9.827314088549532478e-01
-9.892698565981563608e-01 -9.782502326524532554e-01 -9.976180958571689850e-01 -9.741547558613672386e-01 -9.789669558875299105e-01 -9.790717708743883474e-01 -9.828832954470273497e-01
-8.215890969519965559e-01 -1.004111022905932460e+00 -9.825531819075616902e-01 -9.891492772932257704e-01 -9.930131853940635800e-01 -9.921021910115674913e-01 -9.877488593673091621e-01
-9.844525824560568239e-01 -1.022999029655581538e+00 -9.877030546695613200e-01 -9.893893280768006893e-01 -9.732315645752552813e-01 -9.818321127806786119e-01 -9.806326596625229985e-01
-1.003004040340777170e+00 -1.039284906545260068e+00 -1.009737635604514905e+00 -9.994819213060817109e-01 -9.810293218846015684e-01 -9.842792054380625766e-01 -9.852333993529712730e-01
-8.468434993069271499e-01 -8.489202990129183224e-01 -9.203093925345662285e-01 -9.564039423946348872e-01 -9.752136822822043971e-01 -9.762801502241423846e-01 -9.796224587067881018e-01
-8.724730957215148797e-01 -1.011088813033758527e+00 -9.910132168486290860e-01 -9.827285063704251922e-01 -9.790270352764626205e-01 -9.790146920638765904e-01 -9.838614065023999489e-01
-9.844525824560568239e-01 -9.827348594963924988e-01 -1.027219712726306522e+00 -9.858388695918204325e-01 -9.876380499550974079e-01 -9.896247670508194760e-01 -9.853278985718181282e-01
-9.440287189911500398e-01 -9.777065977707040112e-01 -9.784664343590232516e-01 -9.824761671099204730e-01 -9.828371553576430442e-01 -9.798009838190451237e-01 -9.828732383155480701e-01
-1.058658413994937764e+00 -1.019942327974652008e+00 -9.902394163345040745e-01 -9.808458438472035246e-01 -9.824232024215608927e-01 -9.821828623481618781e-01 -9.832553319053243257e-01
-9.692220722668030142e-01 -9.361271767365790808e-01 -9.400014228780002590e-01 -9.636863101965130740e-01 -9.838371146091339225e-01 -9.891474247294573807e-01 -9.863692565851704952e-01
-1.117633735344564894e+00 -1.069929986498141306e+00 -1.010716632992312292e+00 -9.918248871860438909e-01 -9.825844657730407050e-01 -9.779246996727279928e-01 -9.844671601924769311e-01
-8.260780762918960018e-01 -9.404464484769045063e-01 -9.690989381187200546e-01 -9.806020484654314195e-01 -9.866332006778331110e-01 -9.889019640869075589e-01 -9.847783931543415692e-01
-8.771027728337857932e-01 -9.242801999491233600e-01 -9.857352620533037513e-01 -9.750837655464410503e-01 -9.914440505735564457e-01 -9.846313302377309729e-01 -9.850830988740049143e-01
-8.097405835374866800e-01 -9.983227958756442089e-01 -1.016610896347529991e+00 -9.802894689091842251e-01 -9.792454901316504090e-01 -9.830367114082013691e-01 -9.854924395692448158e-01
-9.440287189911500398e-01 -9.844525824560568239e-01 -9.949629995107041047e-01 -9.769391392839266164e-01 -9.799698345430908342e-01 -9.798983964257943491e-01 -9.811208271508590206e-01
-1.058658413994937764e+00 -9.783656590737376257e-01 -9.962457591776607835e-01 -9.885897536013199538e-01 -9.800788752574043361e-01 -9.913400488535732968e-01 -9.858979288060629731e-01
-9.557365346332884481e-01 -1.002375483564740044e+00 -1.015665371441434539e+00 -9.971176913060330049e-01 -9.773762982193439086e-01 -9.868845060240565292e-01 -9.846908925456749895e-01
-9.210493308458080897e-01 -8.927240337148538707e-01 -9.296899403376250870e-01 -9.781550435847452540e-01 -9.844508212025055993e-01 -9.842812060660289797e-01 -9.846366718690026110e-01
-1.061979361690404078e+00 -1.054028736882666850e+00 -9.709638330059230382e-01 -9.835129069321064677e-01 -9.825986974642085814e-01 -9.804677471484575246e-01 -9.827230105209998623e-01
-1.058658413994937764e+00 -1.087951402729012251e+00 -9.956461532732618913e-01 -9.790033223845712174e-01 -9.785725196316577001e-01 -9.812063317283714614e-01 -9.847731978570877232e-01
-9.314484170711418987e-01 -9.960284906904508517e-01 -1.005572464357674001e+00 -9.831389600990442235e-01 -9.893378314087435399e-01 -9.833263330434917071e-01 -9.858009358926087540e-01
-1.058658413994937764e+00 -1.056940691035273439e+00 -1.023077462259050163e+00 -1.015850339418511883e+00 -9.845230166834961771e-01 -9.888747104507682462e-01 -9.836566632129553067e-01
-9.844525824560568239e-01 -1.032560283727750550e+00 -9.730730094250376050e-01 -9.883175803595605213e-01 -9.872862858376052486e-01 -9.877061926929395774e-01 -9.831276783192979263e-01
-7.545224530222608417e-01 -9.640716087358531805e-01 -9.959048981535071343e-01 -9.587272662845285343e-01 -9.734684076432504884e-01 -9.811603196321214693e-01 -9.806066889515158147e-01
-6.735667777557124980e-01 -8.937012858052910680e-01 -9.666626232788069206e-01 -9.587289430889652797e-01 -9.758595773204450374e-01 -9.827964785253100466e-01 -9.831173562117523357e-01
-9.996830926453107447e-01 -9.724838999497857905e-01 -9.923557859251641577e-01 -9.880444476675815935e-01 -9.857510265426636664e-01 -9.844131967049181142e-01 -9.810372502508826198e-01
-9.314484170711418987e-01 -1.020543122854117746e+00 -1.003191540372086132e+00 -9.584892088599441529e-01 -9.851578956465677495e-01 -9.827833851323104497e-01 -9.860363260631630489e-01
-8.327199716828286302e-01 -9.850759310112343625e-01 -9.373442909546153556e-01 -9.604109696847651367e-01 -9.830043890978386045e-01 -9.834488088191841726e-01 -9.848894927367526364e-01
-1.009187859635683804e+00 -1.023931689973090586e+00 -9.429079660272370322e-01 -9.753663670754844084e-01 -9.785424872799943774e-01 -9.813054471266370316e-01 -9.833077170260408062e-01
-9.996830926453107447e-01 -9.976004454358797791e-01 -1.011741930377362708e+00 -9.861010961245446627e-01 -9.815854212631001108e-01 -9.775665928212367017e-01 -9.839119063722361336e-01
-1.054028736882666850e+00 -1.051672996198892873e+00 -9.982985987942585293e-01 -9.956345726630293491e-01 -9.968793751340827569e-01 -9.918471031734015231e-01 -9.847277878233389181e-01
-8.607761965579220353e-01 -1.010163220702047671e+00 -1.012635289816695039e+00 -9.893568553526427278e-01 -9.751949076072571332e-01 -9.796687717522218897e-01 -9.875076232491587502e-01
-9.007419839268028250e-01 -9.868463189573110084e-01 -9.929727662633577312e-01 -1.010265156095035533e+00 -9.818884502951721327e-01 -9.824607652829091542e-01 -9.837217590307463233e-01
-1.004111022905932460e+00 -9.746233622311190059e-01 -9.745158386763443925e-01 -9.699531283174880336e-01 -9.815453649290968308e-01 -9.802703660782647876e-01 -9.813993056448855334e-01
-1.028586737497907633e+00 -1.027697004372515543e+00 -1.000959558541874461e+00 -1.003520152415256828e+00 -9.922455742202778151e-01 -9.882041050652856651e-01 -9.846704633459119060e-01
-8.512714295675489762e-01 -9.145855992701569237e-01 -9.521692312147617132e-01 -9.638695166910073997e-01 -9.643196848820441147e-01 -9.792923048752258941e-01 -9.810896999836001831e-01
-8.227571285964296877e-01 -1.052405997951378680e+00 -9.911301207371130406e-01 -9.763100382229346064e-01 -9.890012424903047439e-01 -9.841113608774589849e-01 -9.810981902923410214e-01
-7.180902766790410174e-01 -9.584458958050827704e-01 -1.006805381903017604e+00 -9.960510074622264121e-01 -9.742818183714616609e-01 -9.786133203969777927e-01 -9.820624715340156019e-01
-1.058658413994937764e+00 -1.043335070051348179e+00 -1.015996215548595094e+00 -9.864572406576137542e-01 -9.746758460728628393e-01 -9.832018713364460982e-01 -9.827868267155279725e-01
-1.058658413994937764e+00 -1.003092236160472828e+00 -9.974493230515446562e-01 -9.955877541476072512e-01 -9.942027670823432306e-01 -9.859065825083513923e-01 -9.842450422500955698e-01
-9.502125382860567848e-01 -9.290272329831462672e-01 -9.613466276252021769e-01 -9.688428548263050555e-01 -9.803439481631986974e-01 -9.848513201644796267e-01 -9.839860302857537100e-01
