(-0.9834727290331735+0j)
-9.473496666866163540e-01 -9.615618089840446414e-01 -1.013678452737286406e+00 -9.834609846660915533e-01 -9.823058431002736901e-01 -9.915062101330005540e-01 -9.834459539435748132e-01
-9.473496666866163540e-01 -1.056343575438802418e+00 -9.829194455700210886e-01 -9.608695274100740313e-01 -9.702425834443165753e-01 -9.795119195519836897e-01 -9.846163172845422418e-01
-9.473496666866163540e-01 -1.022434814731080888e+00 -1.009165486818068835e+00 -9.753184313313354448e-01 -9.680493156106978470e-01 -9.853801647018326504e-01 -9.805753025632506503e-01
-1.117633735344564894e+00 -1.009797245870446503e+00 -9.861726607684137003e-01 -9.742607415854236397e-01 -9.811166382143535758e-01 -9.824556122216070442e-01 -9.810133781289229749e-01
-9.996830926453107447e-01 -1.010005822949809673e+00 -9.076369394794272516e-01 -9.794152382352392383e-01 -9.694196002312625016e-01 -9.807133249748967163e-01 -9.829137734893873546e-01
-8.293990239873623160e-01 -1.024541076207853507e+00 -9.643067576141871600e-01 -1.013631777594659056e+00 -9.719872141449013014e-01 -9.801218806287810281e-01 -9.847562018628361891e-01
-8.883743453369893350e-01 -1.022643391810444058e+00 -1.007859353010736925e+00 -9.818588662688971791e-01 -9.866099633073430741e-01 -9.890022742425377267e-01 -9.835542889998247773e-01
-1.058658413994937764e+00 -9.927385769769043744e-01 -1.021947479275726156e+00 -1.007556195530449727e+00 -9.871009670068824349e-01 -9.869769054533492625e-01 -9.811239657272508019e-01
-8.360409193782950554e-01 -1.009797245870446503e+00 -9.996019222439238572e-01 -9.773155531179070765e-01 -9.957434495803724195e-01 -9.818894491366506605e-01 -9.822132055182331012e-01
-1.058658413994937764e+00 -9.485070859646842489e-01 -9.769443264748216560e-01 -9.595109984655627589e-01 -9.715908125162612263e-01 -9.852007020388547920e-01 -9.855024969323439299e-01
-8.293990239873623160e-01 -1.069189721378799751e+00 -9.516807845251796794e-01 -9.860686263745025437e-01 -9.950150684382175204e-01 -9.857409604039359952e-01 -9.847565565845259883e-01
-8.883743453369893350e-01 -9.314484170711418987e-01 -1.020820556380297450e+00 -9.898002702917105822e-01 -9.939727011275907298e-01 -9.805073341333278014e-01 -9.852835619006610202e-01
-8.883743453369893350e-01 -9.632509163020909204e-01 -9.516807845251796794e-01 -9.716986346541852670e-01 -9.835855878535160191e-01 -9.797863661878368768e-01 -9.847054309968210628e-01
-8.360409193782950554e-01 -9.779947466394975919e-01 -9.999255567528501087e-01 -9.803241662962316472e-01 -9.812977179489980051e-01 -9.859895023199142239e-01 -9.842115467471359569e-01
-9.473496666866163540e-01 -9.487156630440471972e-01 -1.004796944495874200e+00 -9.595839425859704619e-01 -9.788891282213836309e-01 -9.802408989453839094e-01 -9.840464008498482906e-01
-9.996830926453107447e-01 -9.466094015672747997e-01 -1.020664537011647610e+00 -9.794304902250730027e-01 -9.813621400641232562e-01 -9.926650644815043778e-01 -9.860659028907603485e-01
-9.996830926453107447e-01 -1.039702060703986408e+00 -9.816365033059426537e-01 -1.005455846836131428e+00 -9.743998660760927466e-01 -9.879205105949433463e-01 -9.838191744811602968e-01
-1.006324988036243262e+00 -9.169131638130982864e-01 -9.473122422029851553e-01 -9.582132562880579796e-01 -9.862779837938282501e-01 -9.804647830589185986e-01 -9.848643703284862827e-01
-1.058658413994937764e+00 -1.058658413994937764e+00 -9.379162927691164775e-01 -9.954384088258023677e-01 -9.913789694617547443e-01 -9.850199924584451816e-01 -9.814347087217774046e-01
-1.117633735344564894e+00 -1.012320661505945019e+00 -9.390548114361719767e-01 -1.007780995972209048e+00 -9.755890709620128609e-01 -9.864705632560522020e-01 -9.841540837011941711e-01
-1.117633735344564894e+00 -1.039284906545260068e+00 -1.012551529841857700e+00 -1.000806212140962215e+00 -9.703070055594418264e-01 -9.820602768930034587e-01 -9.859627457085069491e-01
-8.950162407279220744e-01 -9.440859859317762837e-01 -9.730554380302032236e-01 -9.930190954989469576e-01 -9.681056133186690671e-01 -9.781649676338769472e-01 -9.821481298747913868e-01
-8.883743453369893350e-01 -1.037387222147850618e+00 -1.004138079706395015e+00 -9.724095080396673030e-01 -9.861572639707320009e-01 -9.775389836612613514e-01 -9.864373949345016657e-01
-1.117633735344564894e+00 -1.039493483624623238e+00 -9.871319685235659946e-01 -9.824488296973525880e-01 -9.876221506621958302e-01 -9.728542506623594210e-01 -9.889806389068375170e-01
-7.770655980286680364e-01 -9.318655712298680172e-01 -9.910324527398111094e-01 -9.665684527111723101e-01 -9.720173941006754470e-01 -9.850718018981952095e-01 -9.872320467314577019e-01
-1.117633735344564894e+00 -9.615618089840445304e-01 -9.652660653693395654e-01 -9.880772419374894699e-01 -9.945844246502263397e-01 -9.864890799867339632e-01 -9.867095735118562860e-01
-9.407077712956837257e-01 -9.927385769769043744e-01 -9.882356998757413358e-01 -9.845606721680859597e-01 -9.847184950314651353e-01 -9.813572022194783084e-01 -9.826294529539429945e-01
-9.473496666866163540e-01 -9.760970622420883647e-01 -9.908532418279079046e-01 -9.678631002522445348e-01 -9.886563935656684787e-01 -9.881604176042964038e-01 -9.842766997362135672e-01
-1.058658413994937764e+00 -9.613532319046815822e-01 -9.413255273361588182e-01 -9.622492764249555020e-01 -9.879883723350617597e-01 -9.802834500197930012e-01 -9.833041527403465487e-01
-8.293990239873623160e-01 -9.295507326737326714e-01 -9.868083340146396321e-01 -9.867673424065832588e-01 -9.853603985098747797e-01 -9.870114450798492811e-01 -9.818035550678213541e-01
-1.006324988036243262e+00 -9.124920637801903212e-01 -9.688429150766584286e-01 -9.793332313978626580e-01 -9.862135616787029990e-01 -9.897386416251310326e-01 -9.805968446315507236e-01
-1.117633735344564894e+00 -1.041599745101395413e+00 -1.026304425826294331e+00 -9.718535856119694394e-01 -9.830684664017796948e-01 -9.830211518478475519e-01 -9.842531230052470326e-01
-1.058658413994937764e+00 -1.054237313962029798e+00 -9.999139609812233154e-01 -9.968758499712577770e-01 -9.760760124579752617e-01 -9.824728820348570535e-01 -9.870947982096993645e-01
-1.006324988036243262e+00 -9.293421555943695012e-01 -9.991222683663476545e-01 -9.803120089428304373e-01 -9.883807117601247638e-01 -9.794261939444492970e-01 -9.835831429686900940e-01
-1.006324988036243262e+00 -1.005584722916901708e+00 -9.868199297862663144e-01 -9.540156535358539358e-01 -9.879622545828646851e-01 -9.861356722738238156e-01 -9.789981253366024649e-01
-9.996830926453107447e-01 -1.007690984393674327e+00 -9.338829807274748873e-01 -9.756617106706749754e-01 -9.751886071297957148e-01 -9.885797872766273198e-01 -9.856787414608229048e-01
-9.996830926453107447e-01 -9.611446548253185229e-01 -1.013366413999986948e+00 -9.889496979382781383e-01 -9.854509383771969944e-01 -9.829779773147224731e-01 -9.850955722612089183e-01
-8.883743453369893350e-01 -9.442945630111393429e-01 -1.021779864135449856e+00 -9.876154837005693965e-01 -9.769332378303804409e-01 -9.855621211996739017e-01 -9.856256374933736186e-01
-8.360409193782950554e-01 -1.027064491843352023e+00 -9.547547888116689752e-01 -9.742242695252197882e-01 -9.874933064319454390e-01 -9.840418476903509681e-01 -9.819763698455313827e-01
-9.473496666866163540e-01 -1.026855914763988853e+00 -9.390200241212918186e-01 -9.790841162493006955e-01 -9.723232558619931964e-01 -9.809624903495908210e-01 -9.803605119443692395e-01
-1.006324988036243262e+00 -1.039493483624623238e+00 -9.913444914771106786e-01 -1.001444141406036437e+00 -9.804143748243956402e-01 -9.826443332499258387e-01 -9.841083451812887573e-01
-1.058658413994937764e+00 -1.007482407314311157e+00 -1.017076091532702176e+00 -9.842872423127215775e-01 -9.857266201827408203e-01 -9.870021867145084560e-01 -9.828510336833233829e-01
-9.473496666866163540e-01 -9.590383933485461254e-01 -9.775799997210476988e-01 -9.855759217732574795e-01 -9.718624321182279813e-01 -9.841873941855445729e-01 -9.838294263489164582e-01
-8.883743453369893350e-01 -1.043914583657531203e+00 -9.775684039494207944e-01 -9.980825225944172097e-01 -9.780319028489783406e-01 -9.859044001710957073e-01 -9.828027473962930305e-01
-1.006324988036243262e+00 -9.634594933814539797e-01 -9.337037698155716825e-01 -9.623312832623318602e-01 -9.684758971951119566e-01 -9.841195618499761766e-01 -9.871695664524550162e-01
-1.058658413994937764e+00 -8.975396563634205904e-01 -9.600826388890157936e-01 -1.011391729932390238e+00 -9.783679445660702356e-01 -9.886834061561277087e-01 -9.859460899806533618e-01
-8.950162407279220744e-01 -8.827958260260138079e-01 -9.779036342299738394e-01 -9.803727957098368195e-01 -9.807544787450646062e-01 -9.864619283494271418e-01 -9.837804640583249771e-01
-7.770655980286680364e-01 -9.487156630440471972e-01 -9.730554380302032236e-01 -9.782724470155186314e-01 -9.846883150756911007e-01 -9.781396863727178648e-01 -9.872248456163466024e-01
-9.473496666866163540e-01 -1.022434814731080888e+00 -9.824281959208183146e-01 -1.007662517074628727e+00 -9.854509383771969944e-01 -9.778134302971144276e-01 -9.822467100991408850e-01
-1.117633735344564894e+00 -9.316569941505050689e-01 -1.004606137812344313e+00 -9.866610208624042588e-01 -9.826157670651686216e-01 -9.848318948888420410e-01 -9.860594697601184899e-01
