(-0.9834727290331735+0j)
-6.461937969421600592e-01 -9.005352540182852694e-01 -1.054075780900746828e+00 -1.011344595142116276e+00 -9.888779879391613736e-01 -9.830173570126885529e-01 -9.891513553006849868e-01
-4.285549629887318579e-01 -8.423726861575792091e-01 -1.012874700174207110e+00 -9.844658606087444142e-01 -9.662341256407329659e-01 -9.939177817579645247e-01 -9.886455409279963913e-01
-5.156104965701031606e-01 -9.056567921074467620e-01 -1.005360912932526052e+00 -1.030200850320663220e+00 -9.915532989847036793e-01 -9.942461697404718635e-01 -9.851755080337173398e-01
-6.704470106691100550e-01 -8.913715136412988516e-01 -1.013432519877913940e+00 -9.552443739276491597e-01 -1.001817736720290508e+00 -1.002886277105693225e+00 -9.710805952005399089e-01
-7.058903728841456893e-01 -8.432717653713659445e-01 -9.879561359574289270e-01 -9.883095954105058922e-01 -9.700830732780076904e-01 -9.890329866379645729e-01 -9.853753697118228239e-01
-6.704470106691100550e-01 -8.743036252762119709e-01 -9.638425177913617636e-01 -9.717875937376115880e-01 -9.622291598033909654e-01 -9.777056793281095892e-01 -9.848152826452366559e-01
-6.121929439118416472e-01 -8.827324197826847962e-01 -9.612784139117276361e-01 -9.865486683804085555e-01 -9.986611194002564806e-01 -9.902244405841712505e-01 -9.909445155745754130e-01
-6.430880530297244935e-01 -9.005352540182852694e-01 -8.856137847067770963e-01 -1.030381574046607351e+00 -9.791506183267100205e-01 -9.856154347529902937e-01 -9.828868380632364010e-01
-5.833914770877388634e-01 -8.012001990435526633e-01 -9.834454452384617795e-01 -9.681092806415843022e-01 -9.853698403240713777e-01 -9.638311352244532948e-01 -9.868840739899091830e-01
-7.301435866110957962e-01 -8.020992782573395097e-01 -9.677169702192724987e-01 -1.003598789505768973e+00 -1.013848067125971530e+00 -9.869281225789712231e-01 -9.895008882214706425e-01
-7.058903728841456893e-01 -8.480489135297046843e-01 -9.528731930041343112e-01 -1.000612789559252480e+00 -9.711466467134705072e-01 -9.903317136874483229e-01 -9.840344416467241562e-01
-6.866158198204102003e-01 -7.881814727264484510e-01 -1.044239889726381820e+00 -9.460097227875724490e-01 -9.607218733259553778e-01 -9.692414861124128977e-01 -9.846428134355594830e-01
-5.753070725120887907e-01 -8.198951527327824618e-01 -1.013125443242468560e+00 -1.007401190492710263e+00 -9.941552376239475297e-01 -9.935295943979631783e-01 -9.833884190121719993e-01
-6.866158198204102003e-01 -8.693462205303237322e-01 -1.047637630713885937e+00 -9.291494760552866383e-01 -1.005548557570656421e+00 -9.848655680802407275e-01 -9.886162029315690436e-01
-7.301435866110957962e-01 -7.924039316018229862e-01 -1.027890801870257054e+00 -9.940947925649120664e-01 -1.001215748259139504e+00 -9.847612145349389223e-01 -9.802179423395347424e-01
-7.301435866110957962e-01 -9.093315214600149465e-01 -9.581556780870188472e-01 -1.012611934889472209e+00 -9.817083043318066693e-01 -9.741491232536958478e-01 -9.853014671442035244e-01
-5.686651771211560513e-01 -9.091512648724653367e-01 -9.465788143889346529e-01 -1.034460834457261003e+00 -1.000850684605335328e+00 -9.684786477647213676e-01 -9.832891557083291989e-01
-6.219405832152099523e-01 -8.838117555840212525e-01 -9.887962409543840092e-01 -9.702568800582483943e-01 -9.761813038756333993e-01 -9.759827398416749400e-01 -9.832500842050180268e-01
-6.430880530297244935e-01 -8.553205646164337983e-01 -8.665922566414175909e-01 -1.001897072957446788e+00 -9.588752176721933029e-01 -9.867909842275417454e-01 -9.776444103173418387e-01
-7.058903728841456893e-01 -8.013874153912599052e-01 -1.052664644126098281e+00 -9.869655484881136864e-01 -9.963713664647785295e-01 -9.956683321434487421e-01 -9.809694905279147115e-01
-7.301435866110957962e-01 -8.299016893632813474e-01 -1.011509236420798263e+00 -9.691519287278833605e-01 -9.890751796895289605e-01 -9.991221470420521555e-01 -9.825684713678048965e-01
-5.995602862390388976e-01 -8.956009322768310188e-01 -1.008578773012848817e+00 -9.862421241066987587e-01 -9.842740011770247932e-01 -9.750963661399124627e-01 -9.841996508455901349e-01
-7.139747774597957619e-01 -8.739361523409552301e-01 -1.020769789981823994e+00 -9.694818123534150178e-01 -9.909670643739748597e-01 -9.841472652758720407e-01 -9.820578824961574416e-01
-7.301435866110957962e-01 -8.057970906143416823e-01 -1.004645849933436308e+00 -1.007437269934224000e+00 -9.792694191396034142e-01 -9.863860963721414743e-01 -9.823698956023212414e-01
-7.301435866110957962e-01 -8.693462205303237322e-01 -9.365594105652024215e-01 -9.649665011590888852e-01 -9.646581109222661654e-01 -9.727943189957523051e-01 -9.838356901481735139e-01
-6.430880530297244935e-01 -8.286420969743952814e-01 -1.002395014282516428e+00 -9.703640227096275162e-01 -1.004263459683116366e+00 -9.773256106054906134e-01 -9.908739914393021042e-01
-6.704470106691100550e-01 -8.154291945494263061e-01 -9.921212190022558053e-01 -9.400161179053529992e-01 -9.892423615529403191e-01 -9.905579857140097699e-01 -9.858280081443546727e-01
-6.269192438784244592e-01 -9.060242650427036137e-01 -9.862218992955706920e-01 -1.000444862432732229e+00 -1.011813742615119693e+00 -9.887886164993507920e-01 -9.828360025263979116e-01
-5.672226679364387181e-01 -8.830998927179416480e-01 -1.036132173445473814e+00 -1.002441802744058252e+00 -1.007547356848125020e+00 -9.966424637109410067e-01 -9.837191298628524816e-01
-4.366393675643818195e-01 -9.188627347722582162e-01 -9.940652543135466424e-01 -9.431661838561109512e-01 -9.926181439894468106e-01 -9.850625374384285315e-01 -9.960338515354156819e-01
-3.976598538708490116e-01 -8.829196361303920382e-01 -1.052749400777665212e+00 -1.012196642872754015e+00 -1.023455850829839697e+00 -9.734228043758121895e-01 -9.856763775485017920e-01
-6.866158198204102003e-01 -8.292461094574761216e-01 -1.060298476790458189e+00 -1.011884698864688570e+00 -9.906661468223367795e-01 -9.750981669153985232e-01 -9.827808394964805405e-01
-6.704470106691100550e-01 -9.093315214600149465e-01 -9.102964107450065567e-01 -9.635253891273568572e-01 -9.766243203409266105e-01 -9.958563130186446344e-01 -9.745846120252967815e-01
-5.560325194483531908e-01 -7.973452131034348689e-01 -9.270609115661774258e-01 -9.725447099357982239e-01 -9.982628627411032074e-01 -9.867522960521966091e-01 -9.843708673462634451e-01
-7.301435866110957962e-01 -7.509648621753810538e-01 -1.033659691904135425e+00 -1.008440921627636655e+00 -9.699755557797501426e-01 -9.844462178898154558e-01 -9.833160016975022177e-01
-7.301435866110957962e-01 -8.695264771178733421e-01 -9.994944686168183434e-01 -9.972837149333395601e-01 -1.000334616381518327e+00 -9.760465241628303312e-01 -9.765548698744406231e-01
-5.753070725120887907e-01 -8.510187397763507855e-01 -9.673735162755312533e-01 -1.015325799701135345e+00 -9.585174504032102361e-01 -9.958011145101131056e-01 -9.862756558585108468e-01
-5.156104965701031606e-01 -7.751557866491864957e-01 -9.969919395083610691e-01 -9.780058469938716081e-01 -1.014413304131245308e+00 -9.710312255247266489e-01 -9.813380019261952469e-01
-7.058903728841456893e-01 -8.871490547659242054e-01 -9.786302377351321358e-01 -1.017671982993502588e+00 -9.756548390862351816e-01 -9.952845374917391741e-01 -9.807772833633014997e-01
-6.542782015178100208e-01 -9.052893191721899102e-01 -8.647628957239451575e-01 -9.945443762005876653e-01 -9.814291130100181171e-01 -9.686283818516958632e-01 -9.755407782621032808e-01
-6.269192438784244592e-01 -8.281667736561396653e-01 -1.038814307165296213e+00 -9.698488633029260786e-01 -1.017640221155533764e+00 -9.708181774602422376e-01 -9.837202533053454045e-01
-7.301435866110957962e-01 -8.020429952970651311e-01 -1.018655990040704395e+00 -9.107052616186889216e-01 -9.802793956309667767e-01 -9.802900316028162475e-01 -9.788990353984803328e-01
-6.866158198204102003e-01 -8.741164089285048400e-01 -8.777898333560567590e-01 -1.008704740424194002e+00 -9.738493864222133034e-01 -9.911473149394733895e-01 -9.847985388288715836e-01
-5.753070725120887907e-01 -8.504871334978207909e-01 -1.008778057587285781e+00 -9.928206235759783338e-01 -9.760460316579258055e-01 -9.616993011006409464e-01 -9.887426767466293009e-01
-7.058903728841456893e-01 -8.561333181053546459e-01 -1.040143791408052465e+00 -9.630274094868381818e-01 -9.723588238807634454e-01 -9.980597859735578226e-01 -9.782833532085889461e-01
-5.879397301848916513e-01 -8.156164108971335480e-01 -7.895724181083185744e-01 -9.727272172834366959e-01 -9.587508204940324852e-01 -9.829489416204523211e-01 -9.868554827497011406e-01
-6.704470106691100550e-01 -9.049449292413671575e-01 -9.283634357154089134e-01 -9.771554828641111357e-01 -9.818577140015998239e-01 -9.844785950796227647e-01 -9.753279539993446878e-01
-5.236949011457531222e-01 -8.433511313360743111e-01 -9.738640753454927967e-01 -9.959562278594793483e-01 -9.963064054065911002e-01 -9.869700776306455925e-01 -9.879100970656525815e-01
-6.430880530297244935e-01 -8.244920443035714808e-01 -1.017931216884946366e+00 -9.540025463227386204e-01 -1.004924461623485143e+00 -9.771185467412963899e-01 -9.743999904442770532e-01
-6.430880530297244935e-01 -8.374946473763992261e-01 -9.957831914278241214e-01 -1.009520997733849512e+00 -9.769139721317803282e-01 -9.880261720694587524e-01 -9.887113896474374330e-01
