(-0.9543388539987278+0j)
-7.420745596417788192e-01 -8.255349033034282691e-01 -9.338057567247438628e-01 -9.679078240409969558e-01 -9.597389252888903766e-01 -9.618788411405263528e-01 -9.524125378639527462e-01
-7.417304559641385575e-01 -8.007744141268690052e-01 -8.069466232701391073e-01 -9.715667850321915155e-01 -9.560159594101081959e-01 -9.541398111234076218e-01 -9.553954214440903980e-01
-8.060210522485578011e-01 -7.683052121784574862e-01 -8.998816862514822379e-01 -9.414378000235649191e-01 -9.483155091181167951e-01 -9.615812829490668623e-01 -9.505493835184045670e-01
-7.063575617059902889e-01 -7.498928419719491645e-01 -8.833689380671414515e-01 -9.842576012609299818e-01 -9.606715574882460640e-01 -9.596032595609631510e-01 -9.572361679500238640e-01
-7.417304559641385575e-01 -8.008112823780447753e-01 -8.852000423572915500e-01 -9.295542144491792946e-01 -9.598918317212400408e-01 -9.503685643245425307e-01 -9.633041011068790294e-01
-7.417304559641385575e-01 -7.572907878256361913e-01 -9.015551444542122539e-01 -9.534173935607680450e-01 -9.523365483660013453e-01 -9.546889455261462487e-01 -9.596706469214277835e-01
-8.056769485709176504e-01 -7.434218288313124701e-01 -9.328133449241465813e-01 -9.269506457062490767e-01 -9.370257284222300864e-01 -9.530174522113072921e-01 -9.559227593169552506e-01
-8.056769485709176504e-01 -7.787209865871091985e-01 -9.246786841126278800e-01 -9.157150743901586454e-01 -9.483980269704043176e-01 -9.449928691432265548e-01 -9.542484992411255362e-01
-6.424110690992111961e-01 -8.074999735340350204e-01 -7.522973490850691780e-01 -9.494378598321326912e-01 -9.561523429977035748e-01 -9.503191695020367646e-01 -9.558909984670699300e-01
-7.413863522864982958e-01 -7.612601279277684263e-01 -8.925606832261703261e-01 -9.598701084368890246e-01 -9.612284325433035903e-01 -9.588511378176658440e-01 -9.488560697640546771e-01
-7.128127539378674715e-01 -7.971614671194355850e-01 -9.304124977800318774e-01 -9.364298241868085348e-01 -9.504135926023546954e-01 -9.585638788932364651e-01 -9.518203418332231713e-01
-8.056769485709176504e-01 -7.860733062642627500e-01 -9.163413096363429711e-01 -9.726089741477943473e-01 -9.493589526465338047e-01 -9.514478527982814793e-01 -9.570371921744339483e-01
-8.053328448932773886e-01 -7.861680901090305484e-01 -9.062179056753320028e-01 -9.726050780953328090e-01 -9.407648630884337670e-01 -9.535902502729090013e-01 -9.516387328327902129e-01
-7.070457690612707013e-01 -8.041205254507145517e-01 -9.230481300437127778e-01 -9.912230859318751364e-01 -9.490128360754034320e-01 -9.400650041785640898e-01 -9.498462041662321109e-01
-7.771033502222868261e-01 -6.376035523406038408e-01 -7.932492005655271683e-01 -9.553619132840869277e-01 -9.615796791219345385e-01 -9.498225175551906485e-01 -9.535942120809044464e-01
-6.777839633573594647e-01 -7.831204562862917884e-01 -9.009732914409314120e-01 -9.809467702045669979e-01 -9.655509353089930524e-01 -9.480026508041161648e-01 -9.553546719328017689e-01
-7.481856481960158511e-01 -8.111656097014036115e-01 -9.275249624004210380e-01 -9.913070468640559074e-01 -9.502819442476861944e-01 -9.528859911258035220e-01 -9.576567129784725463e-01
-8.053328448932773886e-01 -8.330469854023433429e-01 -8.793741193048905114e-01 -9.424215043974513151e-01 -9.804079137709940106e-01 -9.470370185888770109e-01 -9.519153382704010902e-01
-7.128127539378674715e-01 -7.713195092417213239e-01 -9.267057658176657275e-01 -9.277427497428901715e-01 -9.555113190195489992e-01 -9.473831798241101332e-01 -9.542487253205910180e-01
-6.849273629445171707e-01 -7.576840491715106651e-01 -9.256500898209459871e-01 -9.897043696610309249e-01 -9.650888197067898355e-01 -9.516855665739043513e-01 -9.543678871406551245e-01
-5.784645764924321032e-01 -7.828623785280616199e-01 -9.634971206709999070e-01 -9.488298460435964365e-01 -9.566430383902653212e-01 -9.329687313505090618e-01 -9.548692669555463031e-01
-8.053328448932773886e-01 -8.009095977145134215e-01 -8.234554519061820788e-01 -9.847590078156602811e-01 -9.535728344196624517e-01 -9.493835484413659653e-01 -9.497900868793287543e-01
-7.135009612931479950e-01 -7.967682057735610002e-01 -7.936508634198806700e-01 -9.724132746692942808e-01 -9.449066755198166634e-01 -9.567978007657469419e-01 -9.539699534377141799e-01
-7.767592465446465644e-01 -8.192148946591953917e-01 -8.894204460441236249e-01 -9.780477480807003854e-01 -9.468845724047298962e-01 -9.569416091623826892e-01 -9.513778596928570419e-01
-7.420745596417788192e-01 -7.969648364464982926e-01 -9.022384633626455708e-01 -9.799170723777751446e-01 -9.589111296011736396e-01 -9.531299248488949161e-01 -9.528456709928205814e-01
-7.417304559641385575e-01 -8.400797802359737387e-01 -8.976524350769585769e-01 -9.787263506665568880e-01 -9.711780852748090886e-01 -9.506704516089259371e-01 -9.538936392858936575e-01
-7.767592465446465644e-01 -7.679277717413424131e-01 -9.255899900803804536e-01 -9.452168135081669975e-01 -9.609143002447113613e-01 -9.511685979946755687e-01 -9.560666498506029676e-01
-7.131568576155077333e-01 -8.007252564586346821e-01 -9.170527186409100917e-01 -9.839900181041181249e-01 -9.502229227109577625e-01 -9.576696808154946394e-01 -9.539971765967987238e-01
-6.777839633573594647e-01 -7.539236291593742756e-01 -9.307901827674065487e-01 -9.558722062156927990e-01 -9.431835402669650481e-01 -9.562086967430303286e-01 -9.563430045138239244e-01
-7.413863522864982958e-01 -8.150857921353015234e-01 -8.358039765959586198e-01 -9.927265027352615290e-01 -9.643545847592975839e-01 -9.665823714825775292e-01 -9.540916304763896738e-01
-8.060210522485578011e-01 -7.899074627787506797e-01 -9.162680429000936710e-01 -9.298700476971972773e-01 -9.570586175788653449e-01 -9.580008566838076334e-01 -9.563573881355773576e-01
-8.053328448932773886e-01 -8.078563666287338352e-01 -9.462862395405448046e-01 -9.727632991175169108e-01 -9.674063801832970544e-01 -9.595054715249631272e-01 -9.620789253136317054e-01
-7.413863522864982958e-01 -7.901778299540394013e-01 -8.969262120347104572e-01 -9.732469149712603684e-01 -9.496022360404943186e-01 -9.622179422545332761e-01 -9.548009823079210978e-01
-7.128127539378674715e-01 -8.118011278967488531e-01 -9.028963960533096245e-01 -9.247114304986057132e-01 -9.595319577826627588e-01 -9.475385177416795202e-01 -9.558211016989442976e-01
-7.420745596417788192e-01 -7.568519003032281312e-01 -8.936530435083602786e-01 -9.464742733455058232e-01 -9.519842192958349880e-01 -9.428335904570913639e-01 -9.493933556624831738e-01
-8.056769485709176504e-01 -6.595709539609536654e-01 -7.785645012785488150e-01 -9.420229848252799076e-01 -9.789145347411766229e-01 -9.518855228279796687e-01 -9.509121251793117846e-01
-7.135009612931479950e-01 -8.006146517051074829e-01 -9.231229602038710791e-01 -9.334051950581282453e-01 -9.267602766619871257e-01 -9.522118819370603005e-01 -9.556852964204268774e-01
-6.781280670349997264e-01 -7.758172942773725600e-01 -8.926288147441887588e-01 -9.392725878678074292e-01 -9.504980160289421276e-01 -9.429872653672956018e-01 -9.468438821423550422e-01
-7.777915575775672385e-01 -8.187601862280279308e-01 -7.997623620746592277e-01 -9.481364554561306779e-01 -9.551045647118043824e-01 -9.619705992057769883e-01 -9.585247574887688637e-01
-8.060210522485578011e-01 -7.755346376850251744e-01 -9.253403436707323682e-01 -9.239354585733742242e-01 -9.687460106382488334e-01 -9.479611589580780873e-01 -9.586929732995851383e-01
-6.495544686863689021e-01 -7.929463386761317345e-01 -8.609657033462557729e-01 -9.510990250993691664e-01 -9.476141824710780925e-01 -9.542858585706315289e-01 -9.570010495619325486e-01
-7.067016653836304396e-01 -8.255226138863696050e-01 -9.202525113682418212e-01 -9.542738358325986159e-01 -9.583931203353908135e-01 -9.511648541650288280e-01 -9.555704099263322426e-01
-7.703040543127692708e-01 -7.753502964291465460e-01 -8.708511177078206433e-01 -9.385186760702198816e-01 -9.348494075370487044e-01 -9.529484495508908637e-01 -9.598300463572336794e-01
-7.128127539378674715e-01 -8.514505976834938483e-01 -8.711327737619004585e-01 -9.781224663587272383e-01 -9.446750154840901637e-01 -9.579682185962865582e-01 -9.576432848786866625e-01
-7.413863522864982958e-01 -8.399814648995052035e-01 -7.298489377240682252e-01 -9.050851426758601548e-01 -9.797818402876555810e-01 -9.461779226335902404e-01 -9.563425670766593223e-01
-7.417304559641385575e-01 -6.448206884301130870e-01 -8.987611268103891105e-01 -9.904591306978283161e-01 -9.341623846858093660e-01 -9.633821990730495610e-01 -9.517389933025742765e-01
-8.056769485709176504e-01 -7.572047619062260981e-01 -9.196267810028667666e-01 -8.975412203200017203e-01 -9.512726441121107657e-01 -9.570894884470892983e-01 -9.571269768237687936e-01
-8.056769485709176504e-01 -7.859872803448527678e-01 -8.887423459720094066e-01 -9.326250229834338601e-01 -9.856186825805739460e-01 -9.555191756019840721e-01 -9.559780057660729469e-01
-7.424186633194189699e-01 -8.077580512922651890e-01 -8.786346202041894760e-01 -9.663442534688025942e-01 -9.592423875679388923e-01 -9.596863835818343347e-01 -9.506677999896926412e-01
-7.417304559641385575e-01 -7.865121937866708102e-01 -9.120968444644439455e-01 -9.336308503575622142e-01 -9.613228620347982201e-01 -9.607081919819838722e-01 -9.463469974757133807e-01
