(-0.9543388539987278+0j)
-8.541240887201450027e-01 -9.402577295169498584e-01 -9.671202875133178001e-01 -9.505591142013103401e-01 -9.530244153344298308e-01 -9.553991608786389644e-01 -9.552837879639193286e-01
-8.468059071570019913e-01 -9.303118609684644102e-01 -9.689825324972874965e-01 -9.274642194965472264e-01 -9.564273308937583096e-01 -9.510018710522959440e-01 -9.567533329724953184e-01
-9.882974841895949547e-01 -9.402577295169498584e-01 -9.795339940226838182e-01 -9.552132552311395353e-01 -9.603440446432089939e-01 -9.553311013174512478e-01 -9.543231441382118430e-01
-9.882974841895949547e-01 -9.837935993731322659e-01 -9.629021954253000892e-01 -9.678317808815415368e-01 -9.529137205052725657e-01 -9.512709709801531188e-01 -9.558374295222631378e-01
-9.321880587995844403e-01 -9.620256644450410066e-01 -9.327381856669140214e-01 -9.379991920323691446e-01 -9.541525609904756289e-01 -9.481815209903724506e-01 -9.537484642638724974e-01
-9.882974841895949547e-01 -9.620256644450411176e-01 -9.945565800014892766e-01 -9.472195688698361593e-01 -9.556321759829449203e-01 -9.556499226103702949e-01 -9.539076522410667724e-01
-1.059043272705891603e+00 -9.738477308246467068e-01 -9.403683164570919573e-01 -9.614932163156102440e-01 -9.536083261402847899e-01 -9.475380934759829454e-01 -9.542350955262861589e-01
-9.882974841895949547e-01 -9.679366976348438012e-01 -9.867922546466950662e-01 -9.720281888514321622e-01 -9.574447817206467315e-01 -9.515893005678361938e-01 -9.542807480767692141e-01
-9.882974841895949547e-01 -9.620256644450411176e-01 -9.822022923925108895e-01 -9.636646746523813700e-01 -9.535077768644837359e-01 -9.550928928532943507e-01 -9.547917412777342516e-01
-8.468059071570019913e-01 -9.837935993731322659e-01 -9.492137586314081110e-01 -9.585528005626137160e-01 -9.538804435653802649e-01 -9.527583746703653933e-01 -9.563515392956698502e-01
-9.882974841895949547e-01 -9.461687627067526529e-01 -9.808681432075972983e-01 -9.577252396649277300e-01 -9.552696548354046024e-01 -9.564661456393865890e-01 -9.543240533261606595e-01
-9.321880587995844403e-01 -1.037275337777800122e+00 -9.973811040042057652e-01 -9.240953724243425871e-01 -9.532863872061690946e-01 -9.578823514515176774e-01 -9.556718469204429356e-01
-8.541240887201450027e-01 -9.778825661833294713e-01 -9.778279746716037613e-01 -9.463920079721501732e-01 -9.549071336878642846e-01 -9.566640476891624667e-01 -9.551051092838189760e-01
-9.882974841895949547e-01 -9.244008277786615047e-01 -9.298168549316956355e-01 -9.346010432194341577e-01 -9.630422090141690372e-01 -9.552384269263505256e-01 -9.589326911568444300e-01
-1.059043272705891603e+00 -9.620256644450411176e-01 -9.176187929556065548e-01 -9.624086824354873837e-01 -9.587232981615138039e-01 -9.484228677714229283e-01 -9.551780426916639533e-01
-9.248698772364414289e-01 -1.043186370967603249e+00 -9.945565800014893876e-01 -9.531004003758291043e-01 -9.522495515303288638e-01 -9.509275348573210662e-01 -9.530820292297870200e-01
-1.059043272705891603e+00 -8.967218596607673398e-01 -9.689231135968999764e-01 -9.636060711709206750e-01 -9.571523731888389452e-01 -9.538777274078327206e-01 -9.550469260802316729e-01
-9.882974841895949547e-01 -9.897046325629351715e-01 -9.600776714225836006e-01 -9.539572630142454379e-01 -9.450000348372824543e-01 -9.567383838841374555e-01 -9.553754975532937621e-01
-9.175516956732985285e-01 -9.837935993731322659e-01 -9.631178399585772487e-01 -9.682895139414799957e-01 -9.428654901654649478e-01 -9.574184877907783164e-01 -9.546170792876351729e-01
-9.882974841895949547e-01 -9.679366976348439122e-01 -9.566282448883089984e-01 -9.409689095260960201e-01 -9.668786645945308678e-01 -9.520222727648753880e-01 -9.559190257725305173e-01
-1.059043272705891603e+00 -9.461687627067527639e-01 -9.342879793851046610e-01 -9.699153339961217313e-01 -9.524607956352872939e-01 -9.576043282782156219e-01 -9.534980136598119049e-01
-1.059043272705891603e+00 -8.590970229943877268e-01 -9.582748453390015353e-01 -9.384276233515772558e-01 -9.655798570469514841e-01 -9.558813627355040587e-01 -9.518813612683659775e-01
-9.882974841895949547e-01 -9.244008277786615047e-01 -9.687668879640103370e-01 -9.615518197970709391e-01 -9.651970447926987440e-01 -9.505997903189569165e-01 -9.549448175597717858e-01
-9.882974841895949547e-01 -9.343466963271469528e-01 -9.269329120285915158e-01 -9.552132552311395353e-01 -9.595184530723271932e-01 -9.573629814971651442e-01 -9.530340353523302221e-01
-9.882974841895949547e-01 -9.144549592301758345e-01 -9.628053886927981919e-01 -9.312614978879599770e-01 -9.593976126898137169e-01 -9.583462151122570383e-01 -9.518239807398396479e-01
-9.956156657527379661e-01 -9.303118609684644102e-01 -9.118509071493985374e-01 -9.670042199838555508e-01 -9.460774527265471967e-01 -9.536641337735888291e-01 -9.538074198350813271e-01
-9.882974841895949547e-01 -9.897046325629351715e-01 -9.990871233552860442e-01 -9.799925734720051906e-01 -9.543536595420778479e-01 -9.533400192573544540e-01 -9.563353234410081338e-01
-9.882974841895949547e-01 -9.561146312552382120e-01 -9.405619299220958629e-01 -9.602372240987160357e-01 -9.587131526081575927e-01 -9.555509715854824115e-01 -9.539391505383326697e-01
-7.906964817669914769e-01 -9.244008277786615047e-01 -9.296606292988061071e-01 -9.590105336225522858e-01 -9.484333870566792335e-01 -9.542672548735972038e-01 -9.558099722483200944e-01
-9.321880587995844403e-01 -1.021418436039511768e+00 -9.657861383284042089e-01 -9.278633490750249901e-01 -9.551488144528912372e-01 -9.613272991264689704e-01 -9.547917473610646466e-01
-9.882974841895949547e-01 -9.461687627067527639e-01 -9.715914119667268256e-01 -9.623500789540264666e-01 -9.591762230314990756e-01 -9.588042938444452101e-01 -9.549686198319281560e-01
-9.175516956732985285e-01 -9.679366976348439122e-01 -9.115758437157336358e-01 -9.442791531168397423e-01 -9.587131526081575927e-01 -9.576844494017419107e-01 -9.523912657685296157e-01
-9.882974841895949547e-01 -1.015507402849709084e+00 -9.523507338999037675e-01 -9.665757886646474395e-01 -9.524303589752187715e-01 -9.584174129903384465e-01 -9.510847461311777717e-01
-9.321880587995844403e-01 -9.719715329935265657e-01 -9.913601858326061000e-01 -9.425947295807375337e-01 -9.494905138392317756e-01 -9.543290378009976482e-01 -9.563432352620715449e-01
-1.059043272705891603e+00 -9.837935993731322659e-01 -9.364032567344657831e-01 -9.299762039303354211e-01 -9.585019085031991626e-01 -9.560640649060477836e-01 -9.544765123124392403e-01
-1.059043272705891603e+00 -9.620256644450411176e-01 -9.897730042823011942e-01 -9.534702282135765206e-01 -9.548268755187754309e-01 -9.545337081897966591e-01 -9.564430968017847423e-01
-9.248698772364414289e-01 -9.244008277786615047e-01 -9.311510041166091156e-01 -9.543270908519927431e-01 -9.503059598567574762e-01 -9.553096248044319339e-01 -9.542075258730058351e-01
-9.248698772364414289e-01 -9.778825661833294713e-01 -9.867328357463075461e-01 -9.510168472612490209e-01 -9.472757109983255264e-01 -9.532248849427624737e-01 -9.567206975246660416e-01
-9.175516956732985285e-01 -9.719715329935265657e-01 -9.374249546536002065e-01 -9.539572630142454379e-01 -9.617535470199457537e-01 -9.547525950473558787e-01 -9.516096290150947157e-01
-1.059043272705891603e+00 -9.561146312552382120e-01 -9.644519891434908399e-01 -9.631776398517124527e-01 -9.616428521907884885e-01 -9.556619841727087561e-01 -9.542491981258014455e-01
-8.541240887201450027e-01 -1.037275337777800122e+00 -9.629021954253002002e-01 -9.497901567850852711e-01 -9.492894152876296676e-01 -9.509306731742146468e-01 -9.552598457751642069e-01
-9.248698772364414289e-01 -9.837935993731322659e-01 -9.344442050179941894e-01 -9.451653174959864234e-01 -9.462988423848618380e-01 -9.569053944702130554e-01 -9.513766318458172222e-01
-9.248698772364414289e-01 -9.284356631373441582e-01 -9.388185227389014287e-01 -9.425947295807375337e-01 -9.433285605888064307e-01 -9.539609868482525901e-01 -9.534731653793795392e-01
-7.199506932506949397e-01 -9.679366976348439122e-01 -9.145786244196130177e-01 -9.568683770265113964e-01 -9.560851008529303030e-01 -9.530211979644352960e-01 -9.522461378075377514e-01
-9.882974841895949547e-01 -9.244008277786613936e-01 -9.358377731032953006e-01 -9.459928783936724095e-01 -9.619149696158838525e-01 -9.465082768127226487e-01 -9.559137989320010131e-01
-9.882974841895949547e-01 -9.402577295169498584e-01 -9.206963493237145801e-01 -9.648620633878147723e-01 -9.605552887481674240e-01 -9.497060927780722750e-01 -9.559071702614302390e-01
-9.956156657527379661e-01 -9.244008277786615047e-01 -9.718070565000039851e-01 -9.548727291341225776e-01 -9.539809928411813189e-01 -9.559588372473726281e-01 -9.505909419023986784e-01
-9.175516956732985285e-01 -9.679366976348439122e-01 -9.823585180254004179e-01 -9.711713262130158286e-01 -9.473458236140581690e-01 -9.571341879836890998e-01 -9.547978529728911035e-01
-8.541240887201450027e-01 -9.561146312552382120e-01 -9.493699842642977504e-01 -9.401413486284100340e-01 -9.429162179322456705e-01 -9.588472468704838381e-01 -9.550130622318830920e-01
-9.956156657527379661e-01 -8.709190893739935380e-01 -9.404651231895939656e-01 -9.447368861767784232e-01 -9.551893966663158597e-01 -9.551824289275014923e-01 -9.523216345293092910e-01
