(-0.9543388539987278+0j)
-7.581689858824129935e-01 -9.743368277459552029e-01 -9.743572398018938152e-01 -9.287609461523842480e-01 -9.464979461280877970e-01 -9.535583686373174661e-01 -9.531635545704162382e-01
-1.011879413695027097e+00 -9.214464130293943400e-01 -9.741830158822910590e-01 -9.547014755757661231e-01 -9.648355733848597016e-01 -9.566290560937706910e-01 -9.531458581555906084e-01
-9.647155546841628126e-01 -9.562146543307683544e-01 -9.785393908121867712e-01 -9.554194578645731628e-01 -9.537543219110691251e-01 -9.593792483485177325e-01 -9.532074381314048495e-01
-9.012879477310092868e-01 -9.199703075003951014e-01 -9.492651106799621097e-01 -9.634582290076536548e-01 -9.466346709974498008e-01 -9.591818083966676678e-01 -9.568705079536419245e-01
-1.011879413695027097e+00 -8.685559983128334771e-01 -9.686070735151758315e-01 -9.891453186878694792e-01 -9.562156263795282829e-01 -9.577608212820314382e-01 -9.552261907525262385e-01
-1.011879413695027097e+00 -8.367399680694578290e-01 -9.435149443932441260e-01 -9.449784493049131484e-01 -9.503795073465196586e-01 -9.511888080521113675e-01 -9.570516895041673022e-01
-9.175516956732985285e-01 -9.576907598597678151e-01 -9.743572398018938152e-01 -9.517254420556808814e-01 -9.537068224087165147e-01 -9.475525653856929909e-01 -9.572388001458891349e-01
-9.484518067418735709e-01 -9.410446919735803162e-01 -9.790620625709951508e-01 -9.435708817289680805e-01 -9.584864097132426153e-01 -9.528377333926542070e-01 -9.572162771762722233e-01
-9.321880587995844403e-01 -9.909828956321424798e-01 -9.747056876410993276e-01 -9.579003506603922524e-01 -9.510859611604167707e-01 -9.531463288959834967e-01 -9.508948454708574527e-01
-9.012879477310092868e-01 -9.062764506722061908e-01 -9.449087357500662865e-01 -9.432654983116032232e-01 -9.578143332526718456e-01 -9.555598186622102919e-01 -9.504899774666366596e-01
-1.011879413695027097e+00 -9.532624432727698771e-01 -9.686070735151758315e-01 -9.444549115789778737e-01 -9.677779076104185974e-01 -9.479815318194600993e-01 -9.533716530571212378e-01
-1.011879413695027097e+00 -9.758129332749544416e-01 -9.245214293972359165e-01 -9.390273334212866363e-01 -9.617244987975821502e-01 -9.516960894313772901e-01 -9.494161051404697016e-01
-1.011879413695027097e+00 -9.576907598597677040e-01 -9.593716518965759166e-01 -9.730003705650285273e-01 -9.632116739619638324e-01 -9.602269276539074916e-01 -9.522332076710282589e-01
-7.581689858824129935e-01 -9.576907598597677040e-01 -9.590232040573704042e-01 -9.518715032716005275e-01 -9.549137248917697329e-01 -9.490348238524068947e-01 -9.548168591208607836e-01
-1.059043272705891603e+00 -8.866781717280201036e-01 -9.489166628407565973e-01 -9.383965802412739254e-01 -9.551110701908148704e-01 -9.511992257066592682e-01 -9.558818588007240713e-01
-8.850241997887200451e-01 -9.924590011611418294e-01 -9.839411092596992425e-01 -9.630298691098617692e-01 -9.488637278556593113e-01 -9.559708106845454800e-01 -9.570736157671342337e-01
-8.378603407778557610e-01 -9.380924809155817279e-01 -9.783651668925840150e-01 -9.623554198388672987e-01 -9.516081918242951243e-01 -9.520667588425317795e-01 -9.545079388736862347e-01
-9.647155546841628126e-01 -9.395685864445810775e-01 -9.496135585191676221e-01 -9.563757438804026956e-01 -9.531685839986598907e-01 -9.528737204359968294e-01 -9.601176615246433954e-01
-9.647155546841628126e-01 -9.924590011611418294e-01 -9.391585694633483028e-01 -9.545848983087587003e-01 -9.532320912471909935e-01 -9.495588691980325624e-01 -9.542767239060689910e-01
-9.175516956732985285e-01 -9.909828956321425908e-01 -9.644249225048827645e-01 -9.544098150809638970e-01 -9.466889934424067565e-01 -9.511723106574139219e-01 -9.540659669715367830e-01
-9.647155546841628126e-01 -8.548621414846445665e-01 -1.008859014462028192e+00 -9.543517710572135826e-01 -9.505254170194556984e-01 -9.587064824958948517e-01 -9.453762041156663631e-01
-7.744327338247022352e-01 -9.048003451432069522e-01 -9.595458758161786728e-01 -9.399558474456529700e-01 -9.473222302463207845e-01 -9.572624679382714108e-01 -9.610342837354501899e-01
-1.059043272705891603e+00 -9.743368277459552029e-01 -9.398554651417594386e-01 -9.500503856676694170e-01 -9.448580389590136575e-01 -9.549120997880533590e-01 -9.569194401605379818e-01
-9.012879477310092868e-01 -8.896303827860188029e-01 -8.996035241949070782e-01 -9.457983347816212305e-01 -9.564896004652827521e-01 -9.612268591777809457e-01 -9.534042048123596569e-01
-8.378603407778557610e-01 -9.562146543307684654e-01 -9.687812974347785877e-01 -9.367992553584274518e-01 -9.490993878534832451e-01 -9.595247135064161048e-01 -9.505316302900210790e-01
-9.647155546841628126e-01 -9.576907598597678151e-01 -9.442118400716552618e-01 -9.655700559498430202e-01 -9.434886934881199227e-01 -9.515488851251343583e-01 -9.556297383524539057e-01
-9.647155546841628126e-01 -9.048003451432069522e-01 -9.489166628407564863e-01 -9.524290764117193664e-01 -9.467462027062116814e-01 -9.553236461946748026e-01 -9.555453368504127631e-01
-9.647155546841628126e-01 -9.562146543307684654e-01 -9.346279706138497234e-01 -9.474883641126073952e-01 -9.562287479177066229e-01 -9.501443904521946759e-01 -9.536072479365335086e-01
-8.850241997887200451e-01 -9.214464130293943400e-01 -9.689555213543813439e-01 -9.622106086433597216e-01 -9.453899787734961757e-01 -9.554467384071213543e-01 -9.551888710495859414e-01
-9.484518067418735709e-01 -9.758129332749544416e-01 -9.285293564879262274e-01 -9.387515970260029707e-01 -9.610466493101634811e-01 -9.440468610667859251e-01 -9.528471782119807276e-01
-9.647155546841628126e-01 -9.743368277459552029e-01 -9.489166628407564863e-01 -9.718164326369993500e-01 -9.568304935762942387e-01 -9.513480676220021914e-01 -9.526492785690257037e-01
-1.011879413695027097e+00 -9.895067901031432411e-01 -9.487424389211537301e-01 -9.475230245369968829e-01 -9.506306501326433622e-01 -9.512214469974504816e-01 -9.561803648410123202e-01
-9.484518067418735709e-01 -9.229225185583935787e-01 -9.696524170327923686e-01 -9.636617092371175808e-01 -9.539138774692137446e-01 -9.544440948505870104e-01 -9.555836671199012811e-01
-8.541240887201450027e-01 -1.024275031404517478e+00 -9.740087919626883028e-01 -9.539972162095216035e-01 -9.526211607850292307e-01 -9.567147917037490679e-01 -9.518742797400956412e-01
-9.647155546841628126e-01 -9.576907598597677040e-01 -9.440376161520525056e-01 -9.562688272901934683e-01 -9.551493848895935557e-01 -9.543906260579335665e-01 -9.538756162315098486e-01
-9.321880587995844403e-01 -9.062764506722063018e-01 -9.489166628407565973e-01 -9.535173745745679774e-01 -9.630463447661232745e-01 -9.518273094347773355e-01 -9.559002893641483922e-01
-1.011879413695027097e+00 -9.576907598597678151e-01 -9.386358977045399232e-01 -9.516672349587615987e-01 -9.565056088223090613e-01 -9.572577622321294388e-01 -9.574823144068396186e-01
-1.011879413695027097e+00 -9.048003451432069522e-01 -9.886459320288005781e-01 -9.555411843245882331e-01 -9.620590939238675698e-01 -9.563844146106968980e-01 -9.563968935878091049e-01
-1.011879413695027097e+00 -9.547385488017692268e-01 -9.687812974347785877e-01 -9.545844363717216341e-01 -9.490387668129522947e-01 -9.554717057251645995e-01 -9.546835731439093919e-01
-9.647155546841628126e-01 -9.395685864445810775e-01 -9.640764746656772521e-01 -9.613991338230378769e-01 -9.461793599696766144e-01 -9.503716488844404786e-01 -9.508473355680322481e-01
-9.956156657527379661e-01 -9.591668653887670537e-01 -9.391585694633483028e-01 -9.518131331015123875e-01 -9.575151660063170311e-01 -9.550784824538287587e-01 -9.559228964048294142e-01
-8.541240887201450027e-01 -9.395685864445810775e-01 -9.341052988550413438e-01 -9.715497319083077343e-01 -9.476820179223583995e-01 -9.513532054658893067e-01 -9.572077809496389866e-01
-9.484518067418735709e-01 -9.576907598597677040e-01 -9.440376161520523945e-01 -9.633363394744696162e-01 -9.454918007208057418e-01 -9.538917750258761874e-01 -9.460564052513701361e-01
-1.011879413695027097e+00 -9.410446919735804272e-01 -9.585005322985620246e-01 -9.462699288333575875e-01 -9.569260169280298101e-01 -9.549564266992764949e-01 -9.537875474977139945e-01
-8.850241997887200451e-01 -9.895067901031433522e-01 -9.689555213543814549e-01 -9.586916760622622435e-01 -9.469275396482305096e-01 -9.558692138968253316e-01 -9.557127288367648354e-01
-1.011879413695027097e+00 -9.366163753865823782e-01 -9.192939348693263124e-01 -9.557158056153458592e-01 -9.453070513912128492e-01 -9.549215844148959409e-01 -9.563878411669939350e-01
-1.011879413695027097e+00 -9.562146543307684654e-01 -9.339310749354386987e-01 -9.558030347241404101e-01 -9.484273113929123644e-01 -9.564457251908176083e-01 -9.533670820928467071e-01
-1.011879413695027097e+00 -9.576907598597677040e-01 -9.250441011560442961e-01 -9.582637781015074241e-01 -9.552226018995766399e-01 -9.588736575473368884e-01 -9.521102296412360388e-01
-8.850241997887200451e-01 -9.562146543307685764e-01 -9.790620625709951508e-01 -9.436581108377624094e-01 -9.585310217858994397e-01 -9.483322610614639547e-01 -9.545655439207756388e-01
-9.647155546841628126e-01 -1.040921099290704754e+00 -9.591974279769731604e-01 -9.526041596395141697e-01 -9.538338369057783872e-01 -9.484757461060060457e-01 -9.602366917543971869e-01
