(-0.9543388539987278+0j)
-9.956156657527379661e-01 -9.845740216361056341e-01 -9.780342546460796260e-01 -9.428288962589477240e-01 -9.531948941860139968e-01 -9.535323502866006606e-01 -9.540128154395449700e-01
-8.472931125800285956e-01 -9.551895008862828496e-01 -9.896574695843358693e-01 -9.765843449351506722e-01 -9.535557892689049408e-01 -9.588801586192166049e-01 -9.569164491108852477e-01
-8.693029134517653578e-01 -9.069800795644025193e-01 -9.251197990391989423e-01 -9.424411961808218940e-01 -9.565914584145254196e-01 -9.530665095121950703e-01 -9.562821072718894477e-01
-8.541240887201450027e-01 -9.719715329935265657e-01 -9.820448688060944287e-01 -9.583046513549420276e-01 -9.518547182980113819e-01 -9.501046044091019382e-01 -9.543610024358084587e-01
-9.533305944506356155e-01 -9.908645516087049021e-01 -9.839677184839307200e-01 -9.594488276475310329e-01 -9.553745271843419040e-01 -9.560376479218031243e-01 -9.540811391027718136e-01
-9.068170160183230966e-01 -9.789459132912599060e-01 -9.758829432543540960e-01 -9.606659820575629283e-01 -9.613987429060596446e-01 -9.587114688340324653e-01 -9.563906121304937002e-01
-1.059043272705891603e+00 -9.932481673090408636e-01 -9.727457648237913812e-01 -9.618251786238678491e-01 -9.507792943264378183e-01 -9.529159057819303058e-01 -9.551504739996274918e-01
-9.484518067418735709e-01 -9.806859693508618303e-01 -9.710230765198590852e-01 -9.559276351904210101e-01 -9.585818308238489571e-01 -9.592773987880991449e-01 -9.553376246982347997e-01
-9.175516956732985285e-01 -9.212107864548699787e-01 -9.560915800112429475e-01 -9.627494818415984756e-01 -9.568085100123778775e-01 -9.517367121941238128e-01 -9.547838110040768322e-01
-9.147633360198276220e-01 -9.299991613299443127e-01 -9.452151967471000837e-01 -9.525519195412914808e-01 -9.558274884149855488e-01 -9.559792064427206082e-01 -9.571072369557289683e-01
-7.487362140802401589e-01 -9.390190349397007363e-01 -9.485680485144454277e-01 -9.642987542235217369e-01 -9.667091886218576180e-01 -9.611681088886483426e-01 -9.577072479424053597e-01
-9.882974841895949547e-01 -9.053982220287556393e-01 -9.507637847586012381e-01 -9.546407335092077506e-01 -9.505284501471108483e-01 -9.557739929383612942e-01 -9.529726051287937816e-01
-8.973386132400709148e-01 -9.719715329935265657e-01 -9.711434310892974597e-01 -9.483958980225482005e-01 -9.564353536648504406e-01 -9.583188264048926319e-01 -9.566449463171808887e-01
-9.781909429729811478e-01 -9.326068177584923014e-01 -9.518348368953251093e-01 -9.540671372206923628e-01 -9.417043760117358442e-01 -9.473550176273508594e-01 -9.526756581750437380e-01
-8.339110062869173889e-01 -9.647155546841628126e-01 -9.753492662448425277e-01 -9.729921520956119618e-01 -9.606762934902546291e-01 -9.505894148925222442e-01 -9.518497004136826645e-01
-7.980146633301343773e-01 -9.050610564518785095e-01 -9.419598710207749415e-01 -9.453936270567526723e-01 -9.490751098871397229e-01 -9.530315624445984124e-01 -9.539441209951780021e-01
-8.541240887201450027e-01 -9.654887966965877144e-01 -9.465662737025357654e-01 -9.449255971544934241e-01 -9.541526222796490320e-01 -9.556910531871634085e-01 -9.539604439313478235e-01
-8.614422702832879031e-01 -9.668839305757142011e-01 -9.166573963189821317e-01 -9.575065745562855168e-01 -9.558853372213684807e-01 -9.572252971328407689e-01 -9.536531286297346144e-01
-6.647280141041639334e-01 -9.513995479300526581e-01 -9.668908720015060299e-01 -9.604678268728596979e-01 -9.615021737077684705e-01 -9.568286487277384289e-01 -9.555990220518700839e-01
-1.059043272705891603e+00 -9.961581273580724094e-01 -9.627948171248807974e-01 -9.620341151679208114e-01 -9.532717420860690183e-01 -9.530118114985328681e-01 -9.542923793957232004e-01
-1.059043272705891603e+00 -9.600018053014340857e-01 -9.644485831671774090e-01 -9.490074408622279911e-01 -9.590491866109299712e-01 -9.569694755597561997e-01 -9.520976765760570393e-01
-8.541240887201450027e-01 -9.189067274402186181e-01 -9.468198899380987354e-01 -9.457835523703976843e-01 -9.495456321146886758e-01 -9.524513072664533286e-01 -9.536854857675189923e-01
-8.472931125800285956e-01 -9.552827828819899780e-01 -9.478574242218038570e-01 -9.818103408896908801e-01 -9.487089444506416891e-01 -9.550465201979096985e-01 -9.551731888289313188e-01
-8.693029134517653578e-01 -9.070827896390950551e-01 -9.442904284007663795e-01 -9.436144701620235997e-01 -9.536289598215177410e-01 -9.563209569702825208e-01 -9.568703573863615031e-01
-9.956156657527379661e-01 -9.831395238415612248e-01 -9.630269078731211740e-01 -9.659044800579151824e-01 -9.589161083673780617e-01 -9.569494471337118835e-01 -9.529485641421937547e-01
-9.551895008862828496e-01 -1.002446641892854373e+00 -9.425606949962386238e-01 -9.534149248945569255e-01 -9.550740116789098177e-01 -9.552032456280578065e-01 -9.564119205613803576e-01
-8.968151645414361717e-01 -1.005548205032556597e+00 -9.436908175321228054e-01 -9.368295374909458850e-01 -9.441637901189046111e-01 -9.545216915949975567e-01 -9.541507487569744761e-01
-9.533305944506356155e-01 -9.566378146489101786e-01 -9.831603594078206498e-01 -9.505469080131403459e-01 -9.525123607661731828e-01 -9.541071592118515188e-01 -9.514650321257946963e-01
-8.614422702832879031e-01 -9.305622993059766701e-01 -9.433159175650046580e-01 -9.570197401555418093e-01 -9.634406786888791707e-01 -9.526275676699852424e-01 -9.546530765828518117e-01
-9.147633360198276220e-01 -9.736892881677597922e-01 -9.751932600738368873e-01 -9.506679481807607246e-01 -9.568210309793364621e-01 -9.508278761178150518e-01 -9.534546936741741252e-01
-9.037273415853903646e-01 -8.776518842896852135e-01 -9.058833367257690394e-01 -9.419742378567073082e-01 -9.485136764973498558e-01 -9.516807994078477773e-01 -9.553504020168497313e-01
-8.427391284866176946e-01 -9.359185275575823137e-01 -8.986223957127608131e-01 -9.480468494860825324e-01 -9.599872876060959737e-01 -9.511905215347328246e-01 -9.522172751275435054e-01
-9.647155546841628126e-01 -9.961581273580724094e-01 -9.352508840277650171e-01 -9.544663320632444936e-01 -9.555839657522516850e-01 -9.556642581921324098e-01 -9.553473340784970347e-01
-9.248698772364414289e-01 -9.610875655294809361e-01 -9.841155793615974368e-01 -9.516827707118525881e-01 -9.542153505408663694e-01 -9.549269608519501684e-01 -9.540530653650416415e-01
-9.147633360198276220e-01 -9.828555004575721954e-01 -9.610302130204189108e-01 -9.544633290643662615e-01 -9.504803062212006104e-01 -9.550922777907414618e-01 -9.546686208077310720e-01
-8.339110062869173889e-01 -9.222496628469489810e-01 -9.459474262664282485e-01 -9.634585727639561892e-01 -9.593721998928202987e-01 -9.607192157824575585e-01 -9.562853279080432145e-01
-8.378603407778557610e-01 -9.542346971261930211e-01 -9.655432037318056882e-01 -9.593877427131032309e-01 -9.526641029393843052e-01 -9.589249631827532205e-01 -9.575080078799333982e-01
-8.215965928355665193e-01 -8.940675141380909352e-01 -9.310669715996827689e-01 -9.436475944979945130e-01 -9.467533454108869595e-01 -9.528929144986516553e-01 -9.544182921261188390e-01
-8.614422702832879031e-01 -9.798079895676393702e-01 -9.696867717935278019e-01 -9.623580132131275278e-01 -9.501408018778774167e-01 -9.508577949554706255e-01 -9.540067711601083467e-01
-9.321880587995844403e-01 -9.464012041761838967e-01 -9.522869117852481580e-01 -9.534750154912405851e-01 -9.624543157902936130e-01 -9.530274110837306800e-01 -9.544572783632596646e-01
-9.484518067418735709e-01 -1.004623435385663566e+00 -9.799971048854027034e-01 -9.692598260429758916e-01 -9.547946423045339248e-01 -9.552623291807754713e-01 -9.542535357595794965e-01
-1.011879413695027097e+00 -1.007591790148584909e+00 -9.843727022091565138e-01 -9.842323874162401953e-01 -9.684854210478610614e-01 -9.554377671576593789e-01 -9.534497257429950245e-01
-9.012879477310092868e-01 -9.517754292958706674e-01 -9.501467718258556072e-01 -9.503343146192979596e-01 -9.539787170575981801e-01 -9.536170989493149008e-01 -9.557175195304343784e-01
-8.850241997887200451e-01 -9.480941860910626628e-01 -9.781365552877767655e-01 -9.663958828238984333e-01 -9.497402548349007656e-01 -9.584849108499859938e-01 -9.570245431788244606e-01
-9.882974841895949547e-01 -8.810129017499268578e-01 -9.527914291351091691e-01 -9.635402528391714405e-01 -9.473226687001889967e-01 -9.513507188704135586e-01 -9.523222693818541584e-01
-9.147633360198276220e-01 -9.606143495527833531e-01 -9.604783583329488117e-01 -9.415641302165729254e-01 -9.526746195918093241e-01 -9.500279807399060195e-01 -9.519415777526791800e-01
-9.248698772364414289e-01 -9.387080019087478133e-01 -9.582928915370354517e-01 -9.543962240908371308e-01 -9.620280910949343678e-01 -9.594066019035993875e-01 -9.549380959035462801e-01
-9.602427714945896975e-01 -9.768868731385793591e-01 -9.603622608492019541e-01 -9.526804114559355163e-01 -9.524555143655597522e-01 -9.477078771349727315e-01 -9.524160643375259028e-01
-9.882974841895949547e-01 -9.282387243086460682e-01 -9.699413831507690542e-01 -9.720322552653035686e-01 -9.622262829890833036e-01 -9.591003342329266212e-01 -9.525138958709949977e-01
-8.189947971735100918e-01 -9.276582368899122244e-01 -9.534986520865009751e-01 -9.614095979154629878e-01 -9.480664185107825492e-01 -9.528722748625260142e-01 -9.544132949426472612e-01
