(-0.9412240336932628+0j)
-7.668599230238316578e-01 -8.376288980181778587e-01 -9.674166867132474312e-01 -9.603606685938476106e-01 -9.430901901372281682e-01 -9.292074606578848428e-01 -9.419418715290461819e-01
-7.963728164750663030e-01 -8.667394100222646225e-01 -9.578968171195891834e-01 -9.093402870786746472e-01 -9.360944064859548774e-01 -9.385414317858471467e-01 -9.431488753394589031e-01
-7.302872351722708988e-01 -8.059452743827051346e-01 -9.602790467730452084e-01 -9.002144670031168028e-01 -9.285980502565727157e-01 -9.454123453877019134e-01 -9.401683780632010823e-01
-7.172431688606335509e-01 -7.530896227736184612e-01 -8.700764490799709483e-01 -9.537368829328959352e-01 -9.398378005353915654e-01 -9.424359353256783756e-01 -9.414844423222952230e-01
-7.065483408879410510e-01 -8.147543099917986531e-01 -9.458935745592310651e-01 -9.458108886364423595e-01 -9.440019209968457670e-01 -9.403275865328855065e-01 -9.446501866763816757e-01
-7.193821344551719621e-01 -8.336668476890395363e-01 -9.276288976060486080e-01 -9.334220974096002488e-01 -9.337898937590477511e-01 -9.431208621294504546e-01 -9.373816336338113286e-01
-7.561650950511392688e-01 -8.043587200019233219e-01 -9.290570657650580877e-01 -8.853244789592699115e-01 -9.468543910159048504e-01 -9.421398304270482971e-01 -9.444342170585170448e-01
-7.172431688606335509e-01 -8.058063805129298540e-01 -9.612773554584816971e-01 -9.312503006610481915e-01 -9.314240101521833459e-01 -9.381934917109890915e-01 -9.447272344314910919e-01
-7.899559196914509585e-01 -8.517016005165524151e-01 -9.487722677717024267e-01 -9.495364535936271499e-01 -9.484594262854586511e-01 -9.379843159998235702e-01 -9.445754480260089014e-01
-7.129652376715565065e-01 -8.122613704169334703e-01 -9.507820448260084767e-01 -9.600252180386800172e-01 -9.339890431970674367e-01 -9.408307333078896884e-01 -9.398605932917318828e-01
-7.668599230238316578e-01 -8.082405982745407558e-01 -9.531284746274019115e-01 -9.468902029689918454e-01 -9.423316830885943851e-01 -9.426455410684331238e-01 -9.382023923086806327e-01
-8.201117107593962618e-01 -8.495523205755808327e-01 -8.968226859164785125e-01 -9.542134071241608062e-01 -9.326428827376966879e-01 -9.411655787801038731e-01 -9.451099880782282137e-01
-8.265286075430116064e-01 -8.225910885124656513e-01 -9.250170288129697660e-01 -9.502353741890865457e-01 -9.436975301851765474e-01 -9.341319096384868015e-01 -9.401726604603755089e-01
-7.561650950511392688e-01 -8.003379478595306074e-01 -9.550465888536603387e-01 -9.591536408455837437e-01 -9.344566572397552395e-01 -9.442265333236307123e-01 -9.405557269466385817e-01
-7.095404768435967791e-01 -8.389591149026758288e-01 -9.371261270310773384e-01 -9.326698653545364426e-01 -9.329023073648026187e-01 -9.411330224648095655e-01 -9.394648543176999933e-01
-8.006507476641433474e-01 -8.327017406817018852e-01 -9.695918718794023228e-01 -9.226823368804358827e-01 -9.513258469326172362e-01 -9.324462231800213496e-01 -9.455451803718240011e-01
-6.706185506530909501e-01 -7.643915979575772734e-01 -9.515176735261506868e-01 -9.640759818067158315e-01 -9.259900279878159335e-01 -9.337158203694266856e-01 -9.390176894833874854e-01
-6.834523442203218613e-01 -8.159972047386869765e-01 -9.353087466783864823e-01 -9.474097325288842741e-01 -9.548867576312778382e-01 -9.439615463054156219e-01 -9.390654896613181979e-01
-8.201117107593962618e-01 -8.342581735735846715e-01 -8.678880474916470522e-01 -9.422366402326122214e-01 -9.378957154993353695e-01 -9.428407761804701304e-01 -9.379953679534404065e-01
-7.172431688606335509e-01 -8.209830838884173421e-01 -9.454143696014394305e-01 -9.352946428995747574e-01 -9.451578102241504631e-01 -9.430061798810610574e-01 -9.365287049676052078e-01
-8.136948139757808063e-01 -7.915876340636913699e-01 -9.285396878975357149e-01 -9.579741856525200161e-01 -9.426058125568976820e-01 -9.354282822966981659e-01 -9.433223666725034651e-01
-7.266522015999046236e-01 -7.906225270563536078e-01 -9.502077253199244788e-01 -9.549821919063777864e-01 -9.370328930702076509e-01 -9.422000386964191065e-01 -9.363554523112809225e-01
-7.899559196914509585e-01 -6.797650005754081182e-01 -9.616806578073190392e-01 -9.563468255773864835e-01 -9.322065890004662680e-01 -9.356776492952698643e-01 -9.420549348725295591e-01
-7.202353048162891680e-01 -8.094834930214289681e-01 -9.608742805876362425e-01 -9.473725976893887513e-01 -9.456373035856862064e-01 -9.492993620072424088e-01 -9.415334053631774225e-01
-7.433313014839084687e-01 -7.328468681918797190e-01 -9.584840688311142554e-01 -9.540244077669920442e-01 -9.493478388825520309e-01 -9.391417809674482697e-01 -9.391015788177756729e-01
-7.704949565961980440e-01 -8.053452772525275805e-01 -9.428059070122977170e-01 -9.307464354226733239e-01 -9.487360203642369871e-01 -9.472194324895819584e-01 -9.420014211898461998e-01
-7.159573736272122346e-01 -7.371454280738228837e-01 -9.688068639242105595e-01 -9.503879220763015168e-01 -9.374124492283462118e-01 -9.422402194894065053e-01 -9.462455966141175567e-01
-7.007743417210362535e-01 -8.332716163229804129e-01 -9.540467817860934785e-01 -9.574787948386667136e-01 -9.403468915734595202e-01 -9.415457182113604606e-01 -9.418887763187916429e-01
-7.409820631449633987e-01 -8.001117318521456800e-01 -9.502417993118645878e-01 -9.278341479020892901e-01 -9.388720656161905209e-01 -9.416438432251211799e-01 -9.388821864826222274e-01
-6.703417508839776273e-01 -8.277158615319714086e-01 -9.596803612382094339e-01 -9.422745169675981192e-01 -9.500488072307553544e-01 -9.419739021749825580e-01 -9.406306493171063821e-01
-7.193821344551719621e-01 -8.286007964827881711e-01 -8.610946226820445082e-01 -9.278963948912044568e-01 -9.434051853588386605e-01 -9.398588529551998860e-01 -9.402595383820819830e-01
-8.006507476641433474e-01 -8.200766986943339720e-01 -9.143193860377010207e-01 -9.317154659666690986e-01 -9.560895274675681454e-01 -9.439023355431273021e-01 -9.442354945100754904e-01
-7.963728164750663030e-01 -8.350557863867917874e-01 -9.592658525440532769e-01 -9.483228247845157943e-01 -9.425159271928880145e-01 -9.309967149913094264e-01 -9.448186200426357262e-01
-6.575744843414534913e-01 -8.425560553546540543e-01 -9.051695504692169880e-01 -9.411823976863767927e-01 -9.530905863890301033e-01 -9.399522805520013069e-01 -9.464214556852769133e-01
-8.070676444477588030e-01 -8.334692320060099746e-01 -9.513011485536532197e-01 -9.574172897450416997e-01 -9.436325850773168433e-01 -9.432327403685242251e-01 -9.415386231384342830e-01
-7.433313014839084687e-01 -7.848763066634039109e-01 -9.706829220554628046e-01 -9.613988244494466873e-01 -9.460974217871082059e-01 -9.330196783569812968e-01 -9.393341523368912149e-01
-6.898692410039373168e-01 -8.194767015641564178e-01 -9.598662639390114215e-01 -9.392776086757349541e-01 -9.274014915004418214e-01 -9.427915022992374716e-01 -9.410333238446715320e-01
-7.302872351722708988e-01 -8.541730898481511014e-01 -9.090928096349649712e-01 -9.212825241948352506e-01 -9.315287470738580211e-01 -9.363542724859927890e-01 -9.430549962207125381e-01
-8.006507476641433474e-01 -7.670677698432759595e-01 -9.681068075981388299e-01 -9.345598580087903784e-01 -9.464359096255368087e-01 -9.495064510958195481e-01 -9.392274879741744353e-01
-8.070676444477588030e-01 -8.408607285929958763e-01 -9.764636075920576364e-01 -9.458283365431953138e-01 -9.375783378265052370e-01 -9.451619323430648922e-01 -9.384469615584714042e-01
-7.431210287395018099e-01 -8.452537606936376680e-01 -9.717746194290692863e-01 -9.509116877439005577e-01 -9.512223226695581957e-01 -9.494322494948390645e-01 -9.437223929993683313e-01
-6.389001645826110076e-01 -8.415694981040497957e-01 -9.176779881442458375e-01 -9.320985833876255233e-01 -9.510708608828982724e-01 -9.436422869273553005e-01 -9.413185887651054351e-01
-7.704949565961980440e-01 -7.683837697756146223e-01 -9.405737802075812004e-01 -9.447465471712830354e-01 -9.447589459635659104e-01 -9.371301189697351930e-01 -9.438479374325303706e-01
-7.668599230238316578e-01 -7.898621858131342766e-01 -9.600002103400572251e-01 -9.185973310433808159e-01 -9.421182434955551743e-01 -9.425429814532644279e-01 -9.431700228576325173e-01
-7.473989599285788543e-01 -7.454719101792476321e-01 -9.448124598243509142e-01 -9.253715919985030514e-01 -9.476696823918520085e-01 -9.384518227557494541e-01 -9.373325230038014322e-01
-8.308065387320886508e-01 -8.076707226332622280e-01 -9.530823196146052112e-01 -9.616216950667895169e-01 -9.427573102776445335e-01 -9.456867009623443066e-01 -9.434473400993679260e-01
-6.365509262436660487e-01 -7.983275617883343056e-01 -9.346104059325597291e-01 -9.369806373657976195e-01 -9.362473079306542489e-01 -9.479044724610985462e-01 -9.439714828431768900e-01
-8.113455756368357363e-01 -7.958933440267234039e-01 -8.765219580584314718e-01 -9.192246172587628106e-01 -9.390467991296287398e-01 -9.356637067204427449e-01 -9.387666790574360487e-01
-6.663406194640140168e-01 -8.152368634954676452e-01 -9.607015375702673277e-01 -9.553664598333563296e-01 -9.470590285721822710e-01 -9.445040044800581125e-01 -9.413816534765968580e-01
-6.776783450534170639e-01 -8.067929377635342236e-01 -9.417090320583241247e-01 -9.345581074447483205e-01 -9.365843145038936779e-01 -9.501230279238062071e-01 -9.396396547251104625e-01
