(-0.9412240336932628+0j)
-9.713058657527927631e-01 -9.715091690554267245e-01 -9.264200824959001324e-01 -9.363044393276814814e-01 -9.445340198495224548e-01 -9.397105010873683106e-01 -9.415536106018975726e-01
-9.713058657527927631e-01 -9.338471932954564014e-01 -9.620240086514656452e-01 -9.562256424072649308e-01 -9.408878322449758524e-01 -9.405300607636060128e-01 -9.409308531023499178e-01
-9.270365255759407397e-01 -9.034024918602697740e-01 -9.626404517315063636e-01 -9.218240230796445056e-01 -9.384889586376872206e-01 -9.355933775710985056e-01 -9.404773692217147651e-01
-9.713058657527927631e-01 -9.106197661850532477e-01 -9.360277665876063358e-01 -9.475717100710581153e-01 -9.407757125684822475e-01 -9.375859937075252670e-01 -9.400526573540578523e-01
-9.713058657527927631e-01 -9.442664981773638555e-01 -9.285952387264011509e-01 -9.390248327434547182e-01 -9.427821673080433174e-01 -9.361708779398897340e-01 -9.398641548059487594e-01
-9.713058657527927631e-01 -9.034024918602697740e-01 -9.499505522395970125e-01 -9.447584359647247521e-01 -9.432656747110552686e-01 -9.411322466720027924e-01 -9.394452052734032499e-01
-9.270365255759407397e-01 -9.474685287344878359e-01 -9.372606527476875504e-01 -9.342909080180025194e-01 -9.526672926323176416e-01 -9.389113951780421186e-01 -9.414782306865475681e-01
-8.597430615913194130e-01 -9.138217967421772281e-01 -9.285952387264011509e-01 -9.568254495047556762e-01 -9.413666737960451059e-01 -9.387500223064110250e-01 -9.415424186640425352e-01
-9.270365255759407397e-01 -9.883325350515820285e-01 -9.465425098490146683e-01 -9.346907794163296090e-01 -9.419926637206452735e-01 -9.444882094525494098e-01 -9.403563337381650733e-01
-9.713058657527927631e-01 -9.306451627383325320e-01 -9.586159662608834120e-01 -9.341980273274423929e-01 -9.404136565458494079e-01 -9.384278408790640569e-01 -9.415367059851511566e-01
-9.713058657527927631e-01 -9.474685287344878359e-01 -9.459260667689739499e-01 -9.417310518411845521e-01 -9.446765023711107823e-01 -9.445664978440603265e-01 -9.402335401144885640e-01
-9.482817419450234597e-01 -9.883325350515820285e-01 -9.183711115546543402e-01 -9.392247684426182630e-01 -9.339201166280395316e-01 -9.421686158001663092e-01 -9.386683430192304112e-01
-8.827671853990888273e-01 -9.066045224173937545e-01 -9.400522520582292874e-01 -9.319845603185997751e-01 -9.432353118659604352e-01 -9.417344325803995719e-01 -9.425851177129155323e-01
-9.270365255759407397e-01 -9.202258578564250779e-01 -9.292116818064417583e-01 -9.337981559291151923e-01 -9.471314358166462721e-01 -9.387548183950202851e-01 -9.389622428929522702e-01
-9.713058657527927631e-01 -9.338471932954564014e-01 -9.338526103571054282e-01 -9.377181635398698090e-01 -9.448703788790032698e-01 -9.417838036596106743e-01 -9.407647220092200113e-01
-9.713058657527927631e-01 -9.034024918602697740e-01 -9.573830801008020863e-01 -9.394247041417818078e-01 -9.413970366411398283e-01 -9.430351485113106502e-01 -9.422110341299319014e-01
-9.270365255759407397e-01 -9.034024918602697740e-01 -9.586159662608834120e-01 -9.486784435754793687e-01 -9.515064013184013625e-01 -9.408877893202515219e-01 -9.405280992592706113e-01
-1.015575205929644786e+00 -9.747111996125505939e-01 -9.626404517315062526e-01 -9.467719672744038251e-01 -9.483740839619614338e-01 -9.409172709484663333e-01 -9.413081326405978722e-01
-1.015575205929644786e+00 -9.747111996125505939e-01 -9.440767375288521279e-01 -9.375182278407062642e-01 -9.423336886020688974e-01 -9.422312465133750869e-01 -9.424394795673493030e-01
-1.015575205929644786e+00 -8.833770953069904897e-01 -9.285952387264011509e-01 -9.467719672744038251e-01 -9.424154454334676689e-01 -9.428201727877743021e-01 -9.392765760777290751e-01
-8.827671853990888273e-01 -9.715091690554267245e-01 -9.366442096676469431e-01 -9.229307565840657590e-01 -9.406635928919886425e-01 -9.442039731988055573e-01 -9.379304278710007825e-01
-9.270365255759407397e-01 -9.610898641735192705e-01 -9.527421515501386384e-01 -9.540121753984223130e-01 -9.435156110571945032e-01 -9.404270868324895449e-01 -9.420920584904148853e-01
-9.713058657527927631e-01 -9.474685287344878359e-01 -9.372606527476876614e-01 -9.460651051683096613e-01 -9.380147829385605540e-01 -9.409618459390682865e-01 -9.414625142710191241e-01
-8.384978452222368039e-01 -9.610898641735192705e-01 -9.304445679665229729e-01 -9.407313733453667171e-01 -9.383464761160986711e-01 -9.422402743746784992e-01 -9.410027763672798029e-01
-9.040124017681714363e-01 -9.306451627383325320e-01 -9.211627108651958551e-01 -9.577322473100133848e-01 -9.377041209022318746e-01 -9.414074550644432327e-01 -9.399045173326860958e-01
-7.924495976066980862e-01 -9.883325350515820285e-01 -9.446931806088927353e-01 -9.449583716638882969e-01 -9.449824985554968748e-01 -9.411768216626046346e-01 -9.362866549051278575e-01
-9.713058657527927631e-01 -9.034024918602697740e-01 -9.406686951382698947e-01 -9.359045679293543918e-01 -9.363143243833855767e-01 -9.430953811802147424e-01 -9.427193304940231222e-01
-9.270365255759407397e-01 -9.715091690554267245e-01 -9.573830801008020863e-01 -9.572253209030828769e-01 -9.366039552785050404e-01 -9.378834895952667949e-01 -9.421269665929743464e-01
-9.482817419450234597e-01 -9.578878336163952900e-01 -9.465425098490146683e-01 -9.257440306903991223e-01 -9.443354774896872694e-01 -9.417163768577927474e-01 -9.412590390430606302e-01
-9.270365255759407397e-01 -9.442664981773639665e-01 -9.527421515501385274e-01 -9.497851770799007332e-01 -9.419062410373038041e-01 -9.412978513163279271e-01 -9.384291563232002309e-01
-9.713058657527927631e-01 -9.747111996125505939e-01 -9.521257084700980311e-01 -9.423450332567185894e-01 -9.376130323669475963e-01 -9.445954151563600298e-01 -9.414956866211199316e-01
-9.270365255759407397e-01 -9.170238272993010975e-01 -9.165217823145324072e-01 -9.367043107260086821e-01 -9.438309389454659915e-01 -9.406709798683257073e-01 -9.417322969570143254e-01
-9.713058657527927631e-01 -9.747111996125505939e-01 -9.425180243783917167e-01 -9.398387498581521893e-01 -9.393391879152745982e-01 -9.425491961680279029e-01 -9.415334045104188920e-01
-7.712043812376154772e-01 -8.897811564212383395e-01 -9.320032811169833842e-01 -9.381180349381970096e-01 -9.483740839619614338e-01 -9.370620961906395152e-01 -9.399297830390237474e-01
-9.713058657527927631e-01 -9.474685287344878359e-01 -9.521257084700979201e-01 -9.349048894335364457e-01 -9.448143190407565228e-01 -9.464224266484616566e-01 -9.420938849078441812e-01
-9.270365255759407397e-01 -9.474685287344878359e-01 -9.320032811169833842e-01 -9.360116229379578101e-01 -9.440551782984532014e-01 -9.432838376357559618e-01 -9.398093571703137750e-01
-1.015575205929644786e+00 -9.202258578564250779e-01 -9.440767375288521279e-01 -9.455581787613791533e-01 -9.348777997301780385e-01 -9.402121111089531968e-01 -9.399899754623275427e-01
-9.713058657527927631e-01 -9.306451627383325320e-01 -9.118808537638689593e-01 -9.390248327434547182e-01 -9.500652108132510154e-01 -9.405366905806047395e-01 -9.404028261474565165e-01
-8.597430615913194130e-01 -9.138217967421772281e-01 -9.552079238703010677e-01 -9.354118158404670647e-01 -9.394513075917683143e-01 -9.438926533611515790e-01 -9.400010805017975368e-01
-9.040124017681714363e-01 -9.474685287344878359e-01 -9.539750377102198531e-01 -9.466649122658004067e-01 -9.417684243676580635e-01 -9.388240789252277896e-01 -9.418883398555639719e-01
-8.827671853990888273e-01 -9.610898641735192705e-01 -9.706894226727520447e-01 -9.363044393276815924e-01 -9.456645483183439005e-01 -9.420367245567501380e-01 -9.418155797495424419e-01
-9.270365255759407397e-01 -9.474685287344878359e-01 -9.406686951382698947e-01 -9.435446474517000803e-01 -9.428685899913848978e-01 -9.420656418690498413e-01 -9.402951951810403219e-01
-9.713058657527927631e-01 -9.274431321812085516e-01 -9.539750377102198531e-01 -9.400245112392726643e-01 -9.354687609577407859e-01 -9.454192066052919952e-01 -9.406901727279342040e-01
-9.713058657527927631e-01 -9.819284739373341786e-01 -9.332361672770647099e-01 -9.462650408674733171e-01 -9.459144846644832461e-01 -9.415574020304662284e-01 -9.412147182042971405e-01
-9.713058657527927631e-01 -9.442664981773638555e-01 -9.666649372021292042e-01 -9.381180349381970096e-01 -9.308391932579037631e-01 -9.389692298026414141e-01 -9.403160829379230146e-01
-9.040124017681714363e-01 -9.002004613031457936e-01 -9.350854965171866429e-01 -9.359974486199145183e-01 -9.450128614005917083e-01 -9.410045872012806623e-01 -9.411131202484369629e-01
-9.270365255759407397e-01 -9.578878336163952900e-01 -9.412851382183105020e-01 -9.414382354514608808e-01 -9.441112381367000594e-01 -9.369814097548239129e-01 -9.409630979463883271e-01
-8.827671853990888273e-01 -9.883325350515820285e-01 -9.378770958277282688e-01 -9.367043107260086821e-01 -9.387178638426170174e-01 -9.405120050409991883e-01 -9.413302744355591667e-01
-1.015575205929644786e+00 -9.883325350515820285e-01 -9.285952387264011509e-01 -9.433447117525364245e-01 -9.351324019282600819e-01 -9.431068070858228403e-01 -9.395823929972267896e-01
-8.827671853990888273e-01 -9.610898641735192705e-01 -9.217791539452365734e-01 -9.306778911150148659e-01 -9.407243185821780873e-01 -9.448754196374098413e-01 -9.411525652427249478e-01
