(-0.9412240336932628+0j)
-7.580761459032634431e-01 -8.123731040589409202e-01 -9.620805021220724118e-01 -9.324556592958717083e-01 -9.289379083282629512e-01 -9.401458095304058293e-01 -9.412943050712527793e-01
-7.544789763344280642e-01 -8.128988936501928553e-01 -8.780837904905389735e-01 -9.093621757228436131e-01 -9.332868881325753208e-01 -9.442837292978566444e-01 -9.451823982076361652e-01
-7.219476852302690872e-01 -8.289551223394098223e-01 -9.516521698458518808e-01 -9.461476223554428078e-01 -9.501815282617195324e-01 -9.448676991696612903e-01 -9.392774537789099210e-01
-7.058491392072241410e-01 -8.042296074572276021e-01 -8.743283529971532797e-01 -9.250513159292741427e-01 -9.436950040882441382e-01 -9.429637759611840808e-01 -9.420419720692551069e-01
-6.876167706966817006e-01 -7.979396017578823663e-01 -8.979320155669046066e-01 -9.208179622385864738e-01 -9.340108490713865397e-01 -9.386823696658614935e-01 -9.416616589446078489e-01
-7.134626265853277749e-01 -8.976946118903139649e-01 -9.609716056800881034e-01 -9.467175472800155589e-01 -9.507501094061685531e-01 -9.348645970278208761e-01 -9.374319320116411003e-01
-7.085809491256132020e-01 -7.721865351911493258e-01 -9.666208415786586849e-01 -9.336126129274403551e-01 -9.464327341063837329e-01 -9.465856451638313684e-01 -9.429495264172274016e-01
-7.318574205260646171e-01 -7.559685654261592003e-01 -8.823002682388259021e-01 -9.254962413208234207e-01 -9.459677144827615125e-01 -9.351505016652534863e-01 -9.402759087217266165e-01
-8.340515315039511712e-01 -9.885084100115774097e-01 -9.651634353925476750e-01 -9.567508158757491721e-01 -9.517002729661463434e-01 -9.434012872137704786e-01 -9.398117924979426663e-01
-8.201117107593962618e-01 -8.154945468218051108e-01 -9.510220295111295741e-01 -9.554101827382383005e-01 -9.517913822247028310e-01 -9.443201937481104924e-01 -9.440938803407039615e-01
-7.878346923745678243e-01 -9.713138300762125255e-01 -9.665693687044225602e-01 -9.554050161170961619e-01 -9.551209855968822993e-01 -9.485402339614561473e-01 -9.451088677463858057e-01
-6.878230220018843877e-01 -7.533489465793257178e-01 -9.554037270878823485e-01 -9.564497669440563676e-01 -9.445450623395648115e-01 -9.383489754347080769e-01 -9.408872353049728687e-01
-6.887192243536987002e-01 -8.727308665647413033e-01 -9.522263784795251818e-01 -9.362780135766903822e-01 -9.401720400013744428e-01 -9.420127893883387671e-01 -9.418949846267827830e-01
-6.763420923237062343e-01 -7.568788669420755122e-01 -9.596624486657143738e-01 -9.557986361167369882e-01 -9.541932815206771723e-01 -9.447628023793109842e-01 -9.398321229157735601e-01
-6.664256190846410410e-01 -6.121914762503891660e-01 -8.770882002462804250e-01 -9.428391800291592295e-01 -9.257155052713943455e-01 -9.430919314487284932e-01 -9.425413221087812765e-01
-7.632269989616948802e-01 -9.056407647895106106e-01 -8.910446364978054090e-01 -9.521038850784525609e-01 -9.402958238542100666e-01 -9.367886759574041156e-01 -9.407555782063736771e-01
-8.009776687585548061e-01 -7.569394350741902588e-01 -9.527454664158245823e-01 -9.581462980178119260e-01 -9.413922710531350546e-01 -9.414722474947264663e-01 -9.406836187717212416e-01
-6.763457358267840336e-01 -7.639731618267240343e-01 -9.514583007544198390e-01 -9.528711214246579075e-01 -9.506146237615361594e-01 -9.420138501231400951e-01 -9.394131672364741670e-01
-6.794657625925910605e-01 -7.598200353886620517e-01 -9.608379590341495913e-01 -9.529978585584528705e-01 -9.376315095259911692e-01 -9.459403714155988352e-01 -9.414887005147090093e-01
-6.973783315273646144e-01 -7.549758910405889312e-01 -8.836695251199775392e-01 -9.504945100025359306e-01 -9.346500680691118834e-01 -9.465324230429015273e-01 -9.425289952690506512e-01
-7.765859940719561649e-01 -8.355550162094987909e-01 -9.088459928815195710e-01 -9.181734283360289961e-01 -9.171468821199894039e-01 -9.388273425147077855e-01 -9.401658816018361176e-01
-7.201622494485183656e-01 -9.583989909191839018e-01 -9.145566377602177832e-01 -9.394595677644370646e-01 -9.413628762701186092e-01 -9.432022294385529193e-01 -9.403747272280850167e-01
-6.596451409662374976e-01 -6.946149506357824910e-01 -8.842314526907435468e-01 -9.503948016097990559e-01 -9.212792710190175205e-01 -9.345767627679089085e-01 -9.404288566959890794e-01
-7.544895987622612932e-01 -9.371545631917201913e-01 -9.545877804416343926e-01 -9.312505514017404007e-01 -9.484298051582351619e-01 -9.520890983084678849e-01 -9.431616201198316229e-01
-6.321291926122362126e-01 -8.198888138791676772e-01 -8.953285138358468842e-01 -9.405455260710297027e-01 -9.295081850315893846e-01 -9.411501502162199495e-01 -9.403346374086165582e-01
-6.694106679712650276e-01 -7.520905250310344625e-01 -8.831282409635645703e-01 -9.228681126878089946e-01 -9.434169496275430777e-01 -9.377147142422403991e-01 -9.411335752460312509e-01
-6.189114991426797330e-01 -8.140424769725219667e-01 -8.781023829890033383e-01 -9.056143757038488395e-01 -9.382854469222381422e-01 -9.378108602465794474e-01 -9.392125383699685415e-01
-7.260230315108469057e-01 -8.294545416727741038e-01 -8.274752816240557030e-01 -9.219046320827375407e-01 -9.450122748478300139e-01 -9.385887957248013613e-01 -9.419821066540842169e-01
-7.705885388019628746e-01 -7.625855245854571418e-01 -9.545333441141962139e-01 -9.383899186891259125e-01 -9.369121546764399566e-01 -9.406897653756518540e-01 -9.431400359373653952e-01
-6.893200772655432296e-01 -8.174601949526942857e-01 -9.548224494692735265e-01 -8.986631544599211763e-01 -9.338685621408018278e-01 -9.375207913005934035e-01 -9.390923400863814274e-01
-7.464013499911594796e-01 -7.565006222282119053e-01 -9.557517080746240623e-01 -9.577618415368919225e-01 -9.348475585328533954e-01 -9.357171726366555475e-01 -9.429480807634270656e-01
-7.150502481735665494e-01 -8.293374301205205246e-01 -9.647578063996583575e-01 -9.560117448257290373e-01 -9.496044694870349190e-01 -9.431982710000982317e-01 -9.443623580069165913e-01
-6.496893815639837033e-01 -7.533465862089733234e-01 -8.987522276429509294e-01 -9.230786088237528109e-01 -9.373590559058568861e-01 -9.438966034847641184e-01 -9.411225839158708917e-01
-7.179848911102725273e-01 -8.152931718882652223e-01 -9.596895871740466211e-01 -9.514940689474800095e-01 -9.469119275977021521e-01 -9.345077443075264778e-01 -9.382989334518347935e-01
-6.633455407407182758e-01 -7.403033689607558809e-01 -8.177346661666036187e-01 -9.455707201541354578e-01 -9.372573105222665735e-01 -9.423574557077423197e-01 -9.409493928174834654e-01
-7.312485617514641323e-01 -8.819501518378192184e-01 -9.227001126735607794e-01 -9.240341539337162402e-01 -9.422076135405361708e-01 -9.380468819530090041e-01 -9.429841604097171093e-01
-6.721329878188595508e-01 -7.613658651513307563e-01 -9.512009353688876123e-01 -9.513313708260017210e-01 -9.452517629446333114e-01 -9.466423168899245066e-01 -9.438942020751770468e-01
-7.360929989288753639e-01 -7.969161067710818225e-01 -9.093597238364615754e-01 -9.382400487338569128e-01 -9.388992579327730681e-01 -9.283854418817595322e-01 -9.371783875872019554e-01
-6.500501165355276889e-01 -7.636104419249356567e-01 -9.665577228917008323e-01 -9.559619690980808437e-01 -9.442428991628966095e-01 -9.375166090363101778e-01 -9.413190964300770514e-01
-6.510913880983131286e-01 -9.398948021182298440e-01 -9.582033268446212837e-01 -9.336133450399227707e-01 -9.399911067385738894e-01 -9.405657224844180542e-01 -9.405119922895239792e-01
-6.577872904475121629e-01 -7.518846723347297756e-01 -8.870258084040618662e-01 -9.567105511203285451e-01 -9.476323087401354872e-01 -9.431526396841145576e-01 -9.411143948681601756e-01
-7.033334061939774395e-01 -8.384309713025980271e-01 -8.246940290411478580e-01 -9.227395815538824708e-01 -9.324366324951348650e-01 -9.351364641722768045e-01 -9.417933959962849766e-01
-7.427013211525177461e-01 -9.528557095740485261e-01 -9.574903268355126063e-01 -9.613455714331479163e-01 -9.534887734069530385e-01 -9.481058117981631117e-01 -9.452343686276480916e-01
-7.637936696922101865e-01 -8.947146515469899253e-01 -8.876393642531180683e-01 -9.553206569875376530e-01 -9.471258985685134801e-01 -9.401830929603370857e-01 -9.419928118814721030e-01
-7.155990423387407207e-01 -8.103139264160875710e-01 -8.580401824846681791e-01 -9.305959836364194881e-01 -9.446567723275598460e-01 -9.421998594457166032e-01 -9.426993509240499947e-01
-6.396286711630606581e-01 -8.015312102626901414e-01 -8.839284557871929238e-01 -9.422699701830385965e-01 -9.257027534236137445e-01 -9.321579826415398173e-01 -9.394715324528958300e-01
-6.987745585938914816e-01 -8.206084251849958822e-01 -8.784230204840255407e-01 -9.389088078507491497e-01 -9.340532786776081231e-01 -9.373551634387919940e-01 -9.399196015329104315e-01
-7.536874866643094029e-01 -8.333315169233079800e-01 -8.946634490806737450e-01 -9.226946474585925317e-01 -9.424897430961758360e-01 -9.412402752165435205e-01 -9.406993796836742305e-01
-9.482817419450234597e-01 -8.937976882469558237e-01 -9.598382468595142436e-01 -9.582133509754801048e-01 -9.371630964031539834e-01 -9.363991697905520439e-01 -9.397400462855820535e-01
-6.557424970756871030e-01 -7.965516440192408343e-01 -9.003413022319942671e-01 -9.294591890602306172e-01 -9.338525555039105530e-01 -9.371452110699156623e-01 -9.392952713595097425e-01
