(-0.9412240336932628+0j)
-9.565494190271754960e-01 -9.634936292509953537e-01 -9.537921061762764108e-01 -9.404226011351731751e-01 -9.438986252205532335e-01 -9.393314946260623577e-01 -9.392057383071389376e-01
-8.975236321247060944e-01 -9.739099445867251958e-01 -9.404816218269823613e-01 -9.362827725079236885e-01 -9.412335462019520982e-01 -9.432682835767811635e-01 -9.398371544535473188e-01
-9.270365255759407397e-01 -9.426609985795355584e-01 -9.385924390372722970e-01 -9.487620188153979006e-01 -9.484854983149724195e-01 -9.425340324812924164e-01 -9.423955669911004973e-01
-9.270365255759407397e-01 -9.322446832438057163e-01 -9.522023321785758609e-01 -9.458002118643116241e-01 -9.387263292900465128e-01 -9.477309041172274906e-01 -9.407704135350029029e-01
-8.975236321247060944e-01 -9.530773139152655116e-01 -9.221325916810914070e-01 -9.489013709360784032e-01 -9.412828646124672405e-01 -9.479819299399647736e-01 -9.386822320843359879e-01
-9.270365255759407397e-01 -9.530773139152655116e-01 -9.488074051403785347e-01 -9.414992516757093588e-01 -9.375727852226738435e-01 -9.413281085355653666e-01 -9.367038971974207540e-01
-9.860623124784100302e-01 -9.546832405911191977e-01 -9.235306464081805000e-01 -9.374864813682688425e-01 -9.320752375713690085e-01 -9.425323347437950527e-01 -9.405416626333014118e-01
-1.015575205929644786e+00 -9.442669252553892445e-01 -9.437688593437816298e-01 -9.431242500918333160e-01 -9.388705759558860775e-01 -9.399345663789266947e-01 -9.406027855021092954e-01
-9.565494190271754960e-01 -9.234342945839295602e-01 -9.467803478407560425e-01 -9.456246272393881158e-01 -9.369098080294239184e-01 -9.424855638067568542e-01 -9.413966388707852850e-01
-9.860623124784100302e-01 -9.546832405911190866e-01 -9.521484874178768321e-01 -9.442453337541196756e-01 -9.492864033061017004e-01 -9.397791851009259512e-01 -9.399826448738899387e-01
-7.924495976066980862e-01 -9.755158712625788819e-01 -9.569414691831632513e-01 -9.493586933054674049e-01 -9.485596382491143785e-01 -9.407620510265835012e-01 -9.409477588564294503e-01
-8.975236321247060944e-01 -9.546832405911191977e-01 -9.486156858697670780e-01 -9.427247399767266778e-01 -9.366000801366234363e-01 -9.404352879675893506e-01 -9.401158185831477443e-01
-9.565494190271754960e-01 -9.114120525723459210e-01 -9.638153530087711918e-01 -9.470710075274844097e-01 -9.370131724574776166e-01 -9.449119821944671482e-01 -9.382219674918537144e-01
-8.975236321247060944e-01 -9.042075905883233400e-01 -9.187376646428941918e-01 -9.293420830510861208e-01 -9.440739270529219240e-01 -9.427849247041582004e-01 -9.377434133377047232e-01
-9.270365255759407397e-01 -9.442669252553892445e-01 -9.421252405853819401e-01 -9.338195021050172961e-01 -9.445121987782302275e-01 -9.436083053361593587e-01 -9.382401113289121630e-01
-8.975236321247060944e-01 -9.322446832438057163e-01 -9.454663228628802374e-01 -9.435526663340811915e-01 -9.475692078499240445e-01 -9.367610811636482016e-01 -9.401812908572879657e-01
-9.860623124784100302e-01 -9.338506099196594024e-01 -9.166265775940583005e-01 -9.418327489190265744e-01 -9.425744217027773875e-01 -9.453672352098185794e-01 -9.413125625828535625e-01
-9.565494190271754960e-01 -9.530773139152655116e-01 -9.519567681472653753e-01 -9.513646413389849066e-01 -9.427611364461749854e-01 -9.424429142394750158e-01 -9.417441739767182796e-01
-9.565494190271754960e-01 -9.739099445867251958e-01 -9.217491531398684934e-01 -9.289725529941589288e-01 -9.438251753145106004e-01 -9.397098374202029758e-01 -9.402287119893288914e-01
-8.975236321247060944e-01 -9.530773139152655116e-01 -9.538459509369754397e-01 -9.419639004222000178e-01 -9.381874185762902885e-01 -9.400875513130444450e-01 -9.402968152232586974e-01
-9.270365255759407397e-01 -9.442669252553892445e-01 -9.621178894896725842e-01 -9.475283298968733003e-01 -9.441646516556860824e-01 -9.411886659267560962e-01 -9.418688020250033377e-01
-8.892559550425540582e-01 -9.546832405911191977e-01 -9.286230369654765449e-01 -9.430364577793716174e-01 -9.379714005797720189e-01 -9.403262421421353379e-01 -9.394929316614859527e-01
-9.565494190271754960e-01 -9.442669252553892445e-01 -9.621178894896725842e-01 -9.429229782827279749e-01 -9.432075641779097408e-01 -9.445768884806042820e-01 -9.406204786987143462e-01
-9.860623124784100302e-01 -9.322446832438057163e-01 -8.936224401927932437e-01 -9.431387031554039346e-01 -9.400729069687772110e-01 -9.399304056245479932e-01 -9.358912467259408174e-01
-9.565494190271754960e-01 -9.130179792481996071e-01 -9.202972536520803715e-01 -9.556582751504854034e-01 -9.428576494965870136e-01 -9.369704186092555620e-01 -9.376131432427472490e-01
-9.565494190271754960e-01 -9.530773139152655116e-01 -9.604742707312728944e-01 -9.423778636008771636e-01 -9.377118526203865878e-01 -9.428749424326507977e-01 -9.465323835264767283e-01
-9.860623124784100302e-01 -9.338506099196594024e-01 -9.488074051403785347e-01 -9.400457447011442147e-01 -9.445306205853186698e-01 -9.408485143672780104e-01 -9.420870788576322097e-01
-9.270365255759407397e-01 -9.234342945839295602e-01 -9.434392655632577451e-01 -9.480589915151533820e-01 -9.452263304757767548e-01 -9.429456611662674348e-01 -9.432015286469359605e-01
-9.860623124784100302e-01 -1.005158890593914833e+00 -9.221325916810914070e-01 -9.285956965601300794e-01 -9.409152246180043644e-01 -9.422560146845977425e-01 -9.406028504066299423e-01
-9.860623124784100302e-01 -9.530773139152655116e-01 -9.655128165278697994e-01 -9.550253681561731156e-01 -9.385442623497788350e-01 -9.398319949679962981e-01 -9.385219112278160303e-01
-9.860623124784100302e-01 -9.530773139152655116e-01 -9.420713958246829112e-01 -9.384682129098744774e-01 -9.440600603133718627e-01 -9.364964672429229031e-01 -9.424709698684469172e-01
-7.546690270733114048e-01 -9.338506099196594024e-01 -9.185997901329817639e-01 -9.432264954678655222e-01 -9.439009065095892437e-01 -9.392356476009187105e-01 -9.414728480023804025e-01
-9.860623124784100302e-01 -9.322446832438057163e-01 -9.353052015204730285e-01 -9.316586749562103531e-01 -9.413817452216578507e-01 -9.408628934393290510e-01 -9.387332793560738686e-01
-9.860623124784100302e-01 -9.739099445867251958e-01 -9.184619156230693360e-01 -9.415210311163815238e-01 -9.395811929842872168e-01 -9.429165493576088242e-01 -9.419909868785264484e-01
-9.270365255759407397e-01 -9.739099445867251958e-01 -9.471099416212798161e-01 -9.432264954678656332e-01 -9.433442640168439031e-01 -9.429817885128579658e-01 -9.390252170613264671e-01
-9.860623124784100302e-01 -9.322446832438057163e-01 -9.317185552116642455e-01 -9.317320142051015441e-01 -9.434637689629501445e-01 -9.424017625288704236e-01 -9.389708318268226162e-01
-9.270365255759407397e-01 -9.322446832438057163e-01 -9.351134822498615717e-01 -9.422756182248449575e-01 -9.397236100221940669e-01 -9.421761399382627689e-01 -9.419909044220940997e-01
-9.860623124784100302e-01 -9.739099445867251958e-01 -9.019482235061894171e-01 -9.548014426659898746e-01 -9.384631943681556177e-01 -9.420996047957065356e-01 -9.447874742471680243e-01
-9.565494190271754960e-01 -9.426609985795355584e-01 -9.354430760303854564e-01 -9.419494473586293992e-01 -9.396812217485295271e-01 -9.409212464961544953e-01 -9.411338496477805737e-01
-9.565494190271754960e-01 -9.546832405911190866e-01 -9.604742707312728944e-01 -9.398186002680019024e-01 -9.450476854690629258e-01 -9.438802912323283056e-01 -9.390664552895907624e-01
-8.680107386734714492e-01 -9.530773139152655116e-01 -9.237762104394910967e-01 -9.416200575494547698e-01 -9.439716169996437145e-01 -9.384078586058214322e-01 -9.427689416422019297e-01
-9.565494190271754960e-01 -9.250402212597831353e-01 -9.654589717671707705e-01 -9.326992926831365605e-01 -9.381828570429030512e-01 -9.434808895150548214e-01 -9.391838298231878213e-01
-9.270365255759407397e-01 -9.338506099196594024e-01 -9.569414691831632513e-01 -9.422756182248449575e-01 -9.431752820971199824e-01 -9.404457324679831309e-01 -9.402142870722531853e-01
-8.680107386734714492e-01 -9.530773139152655116e-01 -9.454124781021812085e-01 -9.415178121734224526e-01 -9.455957202942786299e-01 -9.439258385403981322e-01 -9.403684000239389551e-01
-9.565494190271754960e-01 -9.146239059240532931e-01 -9.488074051403785347e-01 -9.381791487883073266e-01 -9.434809713663117048e-01 -9.351097382136532854e-01 -9.393708997822760587e-01
-9.565494190271754960e-01 -9.843262599224551490e-01 -9.299370619433522389e-01 -9.487031326300772172e-01 -9.477513600152496220e-01 -9.401131464497247681e-01 -9.398833995743132164e-01
-9.860623124784100302e-01 -9.634936292509953537e-01 -9.404277770662833325e-01 -9.250154356783019116e-01 -9.452389627905326552e-01 -9.427428546731744241e-01 -9.394362616488569628e-01
-9.860623124784100302e-01 -8.953972019284471839e-01 -9.621178894896725842e-01 -9.362456657632753920e-01 -9.443266246793504681e-01 -9.411734471314143757e-01 -9.433933396180522735e-01
-9.565494190271754960e-01 -9.739099445867251958e-01 -9.354430760303854564e-01 -9.411327551218864329e-01 -9.435625643470829660e-01 -9.433680097578984736e-01 -9.410842113203604642e-01
-9.860623124784100302e-01 -9.546832405911190866e-01 -9.586389327022618589e-01 -9.520376885810499790e-01 -9.394030794425703990e-01 -9.412108020537002240e-01 -9.413241215659234884e-01
