(-0.9412240336932628+0j)
-8.809882779604021330e-01 -9.614151494577334311e-01 -9.526689025491400509e-01 -9.369958421979337482e-01 -9.382419457584848521e-01 -9.425662989941421266e-01 -9.423684785430697097e-01
-7.033179481067652894e-01 -8.675024794052752508e-01 -9.270901345267311688e-01 -9.300393699455180574e-01 -9.328083084425140559e-01 -9.403701594205585712e-01 -9.404168159930949011e-01
-8.499054304409079386e-01 -9.431344674584324350e-01 -9.353684491024818470e-01 -9.407350886006338175e-01 -9.350757452435209949e-01 -9.399346308251033122e-01 -9.409965496377897809e-01
-9.116871097040946115e-01 -9.347647105552807645e-01 -9.443989949201738732e-01 -9.544295522713772684e-01 -9.385848558672911235e-01 -9.397845539335449860e-01 -9.402110285767999454e-01
-8.976882103143354330e-01 -9.668920817348257701e-01 -9.644046659588736414e-01 -9.478566898888818315e-01 -9.421764244848289671e-01 -9.419485861229527357e-01 -9.419569319580149980e-01
-8.303947463297141063e-01 -9.818461848425193983e-01 -9.674615632410361599e-01 -9.402657781716656782e-01 -9.369282863984473853e-01 -9.379695417717273109e-01 -9.403544412658989549e-01
-8.303947463297141063e-01 -9.308860334174061668e-01 -9.518554445908674611e-01 -9.267590267727178199e-01 -9.422495416072365071e-01 -9.405495865173449932e-01 -9.402608085997901100e-01
-9.040124017681714363e-01 -9.238529101217273221e-01 -9.349885354566784823e-01 -9.449525660988600251e-01 -9.360260480714628351e-01 -9.404825360719374361e-01 -9.405021394996206929e-01
-9.713058657527927631e-01 -9.639276423899840740e-01 -9.385556304009058382e-01 -9.444681726454371429e-01 -9.466988925879437078e-01 -9.416956208749716062e-01 -9.419069051095994016e-01
-9.565494190271754960e-01 -9.693811118320601050e-01 -9.449241128073920803e-01 -9.425759658952895803e-01 -9.451879336383829378e-01 -9.430757942206154931e-01 -9.414677040574774836e-01
-9.801597337881631233e-01 -9.924781588808524457e-01 -9.752284655152986259e-01 -9.507691372488642489e-01 -9.465493914889694382e-01 -9.436269384294154738e-01 -9.424315776479197382e-01
-8.892559550425540582e-01 -9.402632125944145880e-01 -9.323135099760191391e-01 -9.347216054313952638e-01 -9.356778294473919733e-01 -9.426796053906427719e-01 -9.406736675344771204e-01
-9.565494190271754960e-01 -9.847791431979215915e-01 -9.718524008167045425e-01 -9.429986606277017680e-01 -9.417963093264933860e-01 -9.397393793855727262e-01 -9.429824035931626547e-01
-8.818777316797454802e-01 -9.610898641735192705e-01 -9.511834383996782272e-01 -9.431632907038495217e-01 -9.376776115905895992e-01 -9.410782293020402145e-01 -9.419124708505313137e-01
-9.040124017681714363e-01 -9.417929723015581178e-01 -9.535981296820519315e-01 -9.384562646437806244e-01 -9.403405660419408285e-01 -9.377633639933218301e-01 -9.392452360180666426e-01
-8.526613228016252100e-01 -8.971283193605534834e-01 -9.319264589829441281e-01 -9.399890678822424572e-01 -9.401282289571033512e-01 -9.409514894318928846e-01 -9.399711349735130339e-01
-9.447442616466815712e-01 -9.434325774932933451e-01 -9.428012607145352941e-01 -9.328520512940723375e-01 -9.379926359237973355e-01 -9.412734459903073780e-01 -9.404794867947434689e-01
-8.723914444989914196e-01 -9.530773139152655116e-01 -9.379542575766989243e-01 -9.466114245966017471e-01 -9.451123891753910877e-01 -9.403768802800087645e-01 -9.405730055526705380e-01
-9.801597337881631233e-01 -9.376591337604820442e-01 -9.347437427315795633e-01 -9.340678543984273219e-01 -9.402082744974195050e-01 -9.408961005173938075e-01 -9.394987958010578843e-01
-8.774507976620602445e-01 -9.447442616466815712e-01 -9.570789796149136164e-01 -9.518334196343789522e-01 -9.362693003803100877e-01 -9.393349034397737718e-01 -9.402121950851634047e-01
-8.588536078719760658e-01 -8.833533763523071514e-01 -9.332469087130312868e-01 -9.392433515955131984e-01 -9.400150847989656722e-01 -9.403071795045242487e-01 -9.397466330801160783e-01
-8.976882103143354330e-01 -9.143881426682687330e-01 -9.365666720329925976e-01 -9.497067646854655543e-01 -9.461795341826326755e-01 -9.449510084460798209e-01 -9.430927488228202371e-01
-8.066198533790970293e-01 -8.770066639493839800e-01 -9.199476880682093682e-01 -9.408357035478650543e-01 -9.413817487649114302e-01 -9.425194553388046570e-01 -9.406381775232948161e-01
-8.892559550425540582e-01 -9.358903936113112110e-01 -9.504433031407131249e-01 -9.425186749430731759e-01 -9.439693334371623834e-01 -9.411165030374639695e-01 -9.420527677284196155e-01
-9.270365255759407397e-01 -9.238529101217273221e-01 -9.364781236191268565e-01 -9.324006157334600031e-01 -9.417280974068605870e-01 -9.395088110968397022e-01 -9.400162772226281493e-01
-8.470946786836474063e-01 -9.189875546346949475e-01 -9.592324093409240193e-01 -9.474393195091700415e-01 -9.422236628488734889e-01 -9.410443065854989797e-01 -9.404402907140967383e-01
-9.143881426682687330e-01 -8.933897935836301318e-01 -9.434886016262790109e-01 -9.345298877767822532e-01 -9.343438009695259616e-01 -9.377848167246627398e-01 -9.392050100338460439e-01
-8.219624910579328425e-01 -9.368741567263523251e-01 -9.457197350498340871e-01 -9.465894595720755200e-01 -9.497760604677831786e-01 -9.428878817803352241e-01 -9.415714670369342842e-01
-8.597430615913194130e-01 -9.523332913912847530e-01 -9.386658061797081842e-01 -9.362866940701196627e-01 -9.400378116058090150e-01 -9.416142540040000064e-01 -9.398737002916621730e-01
-9.707128966065639020e-01 -9.614723955740350769e-01 -9.549536313385762476e-01 -9.518797928043712941e-01 -9.501326486931256365e-01 -9.482197445935183211e-01 -9.419402254983229028e-01
-9.093287895052000191e-01 -9.270365255759407397e-01 -9.229896642583221844e-01 -9.347355264995704793e-01 -9.437350400238428971e-01 -9.454574919601775873e-01 -9.422098718506038972e-01
-9.649816742989567597e-01 -9.518273560749779261e-01 -9.390565156062733454e-01 -9.416347453708968640e-01 -9.403959295459443091e-01 -9.408750285562826887e-01 -9.426819777752669660e-01
-8.976882103143354330e-01 -9.414964877284436318e-01 -9.463100292056575435e-01 -9.318434664852599525e-01 -9.421448434035508690e-01 -9.431617843792459155e-01 -9.414944519342545171e-01
-1.015575205929644786e+00 -9.277068954718419302e-01 -9.457789978880895010e-01 -9.401454649249870732e-01 -9.388233815983939579e-01 -9.393784138564442721e-01 -9.400010475016670197e-01
-9.143881426682687330e-01 -8.709586389220895786e-01 -9.055492489556080660e-01 -9.367778452532234956e-01 -9.432488694502667581e-01 -9.381189715268296592e-01 -9.410196912416688431e-01
-1.015575205929644786e+00 -9.322446832438057163e-01 -9.391118174657089313e-01 -9.390513492860106393e-01 -9.370742751722219710e-01 -9.389654517118798394e-01 -9.403707771286941020e-01
-9.565494190271754960e-01 -9.474685287344878359e-01 -9.439778238148477385e-01 -9.490347260635993987e-01 -9.450703294257651876e-01 -9.432797792956245653e-01 -9.423930577996624258e-01
-9.482817419450234597e-01 -9.860623124784100302e-01 -9.433980176339058499e-01 -9.404223121959955911e-01 -9.398687081547059119e-01 -9.413894503089568211e-01 -9.410359641269258058e-01
-7.703149275182721301e-01 -9.329391042661876465e-01 -9.085962147914201648e-01 -9.225009590319599440e-01 -9.327545702318501553e-01 -9.401464400298927826e-01 -9.396045561639640997e-01
-8.367189377835501096e-01 -9.506468403369284781e-01 -9.212222061217669733e-01 -9.348725049651979147e-01 -9.456550892238135830e-01 -9.395714499845702061e-01 -9.403297411469089262e-01
-9.565494190271754960e-01 -9.589104505032741699e-01 -9.532095154817379346e-01 -9.471789964260859396e-01 -9.374443844301846296e-01 -9.394689091073565868e-01 -9.397038336943051018e-01
-8.048511132299260851e-01 -9.206595715687106996e-01 -9.410852877907003311e-01 -9.445442784693522942e-01 -9.395525928524346426e-01 -9.398443383669252693e-01 -9.423756632385675847e-01
-9.482817419450234597e-01 -9.649816742989567597e-01 -9.482384056756923973e-01 -9.385054884637680228e-01 -9.438216987288139403e-01 -9.425585978250601293e-01 -9.419585373937998662e-01
-8.809882779604021330e-01 -9.248039512379766514e-01 -9.620088762192531284e-01 -9.468598495166742346e-01 -9.408835259772296844e-01 -9.420994436451602949e-01 -9.414732304501669535e-01
-8.148807522682385285e-01 -8.924492935955706807e-01 -9.342971763256193718e-01 -9.337175710090925840e-01 -9.397017509096495802e-01 -9.424765395728229578e-01 -9.427773297547461517e-01
-9.482817419450234597e-01 -9.639276423899840740e-01 -9.364667457248825322e-01 -9.498269039178302009e-01 -9.434637041796998247e-01 -9.405775761530955625e-01 -9.406862683221319799e-01
-9.565494190271754960e-01 -9.535981296820519315e-01 -9.502252275733393816e-01 -9.436853101726466742e-01 -9.375272970882403412e-01 -9.405495173904758754e-01 -9.412964892944774009e-01
-7.211045841758154662e-01 -7.800910023563906170e-01 -9.201373396412133587e-01 -9.329593692432366359e-01 -9.388667086435935616e-01 -9.394266099968985317e-01 -9.394078783293778878e-01
-9.396849084836127464e-01 -9.523332913912847530e-01 -9.466212802662148373e-01 -9.472842806443564356e-01 -9.426360131664459630e-01 -9.406666275973042390e-01 -9.401976428062306379e-01
-7.771001817348519580e-01 -8.773296959775483961e-01 -9.067022084646334523e-01 -9.401023016854251901e-01 -9.399433824865980336e-01 -9.402216623170109866e-01 -9.405444899960480054e-01
