(-0.9360549199556063+0j)
-9.037495474212201563e-01 -9.308842468471179021e-01 -9.476565258557801963e-01 -9.352718563763082749e-01 -9.319065983975405310e-01 -9.343357001078069768e-01 -9.359126354352942379e-01
-9.580189462730156480e-01 -9.308842468471179021e-01 -9.276254508483350314e-01 -9.419420361447183865e-01 -9.363816870273691251e-01 -9.343812136079834296e-01 -9.372378602055901897e-01
-9.308842468471179021e-01 -9.399291466557504471e-01 -9.225771346760749392e-01 -9.364916562462368699e-01 -9.371558189268698325e-01 -9.347304218145982002e-01 -9.371382372628578317e-01
-9.308842468471179021e-01 -9.489740464643831031e-01 -9.523395905792231275e-01 -9.351219554736457384e-01 -9.357137916689090007e-01 -9.380684036485487098e-01 -9.358431515236166343e-01
-9.580189462730156480e-01 -9.042012191650237174e-01 -9.472912744069630353e-01 -9.323722120041411099e-01 -9.360033893786086079e-01 -9.364274752948382741e-01 -9.355630671225990680e-01
-9.037495474212201563e-01 -9.132461189736562623e-01 -9.350152993823166447e-01 -9.295345963779033660e-01 -9.347551413871429959e-01 -9.364780910792445123e-01 -9.355145759184821941e-01
-9.580189462730156480e-01 -9.399291466557504471e-01 -9.499980582175017174e-01 -9.383329878659918410e-01 -9.398966701239082067e-01 -9.398207681395318591e-01 -9.375121592411408411e-01
-9.037495474212201563e-01 -9.132461189736562623e-01 -9.472912744069630353e-01 -9.292606379833818764e-01 -9.362163007830498485e-01 -9.359715261772876271e-01 -9.357222477039121022e-01
-9.851536456989135049e-01 -9.489740464643831031e-01 -9.247564773562013674e-01 -9.372139818581981530e-01 -9.390854311621217310e-01 -9.369387354231319964e-01 -9.360948133937694315e-01
-9.308842468471179021e-01 -9.127944472298527012e-01 -9.296221678040529346e-01 -9.449166309682168752e-01 -9.358410539217792978e-01 -9.364525796580948080e-01 -9.358886419814707036e-01
-9.308842468471179021e-01 -9.332957105768616701e-01 -9.424255839591115791e-01 -9.443442062589181285e-01 -9.367238945430074182e-01 -9.334693153728822468e-01 -9.357408880463858880e-01
-8.766148479953222994e-01 -9.670638460816483040e-01 -9.447671163208329892e-01 -9.385319958091820070e-01 -9.424596831204642422e-01 -9.386459934718319742e-01 -9.376884077494432868e-01
-9.580189462730156480e-01 -9.218393470384853572e-01 -9.447671163208329892e-01 -9.442201487670591753e-01 -9.404909299646000420e-01 -9.358498854715548987e-01 -9.365453609376225286e-01
-9.308842468471179021e-01 -9.489740464643831031e-01 -9.324911412961864876e-01 -9.386818967118446544e-01 -9.353895590776104552e-01 -9.354704706174536977e-01 -9.355602825033948466e-01
-8.603317353532713430e-01 -8.951563193563910614e-01 -9.249186670377964603e-01 -9.405361500370013061e-01 -9.401146661741661692e-01 -9.347912421674644534e-01 -9.347840160159643919e-01
-9.308842468471179021e-01 -9.222910187822889183e-01 -9.229423861248922112e-01 -9.442201487670591753e-01 -9.338527303056087803e-01 -9.351459597162024018e-01 -9.359966187818156147e-01
-9.580189462730156480e-01 -9.399291466557504471e-01 -9.375598935112601229e-01 -9.275692072662895526e-01 -9.307180787161569713e-01 -9.352016777848387585e-01 -9.357876627503127764e-01
-9.308842468471179021e-01 -9.218393470384853572e-01 -9.346704839763129158e-01 -9.365045779516386615e-01 -9.369388398057753031e-01 -9.351008532739191192e-01 -9.373047035827692941e-01
-9.037495474212201563e-01 -9.489740464643831031e-01 -9.128457537803720268e-01 -9.325970633581350810e-01 -9.367218606846806628e-01 -9.375465318939018022e-01 -9.371510201975117305e-01
-9.580189462730156480e-01 -9.037495474212201563e-01 -9.397188001485730080e-01 -9.300449923412725806e-01 -9.377655815112144744e-01 -9.358907037453946254e-01 -9.366976159921015510e-01
-9.308842468471179021e-01 -9.132461189736562623e-01 -9.229423861248922112e-01 -9.287631637254145645e-01 -9.370981244751145356e-01 -9.354041409224642667e-01 -9.361487297515889150e-01
-8.603317353532713430e-01 -9.399291466557504471e-01 -9.245738516317928424e-01 -9.352847780817101775e-01 -9.319447223889896215e-01 -9.386153797664521514e-01 -9.358757870044640548e-01
-9.308842468471179021e-01 -9.042012191650237174e-01 -9.323289516145915057e-01 -9.300191489304689973e-01 -9.338567980222620690e-01 -9.377596066578804956e-01 -9.353256165178785997e-01
-9.308842468471179021e-01 -9.580189462730156480e-01 -9.474739001313716713e-01 -9.337910198172599818e-01 -9.387978673107487682e-01 -9.365082977267311648e-01 -9.362837727943729149e-01
-9.580189462730156480e-01 -9.308842468471179021e-01 -9.097941545638298377e-01 -9.399016965817732494e-01 -9.367414311449868691e-01 -9.346547016669352059e-01 -9.367503201462012985e-01
-9.580189462730156480e-01 -9.489740464643831031e-01 -9.399014258729815330e-01 -9.398887748763713468e-01 -9.344345381901376646e-01 -9.342548776759140861e-01 -9.356981101653830679e-01
-9.851536456989135049e-01 -9.489740464643831031e-01 -9.298047935284614596e-01 -9.414574835921527551e-01 -9.351715630273526036e-01 -9.369136310598753514e-01 -9.360266137281645360e-01
-9.308842468471179021e-01 -9.399291466557504471e-01 -9.498154324930930814e-01 -9.348609187845260404e-01 -9.365625760153414303e-01 -9.347206243040314666e-01 -9.358701457237027510e-01
-9.580189462730156480e-01 -9.308842468471179021e-01 -9.274632611667400495e-01 -9.394791727751371502e-01 -9.343036465429742643e-01 -9.367515791381963997e-01 -9.348678552777800466e-01
-9.580189462730156480e-01 -9.037495474212201563e-01 -9.299874192528700956e-01 -9.303680577763218107e-01 -9.332409338629372719e-01 -9.378404290897733864e-01 -9.363165523599260576e-01
-9.037495474212201563e-01 -9.399291466557504471e-01 -9.223945089516665252e-01 -9.405361500370013061e-01 -9.352096870188016942e-01 -9.371922214030571352e-01 -9.360321109242201176e-01
-9.580189462730156480e-01 -9.399291466557504471e-01 -9.175492545466285010e-01 -9.364037840895037546e-01 -9.351870657710054102e-01 -9.339099576377429823e-01 -9.373615486444988321e-01
-9.308842468471179021e-01 -9.332957105768616701e-01 -9.472912744069630353e-01 -9.399766470331044621e-01 -9.362358712433559438e-01 -9.335662587732513895e-01 -9.363379052792510926e-01
-9.580189462730156480e-01 -9.489740464643831031e-01 -9.321463258901829807e-01 -9.391922926752137579e-01 -9.381830200805875153e-01 -9.376940910786772942e-01 -9.359697686664351091e-01
-9.580189462730156480e-01 -9.489740464643831031e-01 -9.146598450116812939e-01 -9.376985344107636733e-01 -9.346319468509260986e-01 -9.373844799722227394e-01 -9.350384625053214105e-01
-9.308842468471179021e-01 -9.127944472298527012e-01 -9.324911412961864876e-01 -9.413954548462233340e-01 -9.335831413785755650e-01 -9.375163252464152608e-01 -9.367587460461666016e-01
-9.580189462730156480e-01 -9.399291466557504471e-01 -9.422429582347030541e-01 -9.358701244964106047e-01 -9.363806700982058029e-01 -9.371365033344207784e-01 -9.361913635478861240e-01
-9.851536456989135049e-01 -9.308842468471179021e-01 -9.548637486653531736e-01 -9.372889323095293657e-01 -9.367785382072726375e-01 -9.380330947168322719e-01 -9.370301884201601705e-01
-9.308842468471179021e-01 -9.489740464643831031e-01 -9.451119317268366071e-01 -9.421668874987122466e-01 -9.270036531005028113e-01 -9.358545806978917359e-01 -9.373174865174231929e-01
-9.308842468471179021e-01 -9.489740464643831031e-01 -9.299874192528700956e-01 -9.357822523396774894e-01 -9.370305905323262907e-01 -9.341834456966948697e-01 -9.342479127101055436e-01
-9.851536456989135049e-01 -9.399291466557504471e-01 -9.371946420624429619e-01 -9.377734848620949970e-01 -9.375732574962427623e-01 -9.367919903541428450e-01 -9.347542371966739427e-01
-9.037495474212201563e-01 -9.580189462730156480e-01 -9.548637486653531736e-01 -9.447925734763578109e-01 -9.397343346670788966e-01 -9.356882406077691172e-01 -9.355103629684995425e-01
-9.851536456989135049e-01 -9.308842468471179021e-01 -9.350152993823166447e-01 -9.384828887686543775e-01 -9.378232759629698823e-01 -9.362144005308595807e-01 -9.367713128537618061e-01
-9.037495474212201563e-01 -9.037495474212201563e-01 -9.348531097007215518e-01 -9.435856953118311186e-01 -9.353534689444882311e-01 -9.362599140310359225e-01 -9.365355787492314343e-01
-9.851536456989135049e-01 -9.399291466557504471e-01 -9.323289516145915057e-01 -9.295475180833052686e-01 -9.374248292470999111e-01 -9.382355578544576691e-01 -9.356768292884108940e-01
-9.037495474212201563e-01 -9.037495474212201563e-01 -9.422429582347030541e-01 -9.340765644266353362e-01 -9.354442027418758965e-01 -9.364627842265547120e-01 -9.372449298171299237e-01
-9.580189462730156480e-01 -9.218393470384853572e-01 -9.523395905792231275e-01 -9.328076575161790007e-01 -9.334785003735015518e-01 -9.384737369816928965e-01 -9.368723641272727054e-01
-9.580189462730156480e-01 -9.489740464643831031e-01 -9.474739001313716713e-01 -9.430132706025324829e-01 -9.382747708071386139e-01 -9.367970926383727415e-01 -9.354364499797804822e-01
-9.037495474212201563e-01 -9.136977907174598235e-01 -9.301496089344651885e-01 -9.275562855608877610e-01 -9.352086700896383720e-01 -9.351914732163788546e-01 -9.347895132120198625e-01
-9.037495474212201563e-01 -9.066126828947673744e-01 -9.399014258729815330e-01 -9.373380393500571062e-01 -9.363610996378997076e-01 -9.376179638731212407e-01 -9.367715289808205004e-01
