(-0.9360549199556063+0j)
-7.265885839770080956e-01 -8.617103462853119566e-01 -9.412559061418167561e-01 -9.425773645714348170e-01 -9.411656865334404598e-01 -9.376793259383319201e-01 -9.360737445893656528e-01
-8.765088471401293324e-01 -8.776294017459186358e-01 -9.426677253102814236e-01 -9.397645809151304874e-01 -9.362552786591989973e-01 -9.350197482443224350e-01 -9.375394365943017227e-01
-6.562953111852019017e-01 -8.029057922238111988e-01 -9.413760075094372848e-01 -9.417058485265883405e-01 -9.402291341968136429e-01 -9.388398574305830691e-01 -9.353133195873069017e-01
-6.404751059007225411e-01 -7.927064036377926559e-01 -9.379202986815128318e-01 -9.302847082324031680e-01 -9.356425023559344911e-01 -9.360956032855072273e-01 -9.344406941072576078e-01
-6.236753069354601386e-01 -6.561552224648330434e-01 -8.722109976071648063e-01 -9.188711129044733195e-01 -9.364946450322412241e-01 -9.373416149055550095e-01 -9.361824455031199088e-01
-7.517163153159500677e-01 -8.071750496491423288e-01 -8.714785326601643956e-01 -9.325967136359154530e-01 -9.344093127176061886e-01 -9.353025392300198249e-01 -9.359778161737538626e-01
-6.614451151448754729e-01 -7.212406516973738357e-01 -8.606023073674372581e-01 -9.090311176769232393e-01 -9.306958204160334924e-01 -9.363010742730988323e-01 -9.375931098944464415e-01
-7.529764181420111058e-01 -9.471054505217681996e-01 -9.357316626240045343e-01 -9.274048593447958844e-01 -9.270847268709160316e-01 -9.316862079601189173e-01 -9.315065194115343949e-01
-7.152911092880751553e-01 -7.883990865580718932e-01 -8.660705364118918004e-01 -9.414841230719840359e-01 -9.419145814789164906e-01 -9.389780833018879225e-01 -9.366760533675760891e-01
-7.289891363109550770e-01 -9.401931337984361647e-01 -9.421325977372893012e-01 -9.395937659023113619e-01 -9.262853325727635756e-01 -9.342629721335242721e-01 -9.360649046810823881e-01
-7.444988699780445973e-01 -7.365347446794554553e-01 -9.400908732269077639e-01 -9.375744805130501458e-01 -9.327722557645867774e-01 -9.350515960418288586e-01 -9.361190822832213820e-01
-6.880703426328975691e-01 -8.080747500592529997e-01 -9.435975306011629149e-01 -9.455343745075532880e-01 -9.361035826061823162e-01 -9.382723155538470472e-01 -9.370810879239820368e-01
-6.958273431496129202e-01 -7.228478329883705200e-01 -9.390059079567464329e-01 -9.432346581468593616e-01 -9.339606329529421824e-01 -9.382395524671669484e-01 -9.362163395876457184e-01
-6.509421014326226551e-01 -7.927414050981667071e-01 -9.418286236183925908e-01 -9.431327112520236922e-01 -9.336787853587307229e-01 -9.339073337025218802e-01 -9.346330847406576492e-01
-7.507519693417721296e-01 -8.603462297923128999e-01 -9.438328205762192002e-01 -9.224906920074057437e-01 -9.325149724421381014e-01 -9.305403340666934531e-01 -9.339192309906424461e-01
-7.280783251945893708e-01 -9.466256309784107925e-01 -9.388217937744919306e-01 -9.378486181610165007e-01 -9.365454035630770280e-01 -9.359723615915584993e-01 -9.371652718986964725e-01
-7.260443876663831286e-01 -8.120068042562649246e-01 -8.054876996779315457e-01 -9.271299081859971647e-01 -9.316767951592134223e-01 -9.319285764266089789e-01 -9.340643346595942642e-01
-7.320207727053447133e-01 -7.896095895622756711e-01 -9.315988822390198765e-01 -9.393285948118337281e-01 -9.399928732130827802e-01 -9.385891944275177590e-01 -9.373495397460986922e-01
-7.571025791480662237e-01 -7.349801680368751589e-01 -9.458605362339856937e-01 -9.439714655208057970e-01 -9.326934457672375611e-01 -9.359135623060426123e-01 -9.368137496436010903e-01
-6.515090765728454025e-01 -7.945654584717812829e-01 -9.415101109000477697e-01 -9.409110510561573548e-01 -9.354770753734364952e-01 -9.388376724111670013e-01 -9.372591244661898635e-01
-7.479002554005569348e-01 -7.925475289844245985e-01 -9.403446806026996008e-01 -9.423838421901595819e-01 -9.291913850195956392e-01 -9.270865136045776111e-01 -9.359063680210075731e-01
-6.848085550948688205e-01 -7.394799916722885058e-01 -9.454415310428645469e-01 -9.266962779462292188e-01 -9.316595084047533115e-01 -9.342997328035720361e-01 -9.367192931056844696e-01
-7.027814399862462036e-01 -7.272160134833384193e-01 -9.403605911706494069e-01 -9.436466456770002953e-01 -9.420368136904251344e-01 -9.373759475695794263e-01 -9.348972845513778829e-01
-6.277452911236156563e-01 -6.248055577705017294e-01 -9.309941037238490535e-01 -9.387671812729315723e-01 -9.393818877344952689e-01 -9.345451854161681560e-01 -9.366353292828830668e-01
-6.574806358356937164e-01 -7.423794030771465602e-01 -9.393731467313943817e-01 -9.411156793361297179e-01 -9.352113082472133243e-01 -9.289955802381755223e-01 -9.327093267690078626e-01
-6.576199384417534821e-01 -8.682318905300970835e-01 -9.458102176094078661e-01 -9.420608643285633965e-01 -9.426846059625045848e-01 -9.385338401049073687e-01 -9.368430247614134565e-01
-7.527859917427965897e-01 -8.762958919306619299e-01 -9.491002956980526539e-01 -9.382683821363679844e-01 -9.302854536366920168e-01 -9.324257541362568347e-01 -9.365087663266706830e-01
-6.845324308382668699e-01 -7.392853625512891824e-01 -9.454787322695665797e-01 -9.454566680695941638e-01 -9.443070412945925307e-01 -9.385914083068523928e-01 -9.366855027148515145e-01
-7.921709709819058087e-01 -7.896854228251967145e-01 -9.399875595516196114e-01 -9.408186547089540941e-01 -9.333012445852261196e-01 -9.365726693757897570e-01 -9.337856695075722469e-01
-6.990408819010416330e-01 -7.518591613108690508e-01 -8.743871503181157578e-01 -9.428361805617702096e-01 -9.363719725888937084e-01 -9.336597761889889879e-01 -9.358480386824948871e-01
-6.698565921629391351e-01 -8.141595423324706760e-01 -9.493581126951876614e-01 -9.275434675174458743e-01 -9.226899419705697492e-01 -9.344386388580814273e-01 -9.356064861850852399e-01
-7.354119194963244510e-01 -8.778028333082532608e-01 -9.457945183526939026e-01 -9.437507494919331608e-01 -9.433473367970116596e-01 -9.362688832904734193e-01 -9.353150827030680681e-01
-7.320540248214570944e-01 -8.012640268039942226e-01 -9.394197879616558167e-01 -9.307421989430123554e-01 -9.371606384965417424e-01 -9.366923395145160258e-01 -9.361305003735425068e-01
-7.748949629553955054e-01 -7.403143786967445461e-01 -9.404750345433613434e-01 -9.429125970325386019e-01 -9.407845401986213441e-01 -9.378907054768876872e-01 -9.362176863534059645e-01
-7.210088120636114484e-01 -8.044301316001921665e-01 -9.038935131573110349e-01 -9.192601143237784100e-01 -9.300541721942980899e-01 -9.304146088720197660e-01 -9.350853200225666129e-01
-6.592840270870610198e-01 -7.420126468668559738e-01 -8.751865535686702557e-01 -9.425062259174347146e-01 -9.419257792846335020e-01 -9.395876239448822664e-01 -9.362765551976819367e-01
-9.015271486600481277e-01 -8.644309854060139298e-01 -9.352551990380776337e-01 -9.412924094003154440e-01 -9.370844398330540059e-01 -9.373910398584128778e-01 -9.354216236020642672e-01
-6.886580602002705387e-01 -7.315535842706331060e-01 -9.427263510343476538e-01 -9.445178749969300736e-01 -9.426120508162728617e-01 -9.363899698667613736e-01 -9.359111305278127180e-01
-6.880509748257717106e-01 -8.084937839438333107e-01 -8.694598724917927957e-01 -9.269246013001355422e-01 -9.292918775799837716e-01 -9.380827378280398587e-01 -9.385041517434156155e-01
-6.651194732510635754e-01 -8.006378566292285948e-01 -9.377231696734058541e-01 -9.370853750109987557e-01 -9.381917977978229128e-01 -9.355772549573507790e-01 -9.350099134507505738e-01
-6.786736542559773655e-01 -8.139751516009168242e-01 -9.391143271260379288e-01 -9.412868404715541981e-01 -9.408577246523683879e-01 -9.350586328388257318e-01 -9.351427444774069730e-01
-6.684598445939807787e-01 -8.098161478483675291e-01 -9.499857156447725215e-01 -9.426880178663006316e-01 -9.408853625647135566e-01 -9.388946373928899192e-01 -9.370759417100656963e-01
-7.535386464951423502e-01 -8.091716003699085391e-01 -8.736065079412754786e-01 -9.430410032688023581e-01 -9.395411265501136810e-01 -9.371792841861579237e-01 -9.378008625976473889e-01
-7.059248411325642625e-01 -7.906227314376812476e-01 -9.372761314164554936e-01 -9.381810459436344951e-01 -9.371100948376690498e-01 -9.390323132519080573e-01 -9.359142101691444449e-01
-7.252949926880413178e-01 -8.102707594895469656e-01 -9.435601420028141284e-01 -9.416939721406752950e-01 -9.320913981498623047e-01 -9.309698852813177439e-01 -9.346223336338526089e-01
-7.572449093839449530e-01 -9.132113475835852423e-01 -9.326620026631037286e-01 -9.270571948752670544e-01 -9.261083790718913633e-01 -9.362314046047992555e-01 -9.369668609558909900e-01
-7.413174612062909397e-01 -8.026368684296087963e-01 -8.736893386788667781e-01 -9.459766777678243477e-01 -9.439623104495291628e-01 -9.340521118403652956e-01 -9.371438454129805695e-01
-6.767262977135827251e-01 -7.324022663478514383e-01 -9.397951865905067592e-01 -9.387149677701944750e-01 -9.306265099427335485e-01 -9.348704112225305618e-01 -9.346885456251492474e-01
-6.840974183188542890e-01 -7.406304243016830213e-01 -9.443725700095885189e-01 -9.387823695218079356e-01 -9.406730548745376730e-01 -9.395038789464192908e-01 -9.386904805500548843e-01
-9.107197579948915767e-01 -9.539936573994800550e-01 -9.536075197705048412e-01 -9.425190575325967934e-01 -9.409617040759101769e-01 -9.358455751480836415e-01 -9.370358389553925527e-01
