(-0.9360549199556063+0j)
-9.489740464643831031e-01 -9.310774109897279605e-01 -9.511022581840613555e-01 -9.428471435204325291e-01 -9.367508485978262023e-01 -9.362890561741589179e-01 -9.367842999771524015e-01
-9.308842468471179021e-01 -9.444515965600668306e-01 -9.416197227821977433e-01 -9.382747709943115577e-01 -9.325049738175414937e-01 -9.331189841088622927e-01 -9.369413134431955337e-01
-9.670638460816483040e-01 -9.580189462730156480e-01 -9.396781579183232092e-01 -9.370345380878439823e-01 -9.379311021259741921e-01 -9.331669667130328971e-01 -9.355636760673242680e-01
-9.670638460816483040e-01 -9.308842468471179021e-01 -9.450931045542074749e-01 -9.315833007790010889e-01 -9.363493543785956774e-01 -9.369819053676489151e-01 -9.375137400580766389e-01
-9.308842468471179021e-01 -9.308842468471179021e-01 -9.404611995856700934e-01 -9.390615394158993157e-01 -9.374222220552349549e-01 -9.371052333122643629e-01 -9.349852857293357022e-01
-9.670638460816483040e-01 -9.444515965600668306e-01 -9.394915110625194909e-01 -9.346189776600394294e-01 -9.372340568790620274e-01 -9.356432131882034264e-01 -9.355960620342671508e-01
-9.489740464643831031e-01 -9.376679217035923664e-01 -9.238109873574248398e-01 -9.376546545410777700e-01 -9.366484319581226403e-01 -9.347365184856437637e-01 -9.385752862211160785e-01
-9.489740464643831031e-01 -9.241005719906434379e-01 -9.325104810919416787e-01 -9.253172308615328356e-01 -9.351067306221813036e-01 -9.365470240303634952e-01 -9.328682145389776137e-01
-9.308842468471179021e-01 -9.444515965600668306e-01 -9.532304699037396079e-01 -9.296396276464888864e-01 -9.375611808372895650e-01 -9.361926821106885122e-01 -9.379797877777701354e-01
-9.489740464643831031e-01 -9.648026211294901122e-01 -9.321371873803340202e-01 -9.256321119878283543e-01 -9.388249117033654612e-01 -9.390818216681303676e-01 -9.366702187906107424e-01
-9.489740464643831031e-01 -9.376679217035923664e-01 -9.447176230250265982e-01 -9.310833492966711367e-01 -9.330705238374344956e-01 -9.340274714156502345e-01 -9.356366598099246090e-01
-9.308842468471179021e-01 -9.512352714165411838e-01 -9.065986467441949914e-01 -9.363960032469298422e-01 -9.385224273260263095e-01 -9.370980964052151307e-01 -9.377472683318963664e-01
-9.308842468471179021e-01 -9.308842468471179021e-01 -9.172397053425862534e-01 -9.455310980770823548e-01 -9.377882568256290519e-01 -9.361123468872261100e-01 -9.377163483666338673e-01
-9.127944472298527012e-01 -9.376679217035923664e-01 -9.416197227821977433e-01 -9.393764205421948343e-01 -9.364799148682738661e-01 -9.373892489217450219e-01 -9.378550310606685869e-01
-9.308842468471179021e-01 -9.310774109897279605e-01 -9.416197227821977433e-01 -9.374695841850433364e-01 -9.347414492018536469e-01 -9.342491654960419778e-01 -9.350516124398386975e-01
-9.308842468471179021e-01 -9.308842468471179021e-01 -9.321371873803340202e-01 -9.308982789406368141e-01 -9.329822809577350551e-01 -9.345432543528363611e-01 -9.314512838232422709e-01
-9.489740464643831031e-01 -9.648026211294901122e-01 -9.362047761463135886e-01 -9.403850960951778415e-01 -9.347173398263430855e-01 -9.383732527563489745e-01 -9.383780607463466650e-01
-7.897792238594247838e-01 -9.444515965600668306e-01 -9.228412988342742374e-01 -9.364144216346101945e-01 -9.378190764061085094e-01 -9.363065612290182305e-01 -9.371719599618790753e-01
-9.670638460816483040e-01 -9.241005719906434379e-01 -9.406500342590471408e-01 -9.339155374339946913e-01 -9.346505083088905153e-01 -9.387145145022954829e-01 -9.365179070385032389e-01
-9.127944472298527012e-01 -9.512352714165411838e-01 -9.323238342361378495e-01 -9.413753532604803853e-01 -9.380265854160204642e-01 -9.342163736101627425e-01 -9.385446753788069252e-01
-9.489740464643831031e-01 -9.242937361332534962e-01 -9.383329878659918410e-01 -9.405701664512122750e-01 -9.378648008138994463e-01 -9.373568229755502301e-01 -9.385446653972813191e-01
-9.489740464643831031e-01 -9.444515965600668306e-01 -9.174285400159631898e-01 -9.390615394158993157e-01 -9.380570227472952993e-01 -9.360727930682689601e-01 -9.379491354741915643e-01
-9.308842468471179021e-01 -9.175100612767790320e-01 -9.458761462215542482e-01 -9.304632328434373489e-01 -9.402534517201701636e-01 -9.337824347013738979e-01 -9.388100832374239868e-01
-9.308842468471179021e-01 -9.376679217035923664e-01 -9.255637175479222156e-01 -9.352206757255928649e-01 -9.346910626429466573e-01 -9.361025653168668637e-01 -9.371448351796439757e-01
-9.489740464643831031e-01 -9.444515965600668306e-01 -9.245940290247716131e-01 -9.320736064619737915e-01 -9.340493731667465216e-01 -9.344369183893286301e-01 -9.353780816367904816e-01
-9.489740464643831031e-01 -9.580189462730156480e-01 -9.319483527069570838e-01 -9.364144216346101945e-01 -9.393259236871061013e-01 -9.344664821174012426e-01 -9.356165046778328609e-01
-9.489740464643831031e-01 -9.580189462730156480e-01 -9.447176230250265982e-01 -9.302781624874030264e-01 -9.394476841605488016e-01 -9.346201687112695167e-01 -9.366178882364374347e-01
-9.489740464643831031e-01 -9.648026211294901122e-01 -9.416197227821977433e-01 -9.373862604122323861e-01 -9.308254715815753588e-01 -9.344306943531250909e-01 -9.385045623904546552e-01
-8.947046476125875003e-01 -9.039427115638301036e-01 -9.352350876231629861e-01 -9.364144216346101945e-01 -9.373655521060813012e-01 -9.377353536817475410e-01 -9.362164653983591212e-01
-9.489740464643831031e-01 -9.580189462730156480e-01 -9.193679170622645058e-01 -9.269925098651997653e-01 -9.360022811927362074e-01 -9.395610113418512155e-01 -9.391954634930638202e-01
-9.308842468471179021e-01 -9.310774109897279605e-01 -9.255637175479222156e-01 -9.384598413503458803e-01 -9.371706544421805063e-01 -9.383018460024690199e-01 -9.373023225264602853e-01
-9.308842468471179021e-01 -8.903753618508812862e-01 -9.425894113053483458e-01 -9.397000742568134557e-01 -9.388289461778296374e-01 -9.343019072961636917e-01 -9.383338672255701063e-01
-9.489740464643831031e-01 -9.175100612767791430e-01 -9.363936108196906360e-01 -9.396816558691331034e-01 -9.428277957421428157e-01 -9.352512555886915990e-01 -9.369671405724017132e-01
-9.489740464643831031e-01 -9.066556082597918564e-01 -9.468458347447048506e-01 -9.469564013395844748e-01 -9.364466009445644445e-01 -9.355479333519213236e-01 -9.358312811238078677e-01
-9.670638460816483040e-01 -9.580189462730156480e-01 -9.203376055854151083e-01 -9.380897006382771242e-01 -9.371082619311552619e-01 -9.367494945831084108e-01 -9.383665063859959465e-01
-9.489740464643831031e-01 -9.444515965600668306e-01 -9.449064576984036457e-01 -9.365994919906445171e-01 -9.366210191754553716e-01 -9.342416637025763304e-01 -9.349491619452463542e-01
-9.851536456989135049e-01 -9.648026211294901122e-01 -9.480043579412325006e-01 -9.395799092859096202e-01 -9.360434409206853656e-01 -9.367080607266835557e-01 -9.346909287438420755e-01
-9.308842468471179021e-01 -9.039427115638301036e-01 -9.404611995856700934e-01 -9.358407921788265416e-01 -9.334193602992164607e-01 -9.355079627498192885e-01 -9.381188553051154067e-01
-9.670638460816483040e-01 -9.308842468471179021e-01 -9.416197227821977433e-01 -9.376546545410776590e-01 -9.349723365199686942e-01 -9.342484440124952938e-01 -9.349881318803517916e-01
-9.489740464643831031e-01 -9.512352714165411838e-01 -9.197433985914453825e-01 -9.408201421923771957e-01 -9.370562318503586896e-01 -9.363742120326128404e-01 -9.343273082205429958e-01
-8.947046476125875003e-01 -9.173168971341689737e-01 -9.458761462215542482e-01 -9.395799092859096202e-01 -9.353961768387870634e-01 -9.357720988644816495e-01 -9.345799813276225443e-01
-9.308842468471179021e-01 -9.105332222776946205e-01 -9.352350876231629861e-01 -9.384598413503458803e-01 -9.352640762178747735e-01 -9.366915309484786789e-01 -9.349779950635530579e-01
-9.489740464643831031e-01 -9.512352714165411838e-01 -9.437479345018759957e-01 -9.333603263658915017e-01 -9.374175821868779845e-01 -9.364857078839976534e-01 -9.340121322441958807e-01
-8.784215349705365439e-01 -9.512352714165411838e-01 -9.362047761463135886e-01 -9.325551395566233914e-01 -9.367439152481686904e-01 -9.357186001871645731e-01 -9.387944785889610344e-01
-9.308842468471179021e-01 -9.376679217035923664e-01 -9.458761462215542482e-01 -9.378397248971120925e-01 -9.409470678865112792e-01 -9.357909385128848623e-01 -9.366913171017793305e-01
-9.127944472298527012e-01 -9.444515965600668306e-01 -9.373632993428411275e-01 -9.387098170915109119e-01 -9.349225776377135810e-01 -9.339846595291484421e-01 -9.364186570674367660e-01
-9.308842468471179021e-01 -9.376679217035923664e-01 -9.373632993428411275e-01 -9.377011415385279047e-01 -9.378361267585471062e-01 -9.380530277742198386e-01 -9.366104757663026303e-01
-9.489740464643831031e-01 -9.132461189736562623e-01 -9.489740464643831031e-01 -9.313333250378361683e-01 -9.338407062748049769e-01 -9.366275437181772467e-01 -9.353641328590183157e-01
-9.670638460816483040e-01 -9.376679217035923664e-01 -9.183982285391139033e-01 -9.320551880742934392e-01 -9.347952425585728253e-01 -9.348251903188946610e-01 -9.365420813891446317e-01
-9.670638460816483040e-01 -9.512352714165411838e-01 -9.238109873574248398e-01 -9.337304670779602578e-01 -9.405484725424742010e-01 -9.357963199901115914e-01 -9.339894709447709165e-01
