(-0.9341510956709371+0j)
-9.000319881580843839e-01 -8.957415972072008126e-01 -9.426261346750011150e-01 -9.360916380836873385e-01 -9.343114008778853341e-01 -9.342299329799139684e-01 -9.338065423811090504e-01
-9.431519883357037948e-01 -9.269819882690966129e-01 -9.315832078002449501e-01 -9.344859256130828573e-01 -9.360199291868098737e-01 -9.348811277715377566e-01 -9.340629817635377474e-01
-9.215919882468941449e-01 -9.248367927936547161e-01 -9.284280858360289823e-01 -9.357970066995645597e-01 -9.373529973264886905e-01 -9.334660690086988843e-01 -9.340997808420610227e-01
-9.215919882468941449e-01 -9.140567927492498912e-01 -9.407287889034795514e-01 -9.345571234354350665e-01 -9.348671662889891376e-01 -9.342735781513180626e-01 -9.340184253918643043e-01
-9.215919882468941449e-01 -9.269819882690966129e-01 -9.378934517286771078e-01 -9.393644207525345680e-01 -9.336467889254715935e-01 -9.343951912147596683e-01 -9.342695629410546765e-01
-9.215919882468941449e-01 -9.323719882912989698e-01 -9.363158907465690683e-01 -9.358682045219167689e-01 -9.325803344137284512e-01 -9.341176702839174562e-01 -9.347982917341060016e-01
-9.215919882468941449e-01 -9.539319883801087308e-01 -9.347383297644610289e-01 -9.379821418437006564e-01 -9.344559767694693431e-01 -9.349937690344543029e-01 -9.349839004201152548e-01
-9.431519883357037948e-01 -9.377619883135014378e-01 -9.394710127107850361e-01 -9.331036467042490568e-01 -9.333350989870712322e-01 -9.338900382261028366e-01 -9.344936908622738514e-01
-9.431519883357037948e-01 -9.377619883135014378e-01 -9.315832078002449501e-01 -9.323719882912989698e-01 -9.301621178419257063e-01 -9.343423303526736667e-01 -9.332778156279324389e-01
-9.647119884245136667e-01 -9.214818144983467629e-01 -9.363158907465690683e-01 -9.323719882912989698e-01 -9.345010530799338078e-01 -9.342796313428287647e-01 -9.345777175388445546e-01
-9.215919882468941449e-01 -9.431519883357037948e-01 -9.282767166378065316e-01 -9.299020618577540365e-01 -9.356988922882190085e-01 -9.330699349201484472e-01 -9.344376525475114326e-01
-9.000319881580843839e-01 -9.431519883357037948e-01 -9.265477864574762634e-01 -9.348517548195578453e-01 -9.338232499324782276e-01 -9.344946692373081731e-01 -9.349164590749634574e-01
-9.431519883357037948e-01 -9.485419883579062628e-01 -9.426261346750011150e-01 -9.331748445266012659e-01 -9.339903639792945800e-01 -9.355421607109204452e-01 -9.342651222060969207e-01
-9.431519883357037948e-01 -9.377619883135014378e-01 -9.378934517286771078e-01 -9.331748445266012659e-01 -9.364085805510973248e-01 -9.335156047781758559e-01 -9.336340954618101984e-01
-9.215919882468941449e-01 -9.323719882912989698e-01 -9.284280858360289823e-01 -9.278593223583222471e-01 -9.320696453130892234e-01 -9.343079542519957537e-01 -9.343798937896180545e-01
-9.000319881580843839e-01 -9.485419883579062628e-01 -9.345869605662386892e-01 -9.323719882912989698e-01 -9.342569776072302545e-01 -9.354053879786796699e-01 -9.343824475236577332e-01
-9.431519883357037948e-01 -9.108119882024892089e-01 -9.344185449750473937e-01 -9.366710607572190650e-01 -9.318162228801951663e-01 -9.341238860688660939e-01 -9.342651906329781930e-01
-9.647119884245136667e-01 -9.377619883135014378e-01 -9.363158907465690683e-01 -9.345571234354350665e-01 -9.323269119808345051e-01 -9.335407651881716395e-01 -9.338083331477737836e-01
-9.431519883357037948e-01 -9.269819882690966129e-01 -9.410485736928930756e-01 -9.384191688725278535e-01 -9.342569776072302545e-01 -9.343889754298109196e-01 -9.347851577747673391e-01
-9.647119884245136667e-01 -9.377619883135014378e-01 -9.330093995841306498e-01 -9.398014477813618761e-01 -9.377960719614311103e-01 -9.346042572144471761e-01 -9.347624073287323920e-01
-9.215919882468941449e-01 -9.431519883357037948e-01 -9.359961059571554332e-01 -9.402384748101890732e-01 -9.333032138716484960e-01 -9.329263773259263148e-01 -9.336121634546717951e-01
-8.914512062563173522e-01 -9.431519883357037948e-01 -9.361645215483467286e-01 -9.317213677954150342e-01 -9.348671662889891376e-01 -9.337403461436509788e-01 -9.349208142047085168e-01
-9.647119884245136667e-01 -9.485419883579062628e-01 -9.394710127107850361e-01 -9.376163126372256684e-01 -9.360424673420421060e-01 -9.339993010163659681e-01 -9.344910538493406138e-01
-9.431519883357037948e-01 -9.377619883135014378e-01 -9.473588176213252332e-01 -9.393644207525345680e-01 -9.332900226766067675e-01 -9.336093827127641687e-01 -9.335990230892643460e-01
-9.215919882468941449e-01 -9.377619883135014378e-01 -9.363158907465690683e-01 -9.362340337283917568e-01 -9.338139029722878348e-01 -9.340335145236058345e-01 -9.336979338723292443e-01
-8.914512062563173522e-01 -9.032767927048450662e-01 -9.347383297644610289e-01 -9.384191688725278535e-01 -9.333576371423035756e-01 -9.334941480277090253e-01 -9.342022005086023650e-01
-9.647119884245136667e-01 -9.323719882912989698e-01 -9.315832078002449501e-01 -9.392220251078301496e-01 -9.329915239332482457e-01 -9.349249355363796754e-01 -9.339351937130122572e-01
-9.431519883357037948e-01 -9.377619883135014378e-01 -9.347383297644610289e-01 -9.392932229301823588e-01 -9.346230908162855844e-01 -9.330417746044192828e-01 -9.349322428593729306e-01
-9.215919882468941449e-01 -9.377619883135014378e-01 -9.315832078002449501e-01 -9.329612510595446384e-01 -9.340579784449912770e-01 -9.336652155639086903e-01 -9.338188086928760345e-01
-9.431519883357037948e-01 -9.323719882912989698e-01 -9.218151035111521452e-01 -9.353599796707372516e-01 -9.339452876688301153e-01 -9.354331418108140506e-01 -9.344481451277228956e-01
-9.431519883357037948e-01 -9.377619883135014378e-01 -9.199177577396304706e-01 -9.319349612624717727e-01 -9.353327790791639007e-01 -9.357888466071759836e-01 -9.339316698343012035e-01
-9.431519883357037948e-01 -9.377619883135014378e-01 -9.281083010466153471e-01 -9.349229526419100544e-01 -9.376514960698472123e-01 -9.350529269782079655e-01 -9.336717535987393290e-01
-9.647119884245136667e-01 -9.431519883357037948e-01 -9.426261346750011150e-01 -9.384903666948800627e-01 -9.371633451244401058e-01 -9.336466495057815784e-01 -9.346240988906234781e-01
-9.215919882468941449e-01 -9.215919882468941449e-01 -9.315832078002449501e-01 -9.366710607572190650e-01 -9.333444459472617361e-01 -9.340524057686088177e-01 -9.345688960498668152e-01
-9.431519883357037948e-01 -9.269819882690966129e-01 -9.284280858360289823e-01 -9.296786282959834669e-01 -9.342795157624624869e-01 -9.342889817102739691e-01 -9.340752886948141542e-01
-9.647119884245136667e-01 -9.269819882690966129e-01 -9.312634230108314259e-01 -9.331748445266012659e-01 -9.318030316851534378e-01 -9.346287951673661887e-01 -9.340778616470601925e-01
-9.000319881580843839e-01 -9.431519883357037948e-01 -9.331607687823529895e-01 -9.268428726559634345e-01 -9.325709874535379473e-01 -9.346442800230411185e-01 -9.345120989907012010e-01
-9.647119884245136667e-01 -9.032767927048450662e-01 -9.410485736928930756e-01 -9.295362326512790485e-01 -9.339678258240622366e-01 -9.321409753075255988e-01 -9.336971474637763002e-01
-9.000319881580843839e-01 -9.431519883357037948e-01 -9.347383297644610289e-01 -9.357258088772122395e-01 -9.320696453130892234e-01 -9.356797464103505657e-01 -9.345155438134904458e-01
-9.431519883357037948e-01 -9.431519883357037948e-01 -9.378934517286771078e-01 -9.309185115601128491e-01 -9.309487675306912235e-01 -9.342454991323078106e-01 -9.339702062478423272e-01
-9.000319881580843839e-01 -9.269819882690966129e-01 -9.235440336914825243e-01 -9.370368899636940530e-01 -9.361870432336261150e-01 -9.349684181143458339e-01 -9.343676060765478963e-01
-9.215919882468941449e-01 -9.323719882912989698e-01 -9.235440336914825243e-01 -9.344147277907306481e-01 -9.350887036064603475e-01 -9.337839100183360497e-01 -9.337785391672884794e-01
-9.000319881580843839e-01 -9.377619883135014378e-01 -9.378934517286771078e-01 -9.371792856083984713e-01 -9.333350989870712322e-01 -9.340615122458971742e-01 -9.349751579870593243e-01
-9.431519883357037948e-01 -9.215919882468941449e-01 -9.140786677988343989e-01 -9.336118715554284631e-01 -9.349666658701085709e-01 -9.355360262226906087e-01 -9.341006291282042406e-01
-9.215919882468941449e-01 -9.485419883579062628e-01 -9.347383297644610289e-01 -9.379821418437006564e-01 -9.322592975151378081e-01 -9.329982920264532353e-01 -9.353252191314518349e-01
-9.215919882468941449e-01 -9.323719882912989698e-01 -9.363158907465690683e-01 -9.327378174977739578e-01 -9.350436272959957718e-01 -9.345450179739744900e-01 -9.341558085277830159e-01
-9.431519883357037948e-01 -9.431519883357037948e-01 -9.363158907465690683e-01 -9.325242240307173303e-01 -9.320921834683215668e-01 -9.346290390575230367e-01 -9.340726302805777426e-01
-8.943114668902396591e-01 -9.269819882690966129e-01 -9.188113507451584061e-01 -9.371080877860462621e-01 -9.327249103053125712e-01 -9.337624532678692191e-01 -9.343666807743575831e-01
-9.215919882468941449e-01 -9.485419883579062628e-01 -9.235440336914825243e-01 -9.380533396660528656e-01 -9.344559767694693431e-01 -9.328983796036350862e-01 -9.342993675505805173e-01
-9.215919882468941449e-01 -9.269819882690966129e-01 -9.315832078002449501e-01 -9.327378174977739578e-01 -9.328244098864320044e-01 -9.342768219472081803e-01 -9.350311216120938962e-01
