(-0.9341510956709371+0j)
-6.350081497593077495e-01 -7.810584487429212963e-01 -9.326089360668742279e-01 -9.386460234766282884e-01 -9.350871142581850259e-01 -9.349106629972885329e-01 -9.352588041416403097e-01
-6.421604577956242510e-01 -8.657845912594674953e-01 -9.415131891979746648e-01 -9.340633004666196726e-01 -9.361505787354973407e-01 -9.359667596549869906e-01 -9.337306167306982374e-01
-7.883358153480923836e-01 -8.523884325375088444e-01 -9.339480112569459314e-01 -9.355059459972498992e-01 -9.363314666796300756e-01 -9.330136754924576170e-01 -9.340531111083626437e-01
-6.533694275494760229e-01 -7.928219130174921636e-01 -9.387797757192624104e-01 -9.358957018151883300e-01 -9.352344762575540704e-01 -9.363207769716599405e-01 -9.347173939881668892e-01
-7.173381714704967216e-01 -9.467192339020533698e-01 -9.418761594225887324e-01 -9.334847290400568598e-01 -9.329590482917911043e-01 -9.326078546189959795e-01 -9.334894380291165472e-01
-6.561600309261680364e-01 -7.276751597313038111e-01 -9.348473082358512709e-01 -9.355601381315907794e-01 -9.300085102994720687e-01 -9.345997242390116089e-01 -9.346939567426462148e-01
-6.466828540401445835e-01 -7.932986970598683296e-01 -9.403490494022330726e-01 -9.391229511770938787e-01 -9.364177905627387721e-01 -9.358856758993950864e-01 -9.355526932951132579e-01
-7.255105772783148055e-01 -7.976122406762655714e-01 -9.385216539873325603e-01 -9.375584493146025267e-01 -9.361521608614701284e-01 -9.349604659168233578e-01 -9.343559797261207223e-01
-7.252754409216886078e-01 -7.927947891426747606e-01 -8.610994100825168918e-01 -9.355445440996619233e-01 -9.352377484081548786e-01 -9.326612381322572087e-01 -9.334103658308079421e-01
-7.106387899689843302e-01 -7.899310943774897620e-01 -8.646868331539983021e-01 -9.353483723506317293e-01 -9.346066148180254274e-01 -9.338233253658980715e-01 -9.340163719896428240e-01
-7.914608143907910787e-01 -8.582823547799904862e-01 -9.302959412829032715e-01 -9.318339520765055450e-01 -9.321744886803721153e-01 -9.337412270081774102e-01 -9.346049372473133054e-01
-6.445137114495609332e-01 -7.903014685815696883e-01 -9.325537913966828185e-01 -9.177971371073054829e-01 -9.306149743771899852e-01 -9.350450669789512892e-01 -9.341136950832520380e-01
-6.435817712125396772e-01 -9.334780955950866543e-01 -9.354548295243685363e-01 -9.368058252820249399e-01 -9.342503980443682687e-01 -9.352817183391510802e-01 -9.346137758264072559e-01
-6.954019182784674236e-01 -7.866877308214766940e-01 -9.384776814295332503e-01 -9.357175357909008895e-01 -9.342344227961913994e-01 -9.343160498925818791e-01 -9.344681925206632656e-01
-6.183745963210044438e-01 -7.804759827740469502e-01 -9.363981869226714050e-01 -9.337608292621641937e-01 -9.303198890134614096e-01 -9.332753200470955690e-01 -9.328637728020841013e-01
-7.928518359170606544e-01 -9.379187821968903993e-01 -9.369168992422838294e-01 -9.341364901402962051e-01 -9.330538351193977675e-01 -9.341739424620094656e-01 -9.334743178649178574e-01
-6.291898068497825403e-01 -7.123632487088442655e-01 -8.603171835873436590e-01 -9.367450517521607178e-01 -9.356786755150430235e-01 -9.344151120573140901e-01 -9.343410220192061022e-01
-7.103828084295598089e-01 -7.261207742678049692e-01 -9.399427228591429317e-01 -9.318453299349709340e-01 -9.302353540443133451e-01 -9.316496522051767037e-01 -9.321948616362143447e-01
-7.235652034830184487e-01 -8.557334740479680679e-01 -9.337005537679858858e-01 -9.328541807062804558e-01 -9.350171725229330377e-01 -9.346293453000815710e-01 -9.337872619247804540e-01
-6.816550389074544913e-01 -7.929513538919741311e-01 -9.395466969823768055e-01 -9.330165164079392559e-01 -9.357964048822924319e-01 -9.362369557940168896e-01 -9.356168344344486520e-01
-7.280052321953607297e-01 -9.388802701706969733e-01 -9.334266908857593581e-01 -9.357312023393100642e-01 -9.380830408514537755e-01 -9.366643675722228224e-01 -9.353013588213566765e-01
-7.004099548428981414e-01 -9.371432952302758412e-01 -9.362068794168233454e-01 -9.360744228326141059e-01 -9.304866224512406969e-01 -9.332941644744722209e-01 -9.336155265394552316e-01
-6.701907191976883560e-01 -8.516184076056576568e-01 -9.353494980191894292e-01 -9.333184690229092695e-01 -9.368179816403465754e-01 -9.323095531857777951e-01 -9.338719665675730974e-01
-6.323604577552561778e-01 -7.816996696765168284e-01 -9.263436313189807869e-01 -9.330884543021500388e-01 -9.291061753903577802e-01 -9.322708373638151080e-01 -9.338533574177749763e-01
-7.291941624201998540e-01 -8.586492061211996596e-01 -9.357877766136508679e-01 -9.359084899407383862e-01 -9.318638829208027996e-01 -9.339626133427849641e-01 -9.344933107986588272e-01
-7.073087741810137885e-01 -7.863420209932570071e-01 -9.369125004777267840e-01 -9.366089840772608976e-01 -9.302739032303080080e-01 -9.338301250436256140e-01 -9.348289087616654669e-01
-6.214101119701371800e-01 -7.141950794319360529e-01 -8.564675753748363096e-01 -9.358315656442723895e-01 -9.311800435657427988e-01 -9.348031096735036627e-01 -9.345523667653585775e-01
-8.556029790844518201e-01 -8.666451607548402158e-01 -9.367484511059019914e-01 -9.350035649121350989e-01 -9.373732025501124721e-01 -9.343031147864209185e-01 -9.340174373878141756e-01
-7.337088610481551365e-01 -7.264815744631540895e-01 -9.430191682819129007e-01 -9.368913044440534410e-01 -9.288728479114244374e-01 -9.334347642112652554e-01 -9.339054060709859328e-01
-7.170693286988041315e-01 -8.564162050008898852e-01 -9.383753717683109841e-01 -9.206751119497654789e-01 -9.332768988143957944e-01 -9.361767521413828508e-01 -9.338324258399290922e-01
-6.231327300275741887e-01 -6.444627583140339899e-01 -8.552494459747326250e-01 -9.337329830522261842e-01 -9.345518957107968872e-01 -9.350840732236522790e-01 -9.350910645840542212e-01
-7.676159718159225598e-01 -8.618745211850304955e-01 -9.386086364993589948e-01 -9.353595792442702672e-01 -9.307552928342074372e-01 -9.345960279599476728e-01 -9.340153851301528087e-01
-6.252178458454171750e-01 -7.850338035798603009e-01 -8.629434322505475929e-01 -9.361780458427588769e-01 -9.360168896214439149e-01 -9.361040350767645402e-01 -9.357684543907524022e-01
-6.283465723065158048e-01 -7.135232149701753457e-01 -9.315365807762381323e-01 -9.368442871575293207e-01 -9.359850490161427672e-01 -9.345563621503354401e-01 -9.340065116502339615e-01
-6.427481655654437853e-01 -7.038877838641453000e-01 -8.660709493847842388e-01 -9.368633742569441036e-01 -9.286248102212681932e-01 -9.323197498792445970e-01 -9.333188236060644405e-01
-6.139806951111717037e-01 -7.088739760824075420e-01 -8.583726930067356875e-01 -9.343644100501091732e-01 -9.370675936351120505e-01 -9.362712706180867928e-01 -9.344931820878634721e-01
-7.133301349396382607e-01 -7.954760178838711226e-01 -8.670099023824089368e-01 -9.367464207437550261e-01 -9.330225817099034868e-01 -9.349261939416142475e-01 -9.340770861292337912e-01
-6.622774026980555728e-01 -7.267256367308339016e-01 -9.389110199781709465e-01 -9.360315601456301593e-01 -9.362649425605895637e-01 -9.343496364535485155e-01 -9.345069929302889378e-01
-7.293580436903356334e-01 -9.348465978887179340e-01 -9.390225353567430711e-01 -9.244153111397284128e-01 -9.335238807795293026e-01 -9.350186213266733493e-01 -9.344192556717481057e-01
-7.101684245426329589e-01 -7.839290042641753331e-01 -9.377554288528235915e-01 -9.338422029012967140e-01 -9.356109602780858792e-01 -9.346371237432993251e-01 -9.333374406616361529e-01
-7.047109268133442406e-01 -8.602910123472299331e-01 -9.362994100963293320e-01 -9.356946864640667272e-01 -9.354640418217151643e-01 -9.359050534384310005e-01 -9.345154306162820612e-01
-6.189597988536853501e-01 -7.734893615812962198e-01 -9.309171993890500429e-01 -9.358297024406003750e-01 -9.355989347888560292e-01 -9.348506861957476266e-01 -9.328842273753656933e-01
-7.068882220804084682e-01 -8.534867437926532130e-01 -9.250434079242819685e-01 -9.341835778988816230e-01 -9.363572372425038592e-01 -9.355656098485666261e-01 -9.353125745057881968e-01
-6.520699248420201988e-01 -7.250920028564629138e-01 -8.615740543772597571e-01 -9.359036942975125228e-01 -9.331381607911527487e-01 -9.354865916710672913e-01 -9.343748280861878808e-01
-7.386016452240549146e-01 -8.476579340540554286e-01 -9.359414447478296983e-01 -9.358328253255150386e-01 -9.346756468515196037e-01 -9.339275893466089107e-01 -9.348922831377761700e-01
-6.344437412914896157e-01 -7.927160695212500663e-01 -9.354204452763248412e-01 -9.350334559989292860e-01 -9.345283873419845122e-01 -9.339015967840536003e-01 -9.338530953977719484e-01
-7.318954226917833150e-01 -8.629988402462341890e-01 -9.377685693629743691e-01 -9.206907163997470889e-01 -9.298495827752176757e-01 -9.341263004599866804e-01 -9.350065433520272640e-01
-7.275219314936904880e-01 -7.937460730305733181e-01 -9.376538077177898334e-01 -9.393405723911594229e-01 -9.363646834438507094e-01 -9.365987893313898471e-01 -9.347534034476707721e-01
-6.373365582343920588e-01 -8.707270079450493139e-01 -9.366385416932805352e-01 -9.336599177013591433e-01 -9.356569369209555287e-01 -9.312895846314321879e-01 -9.340982389858535351e-01
-8.560608685289388120e-01 -8.662815790887659073e-01 -9.358610845882437967e-01 -9.218413320296373614e-01 -9.258880791850793157e-01 -9.334126540325962118e-01 -9.327294827317906822e-01
