(-0.9334829403801634+0j)
-8.831554265915636526e-01 -8.558448494573127618e-01 -9.496657198796595312e-01 -9.340596696452089231e-01 -9.313501362621854351e-01 -9.331075414729407269e-01 -9.341557249956299325e-01
-9.145829996840312281e-01 -9.043876653020340717e-01 -9.267515009914449875e-01 -9.261784068125744618e-01 -9.354573251841542536e-01 -9.322611188305021113e-01 -9.323268108635397455e-01
-9.188560603385688141e-01 -8.707319322786968296e-01 -9.448290002030111934e-01 -9.343193390549447974e-01 -9.360707206711265105e-01 -9.335606862005513262e-01 -9.341258694077252400e-01
-9.487260240202918249e-01 -8.616089228764691743e-01 -9.421802841608659662e-01 -9.364350463495680899e-01 -9.358372020208149955e-01 -9.307394856596558075e-01 -9.335873915701018433e-01
-9.297178653137407878e-01 -8.258333019837895694e-01 -9.496995363617781738e-01 -9.363482214297871309e-01 -9.312728245697430296e-01 -9.374781812234136424e-01 -9.319214939557871613e-01
-8.889778044768378296e-01 -8.742220153234379065e-01 -9.275387281902571779e-01 -9.375460446446413076e-01 -9.340311509215435404e-01 -9.337208317241914024e-01 -9.334983525329045850e-01
-8.913017803229426050e-01 -8.458826399623129433e-01 -9.335114424421586676e-01 -9.299693014894616638e-01 -9.340541124583277011e-01 -9.360713752594647108e-01 -9.334210867087390229e-01
-8.971241582082167820e-01 -8.743761178285107682e-01 -9.366385056965347289e-01 -9.324794489323052771e-01 -9.349922630338430851e-01 -9.316809514539186043e-01 -9.342294007139154699e-01
-8.920847311183189854e-01 -8.693950130810108590e-01 -9.436849259036640403e-01 -9.211379484278510166e-01 -9.321280689930752095e-01 -9.337229663950153968e-01 -9.352409504889629410e-01
-8.591078407951148188e-01 -8.585727836618181064e-01 -9.289020970006657274e-01 -9.315068424892322119e-01 -9.353998926896816002e-01 -9.299530070892514377e-01 -9.330080795742584643e-01
-9.254448046592032018e-01 -8.732495325570134304e-01 -9.389575645232288714e-01 -9.437718635252765331e-01 -9.341343972342993629e-01 -9.332495687996635869e-01 -9.340224296991116448e-01
-8.843215606046200827e-01 -8.550889286902231268e-01 -9.303846570324292298e-01 -9.393029733265727543e-01 -9.337478055623644746e-01 -9.310722593850656592e-01 -9.336472481683153468e-01
-8.885863290791495839e-01 -8.606926715311604692e-01 -9.497093692869198467e-01 -9.321884527561017375e-01 -9.355930434064889667e-01 -9.318163608160981992e-01 -9.344122804645437208e-01
-8.850962192199883782e-01 -8.881366153783973871e-01 -9.311262260076285102e-01 -9.423961241763741947e-01 -9.314031759410664746e-01 -9.352050645292306896e-01 -9.350896341443324378e-01
-9.285517313006843576e-01 -8.852545786688192919e-01 -9.440435039759049740e-01 -9.334185898399341985e-01 -9.293956539618225543e-01 -9.352223857621024816e-01 -9.343770043525349012e-01
-9.064366459526521647e-01 -8.410348178884652359e-01 -9.441546154731660367e-01 -9.347644409769266804e-01 -9.347080972001260424e-01 -9.340767334309527659e-01 -9.336539911527071967e-01
-9.332079751729021044e-01 -8.780973546308611377e-01 -9.055441421652199452e-01 -9.432930360903637457e-01 -9.346329558365230605e-01 -9.358462307080210874e-01 -9.335428201387927505e-01
-8.393167312931875124e-01 -8.445186728600603265e-01 -9.194025495501225720e-01 -9.357975247907918126e-01 -9.393061536947185930e-01 -9.343422885690459978e-01 -9.342729618479653775e-01
-8.688035117572303623e-01 -8.434483190096788707e-01 -9.275829332868106292e-01 -9.265906925225338986e-01 -9.320280263069707916e-01 -9.335371067645339416e-01 -9.338202853581069052e-01
-9.254448046592032018e-01 -8.375509629168702563e-01 -9.271146968443679803e-01 -9.368625061887431160e-01 -9.320581840331685353e-01 -9.305271859904121756e-01 -9.326786171366633349e-01
-9.638608896500013845e-01 -8.717314629496879519e-01 -9.411759004670969819e-01 -9.324478599623392538e-01 -9.320116512943596998e-01 -9.329827140474696856e-01 -9.320370048435329124e-01
-9.184645849408806795e-01 -8.396708507862126192e-01 -9.347192168141061908e-01 -9.337037752710004579e-01 -9.363206365694607403e-01 -9.342094059096324177e-01 -9.339505272668946478e-01
-9.498921580333482551e-01 -8.311288398145812994e-01 -9.191133354138246725e-01 -9.388955056516824493e-01 -9.290525735771099081e-01 -9.344234868595661103e-01 -9.325072268453109547e-01
-9.180731095431924338e-01 -8.527524788215460338e-01 -9.201455716523810890e-01 -9.381984796225931733e-01 -9.259292822331535167e-01 -9.345034648356382867e-01 -9.337931220912409902e-01
-8.544515969228970720e-01 -8.786221216403415912e-01 -9.324393188137423127e-01 -9.296802335022866792e-01 -9.356226244956803439e-01 -9.340418417070401880e-01 -9.338907061248222785e-01
-9.471767067895552339e-01 -8.612944897931773536e-01 -9.441710749953422521e-01 -9.264889351065415113e-01 -9.315100444499445631e-01 -9.353268047024259069e-01 -9.336378767252522248e-01
-8.893692798745259642e-01 -8.379986786738142790e-01 -9.248804570676169012e-01 -9.405020069324588894e-01 -9.339310814986473419e-01 -9.320451099621618329e-01 -9.342711865934082427e-01
-9.332079751729021044e-01 -8.602241359427958978e-01 -9.143004284199167664e-01 -9.350209295100792017e-01 -9.350201012582074478e-01 -9.363790515867603803e-01 -9.336600587704122489e-01
-8.982902922212732122e-01 -8.679539947262218114e-01 -9.456836894918240199e-01 -9.322911336750345779e-01 -9.369151911320467985e-01 -9.322723322365693566e-01 -9.340336463933849309e-01
-8.327196947925450399e-01 -8.625814056428936505e-01 -9.398031474504296989e-01 -9.335776677021753178e-01 -9.344240798613941967e-01 -9.348437782396804563e-01 -9.341226354048008940e-01
-9.413543289042810569e-01 -8.837573288929143622e-01 -9.308109972686593458e-01 -9.385839966236674270e-01 -9.344289937036309723e-01 -9.340044347816190973e-01 -9.336729924952661408e-01
-8.734597556294481091e-01 -8.730892019787945824e-01 -9.400816951276460554e-01 -9.376432136825485486e-01 -9.276668444957438808e-01 -9.316485647499578304e-01 -9.335518259199540037e-01
-9.409711456866008961e-01 -8.527524788215460338e-01 -9.343386640012408817e-01 -9.176052767442209879e-01 -9.350767460449109780e-01 -9.337694421259166155e-01 -9.324874630879805837e-01
-8.913017803229426050e-01 -8.714378496978167910e-01 -9.325312131796029691e-01 -9.254509902285311673e-01 -9.338251096538074947e-01 -9.342477455721241997e-01 -9.334672142412264728e-01
-9.076027799657087058e-01 -8.445186728600603265e-01 -9.321784059411150070e-01 -9.362799931488092753e-01 -9.335698851025003853e-01 -9.333683304676048120e-01 -9.348105158797693770e-01
-8.804399753477706314e-01 -8.299189752174014334e-01 -9.271583462516282959e-01 -9.364492468457514818e-01 -9.330973731389275994e-01 -9.336055597897563452e-01 -9.326412696306835004e-01
-8.684203285395502014e-01 -8.530669119048377436e-01 -9.310765056926270100e-01 -9.285477677994056211e-01 -9.351447513785411392e-01 -9.331383186118838990e-01 -9.331934810500877031e-01
-8.160355119320988893e-01 -8.852545786688192919e-01 -9.229114700995285636e-01 -9.331533513180650941e-01 -9.273550076426791966e-01 -9.338391404885941771e-01 -9.343844652734492051e-01
-8.781159995016658559e-01 -8.109462191624055016e-01 -9.331346516466937357e-01 -9.345283657679551714e-01 -9.315880175865476343e-01 -9.338428691508857682e-01 -9.329893610544913729e-01
-8.629811338719561853e-01 -8.795946044067660674e-01 -9.345260438761262556e-01 -9.360762677368763551e-01 -9.384637198155570958e-01 -9.315120875739901773e-01 -9.330413126508148025e-01
-8.676373777441739321e-01 -8.617422055501213762e-01 -9.348210510755188274e-01 -9.378394474008772130e-01 -9.375813448688716800e-01 -9.356888752767522632e-01 -9.337955506407806805e-01
-8.688035117572303623e-01 -8.419510692337739410e-01 -9.266441515115844130e-01 -9.261231686367479288e-01 -9.376378108913733245e-01 -9.299150009543254436e-01 -9.341825174125432119e-01
-9.859759749980334664e-01 -8.535708590828976483e-01 -9.290553825487858353e-01 -9.344220199738776378e-01 -9.296756923341693568e-01 -9.346400246727906147e-01 -9.349148477965212312e-01
-9.048873287219156847e-01 -8.570755338859132877e-01 -9.306374901809627564e-01 -9.356567454357951341e-01 -9.314895583497865283e-01 -9.338005465546187489e-01 -9.338926298423704253e-01
-9.332079751729021044e-01 -8.795946044067660674e-01 -9.230152062068834873e-01 -9.300348766823987035e-01 -9.323764644882001074e-01 -9.363270515723509657e-01 -9.324807887019870289e-01
-8.990649508366415077e-01 -8.364243776453729184e-01 -9.465490452397183896e-01 -9.315403645232309682e-01 -9.339313812080053401e-01 -9.328249740956152669e-01 -9.338965843244710907e-01
-9.238954874284666108e-01 -8.748238335854547909e-01 -9.272165311057806170e-01 -9.328044878300343346e-01 -9.331343958839343200e-01 -9.329567707211721128e-01 -9.337461562918464297e-01
-9.425204629173374871e-01 -8.380965497577712586e-01 -9.297807698464555237e-01 -9.386141575216373489e-01 -9.326965159122554416e-01 -9.294588704584663130e-01 -9.331913770572061173e-01
-9.347572924036385844e-01 -8.538790640930432607e-01 -9.357156277541914813e-01 -9.363817434637858872e-01 -9.341097284962989189e-01 -9.332823144684095906e-01 -9.322755284502668438e-01
-9.487260240202918249e-01 -8.550264691959612584e-01 -9.426109421037897063e-01 -9.316806725882393891e-01 -9.305242348214738390e-01 -9.336310661620806917e-01 -9.337045360665230387e-01
