(-0.9334829403801634+0j)
-9.282555432823160757e-01 -9.267041530065774912e-01 -9.320232053805382888e-01 -9.309456767236709007e-01 -9.328853409032414890e-01 -9.333526009200546758e-01 -9.335088351360114611e-01
-9.375638849367474714e-01 -9.344611043852703025e-01 -9.342394772030219174e-01 -9.338759779490920510e-01 -9.331763590915186368e-01 -9.340687672770526806e-01 -9.334143842436466443e-01
-9.236013724551003223e-01 -9.298069335580545491e-01 -9.258483117456776101e-01 -9.312499341105822115e-01 -9.333201347665680547e-01 -9.337679587058431707e-01 -9.335261637047944649e-01
-9.422180557639631138e-01 -9.154982803608738839e-01 -9.156211545160141130e-01 -9.319212021502563115e-01 -9.316142366256795482e-01 -9.328125235349190580e-01 -9.336354039456102871e-01
-9.282555432823160757e-01 -9.344611043852703025e-01 -9.342394772030219174e-01 -9.337471427704839844e-01 -9.340642371054301840e-01 -9.334004388890725368e-01 -9.333906017067111760e-01
-9.375638849367474714e-01 -9.329097141095317181e-01 -9.324664597450349479e-01 -9.341336483063081841e-01 -9.331763590915186368e-01 -9.338458129859286139e-01 -9.337516709453770325e-01
-9.375638849367474714e-01 -9.360124946610088870e-01 -9.337962228385251473e-01 -9.328452965202277403e-01 -9.336814629022242018e-01 -9.335492735432422418e-01 -9.333111723897410394e-01
-9.375638849367474714e-01 -9.329097141095317181e-01 -9.324664597450349479e-01 -9.310416040197150300e-01 -9.325967101542669280e-01 -9.330421826233485927e-01 -9.333546424420748888e-01
-9.422180557639631138e-01 -9.360124946610088870e-01 -9.337962228385251473e-01 -9.334894724132679622e-01 -9.337034486692119550e-01 -9.338797721009265418e-01 -9.337542893746119121e-01
-9.282555432823160757e-01 -9.329097141095317181e-01 -9.311366966515447485e-01 -9.340048131277001175e-01 -9.344250255416485240e-01 -9.339441340738051656e-01 -9.334513672636672865e-01
-9.468722265911788671e-01 -9.391152752124859449e-01 -9.355692402965121168e-01 -9.347778241993484061e-01 -9.344250255416485240e-01 -9.338191546961076561e-01 -9.335856460237467180e-01
-9.236013724551003223e-01 -9.329097141095317181e-01 -9.355692402965121168e-01 -9.325220832353304790e-01 -9.338979359639552058e-01 -9.328039920575247335e-01 -9.330902980250013190e-01
-9.375638849367474714e-01 -9.170496706366123574e-01 -9.288113197060333670e-01 -9.323793601720992141e-01 -9.336843522952584795e-01 -9.334998407401168263e-01 -9.334927184098829045e-01
-9.422180557639631138e-01 -9.391152752124859449e-01 -9.351259859320153467e-01 -9.338759779490920510e-01 -9.324884736234013705e-01 -9.332685048606479405e-01 -9.334682099313715842e-01
-9.282555432823160757e-01 -9.298069335580545491e-01 -9.329097141095317181e-01 -9.340048131277001175e-01 -9.346414986033794170e-01 -9.339311663270619679e-01 -9.338209710454148382e-01
-9.375638849367474714e-01 -9.329097141095317181e-01 -9.355692402965121168e-01 -9.343913186635243173e-01 -9.349779138333075279e-01 -9.341932876882297343e-01 -9.336161557785560561e-01
-9.375638849367474714e-01 -9.360124946610088870e-01 -9.346827315675186876e-01 -9.331029668774437624e-01 -9.327049466851323745e-01 -9.332891500544526764e-01 -9.329273443695238477e-01
-9.329097141095317181e-01 -9.329097141095317181e-01 -9.324664597450349479e-01 -9.354220000923886280e-01 -9.347858139778667530e-01 -9.336874089786252329e-01 -9.335171432606341746e-01
-9.236013724551003223e-01 -9.313583238337931336e-01 -9.320232053805382888e-01 -9.337471427704839844e-01 -9.338618571203334273e-01 -9.335759318330631995e-01 -9.336555170422508043e-01
-9.282555432823160757e-01 -9.344611043852703025e-01 -9.315799510160415187e-01 -9.318146150913633186e-01 -9.325967101542669280e-01 -9.333158083442736341e-01 -9.333233491174419694e-01
-9.236013724551003223e-01 -9.329097141095317181e-01 -9.351259859320153467e-01 -9.342624834849162507e-01 -9.332461293394598290e-01 -9.339266989626677784e-01 -9.334162053359562616e-01
-9.375638849367474714e-01 -9.329097141095317181e-01 -9.346827315675186876e-01 -9.342624834849162507e-01 -9.340563444150766781e-01 -9.340015718433910541e-01 -9.334009573421024886e-01
-9.422180557639631138e-01 -9.344611043852703025e-01 -9.351259859320153467e-01 -9.354220000923886280e-01 -9.347136562906230850e-01 -9.341968908505640101e-01 -9.335853832685939713e-01
-9.282555432823160757e-01 -9.282555432823160757e-01 -9.333529684740284882e-01 -9.310393533429607293e-01 -9.334406166342030797e-01 -9.325639488297132740e-01 -9.331640376465836217e-01
-9.422180557639631138e-01 -9.391152752124859449e-01 -9.351259859320153467e-01 -9.319763581525352114e-01 -9.335849320086904157e-01 -9.337324134868600911e-01 -9.334617228990584881e-01
-9.422180557639631138e-01 -9.298069335580545491e-01 -9.267348204746710394e-01 -9.328317369159445649e-01 -9.333067380673393254e-01 -9.340084202185149342e-01 -9.335927487362916111e-01
-9.282555432823160757e-01 -9.360124946610088870e-01 -9.333529684740284882e-01 -9.340048131277001175e-01 -9.341363947926738520e-01 -9.339747252426279234e-01 -9.336236527991517153e-01
-9.329097141095317181e-01 -9.360124946610088870e-01 -9.355692402965121168e-01 -9.340048131277001175e-01 -9.337536205894678698e-01 -9.331547591871294234e-01 -9.334550094482865212e-01
-9.468722265911788671e-01 -9.360124946610088870e-01 -9.360124946610088870e-01 -9.323932480567224124e-01 -9.337151543065435044e-01 -9.336292163254911181e-01 -9.335393253535119173e-01
-9.375638849367474714e-01 -9.360124946610088870e-01 -9.337962228385251473e-01 -9.345201538421322729e-01 -9.343669609310389923e-01 -9.337960526634042635e-01 -9.334477250790480518e-01
-9.282555432823160757e-01 -9.329097141095317181e-01 -9.360124946610088870e-01 -9.334894724132679622e-01 -9.328853409032414890e-01 -9.340454769334070040e-01 -9.336976188391929998e-01
-9.422180557639631138e-01 -9.391152752124859449e-01 -9.364557490255055461e-01 -9.349066593779564727e-01 -9.335732263713587553e-01 -9.331307460471494064e-01 -9.335470683298754402e-01
-9.375638849367474714e-01 -9.344611043852703025e-01 -9.360124946610088870e-01 -9.347778241993484061e-01 -9.344971832288920810e-01 -9.340475775836850625e-01 -9.335569177828049181e-01
-9.422180557639631138e-01 -9.360124946610088870e-01 -9.364557490255055461e-01 -9.327493692241834999e-01 -9.336186234130096073e-01 -9.328155103087643063e-01 -9.333176563127087988e-01
-9.329097141095317181e-01 -9.329097141095317181e-01 -9.355692402965121168e-01 -9.342624834849162507e-01 -9.319033194350986316e-01 -9.336098909480612384e-01 -9.335915621375935336e-01
-9.422180557639631138e-01 -9.344611043852703025e-01 -9.346827315675186876e-01 -9.343913186635243173e-01 -9.341003159490520735e-01 -9.332690697934744595e-01 -9.331981758189104026e-01
-9.329097141095317181e-01 -9.267041530065774912e-01 -9.315799510160415187e-01 -9.327164613416196737e-01 -9.334508967638591725e-01 -9.337823621203266145e-01 -9.337780719115473804e-01
-9.375638849367474714e-01 -9.422180557639631138e-01 -9.346827315675186876e-01 -9.337471427704839844e-01 -9.344391186182826603e-01 -9.338991250696605517e-01 -9.337116084177228270e-01
-9.375638849367474714e-01 -9.344611043852703025e-01 -9.364557490255055461e-01 -9.351643297351726059e-01 -9.343528678544048560e-01 -9.343111407560403814e-01 -9.338380800145895666e-01
-9.375638849367474714e-01 -9.344611043852703025e-01 -9.329097141095317181e-01 -9.334894724132679622e-01 -9.348218928214885315e-01 -9.338799604118688258e-01 -9.339335147793275116e-01
-9.468722265911788671e-01 -9.375638849367474714e-01 -9.289510922971547791e-01 -9.300089907102686571e-01 -9.330799358341348437e-01 -9.329821702112773840e-01 -9.332084482244813461e-01
-9.329097141095317181e-01 -9.329097141095317181e-01 -9.315799510160415187e-01 -9.323299558057954739e-01 -9.316844589340651517e-01 -9.332384786246517017e-01 -9.334462484867457333e-01
-9.282555432823160757e-01 -9.298069335580545491e-01 -9.337962228385251473e-01 -9.323299558057954739e-01 -9.334649898404933088e-01 -9.332994726513550443e-01 -9.333298361497550655e-01
-9.329097141095317181e-01 -9.313583238337931336e-01 -9.351259859320153467e-01 -9.342624834849162507e-01 -9.333206744660059728e-01 -9.331408803331096014e-01 -9.333042325205098688e-01
-9.375638849367474714e-01 -9.375638849367474714e-01 -9.373422577544990864e-01 -9.345201538421322729e-01 -9.338667308072715612e-01 -9.337222739738327837e-01 -9.332623627744487393e-01
-9.282555432823160757e-01 -9.298069335580545491e-01 -9.320232053805382888e-01 -9.345201538421322729e-01 -9.340642371054301840e-01 -9.344334132606771925e-01 -9.338375872946602652e-01
-9.236013724551003223e-01 -9.329097141095317181e-01 -9.355692402965121168e-01 -9.343913186635243173e-01 -9.340472999955242717e-01 -9.341552936064050350e-01 -9.337759852620041157e-01
-9.329097141095317181e-01 -9.344611043852703025e-01 -9.333529684740284882e-01 -9.334894724132679622e-01 -9.335591332947246190e-01 -9.334911129773220129e-01 -9.333125406451325823e-01
-9.422180557639631138e-01 -9.344611043852703025e-01 -9.324664597450349479e-01 -9.351643297351726059e-01 -9.339199217309428480e-01 -9.340346198511124687e-01 -9.338215419638811188e-01
-9.329097141095317181e-01 -9.329097141095317181e-01 -9.324664597450349479e-01 -9.340048131277001175e-01 -9.338477640436992910e-01 -9.336973549536432548e-01 -9.334464749052047150e-01
