(-0.9334829403801634+0j)
-6.955709686144715409e-01 -9.344788331314864971e-01 -9.326952941501521765e-01 -9.309060818731326181e-01 -9.331777067357500677e-01 -9.327411510268206474e-01 -9.335131816484920630e-01
-7.908870436217907418e-01 -8.627997547559006497e-01 -9.344028427384305502e-01 -9.350513941647805582e-01 -9.332310201232842939e-01 -9.306108254427956084e-01 -9.333199718399576295e-01
-7.769105706251941967e-01 -9.235657229361765586e-01 -9.299839283640717325e-01 -9.331924527831773064e-01 -9.346357088076138186e-01 -9.319388668299909417e-01 -9.327955366670031001e-01
-6.365454528143963397e-01 -6.358276095878783174e-01 -8.540561871004717087e-01 -9.313251648228579871e-01 -9.292256501065456753e-01 -9.312805953526122060e-01 -9.325382597125639883e-01
-6.208333259844870389e-01 -7.856748382727992697e-01 -9.347348258097436524e-01 -9.364811443961872373e-01 -9.345147296221765210e-01 -9.326874428888350943e-01 -9.332250845574451281e-01
-7.866648813459107270e-01 -9.363253332121144190e-01 -9.337392682253085052e-01 -9.355060523733046418e-01 -9.346144122374636654e-01 -9.327966643867732222e-01 -9.335444613866111796e-01
-6.993576298980923589e-01 -8.628345274560205169e-01 -8.606367637622285294e-01 -9.338713960300976114e-01 -9.352136803185925329e-01 -9.334313482584839505e-01 -9.325492546108244962e-01
-7.169555727089420571e-01 -7.994715188614376356e-01 -9.360537556804430226e-01 -9.309084050230642671e-01 -9.302984871512826048e-01 -9.329039243727224040e-01 -9.340278522581876297e-01
-6.957878984666567845e-01 -8.527255519422424213e-01 -9.329986118521050864e-01 -9.296118685401661974e-01 -9.326512880434777442e-01 -9.323443231667405406e-01 -9.336431141707858261e-01
-6.271657559195507048e-01 -8.536542893891354566e-01 -9.346851316497415407e-01 -9.356428245852838055e-01 -9.348731147709433698e-01 -9.335049246598891015e-01 -9.337973748326666712e-01
-8.576276666561579720e-01 -8.575376078097459720e-01 -9.361797504158170247e-01 -9.374046029802870494e-01 -9.306618742205748918e-01 -9.332933762572713787e-01 -9.332827654186335309e-01
-6.099359951563434468e-01 -8.473951232748513362e-01 -9.266506553711600924e-01 -9.322297406637377604e-01 -9.337134509432293283e-01 -9.345684060979948526e-01 -9.337462841682265813e-01
-7.076554160238632818e-01 -8.594066291885068543e-01 -9.241714463078376518e-01 -9.310041280515607420e-01 -9.333883637653455079e-01 -9.336279101254235657e-01 -9.328859800737283603e-01
-7.056810346651181121e-01 -9.331528269822246813e-01 -9.305730188574546924e-01 -9.326507989632003559e-01 -9.294356560510291798e-01 -9.334192144803976632e-01 -9.334013985988316442e-01
-6.130333011131439136e-01 -8.521368367397634813e-01 -9.353833429407171218e-01 -9.360256230518686493e-01 -9.342549352485832737e-01 -9.342710703559675700e-01 -9.335735226171530954e-01
-7.320206561704261095e-01 -8.684330509528612740e-01 -9.393770944387472843e-01 -9.376957998883663770e-01 -9.346195069005018841e-01 -9.341366309980477789e-01 -9.333100768720784535e-01
-6.627348405783081153e-01 -9.383971339525023492e-01 -9.353840746437566134e-01 -9.338947164532944711e-01 -9.337421737100953800e-01 -9.330459794473964230e-01 -9.339347934113367833e-01
-6.162201463107027655e-01 -7.760457985059371344e-01 -8.550874553120786370e-01 -9.351245041220747067e-01 -9.351193685776135744e-01 -9.337836047295902109e-01 -9.338352036982072724e-01
-5.943551189618414554e-01 -7.769689937909839417e-01 -7.797070266617003309e-01 -9.324122431524918264e-01 -9.324197779914106254e-01 -9.338122041715176680e-01 -9.336751123507034400e-01
-7.164238493795147544e-01 -8.652920019054017864e-01 -9.351053949555394595e-01 -9.334484105834798262e-01 -9.351735164352500407e-01 -9.350596530595914890e-01 -9.344543399203865119e-01
-7.985035485613727335e-01 -8.677350858139452061e-01 -9.392241404520000891e-01 -9.335787036350643442e-01 -9.341235720701333012e-01 -9.327842123922470696e-01 -9.331464121517196730e-01
-6.304747814388506066e-01 -7.837856748393741135e-01 -8.592416306736727627e-01 -9.354026455241960525e-01 -9.355477048366301895e-01 -9.329216595223903674e-01 -9.335634762278715026e-01
-7.787966227939503439e-01 -7.700805055569288626e-01 -9.267654634060046304e-01 -9.336563132019358724e-01 -9.341394983642165029e-01 -9.323011421314923997e-01 -9.330610988672293216e-01
-6.299190573394992665e-01 -8.598555914164299763e-01 -9.069354093009377449e-01 -9.287568690025050921e-01 -9.232498879073026687e-01 -9.322459097883580847e-01 -9.328822351661698598e-01
-7.247610039137901694e-01 -7.922696623121506798e-01 -8.613955461331352925e-01 -9.344786867172512057e-01 -9.352907757931671062e-01 -9.344943912353691484e-01 -9.334672488091672049e-01
-7.844191168903763556e-01 -8.608157992693580285e-01 -9.378794082024428658e-01 -9.359035234386757773e-01 -9.314121808380841916e-01 -9.335151504683564250e-01 -9.341214993143005518e-01
-7.712322995465985542e-01 -8.635615703099835949e-01 -9.402269694618093920e-01 -9.332531164966570980e-01 -9.323801477167068530e-01 -9.327605766094475559e-01 -9.328729371608294185e-01
-7.032709037340088010e-01 -7.038106293771129174e-01 -9.321919319174669649e-01 -9.313179189679916536e-01 -9.329588184544900242e-01 -9.339804742233448476e-01 -9.329987141635184278e-01
-6.931694862141235536e-01 -8.563463399895522299e-01 -9.318243474857015318e-01 -9.344355322786860318e-01 -9.336939817399608765e-01 -9.338832445010966099e-01 -9.339885344951397439e-01
-7.100946649343050643e-01 -7.814209561037130936e-01 -9.371626203163280211e-01 -9.316846757450302219e-01 -9.309509741335947330e-01 -9.326966484239919142e-01 -9.332922990051613077e-01
-6.383179662869815640e-01 -7.007285191476941844e-01 -9.332658268561995207e-01 -9.319987776926418332e-01 -9.308372596450307235e-01 -9.330895371922601766e-01 -9.336545133487531567e-01
-7.199484013144892280e-01 -9.412290905002737018e-01 -9.336067464197939092e-01 -9.357426365838490412e-01 -9.355296185676584830e-01 -9.337847379019769134e-01 -9.332339286592222782e-01
-7.209757930413408511e-01 -7.843725993272836483e-01 -9.351549192228740814e-01 -9.348990372974442797e-01 -9.335490376469883778e-01 -9.329137724280948119e-01 -9.332683129956516055e-01
-7.235570197245779767e-01 -7.918506842616855890e-01 -9.388698005082078968e-01 -9.367539540723658353e-01 -9.348982108511477707e-01 -9.349994848813041326e-01 -9.339865423309939851e-01
-7.253235042643551012e-01 -7.982471560812767208e-01 -9.367671968772420810e-01 -9.343798930552734694e-01 -9.349710231940712157e-01 -9.345692587211623659e-01 -9.328285928119024462e-01
-7.045137749018740569e-01 -8.658633223892496789e-01 -9.392153979367144911e-01 -9.348789428033722482e-01 -9.334558500332629238e-01 -9.341691152569292500e-01 -9.335739080232916542e-01
-6.521719654361014529e-01 -7.947949762723119926e-01 -9.372215077875997169e-01 -9.325675395048952376e-01 -9.340196452483340295e-01 -9.338081848843906574e-01 -9.334623760011039328e-01
-7.966427935774489377e-01 -8.516336182944718169e-01 -9.378038328667362977e-01 -9.371775076486486000e-01 -9.339339276260008038e-01 -9.338892727266026039e-01 -9.329069286652080795e-01
-6.342364080135973747e-01 -7.053313023936732540e-01 -9.369615353910005773e-01 -9.331090238918977597e-01 -9.337174675035601057e-01 -9.333286641477149814e-01 -9.337297869980422105e-01
-6.328677353859035737e-01 -8.545880281335640483e-01 -9.343713148325222262e-01 -9.334396148670954796e-01 -9.334385894356119762e-01 -9.337929361205632439e-01 -9.338092434465572467e-01
-6.996389628676560335e-01 -7.881487189628025858e-01 -9.330125488277158929e-01 -9.317450134999828437e-01 -9.288989205529406545e-01 -9.330638225107027450e-01 -9.333357331524350098e-01
-8.543017781760025020e-01 -8.514673642715252511e-01 -9.355875393847939980e-01 -9.342191374241024526e-01 -9.343888324559873615e-01 -9.339127999619429854e-01 -9.331321628915292266e-01
-6.316985860346624460e-01 -7.219564034848068301e-01 -9.445610080937681952e-01 -9.363488169283269436e-01 -9.346450159438275396e-01 -9.342583449757926317e-01 -9.333924368887362988e-01
-6.982485852469970666e-01 -7.783479335838203728e-01 -8.633740654830930339e-01 -9.347174814563241618e-01 -9.331202735458369313e-01 -9.327197080156254261e-01 -9.331070957274172351e-01
-6.175980851013567197e-01 -7.718969514724220993e-01 -8.600016262987639770e-01 -9.369902058985377646e-01 -9.352077391394187922e-01 -9.325485714492119937e-01 -9.330069602993298350e-01
-7.195064326071191063e-01 -7.895471923496215627e-01 -9.377305931641924941e-01 -9.237800355112433248e-01 -9.296211771693706494e-01 -9.328863030979098747e-01 -9.338609698025174266e-01
-7.920982023859990395e-01 -8.474561783122800396e-01 -9.301074358797395414e-01 -9.322886071063699598e-01 -9.335804906934589420e-01 -9.344124387342831461e-01 -9.333358465469494547e-01
-6.944287908147588340e-01 -8.476163091311749165e-01 -9.317441486848553334e-01 -9.343063873749840598e-01 -9.340246041102885366e-01 -9.312368964871268195e-01 -9.328583335504984086e-01
-6.311450294896279178e-01 -7.170438142742848742e-01 -9.352920113908912425e-01 -9.326812353025303315e-01 -9.342897097324963651e-01 -9.343955956908508442e-01 -9.338610836716756403e-01
-6.979591538376900273e-01 -8.626687523192348994e-01 -9.341714992078188340e-01 -9.345628367090883515e-01 -9.339396934159712726e-01 -9.334599499468105854e-01 -9.337073108613737071e-01
