(-0.9334829403801634+0j)
-9.329097141095317181e-01 -9.242219285653957561e-01 -9.367881897988781237e-01 -9.343944802629993163e-01 -9.345868897577122025e-01 -9.334964273512542654e-01 -9.330111357471806421e-01
-9.391152752124859449e-01 -9.415974996536676800e-01 -9.313583238337931336e-01 -9.341660547009273952e-01 -9.340647235317716124e-01 -9.343195016790600826e-01 -9.339738502907962703e-01
-9.391152752124859449e-01 -9.341508263301225856e-01 -9.344611043852703025e-01 -9.332523524526395997e-01 -9.317793851747415701e-01 -9.328330900523378322e-01 -9.337810255309698659e-01
-9.267041530065774912e-01 -9.291863774477592264e-01 -9.298069335580545491e-01 -9.323386502043519153e-01 -9.334532978854135354e-01 -9.322918947497818021e-01 -9.334238282556188704e-01
-9.329097141095317181e-01 -9.391152752124859449e-01 -9.367881897988781237e-01 -9.300543945836324822e-01 -9.316487241595012847e-01 -9.335713467746165062e-01 -9.334809781925486050e-01
-9.453208363154402827e-01 -9.341508263301225856e-01 -9.383395800746167081e-01 -9.325670757664238364e-01 -9.344785494189413733e-01 -9.333905793636756432e-01 -9.330402989567986305e-01
-9.267041530065774912e-01 -9.291863774477592264e-01 -9.329097141095317181e-01 -9.330239268905676786e-01 -9.329340683138372947e-01 -9.331569978676833577e-01 -9.340823287823405430e-01
-9.204985919036231534e-01 -9.291863774477592264e-01 -9.383395800746167081e-01 -9.333852118651615459e-01 -9.337347555126509491e-01 -9.333771300010269556e-01 -9.328788038925137638e-01
-9.267041530065774912e-01 -9.366330507713043207e-01 -9.329097141095317181e-01 -9.319047186223762269e-01 -9.321920806606029952e-01 -9.337737892278759055e-01 -9.331085592824022168e-01
-9.267041530065774912e-01 -9.316686018889408505e-01 -9.367881897988781237e-01 -9.327955013284957575e-01 -9.331479113453785557e-01 -9.335169638607750953e-01 -9.337091376078390237e-01
-9.391152752124859449e-01 -9.391152752124859449e-01 -9.290678790008379817e-01 -9.341660547009273952e-01 -9.350212300682951838e-01 -9.343483816172000189e-01 -9.332937852983426152e-01
-9.329097141095317181e-01 -9.415974996536676800e-01 -9.352367995231395392e-01 -9.309910163740885425e-01 -9.341501896361489310e-01 -9.326249236978829682e-01 -9.337791314151904221e-01
-9.204985919036231534e-01 -9.391152752124859449e-01 -9.321340189716624813e-01 -9.355366080733590328e-01 -9.329753709002959194e-01 -9.326393542588250485e-01 -9.331333917667028466e-01
-9.267041530065774912e-01 -9.341508263301225856e-01 -9.391152752124859449e-01 -9.347413915167894771e-01 -9.340429796986863265e-01 -9.339504879187264796e-01 -9.333191565613998542e-01
-9.391152752124859449e-01 -9.291863774477592264e-01 -9.344611043852703025e-01 -9.299444547132788008e-01 -9.334968845599482812e-01 -9.336509874965885913e-01 -9.334063515312334136e-01
-9.391152752124859449e-01 -9.391152752124859449e-01 -9.290312384201853124e-01 -9.324571358960700440e-01 -9.317548036956557755e-01 -9.331304868012482157e-01 -9.333767918657817075e-01
-9.391152752124859449e-01 -9.366330507713043207e-01 -9.321340189716624813e-01 -9.341660547009273952e-01 -9.341736407139263898e-01 -9.326072996346651545e-01 -9.338209469103659899e-01
-9.391152752124859449e-01 -9.366330507713043207e-01 -9.336854092474010658e-01 -9.355366080733590328e-01 -9.322366987280819028e-01 -9.328127389537386183e-01 -9.344468891387973652e-01
-9.329097141095317181e-01 -9.316686018889408505e-01 -9.313583238337931336e-01 -9.359934591975028750e-01 -9.337799504235139159e-01 -9.332374545974314595e-01 -9.336315653653876057e-01
-9.329097141095317181e-01 -9.366330507713043207e-01 -9.375638849367474714e-01 -9.341660547009273952e-01 -9.335856661453457717e-01 -9.341299575003308986e-01 -9.338604151132026132e-01
-8.511989976245253331e-01 -9.291863774477592264e-01 -9.383395800746167081e-01 -9.330239268905676786e-01 -9.340881746095491822e-01 -9.338747301783860699e-01 -9.334248096430594055e-01
-9.329097141095317181e-01 -9.316686018889408505e-01 -9.321706595523151506e-01 -9.343944802629993163e-01 -9.312567411137808726e-01 -9.330296878905692814e-01 -9.350152039061361275e-01
-9.391152752124859449e-01 -9.341508263301225856e-01 -9.336854092474010658e-01 -9.305112457077764354e-01 -9.323639452539378425e-01 -9.338559114444919818e-01 -9.333817159738987401e-01
-9.391152752124859449e-01 -9.341508263301225856e-01 -9.321340189716624813e-01 -9.357650336354309539e-01 -9.328648454818129210e-01 -9.340437294438729277e-01 -9.331138739636113399e-01
-9.267041530065774912e-01 -9.267041530065774912e-01 -9.360124946610088870e-01 -9.330239268905676786e-01 -9.319536328645163792e-01 -9.338859566364161591e-01 -9.336450599771628500e-01
-9.391152752124859449e-01 -9.267041530065774912e-01 -9.213475682027978397e-01 -9.341660547009273952e-01 -9.325169269456472509e-01 -9.336191201081960322e-01 -9.331596492804363763e-01
-9.329097141095317181e-01 -9.291863774477592264e-01 -9.290312384201853124e-01 -9.348513313871431585e-01 -9.344785494189413733e-01 -9.337625546936613175e-01 -9.323000159087001526e-01
-9.267041530065774912e-01 -9.341508263301225856e-01 -9.336854092474010658e-01 -9.336136374272334670e-01 -9.341300540393917551e-01 -9.330159071635238943e-01 -9.325003898525123791e-01
-9.453208363154402827e-01 -9.316686018889408505e-01 -9.329097141095317181e-01 -9.327955013284957575e-01 -9.331294829933135526e-01 -9.339220836439688922e-01 -9.347019346443262711e-01
-9.267041530065774912e-01 -9.316686018889408505e-01 -9.313583238337931336e-01 -9.355366080733590328e-01 -9.348905690530550094e-01 -9.338582325809420270e-01 -9.328329254352702993e-01
-9.453208363154402827e-01 -9.366330507713043207e-01 -9.298069335580545491e-01 -9.337092035767835529e-01 -9.346745409418015793e-01 -9.329022810061335935e-01 -9.339963032976286161e-01
-9.329097141095317181e-01 -9.316686018889408505e-01 -9.360124946610088870e-01 -9.326999351789457826e-01 -9.332154269327107565e-01 -9.336923066029780838e-01 -9.333623619666731042e-01
-9.329097141095317181e-01 -9.316686018889408505e-01 -9.360124946610088870e-01 -9.369071614457905595e-01 -9.338704392536035792e-01 -9.344323819367159611e-01 -9.326524076202847846e-01
-9.391152752124859449e-01 -9.440797240948494151e-01 -9.360124946610088870e-01 -9.308581569615665963e-01 -9.337783421871856948e-01 -9.332450017407857290e-01 -9.337800728874542378e-01
-9.391152752124859449e-01 -9.316686018889408505e-01 -9.367881897988781237e-01 -9.348513313871431585e-01 -9.347599080378148351e-01 -9.336367552550760562e-01 -9.341463828921880985e-01
-9.453208363154402827e-01 -9.366330507713043207e-01 -9.313583238337931336e-01 -9.333852118651615459e-01 -9.322573121598590751e-01 -9.336089177204698331e-01 -9.339346192496877919e-01
-9.453208363154402827e-01 -9.415974996536676800e-01 -9.352367995231395392e-01 -9.330239268905676786e-01 -9.332574053709172812e-01 -9.325201818773805051e-01 -9.338720792044246100e-01
-9.329097141095317181e-01 -9.291863774477592264e-01 -9.329097141095317181e-01 -9.335992637064297606e-01 -9.331049015142278691e-01 -9.336773525323530665e-01 -9.333758230386818289e-01
-9.329097141095317181e-01 -9.341508263301225856e-01 -9.321340189716624813e-01 -9.321331441844481480e-01 -9.336476811719455204e-01 -9.333183074669587631e-01 -9.337067875407055739e-01
-9.267041530065774912e-01 -9.341508263301225856e-01 -9.329097141095317181e-01 -9.341660547009273952e-01 -9.320830644700842660e-01 -9.330771150492027655e-01 -9.339398073098651443e-01
-9.267041530065774912e-01 -9.391152752124859449e-01 -9.290312384201853124e-01 -9.330239268905676786e-01 -9.342819810526972191e-01 -9.336628865980535208e-01 -9.340192069570141253e-01
-9.391152752124859449e-01 -9.341508263301225856e-01 -9.344611043852703025e-01 -9.346229058250712374e-01 -9.329306538244530600e-01 -9.333760673919561102e-01 -9.323115810130967462e-01
-9.391152752124859449e-01 -9.391152752124859449e-01 -9.298069335580545491e-01 -9.339376291388554741e-01 -9.334550051301057083e-01 -9.335057681928643492e-01 -9.335554246394883737e-01
-9.391152752124859449e-01 -9.267041530065774912e-01 -9.336854092474010658e-01 -9.323386502043519153e-01 -9.329073017550394420e-01 -9.341537615327152322e-01 -9.340468445883921556e-01
-9.329097141095317181e-01 -9.291863774477592264e-01 -9.367881897988781237e-01 -9.318817990802080731e-01 -9.332807574403308992e-01 -9.328020314370206734e-01 -9.339841185364357035e-01
-9.453208363154402827e-01 -9.366330507713043207e-01 -9.329097141095317181e-01 -9.353081825112871117e-01 -9.325415084247329345e-01 -9.338983247292271805e-01 -9.337648714363789848e-01
-9.515263974183945095e-01 -9.366330507713043207e-01 -9.298069335580545491e-01 -9.316533735181360409e-01 -9.312103167932458403e-01 -9.326518424245108241e-01 -9.330951636114738212e-01
-9.391152752124859449e-01 -9.366330507713043207e-01 -9.329097141095317181e-01 -9.326855614581419651e-01 -9.336074099784311686e-01 -9.337288823814727801e-01 -9.328558986493293848e-01
-9.204985919036231534e-01 -9.366330507713043207e-01 -9.321340189716624813e-01 -9.359934591975028750e-01 -9.341953845470117868e-01 -9.334227911021684143e-01 -9.332051944829264922e-01
-9.204985919036231534e-01 -9.291863774477592264e-01 -9.305826286959238969e-01 -9.325670757664238364e-01 -9.336058017421030586e-01 -9.326493842213331442e-01 -9.337002636239832842e-01
