(-0.9334829403801634+0j)
-9.391152752124859449e-01 -9.267041530065774912e-01 -9.366330507713043207e-01 -9.339439742933574040e-01 -9.323680031804020274e-01 -9.329608688339028344e-01 -9.329275205491809331e-01
-9.515263974183945095e-01 -9.171362058154958197e-01 -9.338405482749748687e-01 -9.344611043852703025e-01 -9.338843441288178227e-01 -9.329204918893085896e-01 -9.336446928906708687e-01
-9.142930308006689266e-01 -9.360124946610088870e-01 -9.310480457786454167e-01 -9.342025393393138533e-01 -9.333782108018131574e-01 -9.332045887278754837e-01 -9.336617724166422772e-01
-9.267041530065774912e-01 -9.360124946610088870e-01 -9.291863774477592264e-01 -9.314984027939793299e-01 -9.337034486692119550e-01 -9.339037796270640568e-01 -9.334538876426681231e-01
-9.267041530065774912e-01 -9.391152752124859449e-01 -9.384947191021906221e-01 -9.330497930697179143e-01 -9.339920794181865160e-01 -9.334981873981127443e-01 -9.335335361807646226e-01
-9.267041530065774912e-01 -9.360124946610088870e-01 -9.347713824404180194e-01 -9.344611043852703025e-01 -9.337034351525591580e-01 -9.325353615501058568e-01 -9.337926036162165211e-01
-9.267041530065774912e-01 -9.360124946610088870e-01 -9.338405482749748687e-01 -9.340840532535436003e-01 -9.345337768306635207e-01 -9.325147173820564905e-01 -9.330782499041700984e-01
-9.267041530065774912e-01 -9.360124946610088870e-01 -9.319788799440885674e-01 -9.305826286959238969e-01 -9.321169955494978954e-01 -9.346945021952181021e-01 -9.333940254271129167e-01
-9.515263974183945095e-01 -9.267041530065774912e-01 -9.347713824404180194e-01 -9.335669231616308128e-01 -9.344250255416485240e-01 -9.331636649483784351e-01 -9.334623994474353648e-01
-9.267041530065774912e-01 -9.267041530065774912e-01 -9.329097141095317181e-01 -9.331682791554881673e-01 -9.326921709815434447e-01 -9.341774632424557634e-01 -9.334596926508653691e-01
-9.515263974183945095e-01 -9.329097141095317181e-01 -9.288068712495047841e-01 -9.327912280237614651e-01 -9.329097005928790320e-01 -9.334780900649661817e-01 -9.332660128569822966e-01
-9.391152752124859449e-01 -9.298069335580545491e-01 -9.338405482749748687e-01 -9.307227076561100931e-01 -9.318649584022946630e-01 -9.332853426170638622e-01 -9.332887855582775449e-01
-9.391152752124859449e-01 -9.298069335580545491e-01 -9.366330507713043207e-01 -9.334268442014446165e-01 -9.323313960619779017e-01 -9.334477617869453292e-01 -9.335649884361374440e-01
-9.391152752124859449e-01 -9.329097141095317181e-01 -9.301172116132022660e-01 -9.336854092474010658e-01 -9.347136562906230850e-01 -9.327582549977281312e-01 -9.330526585734313372e-01
-9.391152752124859449e-01 -9.453208363154402827e-01 -9.384947191021906221e-01 -9.320155328858922283e-01 -9.339920794181865160e-01 -9.339850803511552391e-01 -9.338721962378763175e-01
-9.142930308006689266e-01 -9.298069335580545491e-01 -9.384947191021906221e-01 -9.346011833454564988e-01 -9.326566068960711053e-01 -9.333058045068123310e-01 -9.336331947071496717e-01
-9.267041530065774912e-01 -9.360124946610088870e-01 -9.366330507713043207e-01 -9.339439742933574040e-01 -9.334148179202372830e-01 -9.337110321791617373e-01 -9.331551357292598992e-01
-9.391152752124859449e-01 -9.298069335580545491e-01 -9.366330507713043207e-01 -9.313583238337931336e-01 -9.340276299870060583e-01 -9.331837622815252198e-01 -9.335564207149333882e-01
-9.391152752124859449e-01 -9.329097141095317181e-01 -9.297377054149478237e-01 -9.323925840176189306e-01 -9.340276299870060583e-01 -9.331537985601060514e-01 -9.335591834279401979e-01
-9.142930308006689266e-01 -9.329097141095317181e-01 -9.291863774477592264e-01 -9.318754539257060321e-01 -9.335601628110237193e-01 -9.331636649483785462e-01 -9.335934543127565322e-01
-9.391152752124859449e-01 -9.391152752124859449e-01 -9.291863774477592264e-01 -9.312398377480228806e-01 -9.321881237204424631e-01 -9.332957558402390497e-01 -9.336019661175238848e-01
-9.267041530065774912e-01 -9.329097141095317181e-01 -9.403563874330768124e-01 -9.339439742933574040e-01 -9.334148179202372830e-01 -9.335389288993087842e-01 -9.337015687274722309e-01
-9.142930308006689266e-01 -9.267041530065774912e-01 -9.338405482749748687e-01 -9.335669231616308128e-01 -9.344982127451911813e-01 -9.326466259956160965e-01 -9.334909771569279702e-01
-9.142930308006689266e-01 -9.391152752124859449e-01 -9.310480457786454167e-01 -9.365296247529216744e-01 -9.318273352842241231e-01 -9.341270376312882373e-01 -9.334767162604000745e-01
-9.515263974183945095e-01 -9.391152752124859449e-01 -9.347713824404180194e-01 -9.352367995231395392e-01 -9.341363947926738520e-01 -9.328697017215392684e-01 -9.340943419083784782e-01
-9.142930308006689266e-01 -9.267041530065774912e-01 -9.375638849367474714e-01 -9.322740979318486776e-01 -9.337034486692119550e-01 -9.337419072920853935e-01 -9.330727244781564789e-01
-9.267041530065774912e-01 -9.453208363154402827e-01 -9.329097141095317181e-01 -9.314984027939793299e-01 -9.322247308388665887e-01 -9.333056222285114334e-01 -9.336475674365511956e-01
-9.391152752124859449e-01 -9.360124946610088870e-01 -9.357022166058611701e-01 -9.353768784833257355e-01 -9.326932275311480280e-01 -9.336808861794417824e-01 -9.332603755980952709e-01
-9.267041530065774912e-01 -9.329097141095317181e-01 -9.329097141095317181e-01 -9.280185711107755697e-01 -9.326566204127239024e-01 -9.339644361831058728e-01 -9.331323071115278367e-01
-9.391152752124859449e-01 -9.329097141095317181e-01 -9.394255532676336617e-01 -9.331682791554881673e-01 -9.323690462133538137e-01 -9.340150440725742964e-01 -9.336703960542831471e-01
-9.515263974183945095e-01 -9.360124946610088870e-01 -9.375638849367474714e-01 -9.329097141095317181e-01 -9.321870671708378797e-01 -9.337515914020568797e-01 -9.328677142500625408e-01
-9.267041530065774912e-01 -9.236013724551003223e-01 -9.394255532676336617e-01 -9.339439742933574040e-01 -9.316108622224932301e-01 -9.331128747806091139e-01 -9.336531487790014072e-01
-9.267041530065774912e-01 -9.298069335580545491e-01 -9.329097141095317181e-01 -9.334268442014446165e-01 -9.330174223655949284e-01 -9.335184670095604265e-01 -9.335933983963198290e-01
-9.391152752124859449e-01 -9.329097141095317181e-01 -9.329097141095317181e-01 -9.326511490635752688e-01 -9.337044781855109443e-01 -9.338833177373156991e-01 -9.335648766032640378e-01
-9.391152752124859449e-01 -9.267041530065774912e-01 -9.288068712495047841e-01 -9.349782344771832010e-01 -9.338121999582269517e-01 -9.342077915204766159e-01 -9.335023635075756498e-01
-9.142930308006689266e-01 -9.298069335580545491e-01 -9.357022166058611701e-01 -9.303456565243833909e-01 -9.320793724314274664e-01 -9.336807039011408849e-01 -9.338950807720449721e-01
-9.391152752124859449e-01 -9.391152752124859449e-01 -9.329097141095317181e-01 -9.336854092474010658e-01 -9.317196270281609127e-01 -9.332553788956448049e-01 -9.330041267920869963e-01
-9.391152752124859449e-01 -9.267041530065774912e-01 -9.357022166058611701e-01 -9.349782344771832010e-01 -9.326210698439043600e-01 -9.339644361831058728e-01 -9.334766603439632604e-01
-9.391152752124859449e-01 -9.298069335580545491e-01 -9.338405482749748687e-01 -9.326511490635752688e-01 -9.329097141095317181e-01 -9.332349170058963361e-01 -9.336446928906708687e-01
-9.267041530065774912e-01 -9.391152752124859449e-01 -9.329097141095317181e-01 -9.312398377480228806e-01 -9.348224075796380816e-01 -9.340252750174484753e-01 -9.335506716231728452e-01
-9.515263974183945095e-01 -9.267041530065774912e-01 -9.329097141095317181e-01 -9.347196694312267518e-01 -9.326555773797721161e-01 -9.327176957748329889e-01 -9.337898409032097113e-01
-9.267041530065774912e-01 -9.298069335580545491e-01 -9.357022166058611701e-01 -9.320155328858922283e-01 -9.343884184232243983e-01 -9.335489775658821765e-01 -9.334139794989646521e-01
-9.267041530065774912e-01 -9.298069335580545491e-01 -9.254630407859866237e-01 -9.326511490635752688e-01 -9.317541345640286687e-01 -9.325759207730008882e-01 -9.335422157348423067e-01
-9.267041530065774912e-01 -9.298069335580545491e-01 -9.310480457786454167e-01 -9.338254882075872620e-01 -9.331617377400822644e-01 -9.332652452839171886e-01 -9.333173073513333362e-01
-9.515263974183945095e-01 -9.298069335580545491e-01 -9.301172116132022660e-01 -9.357539296150524377e-01 -9.329452646783512604e-01 -9.340049954060010151e-01 -9.334795348898435874e-01
-9.391152752124859449e-01 -9.391152752124859449e-01 -9.357022166058611701e-01 -9.335669231616308128e-01 -9.347858139778667530e-01 -9.330218899465464455e-01 -9.338410235646872337e-01
-9.267041530065774912e-01 -9.329097141095317181e-01 -9.329097141095317181e-01 -9.303240636499674476e-01 -9.320804019477264557e-01 -9.330726801143158777e-01 -9.332830923829538161e-01
-9.391152752124859449e-01 -9.223363517942522183e-01 -9.241527004222890307e-01 -9.314984027939793299e-01 -9.330184653985467147e-01 -9.335791235656021314e-01 -9.339717988478246635e-01
-9.267041530065774912e-01 -9.484236168669174516e-01 -9.403563874330768124e-01 -9.342025393393138533e-01 -9.321515166020183374e-01 -9.324642917708889645e-01 -9.335338157629484712e-01
-9.391152752124859449e-01 -9.298069335580545491e-01 -9.366330507713043207e-01 -9.336854092474010658e-01 -9.346780922051507456e-01 -9.338023815698262009e-01 -9.335452021135960399e-01
