(-0.9334829403801634+0j)
-9.366330507713043207e-01 -9.343417666717519499e-01 -9.355019105196265006e-01 -9.311483898972139350e-01 -9.331496254115458910e-01 -9.335129626184425211e-01 -9.332755818050685326e-01
-9.422180557639631138e-01 -9.378088412960745579e-01 -9.389404706743745832e-01 -9.344849719279739730e-01 -9.336066358128798370e-01 -9.333256513550360900e-01 -9.331706979313404426e-01
-9.453208363154402827e-01 -9.373422577544990864e-01 -9.366330507713043207e-01 -9.357585304165818574e-01 -9.336056733993397527e-01 -9.334527530706465681e-01 -9.336163504951693337e-01
-9.366330507713043207e-01 -9.362945656202340539e-01 -9.318754539257060321e-01 -9.325446811034755479e-01 -9.339299883984254480e-01 -9.332807407186904936e-01 -9.337377144801242146e-01
-9.217397041242140210e-01 -9.308411937418803461e-01 -9.334416193469278200e-01 -9.334532669068708044e-01 -9.333934133206489570e-01 -9.334105797754165268e-01 -9.333763857022303601e-01
-8.574045587274795599e-01 -9.304814510692452911e-01 -9.299938480491074522e-01 -9.329097141095317181e-01 -9.330540387076471376e-01 -9.337301577349766957e-01 -9.332337705054530863e-01
-8.536812220657070682e-01 -9.299702377976060141e-01 -9.337689456468638571e-01 -9.329097141095317181e-01 -9.332232582494704998e-01 -9.333613614560780647e-01 -9.336978561870725724e-01
-8.547450325404991611e-01 -9.056708654778007350e-01 -9.225525851767136798e-01 -9.312530077943335094e-01 -9.325542328551099658e-01 -9.334609183599645865e-01 -9.335586876087713648e-01
-9.236013724551003223e-01 -9.273247091168729250e-01 -9.303815225490689178e-01 -9.335325771198654810e-01 -9.341749255965418053e-01 -9.337544784965173816e-01 -9.337186076676109447e-01
-9.422180557639631138e-01 -9.370467548448345729e-01 -9.331875750544401660e-01 -9.339121509030858803e-01 -9.338603532572183896e-01 -9.325723867179371851e-01 -9.333621818285600114e-01
-9.267041530065774912e-01 -9.384947191021906221e-01 -9.335516687063890595e-01 -9.350606456472091432e-01 -9.332159395193985185e-01 -9.332453437584782296e-01 -9.329353396901043372e-01
-8.636101198304337867e-01 -9.362945656202340539e-01 -9.343059653576963886e-01 -9.321454645645160797e-01 -9.329561824175816032e-01 -9.327082875566283793e-01 -9.334352638170534400e-01
-9.196120831746297242e-01 -9.267041530065774912e-01 -9.347713824404180194e-01 -9.349187087112075245e-01 -9.343084278819436816e-01 -9.334319765125546065e-01 -9.333116670072167942e-01
-8.594730790951310428e-01 -9.306757121124682453e-01 -9.352049216407614107e-01 -9.349619469152331552e-01 -9.339596788948472117e-01 -9.338159963934303809e-01 -9.337601683803882224e-01
-8.636101198304337867e-01 -9.397684921706916938e-01 -9.378916434457063023e-01 -9.362548993915930096e-01 -9.349739070287153009e-01 -9.340206698538762176e-01 -9.336785727446912375e-01
-9.142930308006689266e-01 -9.291863774477592264e-01 -9.356474616549527168e-01 -9.360738144347534595e-01 -9.346061290002259936e-01 -9.336321238740821205e-01 -9.337596454861125661e-01
-9.440797240948494151e-01 -9.313583238337931336e-01 -9.338405482749748687e-01 -9.314000207433325018e-01 -9.326912288965034659e-01 -9.334680757710568377e-01 -9.338232326407532868e-01
-9.440797240948494151e-01 -9.319298886722231501e-01 -9.326679390016243687e-01 -9.329097141095317181e-01 -9.334064239096614424e-01 -9.334510380742639946e-01 -9.331704318556895972e-01
-8.636101198304337867e-01 -9.362945656202340539e-01 -9.376259405477769260e-01 -9.341600883616195672e-01 -9.329882655158981963e-01 -9.335227388479503396e-01 -9.335826472680524013e-01
-8.574045587274795599e-01 -9.296244170550265196e-01 -9.336963345310329565e-01 -9.328399887038805183e-01 -9.339123021229973620e-01 -9.335755758716703934e-01 -9.336289167212432627e-01
-8.511989976245253331e-01 -9.342394772030219174e-01 -9.335992208987489160e-01 -9.326359393549896737e-01 -9.328673586379943039e-01 -9.342676426165303916e-01 -9.339178580899633042e-01
-9.267041530065774912e-01 -9.338895395468402860e-01 -9.329097141095317181e-01 -9.347243366703233969e-01 -9.345455364277909238e-01 -9.338359076272169101e-01 -9.333215300596251485e-01
-9.440797240948494151e-01 -9.349782344771832010e-01 -9.323279427561297350e-01 -9.354677316634212314e-01 -9.330864205670565958e-01 -9.328084144217165807e-01 -9.334883271930596305e-01
-9.142930308006689266e-01 -9.318146150913633186e-01 -9.340879852050293364e-01 -9.341706050109288562e-01 -9.329493240740186488e-01 -9.334691420236742587e-01 -9.334018936622164864e-01
-8.574045587274795599e-01 -9.372058717961924135e-01 -9.347509245466719685e-01 -9.342624834849162507e-01 -9.335935922718980873e-01 -9.333094129536837480e-01 -9.334178933838750414e-01
-9.391152752124859449e-01 -9.381223854360133396e-01 -9.293480647129939154e-01 -9.320701382123329770e-01 -9.331636240291577566e-01 -9.334710888673263263e-01 -9.334328599288661543e-01
-8.611278953892521626e-01 -9.391152752124859449e-01 -9.370467548448345729e-01 -9.333529684740284882e-01 -9.334346965021894649e-01 -9.338174375254290061e-01 -9.335861059228928172e-01
-9.217397041242140210e-01 -9.321002930961028721e-01 -9.336543814418862830e-01 -9.344611043852703025e-01 -9.341395089550398323e-01 -9.334549570706900390e-01 -9.333891200982317171e-01
-9.142930308006689266e-01 -9.240912851737546063e-01 -9.317008385699951933e-01 -9.319493529759965700e-01 -9.339650476688413638e-01 -9.338677295201057715e-01 -9.333900779202850551e-01
-7.756938422424731749e-01 -9.347713824404180194e-01 -9.351259859320153467e-01 -9.336598368802184744e-01 -9.329144859741687057e-01 -9.333737911454910163e-01 -9.336201722693663330e-01
-9.217397041242140210e-01 -9.299702377976060141e-01 -9.331875750544401660e-01 -9.348655524338091993e-01 -9.325787719222455863e-01 -9.333404705855798955e-01 -9.332617498941280232e-01
-8.574045587274795599e-01 -9.291863774477592264e-01 -9.292119228230444339e-01 -9.326177334647025585e-01 -9.332702066594047441e-01 -9.332175922290238956e-01 -9.334500605060255252e-01
-7.818994033454274017e-01 -9.408882926704729144e-01 -9.361950111640369165e-01 -9.339199217309428480e-01 -9.338138355947304126e-01 -9.337903153167571579e-01 -9.339106881687950779e-01
-8.536812220657070682e-01 -9.308411937418803461e-01 -9.317461714027277520e-01 -9.346660049877263399e-01 -9.336742696975541822e-01 -9.334655594981939863e-01 -9.334619297302280128e-01
-8.611278953892521626e-01 -9.319298886722231501e-01 -9.329097141095317181e-01 -9.354104626137073053e-01 -9.333653356576733229e-01 -9.338150866133754224e-01 -9.336614179087997512e-01
-7.930694133307450988e-01 -9.362945656202340539e-01 -9.331453683286312639e-01 -9.352280180687485567e-01 -9.339707685986379238e-01 -9.340356767467902221e-01 -9.334222510927638883e-01
-8.760212420363423513e-01 -9.321002930961028721e-01 -9.359286357271852097e-01 -9.356652520722154032e-01 -9.339454287666176802e-01 -9.338417507220930780e-01 -9.336912428264489971e-01
-8.698156809333881245e-01 -9.083735990507125768e-01 -9.285188812126642377e-01 -9.303655692387271525e-01 -9.323389443861878068e-01 -9.331917268548393096e-01 -9.335997822817144742e-01
-7.818994033454274017e-01 -9.369568191766758369e-01 -9.344356717577991800e-01 -9.348403331193396726e-01 -9.341260865516390899e-01 -9.336942456219611275e-01 -9.335935571497665508e-01
-9.515263974183945095e-01 -9.316686018889408505e-01 -9.300008573425219138e-01 -9.336166767668303557e-01 -9.342337454655499362e-01 -9.340312965336703410e-01 -9.336359468021078190e-01
-8.594730790951310428e-01 -9.360124946610088870e-01 -9.340732568163356841e-01 -9.352009982090840889e-01 -9.339269214321499479e-01 -9.335264199855863865e-01 -9.335750438625909364e-01
-8.449934365215709953e-01 -9.299702377976060141e-01 -9.329097141095317181e-01 -9.335145882964622777e-01 -9.336196723713103829e-01 -9.334703260702525984e-01 -9.333203666459390924e-01
-8.698156809333881245e-01 -9.440797240948494151e-01 -9.380810150286602589e-01 -9.351275861282770663e-01 -9.347405260592430709e-01 -9.337917120764185341e-01 -9.336346336401162294e-01
-8.574045587274795599e-01 -9.336543814418862830e-01 -9.341508263301225856e-01 -9.344309216950807961e-01 -9.341427409084900324e-01 -9.333098669963917349e-01 -9.335637149019400116e-01
-9.515263974183945095e-01 -9.361950111640369165e-01 -9.310003106932380756e-01 -9.331322242686017621e-01 -9.328005149751539271e-01 -9.333515324832799553e-01 -9.331148486825509014e-01
-8.480962170730481642e-01 -9.321002930961028721e-01 -9.321843887858097810e-01 -9.316327574926783761e-01 -9.319141275561988458e-01 -9.335566591523385416e-01 -9.329445359650783143e-01
-9.236013724551003223e-01 -9.314776615473114862e-01 -9.346021398648829415e-01 -9.333701974422597969e-01 -9.331171948758919532e-01 -9.335005179754947147e-01 -9.333555445236724202e-01
-9.142930308006689266e-01 -9.391152752124859449e-01 -9.362945656202340539e-01 -9.349043587497670726e-01 -9.319863845337355013e-01 -9.334782339462580625e-01 -9.335063392039552044e-01
-8.611278953892521626e-01 -9.284771704645643497e-01 -9.307820931599474212e-01 -9.330598486523451474e-01 -9.325331969190153725e-01 -9.330003455959569036e-01 -9.333632416088639694e-01
-9.440797240948494151e-01 -9.361950111640369165e-01 -9.367425606731211163e-01 -9.316459646012824614e-01 -9.322942924349690852e-01 -9.335262256173442186e-01 -9.333868041855047926e-01
