(-0.9332610574596039+0j)
-4.838466111173370665e-01 -7.169866725235285454e-01 -7.709036343497751576e-01 -9.378462705783817688e-01 -9.340384035766379212e-01 -9.333668506747709870e-01 -9.336435126877047352e-01
-4.821831111451781449e-01 -7.324891651011575799e-01 -7.743732049346142565e-01 -9.422386174811904214e-01 -9.368233931895542099e-01 -9.338249897648520648e-01 -9.336870836154338438e-01
-4.895906650576959396e-01 -7.343488248522173079e-01 -7.715534762590888773e-01 -9.240014526537820849e-01 -9.352987654978586196e-01 -9.346319111329099982e-01 -9.328101726914345138e-01
-4.570884224374452964e-01 -7.213630939830879552e-01 -7.663970143680236546e-01 -9.376940555881215777e-01 -9.377457594292357701e-01 -9.329086078622785827e-01 -9.343466375784557076e-01
-4.504865531902744191e-01 -6.782457652387419156e-01 -7.799780557442296258e-01 -9.416070131342585414e-01 -9.332139082363540838e-01 -9.341376300630496177e-01 -9.346224161232835614e-01
-5.095716286448126464e-01 -6.733073959637299044e-01 -7.802127258915801944e-01 -9.344661894409002079e-01 -9.318532212868915199e-01 -9.331877240644184113e-01 -9.335937704407936133e-01
-4.082829278656042726e-01 -6.884398536030176263e-01 -7.742822604050890734e-01 -9.402917442672733550e-01 -9.341011730753459030e-01 -9.350229222781806238e-01 -9.333499815193847526e-01
-5.216900653452731795e-01 -7.040131278771444290e-01 -7.876719722813674274e-01 -9.301243919015914630e-01 -9.372178990088803063e-01 -9.360212997483791098e-01 -9.326173060867279929e-01
-5.536141097872460115e-01 -6.987310662258356952e-01 -7.603507875380719483e-01 -9.291023030469631738e-01 -9.371855330659558669e-01 -9.312059130887336833e-01 -9.341288809188832420e-01
-4.212591798728766990e-01 -7.002855623853885270e-01 -7.697529367928385158e-01 -9.372699445366988735e-01 -9.323858404783701426e-01 -9.334675914346750591e-01 -9.332825136239191188e-01
-4.646713321955673326e-01 -7.243285527926441869e-01 -7.721288153355028161e-01 -9.249711722682572024e-01 -9.370427354999688596e-01 -9.337176437754397540e-01 -9.331847328111786410e-01
-4.601358052532289467e-01 -6.994668303459907754e-01 -7.695294379961933329e-01 -9.311437100978541270e-01 -9.360474194466761322e-01 -9.312068546769002308e-01 -9.333371211273510104e-01
-4.842494534500105807e-01 -7.031943958377466775e-01 -7.801760178091736719e-01 -9.318775733507073111e-01 -9.336939068075510439e-01 -9.342710078689790976e-01 -9.329587183950645013e-01
-4.648988186826366054e-01 -6.996972720078915575e-01 -7.695287336017144764e-01 -9.355796974107056796e-01 -9.335166891948264434e-01 -9.337359190792177133e-01 -9.348147296687423502e-01
-4.550220801326128051e-01 -6.821734895972451085e-01 -7.751388081873886726e-01 -9.305914386657313520e-01 -9.345769835994166552e-01 -9.336151062500052111e-01 -9.336660280878664731e-01
-4.694343456249749358e-01 -6.819733307304977066e-01 -7.584603688658634324e-01 -9.333211796317053555e-01 -9.355929233119245625e-01 -9.310100646009517034e-01 -9.330383026462187868e-01
-4.296999049378107394e-01 -7.053674651699497478e-01 -7.880479599079885933e-01 -9.284170277428832607e-01 -9.312022851417915970e-01 -9.334508549557255508e-01 -9.336986150273999252e-01
-4.292970626051372252e-01 -6.927557094722704978e-01 -7.701355763885848749e-01 -9.261039119719197688e-01 -9.405560023820431770e-01 -9.325491768146486615e-01 -9.329408773290832624e-01
-5.243867364698483469e-01 -7.018400585449412477e-01 -7.772153131793571035e-01 -9.392168143146901738e-01 -9.289917460205490141e-01 -9.334893970789298612e-01 -9.332056306609531893e-01
-5.194483671948364467e-01 -6.937785406115243303e-01 -7.930452635362547076e-01 -9.307178837160915430e-01 -9.353693678101618891e-01 -9.299705925958644537e-01 -9.332637802146356298e-01
-4.468088415547479819e-01 -7.016823686960923512e-01 -7.768064499211286833e-01 -9.381275482955347966e-01 -9.350155675207257877e-01 -9.336705007546752810e-01 -9.331625491140482787e-01
-5.216900653452731795e-01 -7.238535131295431579e-01 -7.889429874311515434e-01 -9.364633590620791148e-01 -9.363724765606478151e-01 -9.337111281596760515e-01 -9.327600084895842913e-01
-5.036000882173845561e-01 -7.399926754522309080e-01 -7.908673470585344534e-01 -9.360735136365602171e-01 -9.328003698137726785e-01 -9.327899116706555027e-01 -9.323156598373779635e-01
-4.546192377999392908e-01 -7.069664004639553134e-01 -7.838292006012480551e-01 -9.267353289777616743e-01 -9.307731093219674401e-01 -9.337876368087215662e-01 -9.329903388785312224e-01
-4.151122835998443117e-01 -6.939665132555266069e-01 -7.763538831459781964e-01 -9.344466036404173170e-01 -9.286587102062501264e-01 -9.349462470487441834e-01 -9.333016338489081853e-01
-4.992920477621154429e-01 -6.608957991327981674e-01 -7.628557468857343205e-01 -9.294728579953280834e-01 -9.313161498587491094e-01 -9.337396645684232777e-01 -9.343979868529058708e-01
-4.945290343327078397e-01 -6.955210094150793276e-01 -7.851915037459478164e-01 -9.347582447695750307e-01 -9.346747632367623515e-01 -9.336471751582110512e-01 -9.335319679039134622e-01
-4.945290343327078397e-01 -7.347106138009222853e-01 -7.775794075970962060e-01 -9.308626819010134001e-01 -9.411072890152187842e-01 -9.347936711047939440e-01 -9.343334839503105727e-01
-4.570884224374452964e-01 -6.869117000055096067e-01 -7.757848157054922922e-01 -9.257975205766727500e-01 -9.372856870019277142e-01 -9.370545421430130917e-01 -9.331666291649324263e-01
-4.354439588781695569e-01 -7.118906133996677488e-01 -7.697774101413834558e-01 -9.428788220604392700e-01 -9.269693006984462968e-01 -9.351624358727417263e-01 -9.338676475022702483e-01
-4.648988186826366054e-01 -7.059860383426000974e-01 -7.919967012636575099e-01 -9.397466114967883977e-01 -9.298573014256191760e-01 -9.324526020127956727e-01 -9.343914349702769906e-01
-3.856574237953773188e-01 -6.859454942234537445e-01 -7.834983408037936581e-01 -9.342550468877299785e-01 -9.344681756579849008e-01 -9.313297029920835080e-01 -9.330077902260938139e-01
-4.181596664156280174e-01 -6.919936027900708275e-01 -7.852551592894239096e-01 -9.283313410260356502e-01 -9.404869407759399724e-01 -9.317013353084375726e-01 -9.336162537139600648e-01
-5.159460114049142510e-01 -6.959091409258288952e-01 -7.769351697970385828e-01 -9.375096306252205247e-01 -9.326751831227335643e-01 -9.324838889446975809e-01 -9.323314104118054502e-01
-4.735670302346398630e-01 -7.248905006080965663e-01 -7.772475018801835445e-01 -9.305358787808561960e-01 -9.332534838727166715e-01 -9.316202508312129149e-01 -9.336978123294259468e-01
-3.683731313328357793e-01 -6.978376122568318296e-01 -7.734848293805766106e-01 -9.315557246411316772e-01 -9.337970167359068707e-01 -9.334186158244544007e-01 -9.319904792756792400e-01
-4.648988186826366054e-01 -7.362914525225197071e-01 -7.825651789455686513e-01 -9.260768368790991412e-01 -9.358777123450173763e-01 -9.319924015992724353e-01 -9.322521193107016213e-01
-4.673680033201424999e-01 -7.057555966806993153e-01 -7.752234636172880000e-01 -9.307645377375436402e-01 -9.324087110601766426e-01 -9.335900218231358849e-01 -9.348608208588971014e-01
-4.107521125031102227e-01 -7.164105683687767012e-01 -7.803984512822517150e-01 -9.301383635937608974e-01 -9.347768403006793125e-01 -9.357787303448182881e-01 -9.329073800441741726e-01
-4.402069723075772156e-01 -6.996669892127380663e-01 -7.751958311658484480e-01 -9.462769057017825780e-01 -9.343260250463796268e-01 -9.351874956123101823e-01 -9.328609626637381913e-01
-4.739698725673133217e-01 -6.967581557603800269e-01 -7.701621435164572871e-01 -9.382171899011495508e-01 -9.330690666791086052e-01 -9.313000357754782632e-01 -9.318923661841304051e-01
-5.659600329747758174e-01 -7.363217353176729763e-01 -7.842653528455255652e-01 -9.375473822191752182e-01 -9.331164571324767065e-01 -9.342239465095625306e-01 -9.331955091714495554e-01
-5.239838941371748327e-01 -7.046053584877500775e-01 -7.666915250717489805e-01 -9.400196322416328742e-01 -9.323540914246640776e-01 -9.352476230301113302e-01 -9.327344067499042657e-01
-5.490785828449077366e-01 -6.796567278887453156e-01 -7.707249218573172245e-01 -9.278462986298854354e-01 -9.315269568598134597e-01 -9.367608701721463760e-01 -9.331414518142466807e-01
-5.361023308376352547e-01 -7.235361633152911365e-01 -7.932264501412373825e-01 -9.283133419580995582e-01 -9.334886483943137803e-01 -9.338565095572837205e-01 -9.332116167535672302e-01
-5.159460114049142510e-01 -7.034087110437935442e-01 -7.718416784590794721e-01 -9.289164546411254886e-01 -9.348923776777141592e-01 -9.331054342134528223e-01 -9.337182530546656034e-01
-4.208563375402031848e-01 -7.026021652271410289e-01 -7.647801065131173415e-01 -9.329725648963408391e-01 -9.324247484824503829e-01 -9.324505570092020967e-01 -9.333297903377750782e-01
-4.550220801326128051e-01 -6.826221866983013253e-01 -7.614770117464636501e-01 -9.320920835819124228e-01 -9.357303712189982692e-01 -9.313249818812237013e-01 -9.337559739991060370e-01
-4.595576070749511910e-01 -6.654601932363599648e-01 -7.894462686810269636e-01 -9.358117103017252747e-01 -9.339183865901976578e-01 -9.341796345866920648e-01 -9.339666245458391192e-01
-4.941261920000343255e-01 -7.332552120164659293e-01 -7.749023857856901509e-01 -9.257629601262802321e-01 -9.343260651627816049e-01 -9.342175658484367373e-01 -9.333431248784235246e-01
