(-0.9332610574596039+0j)
-9.296447560171196001e-01 -9.377848923694899197e-01 -9.330886598585070857e-01 -9.338946799064913318e-01 -9.325413994014520869e-01 -9.331052112547495447e-01 -9.333778426072821821e-01
-9.227569483343448509e-01 -9.340279063607036525e-01 -9.320554887060907845e-01 -9.341877781057583707e-01 -9.327869054178679065e-01 -9.331708786351622376e-01 -9.332846694770968732e-01
-9.365325636998944603e-01 -9.377848923694899197e-01 -9.341218310109232759e-01 -9.343343272053918902e-01 -9.340093074200660483e-01 -9.331231755985655019e-01 -9.327247146849798609e-01
-9.296447560171196001e-01 -9.283924273475242517e-01 -9.356715877395476166e-01 -9.330153853086903259e-01 -9.325465274813325989e-01 -9.330673314149868780e-01 -9.331905803359067386e-01
-9.434203713826692095e-01 -9.340279063607036525e-01 -9.315389031298827449e-01 -9.319895416112558006e-01 -9.334426403382425352e-01 -9.330541441184485585e-01 -9.333755299584356457e-01
-9.296447560171196001e-01 -9.340279063607036525e-01 -9.336052454347151253e-01 -9.334550326075907734e-01 -9.342138957670791388e-01 -9.331461860919377793e-01 -9.331868710492181584e-01
-9.365325636998944603e-01 -9.302709203519173853e-01 -9.305057319774664437e-01 -9.333084835079572539e-01 -9.339274720812608122e-01 -9.336063959593837724e-01 -9.334031912592553049e-01
-9.365325636998944603e-01 -9.377848923694899197e-01 -9.279303058845800312e-01 -9.341877781057583707e-01 -9.333955423790266659e-01 -9.330213104282423231e-01 -9.334211892018561274e-01
-9.365325636998944603e-01 -9.321494133563105189e-01 -9.346384165871314265e-01 -9.334550326075907734e-01 -9.329454480155978668e-01 -9.337559641663036869e-01 -9.330628079583618284e-01
-9.296447560171196001e-01 -9.377848923694899197e-01 -9.330886598585070857e-01 -9.337481308068578123e-01 -9.331091186932083392e-01 -9.334124888155712618e-01 -9.331712083767988997e-01
-9.365325636998944603e-01 -9.321494133563105189e-01 -9.320554887060907845e-01 -9.341877781057583707e-01 -9.326181066603769221e-01 -9.330246745279464626e-01 -9.335079050123389344e-01
-9.434203713826692095e-01 -9.321494133563105189e-01 -9.330886598585070857e-01 -9.330153853086903259e-01 -9.344594017834948474e-01 -9.330788366616729057e-01 -9.332145549713728450e-01
-9.365325636998944603e-01 -9.340279063607036525e-01 -9.341218310109232759e-01 -9.319895416112558006e-01 -9.326641524096600522e-01 -9.329309505046051720e-01 -9.333132694102561633e-01
-9.365325636998944603e-01 -9.321494133563105189e-01 -9.320554887060907845e-01 -9.328880597360664773e-01 -9.334006704589071779e-01 -9.335143539858945516e-01 -9.331172371703315704e-01
-9.365325636998944603e-01 -9.340279063607036525e-01 -9.330886598585070857e-01 -9.331619344083238454e-01 -9.332318717014161935e-01 -9.334124888155712618e-01 -9.330494353134541896e-01
-9.296447560171196001e-01 -9.359063993650967861e-01 -9.330886598585070857e-01 -9.340412290061248513e-01 -9.340911427588712845e-01 -9.330476850213187401e-01 -9.333091021180652813e-01
-9.296447560171196001e-01 -9.340279063607036525e-01 -9.330886598585070857e-01 -9.340412290061248513e-01 -9.328226950073900126e-01 -9.337708335126940762e-01 -9.333137274157585761e-01
-9.434203713826692095e-01 -9.321494133563105189e-01 -9.279303058845800312e-01 -9.317156669389984325e-01 -9.341729780976765207e-01 -9.332646026585035282e-01 -9.333552419883230922e-01
-9.296447560171196001e-01 -9.302709203519173853e-01 -9.325720742822989351e-01 -9.330153853086903259e-01 -9.334364600484292840e-01 -9.335258592325806903e-01 -9.332980421220044009e-01
-9.365325636998944603e-01 -9.321494133563105189e-01 -9.325720742822989351e-01 -9.319895416112558006e-01 -9.325362713215716859e-01 -9.333532805322884984e-01 -9.330867825938279347e-01
-9.227569483343448509e-01 -9.377848923694899197e-01 -9.325720742822989351e-01 -9.340412290061248513e-01 -9.327050700790626703e-01 -9.338365008931067690e-01 -9.334428738098106137e-01
-9.296447560171196001e-01 -9.321494133563105189e-01 -9.305057319774664437e-01 -9.331619344083238454e-01 -9.334415881283097960e-01 -9.327945695942234661e-01 -9.330351240362071419e-01
-9.434203713826692095e-01 -9.321494133563105189e-01 -9.346384165871314265e-01 -9.331619344083238454e-01 -9.342138957670791388e-01 -9.331576913386239180e-01 -9.337574504532286657e-01
-9.365325636998944603e-01 -9.321494133563105189e-01 -9.325720742822989351e-01 -9.320087651382654714e-01 -9.327408596685847764e-01 -9.324395889968049023e-01 -9.331859550382135549e-01
-9.365325636998944603e-01 -9.283924273475242517e-01 -9.325720742822989351e-01 -9.321687056033557406e-01 -9.335643411365177613e-01 -9.330443209216146006e-01 -9.329691768226741067e-01
-9.365325636998944603e-01 -9.359063993650967861e-01 -9.346384165871314265e-01 -9.340412290061248513e-01 -9.331909540320135754e-01 -9.325282668705898725e-01 -9.330397493339003256e-01
-9.434203713826692095e-01 -9.396633853738829423e-01 -9.346384165871314265e-01 -9.336015817072242928e-01 -9.326999419991821583e-01 -9.329769714913497269e-01 -9.331292131773971654e-01
-9.365325636998944603e-01 -9.359063993650967861e-01 -9.341218310109232759e-01 -9.338946799064913318e-01 -9.342548134364817569e-01 -9.329918408377401162e-01 -9.333658439788816708e-01
-9.434203713826692095e-01 -9.321494133563105189e-01 -9.351550021633394660e-01 -9.344808763050254097e-01 -9.326999419991821583e-01 -9.334256761121095813e-01 -9.332044109863166792e-01
-9.365325636998944603e-01 -9.321494133563105189e-01 -9.320554887060907845e-01 -9.333084835079572539e-01 -9.335592130566372493e-01 -9.331922070786823342e-01 -9.331822683728598911e-01
-9.296447560171196001e-01 -9.302709203519173853e-01 -9.320554887060907845e-01 -9.322826398105227286e-01 -9.337228837342477217e-01 -9.336033009619580936e-01 -9.331804363508504618e-01
-9.434203713826692095e-01 -9.359063993650967861e-01 -9.253473780035395002e-01 -9.324291889101562480e-01 -9.334773777178320131e-01 -9.339745638533405447e-01 -9.333607606756861852e-01
-9.227569483343448509e-01 -9.302709203519173853e-01 -9.284393896726340634e-01 -9.327222871094232870e-01 -9.338865544118581941e-01 -9.333221288919342218e-01 -9.333418693434155644e-01
-9.365325636998944603e-01 -9.302709203519173853e-01 -9.346384165871314265e-01 -9.324618038026226685e-01 -9.318519793114207195e-01 -9.335160360357467324e-01 -9.332168676202194924e-01
-9.296447560171196001e-01 -9.321494133563105189e-01 -9.346384165871314265e-01 -9.347739745042923376e-01 -9.329966218447615089e-01 -9.333302700389162210e-01 -9.334562464547181415e-01
-9.434203713826692095e-01 -9.340279063607036525e-01 -9.325720742822989351e-01 -9.325757380097897675e-01 -9.335592130566372493e-01 -9.335488697259529678e-01 -9.331467531144955752e-01
-9.434203713826692095e-01 -9.377848923694899197e-01 -9.330886598585070857e-01 -9.320221565037222211e-01 -9.338916824917387061e-01 -9.333434573354544295e-01 -9.334622457689183417e-01
-9.296447560171196001e-01 -9.340279063607036525e-01 -9.336052454347151253e-01 -9.338946799064913318e-01 -9.329863656850004849e-01 -9.331512322414940996e-01 -9.331633544192544649e-01
-9.365325636998944603e-01 -9.302709203519173853e-01 -9.336052454347151253e-01 -9.340412290061248513e-01 -9.327817773379873945e-01 -9.333762910256607759e-01 -9.333676986222260163e-01
-9.296447560171196001e-01 -9.359063993650967861e-01 -9.336052454347151253e-01 -9.338946799064913318e-01 -9.325874451507352170e-01 -9.335160360357466214e-01 -9.333935279010363573e-01
-9.296447560171196001e-01 -9.321494133563105189e-01 -9.336052454347151253e-01 -9.324291889101562480e-01 -9.343775664446896112e-01 -9.334239940622575116e-01 -9.331195271978431904e-01
-9.296447560171196001e-01 -9.377848923694899197e-01 -9.325720742822989351e-01 -9.344808763050254097e-01 -9.336001307260398674e-01 -9.332859311020236248e-01 -9.334562464547180305e-01
-9.227569483343448509e-01 -9.283924273475242517e-01 -9.336052454347151253e-01 -9.322826398105227286e-01 -9.334773777178320131e-01 -9.331018471550452942e-01 -9.331043225309263445e-01
-9.296447560171196001e-01 -9.321494133563105189e-01 -9.356715877395476166e-01 -9.337481308068578123e-01 -9.343366487752869931e-01 -9.337346357227835902e-01 -9.334391871444568389e-01
-9.296447560171196001e-01 -9.340279063607036525e-01 -9.336052454347151253e-01 -9.344808763050254097e-01 -9.329914937648809969e-01 -9.333664678288267069e-01 -9.331545844507052045e-01
-9.296447560171196001e-01 -9.359063993650967861e-01 -9.346384165871314265e-01 -9.308497637066541763e-01 -9.340093074200660483e-01 -9.332168996219067925e-01 -9.333141854212608779e-01
-9.296447560171196001e-01 -9.340279063607036525e-01 -9.325720742822989351e-01 -9.329014511015232269e-01 -9.337638014036503398e-01 -9.326334961406174129e-01 -9.332108683060192922e-01
-9.365325636998944603e-01 -9.359063993650967861e-01 -9.351550021633394660e-01 -9.347739745042923376e-01 -9.326232347402574341e-01 -9.330328156749284618e-01 -9.332246989564291217e-01
-9.296447560171196001e-01 -9.321494133563105189e-01 -9.310223175536745943e-01 -9.334550326075907734e-01 -9.323031258847822578e-01 -9.330378618244847821e-01 -9.333764459694402493e-01
-9.227569483343448509e-01 -9.340279063607036525e-01 -9.346384165871314265e-01 -9.338946799064913318e-01 -9.330272833544031030e-01 -9.327617359040171197e-01 -9.332390102336762805e-01
