(-0.9332610574596039+0j)
-9.330886598585070857e-01 -9.351550021633394660e-01 -9.312918404630006197e-01 -9.330807509707441660e-01 -9.334767921340122454e-01 -9.326446320773620347e-01 -9.334048255214530965e-01
-9.330886598585070857e-01 -9.323998790902295886e-01 -9.335378647073836467e-01 -9.335435150828412798e-01 -9.334398271553927540e-01 -9.330814834297691540e-01 -9.332782404735266990e-01
-9.365325636998944603e-01 -9.379101252364494545e-01 -9.308426356141239477e-01 -9.330236805407450262e-01 -9.324048077540455504e-01 -9.332327236793458436e-01 -9.334643889421925245e-01
-9.399764675412818349e-01 -9.379101252364494545e-01 -9.344362744051368797e-01 -9.330236805407450262e-01 -9.342900216636421673e-01 -9.335801114524744371e-01 -9.336299103349392503e-01
-9.330886598585070857e-01 -9.310223175536745943e-01 -9.312918404630006197e-01 -9.332835978117931530e-01 -9.336616170271099246e-01 -9.333260483580931854e-01 -9.327502631875943528e-01
-9.365325636998944603e-01 -9.282671944805647168e-01 -9.335378647073836467e-01 -9.341933082604615413e-01 -9.331071423478167759e-01 -9.328059293164724375e-01 -9.329675752155688340e-01
-9.330886598585070857e-01 -9.310223175536745943e-01 -9.303934307652473867e-01 -9.334135564473171609e-01 -9.328725888690505563e-01 -9.332745230030160544e-01 -9.336481659854906079e-01
-9.365325636998944603e-01 -9.323998790902295886e-01 -9.348854792540135517e-01 -9.335435150828412798e-01 -9.328737223241095888e-01 -9.329018620470271861e-01 -9.335785902851335694e-01
-9.330886598585070857e-01 -9.365325636998944603e-01 -9.362330938006433456e-01 -9.343232668959855491e-01 -9.334398271553927540e-01 -9.330308417127094467e-01 -9.332684431748069498e-01
-9.262008521757322255e-01 -9.323998790902295886e-01 -9.335378647073836467e-01 -9.312042596434082498e-01 -9.333542670461636437e-01 -9.332359558180206571e-01 -9.330600696069710764e-01
-9.365325636998944603e-01 -9.310223175536745943e-01 -9.357838889517667846e-01 -9.343232668959855491e-01 -9.336130218965004168e-01 -9.328641500691025046e-01 -9.334460651264406827e-01
-9.399764675412818349e-01 -9.310223175536745943e-01 -9.312918404630006197e-01 -9.295863142846360061e-01 -9.327628273882510035e-01 -9.331453451303169944e-01 -9.333502761524213875e-01
-9.365325636998944603e-01 -9.323998790902295886e-01 -9.335378647073836467e-01 -9.340633496249374224e-01 -9.329962474119581906e-01 -9.334624566214068109e-01 -9.334008040191892341e-01
-9.296447560171196001e-01 -9.323998790902295886e-01 -9.312918404630006197e-01 -9.343232668959855491e-01 -9.328483874974800028e-01 -9.335160670067335076e-01 -9.331552329516212829e-01
-9.296447560171196001e-01 -9.365325636998944603e-01 -9.339870695562603187e-01 -9.340633496249374224e-01 -9.342160917064030734e-01 -9.331969583088634002e-01 -9.331402154309024199e-01
-9.262008521757322255e-01 -9.351550021633394660e-01 -9.317410453118771807e-01 -9.321139700920766380e-01 -9.338464419202077149e-01 -9.329271933570953967e-01 -9.335508731679159622e-01
-9.330886598585070857e-01 -9.351550021633394660e-01 -9.330886598585070857e-01 -9.351030187091298185e-01 -9.328483874974800028e-01 -9.333364088294756611e-01 -9.335134497599208991e-01
-9.365325636998944603e-01 -9.310223175536745943e-01 -9.326394550096304137e-01 -9.335435150828412798e-01 -9.336499868751200193e-01 -9.337364212920068463e-01 -9.335776556181627495e-01
-9.399764675412818349e-01 -9.323998790902295886e-01 -9.348854792540135517e-01 -9.334135564473171609e-01 -9.333034050054360709e-01 -9.333644031016341547e-01 -9.333330584541339459e-01
-9.330886598585070857e-01 -9.310223175536745943e-01 -9.326394550096304137e-01 -9.333551147148335669e-01 -9.323815474500656286e-01 -9.334412740012171250e-01 -9.333302138539476545e-01
-9.434203713826692095e-01 -9.310223175536745943e-01 -9.330886598585070857e-01 -9.322439287276006459e-01 -9.335507220912513393e-01 -9.333458203994497993e-01 -9.334165011000402634e-01
-9.330886598585070857e-01 -9.365325636998944603e-01 -9.326394550096304137e-01 -9.341933082604615413e-01 -9.335137571126317368e-01 -9.332555681038777751e-01 -9.335563249247035289e-01
-9.365325636998944603e-01 -9.323998790902295886e-01 -9.344362744051368797e-01 -9.326338046341728916e-01 -9.333173020675441522e-01 -9.337749742425646149e-01 -9.330672806521664864e-01
-9.262008521757322255e-01 -9.310223175536745943e-01 -9.312918404630006197e-01 -9.326338046341728916e-01 -9.337355469843490186e-01 -9.335176196549144212e-01 -9.330500877533155490e-01
-9.330886598585070857e-01 -9.351550021633394660e-01 -9.330886598585070857e-01 -9.336734737183652877e-01 -9.325524752810553375e-01 -9.329923623511833242e-01 -9.336314034108015303e-01
-9.330886598585070857e-01 -9.351550021633394660e-01 -9.321902501607538527e-01 -9.327637632696968994e-01 -9.328737223241095888e-01 -9.325682793254103098e-01 -9.330161978432516268e-01
-9.296447560171196001e-01 -9.365325636998944603e-01 -9.348854792540135517e-01 -9.339333909894134145e-01 -9.324290091256159929e-01 -9.338117159863889016e-01 -9.338511731779556291e-01
-9.330886598585070857e-01 -9.268896329440097226e-01 -9.326394550096304137e-01 -9.321139700920766380e-01 -9.330955121958268705e-01 -9.335568367037806459e-01 -9.330942509887741876e-01
-9.365325636998944603e-01 -9.310223175536745943e-01 -9.348854792540135517e-01 -9.332835978117931530e-01 -9.330215822385877766e-01 -9.334261429774165508e-01 -9.331807874708372141e-01
-9.365325636998944603e-01 -9.365325636998944603e-01 -9.330886598585070857e-01 -9.317240941855045033e-01 -9.328853524760996052e-01 -9.331841176205837307e-01 -9.335123795719522111e-01
-9.296447560171196001e-01 -9.379101252364494545e-01 -9.344362744051368797e-01 -9.330236805407450262e-01 -9.335507220912513393e-01 -9.334003073245393800e-01 -9.336277298330613039e-01
-9.365325636998944603e-01 -9.310223175536745943e-01 -9.330886598585070857e-01 -9.325038459986487727e-01 -9.325780024951532132e-01 -9.328499795272046091e-01 -9.330713151614817846e-01
-9.330886598585070857e-01 -9.310223175536745943e-01 -9.335378647073836467e-01 -9.328937219052210184e-01 -9.337725119629686210e-01 -9.331437556876202022e-01 -9.335291789411571672e-01
-9.296447560171196001e-01 -9.337774406267844718e-01 -9.339870695562603187e-01 -9.331536391762690341e-01 -9.330585472172072681e-01 -9.332691975084509428e-01 -9.332133194880228855e-01
-9.296447560171196001e-01 -9.351550021633394660e-01 -9.371315034983965786e-01 -9.326338046341728916e-01 -9.330701773691972845e-01 -9.331678537227955372e-01 -9.330393448846123761e-01
-9.365325636998944603e-01 -9.379101252364494545e-01 -9.303934307652473867e-01 -9.330236805407450262e-01 -9.336616170271099246e-01 -9.337852611249153334e-01 -9.331398361356939564e-01
-9.365325636998944603e-01 -9.351550021633394660e-01 -9.330886598585070857e-01 -9.292390623350218481e-01 -9.337725119629686210e-01 -9.332669665275240556e-01 -9.331534002768760994e-01
-9.330886598585070857e-01 -9.337774406267844718e-01 -9.344362744051368797e-01 -9.330236805407450262e-01 -9.344009165995008637e-01 -9.331462287683343071e-01 -9.330608215287488072e-01
-9.330886598585070857e-01 -9.351550021633394660e-01 -9.321902501607538527e-01 -9.332107096062682849e-01 -9.330701773691972845e-01 -9.333628256690470471e-01 -9.333854189956469760e-01
-9.365325636998944603e-01 -9.379101252364494545e-01 -9.353346841028901126e-01 -9.319255697240690361e-01 -9.327258624096314010e-01 -9.333741730637399314e-01 -9.332112778385676100e-01
-9.296447560171196001e-01 -9.323998790902295886e-01 -9.281474065208642488e-01 -9.334135564473171609e-01 -9.330955121958268705e-01 -9.337493723638340404e-01 -9.335491546435479293e-01
-9.365325636998944603e-01 -9.379101252364494545e-01 -9.317410453118771807e-01 -9.330236805407450262e-01 -9.338464419202077149e-01 -9.332329574534923289e-01 -9.330297904533089159e-01
-9.330886598585070857e-01 -9.351550021633394660e-01 -9.366822986495200176e-01 -9.315941355499803844e-01 -9.333912320247832461e-01 -9.331173876526743793e-01 -9.336222057146282838e-01
-9.365325636998944603e-01 -9.351550021633394660e-01 -9.303934307652473867e-01 -9.348431014380818027e-01 -9.336616170271099246e-01 -9.330924356378145212e-01 -9.331104515230617125e-01
-9.296447560171196001e-01 -9.379101252364494545e-01 -9.321902501607538527e-01 -9.330236805407450262e-01 -9.335507220912513393e-01 -9.334270315272890084e-01 -9.337075591831226484e-01
-9.399764675412818349e-01 -9.310223175536745943e-01 -9.335378647073836467e-01 -9.328937219052210184e-01 -9.336616170271099246e-01 -9.332071218006151581e-01 -9.335831429420800021e-01
-9.262008521757322255e-01 -9.351550021633394660e-01 -9.317410453118771807e-01 -9.330236805407450262e-01 -9.329729871079783798e-01 -9.329147988844168626e-01 -9.329661763317299572e-01
-9.399764675412818349e-01 -9.337774406267844718e-01 -9.344362744051368797e-01 -9.334135564473171609e-01 -9.334398271553927540e-01 -9.332104998899672932e-01 -9.330659227592883465e-01
-9.330886598585070857e-01 -9.351550021633394660e-01 -9.299442259163707147e-01 -9.326338046341728916e-01 -9.325029390828551978e-01 -9.333508389604520117e-01 -9.329284820170586912e-01
-9.330886598585070857e-01 -9.337774406267844718e-01 -9.335378647073836467e-01 -9.325609164286480235e-01 -9.341421617491639795e-01 -9.325292818162530528e-01 -9.330674776317972041e-01
