(-0.9331917641317224+0j)
-9.345271552209417631e-01 -9.353093620398253982e-01 -9.340102752748212778e-01 -9.336536269294770651e-01 -9.332973237016050083e-01 -9.330587704981447850e-01 -9.331898466971647599e-01
-9.289915377334574398e-01 -9.329025718278757262e-01 -9.330765566624744656e-01 -9.329862120550994620e-01 -9.331982768678329654e-01 -9.332885994646639150e-01 -9.332237010302386615e-01
-9.331432508490706823e-01 -9.338652879126556616e-01 -9.341436636480136002e-01 -9.337714060249554526e-01 -9.331102352378133347e-01 -9.332453041323595100e-01 -9.331863801910698086e-01
-9.331432508490706823e-01 -9.329025718278757262e-01 -9.328097799160897097e-01 -9.325936150701715777e-01 -9.332312924790903130e-01 -9.330000872801040845e-01 -9.331270727408302879e-01
-9.345271552209417631e-01 -9.338652879126556616e-01 -9.336101101552440884e-01 -9.331039911505778495e-01 -9.332753132941001839e-01 -9.333380798444402826e-01 -9.332158884918370090e-01
-9.345271552209417631e-01 -9.343466459550455738e-01 -9.254330486685192758e-01 -9.314984743142954438e-01 -9.325487967269828760e-01 -9.329325409773262523e-01 -9.331883618715755002e-01
-9.331432508490706823e-01 -9.329025718278757262e-01 -9.337434985284365219e-01 -9.332610299445490698e-01 -9.334403913503869221e-01 -9.333411723681762640e-01 -9.332838765403005388e-01
-9.345271552209417631e-01 -9.343466459550455738e-01 -9.348106055139756565e-01 -9.336536269294770651e-01 -9.334293861466345099e-01 -9.334988910787135330e-01 -9.333494312228302059e-01
-9.303754421053285206e-01 -9.329025718278757262e-01 -9.329431682892821431e-01 -9.331825105475635151e-01 -9.331762664603280300e-01 -9.331731938763777601e-01 -9.331571697191041181e-01
-9.359110595928128440e-01 -9.343466459550455738e-01 -9.334767217820516549e-01 -9.332610299445490698e-01 -9.332422976828428363e-01 -9.332793218934557489e-01 -9.332882168394125433e-01
-9.345271552209417631e-01 -9.333839298702656384e-01 -9.325430031697049538e-01 -9.330647314520851276e-01 -9.333963705353771623e-01 -9.333442648919123563e-01 -9.332410622266867906e-01
-9.317593464771996015e-01 -9.319398557430957908e-01 -9.325430031697049538e-01 -9.329076926581139073e-01 -9.328571155515068547e-01 -9.328918489493432942e-01 -9.331325604820805975e-01
-9.345271552209417631e-01 -9.343466459550455738e-01 -9.333433334088593325e-01 -9.333002896430419026e-01 -9.331322456453182701e-01 -9.328763115977193321e-01 -9.331594646033806173e-01
-9.317593464771996015e-01 -9.329025718278757262e-01 -9.329431682892821431e-01 -9.332217702460562370e-01 -9.330331988115461161e-01 -9.330906779455582223e-01 -9.330680446729067157e-01
-9.303754421053285206e-01 -9.304957816159260542e-01 -9.322762264233200868e-01 -9.331039911505778495e-01 -9.331872716640805532e-01 -9.331701760855855010e-01 -9.332358596009469043e-01
-9.359110595928128440e-01 -9.329025718278757262e-01 -9.329431682892821431e-01 -9.332217702460562370e-01 -9.334183809428820977e-01 -9.333782826530085952e-01 -9.332019995346784169e-01
-9.345271552209417631e-01 -9.343466459550455738e-01 -9.333433334088593325e-01 -9.336143672309842323e-01 -9.334073757391295745e-01 -9.329659947860640123e-01 -9.330512664207704088e-01
-9.331432508490706823e-01 -9.333839298702656384e-01 -9.329431682892821431e-01 -9.333395493415346245e-01 -9.329231467740216610e-01 -9.331648985152228848e-01 -9.331230118240341209e-01
-9.331432508490706823e-01 -9.329025718278757262e-01 -9.325430031697049538e-01 -9.326328747686642995e-01 -9.328240999402495071e-01 -9.331277882303905535e-01 -9.332517583268714612e-01
-9.303754421053285206e-01 -9.314584977007058786e-01 -9.330765566624744656e-01 -9.334180687385202901e-01 -9.332202872753379008e-01 -9.332360265611514549e-01 -9.331857857803685929e-01
-9.345271552209417631e-01 -9.338652879126556616e-01 -9.325430031697049538e-01 -9.335751075324915105e-01 -9.332422976828428363e-01 -9.332422116086235286e-01 -9.332387374295353366e-01
-9.372949639646839248e-01 -9.338652879126556616e-01 -9.325430031697049538e-01 -9.329469523566067402e-01 -9.329121415702691378e-01 -9.330968629930302960e-01 -9.331707493810718068e-01
-9.303754421053285206e-01 -9.329025718278757262e-01 -9.322762264233200868e-01 -9.330647314520851276e-01 -9.329451571815264854e-01 -9.331741760864309398e-01 -9.331935983187702455e-01
-9.303754421053285206e-01 -9.324212137854858140e-01 -9.332099450356668990e-01 -9.335358478339986776e-01 -9.334734069616442698e-01 -9.330454181931474578e-01 -9.332023088298690983e-01
-9.345271552209417631e-01 -9.324212137854858140e-01 -9.330765566624744656e-01 -9.334180687385202901e-01 -9.334073757391295745e-01 -9.331948415425298515e-01 -9.332002634150335929e-01
-9.331432508490706823e-01 -9.319398557430957908e-01 -9.325430031697049538e-01 -9.331432508490706823e-01 -9.330552092190510516e-01 -9.331370658015986086e-01 -9.331464437060444927e-01
-9.303754421053285206e-01 -9.314584977007058786e-01 -9.344104403943984671e-01 -9.336143672309842323e-01 -9.334954173691492052e-01 -9.332607667510396388e-01 -9.332150204320145415e-01
-9.345271552209417631e-01 -9.343466459550455738e-01 -9.332099450356668990e-01 -9.335358478339986776e-01 -9.331212404415657469e-01 -9.332020088000552160e-01 -9.332691195233195902e-01
-9.345271552209417631e-01 -9.319398557430957908e-01 -9.321428380501277644e-01 -9.329076926581139073e-01 -9.331102352378133347e-01 -9.331958237525831423e-01 -9.332413416090026281e-01
-9.317593464771996015e-01 -9.333839298702656384e-01 -9.337434985284365219e-01 -9.332217702460562370e-01 -9.331212404415657469e-01 -9.332422116086235286e-01 -9.331377631078203727e-01
-9.359110595928128440e-01 -9.324212137854858140e-01 -9.330765566624744656e-01 -9.330647314520851276e-01 -9.329011363665167256e-01 -9.331834536576389949e-01 -9.332132843123697175e-01
-9.317593464771996015e-01 -9.324212137854858140e-01 -9.330765566624744656e-01 -9.333395493415346245e-01 -9.330992300340609225e-01 -9.332329340374153626e-01 -9.331719324692795414e-01
-9.345271552209417631e-01 -9.333839298702656384e-01 -9.333433334088593325e-01 -9.331432508490706823e-01 -9.331652612565756177e-01 -9.333380798444402826e-01 -9.332882168394125433e-01
-9.345271552209417631e-01 -9.333839298702656384e-01 -9.336101101552440884e-01 -9.337321463264626198e-01 -9.333633549241198146e-01 -9.331949162754736848e-01 -9.331340172194095839e-01
-9.317593464771996015e-01 -9.324212137854858140e-01 -9.332099450356668990e-01 -9.329076926581139073e-01 -9.331432508490706823e-01 -9.332824144171918412e-01 -9.332179039937976706e-01
-9.331432508490706823e-01 -9.338652879126556616e-01 -9.325430031697049538e-01 -9.333002896430419026e-01 -9.332753132941001839e-01 -9.333164321782880801e-01 -9.332534944465162852e-01
-9.331432508490706823e-01 -9.314584977007058786e-01 -9.325430031697049538e-01 -9.335358478339986776e-01 -9.335834589991688359e-01 -9.331494358965427560e-01 -9.332028675945008844e-01
-9.345271552209417631e-01 -9.343466459550455738e-01 -9.334767217820516549e-01 -9.336536269294770651e-01 -9.332973237016050083e-01 -9.333195247020240615e-01 -9.332193607311265460e-01
-9.303754421053285206e-01 -9.333839298702656384e-01 -9.332099450356668990e-01 -9.331432508490706823e-01 -9.331982768678329654e-01 -9.332855069409278226e-01 -9.331953344384150695e-01
-9.331432508490706823e-01 -9.338652879126556616e-01 -9.325430031697049538e-01 -9.332217702460562370e-01 -9.330882248303083992e-01 -9.332762293697197675e-01 -9.331487685031958357e-01
-9.303754421053285206e-01 -9.329025718278757262e-01 -9.325430031697049538e-01 -9.329469523566067402e-01 -9.332533028865952485e-01 -9.330526601836165446e-01 -9.331808924498194990e-01
-9.345271552209417631e-01 -9.338652879126556616e-01 -9.336101101552440884e-01 -9.336928866279698980e-01 -9.334734069616442698e-01 -9.332762293697197675e-01 -9.331993953552112364e-01
-9.331432508490706823e-01 -9.329025718278757262e-01 -9.334767217820516549e-01 -9.336143672309842323e-01 -9.332312924790903130e-01 -9.331710835626949585e-01 -9.331299563026133059e-01
-9.345271552209417631e-01 -9.343466459550455738e-01 -9.333433334088593325e-01 -9.331039911505778495e-01 -9.334513965541394453e-01 -9.333566349868563927e-01 -9.332870693972742382e-01
-9.345271552209417631e-01 -9.348280039974354860e-01 -9.338768869016288443e-01 -9.335751075324915105e-01 -9.333523497203672914e-01 -9.333380798444402826e-01 -9.331861065419485568e-01
-9.331432508490706823e-01 -9.353093620398253982e-01 -9.338768869016288443e-01 -9.335358478339986776e-01 -9.333193341091099438e-01 -9.333164321782880801e-01 -9.331334228087083682e-01
-9.331432508490706823e-01 -9.343466459550455738e-01 -9.336101101552440884e-01 -9.331825105475635151e-01 -9.333633549241198146e-01 -9.332700443222476938e-01 -9.332089497464522987e-01
-9.331432508490706823e-01 -9.324212137854858140e-01 -9.326763915428972762e-01 -9.330254717535922948e-01 -9.333413445166148792e-01 -9.331525284202787374e-01 -9.331696019389336128e-01
-9.331432508490706823e-01 -9.343466459550455738e-01 -9.328097799160897097e-01 -9.331432508490706823e-01 -9.329341519777740732e-01 -9.330535676607260021e-01 -9.330966906470461453e-01
-9.345271552209417631e-01 -9.348280039974354860e-01 -9.329431682892821431e-01 -9.330254717535922948e-01 -9.329121415702691378e-01 -9.332576742273036574e-01 -9.332161678741528466e-01
