(-0.9331917641317224+0j)
-5.989423865667579117e-01 -6.946448172087393846e-01 -8.543883594197984044e-01 -9.269028296122981958e-01 -9.335284384108507583e-01 -9.355250820557250435e-01 -9.332484953011225270e-01
-6.409588746902660228e-01 -6.904670666111992761e-01 -8.510378188223395313e-01 -9.311321152687823677e-01 -9.373999275479406590e-01 -9.338481957299308300e-01 -9.338409086943857407e-01
-6.737734780110455901e-01 -6.683415490297216488e-01 -8.599882805810235009e-01 -9.373380746021953147e-01 -9.341274359171138908e-01 -9.352273398145620753e-01 -9.331076769230268741e-01
-6.051495694518856938e-01 -7.208951228803694988e-01 -8.457819839268507778e-01 -9.411407052324406441e-01 -9.327821224381571685e-01 -9.340706020088636041e-01 -9.328175712745974124e-01
-6.675662951259178080e-01 -7.130399951632182542e-01 -8.559064417879611586e-01 -9.306967858906881608e-01 -9.325379828384935399e-01 -9.334698174063960074e-01 -9.338466039311497102e-01
-6.040424459543888291e-01 -7.078434164242015658e-01 -8.546643412043937182e-01 -9.264726818513168149e-01 -9.304672300575640431e-01 -9.342464237050783771e-01 -9.320593067967426482e-01
-5.887422677914958546e-01 -6.957377193294362883e-01 -8.456661931876077176e-01 -9.340023237959907965e-01 -9.336688313685904683e-01 -9.327038362389604709e-01 -9.331908469123250116e-01
-6.459500445529335888e-01 -7.087364632782165996e-01 -8.476196309764248982e-01 -9.362209117625516219e-01 -9.324740806565433582e-01 -9.337365303835125641e-01 -9.336883933257864587e-01
-5.632419708533409342e-01 -6.751028870826419892e-01 -8.573660399935520982e-01 -9.347614810724530487e-01 -9.280609986433185910e-01 -9.353370608587487922e-01 -9.338143929387870967e-01
-6.407410956403393198e-01 -6.958629807289762326e-01 -8.533021154393698460e-01 -9.361980686628960102e-01 -9.303667844544007970e-01 -9.315732242886985981e-01 -9.330248280426972629e-01
-5.518258390556187720e-01 -6.992166486138210457e-01 -8.590512957166278607e-01 -9.268290376183739854e-01 -9.381294700162909894e-01 -9.313694267650459713e-01 -9.339383347625688225e-01
-6.144603437795774781e-01 -6.938221419274995805e-01 -8.484076075223931923e-01 -9.295708691356824316e-01 -9.331057546182202067e-01 -9.313986232226190154e-01 -9.328068328200302961e-01
-5.734420896286029912e-01 -6.989680531341181391e-01 -8.727658093973866826e-01 -9.361176957254466746e-01 -9.353265881130378157e-01 -9.329268761752237404e-01 -9.346365467584430986e-01
-6.243337939799494807e-01 -6.841029918843437585e-01 -8.515157539493876104e-01 -9.351761650599403897e-01 -9.285620640970975170e-01 -9.334499864908939459e-01 -9.337518261313014767e-01
-5.570347879682131520e-01 -7.164682569152048819e-01 -8.532090774410162615e-01 -9.302720220097996373e-01 -9.362661457467149617e-01 -9.322981767031732758e-01 -9.338973667606693674e-01
-5.887422677914958546e-01 -7.284993601428283450e-01 -8.436731837363518061e-01 -9.412974183469267064e-01 -9.354309669777652880e-01 -9.337771920726253283e-01 -9.330505473654734372e-01
-6.040424459543888291e-01 -7.220105439043544848e-01 -8.582062535332547482e-01 -9.232912063690147386e-01 -9.324854909165083416e-01 -9.333859480735522407e-01 -9.338145757498300670e-01
-5.848582214263251533e-01 -7.106759670148968810e-01 -8.515348975304481982e-01 -9.304300425802468633e-01 -9.326119574214750685e-01 -9.341511266359733279e-01 -9.330435245487543883e-01
-6.306498663900406143e-01 -7.104780390675922153e-01 -8.588535427915389153e-01 -9.367930792001681883e-01 -9.328959490030864776e-01 -9.319966162049797553e-01 -9.338545746124220504e-01
-6.345339127552114267e-01 -6.889777887079714391e-01 -8.454535242092545699e-01 -9.363272097933054150e-01 -9.374248390537641695e-01 -9.328385084390746762e-01 -9.329279281894430342e-01
-5.848582214263251533e-01 -6.705296482461048369e-01 -8.619560333072309177e-01 -9.243479694117574530e-01 -9.328932458260076332e-01 -9.339209018091545467e-01 -9.333355866811163803e-01
-5.926263141566666670e-01 -6.922799015168841219e-01 -8.615287555134683029e-01 -9.373791911674224098e-01 -9.327932534955899468e-01 -9.342330335011610476e-01 -9.333393851706049960e-01
-5.989423865667579117e-01 -6.712478059440250000e-01 -8.460342615364141450e-01 -9.275572158313345472e-01 -9.308282166294954418e-01 -9.347824845201004873e-01 -9.325474083868070529e-01
-5.960565741741206125e-01 -6.855917498996499937e-01 -8.472087148715259364e-01 -9.331299871966849402e-01 -9.303210447797192195e-01 -9.336149215817373115e-01 -9.332336346753181688e-01
-6.142425647296508862e-01 -6.857170112991900490e-01 -8.567600188309116849e-01 -9.351742739145900707e-01 -9.333177515661027490e-01 -9.324487350564095722e-01 -9.340681855948620438e-01
-5.978352630692610470e-01 -7.059053201189766646e-01 -8.560064620958756088e-01 -9.272600010163785100e-01 -9.353189767976292091e-01 -9.352437998925942075e-01 -9.334696567596182382e-01
-5.762190124962768278e-01 -7.088842435810447373e-01 -8.532111241924896783e-01 -9.365351968878363742e-01 -9.304842881565229540e-01 -9.334457020018490647e-01 -9.332275484619536599e-01
-6.407410956403393198e-01 -6.972264773447425235e-01 -8.497062795419084713e-01 -9.273254547834766104e-01 -9.359342900600581272e-01 -9.323731333884531791e-01 -9.321586984773191364e-01
-6.664591716284209433e-01 -7.081131233757369525e-01 -8.584627315601820463e-01 -9.450884140634496777e-01 -9.325781625248360518e-01 -9.336203674963375887e-01 -9.333313912582605898e-01
-5.762190124962768278e-01 -6.879051105155732371e-01 -8.466587980538087255e-01 -9.415658443246046616e-01 -9.318280802432303833e-01 -9.328943785528776012e-01 -9.331474972225347608e-01
-6.379641727726653722e-01 -7.000609552548150427e-01 -8.375463147917180384e-01 -9.376782490443199558e-01 -9.341799424786342287e-01 -9.333423341357778291e-01 -9.329240578906624615e-01
-6.306498663900406143e-01 -6.728936763944262101e-01 -8.575616121423180749e-01 -9.239091938679919735e-01 -9.355071454031400613e-01 -9.318305958738462014e-01 -9.331240859768242801e-01
-6.140247856797241832e-01 -7.119456856110659704e-01 -8.509156468894094605e-01 -9.339759830141501906e-01 -9.362802005177929265e-01 -9.348426782239861454e-01 -9.333931636015888600e-01
-5.507187155581219073e-01 -7.068222933077353831e-01 -8.430629621563473508e-01 -9.382775975146886438e-01 -9.342151004557023297e-01 -9.340683146309013418e-01 -9.325939117832562353e-01
-5.786510385411972601e-01 -7.046350816348860846e-01 -8.540990141319553253e-01 -9.370454980689004731e-01 -9.343391334286390570e-01 -9.311851288555096362e-01 -9.323411168080210087e-01
-6.243337939799494807e-01 -7.414263250873778244e-01 -8.533476110628098743e-01 -9.338294807497626859e-01 -9.329303136955763298e-01 -9.340084106965320654e-01 -9.323779474660326416e-01
-5.898493912889927193e-01 -7.019990515600398329e-01 -8.534581060673580577e-01 -9.398648853487557853e-01 -9.348325592989716881e-01 -9.368426166000575206e-01 -9.325101376465022573e-01
-6.051495694518856938e-01 -7.140090433158307048e-01 -8.615695565180874205e-01 -9.380252424694142110e-01 -9.336208227824338568e-01 -9.343078416723082924e-01 -9.341412298467093311e-01
-5.887422677914958546e-01 -7.124161353728171164e-01 -8.557458905660014770e-01 -9.297328804749439568e-01 -9.353795306656395026e-01 -9.342632453743116017e-01 -9.344007742726025967e-01
-6.001583995892180168e-01 -7.038630738860445213e-01 -8.485893490768869896e-01 -9.264387299190038894e-01 -9.357639436533953248e-01 -9.327830765355973330e-01 -9.328215255284595386e-01
-5.807563960112276380e-01 -7.303642700123668119e-01 -8.537647743365462949e-01 -9.324199918465361225e-01 -9.303672221709596846e-01 -9.332601167756601201e-01 -9.345089147442149358e-01
-6.142425647296508862e-01 -6.968531403534212743e-01 -8.546331605183439262e-01 -9.293071967796370236e-01 -9.318263986114768693e-01 -9.329914831034341605e-01 -9.326656446493688524e-01
-5.734420896286029912e-01 -7.096351398580537095e-01 -8.526437503685778685e-01 -9.420332234504086300e-01 -9.354396247499627837e-01 -9.327207529869545599e-01 -9.335559076851182025e-01
-5.723349661311061265e-01 -7.340205356601452458e-01 -8.632040307413673119e-01 -9.354176307899241261e-01 -9.354657556639305316e-01 -9.332686221497430434e-01 -9.325665670405747232e-01
-6.511589934655279688e-01 -6.880298520271915796e-01 -8.718325578593304481e-01 -9.317226555252464681e-01 -9.328813555485307996e-01 -9.352842453206270390e-01 -9.325780381518071760e-01
-6.550430398306987811e-01 -6.825091963977962806e-01 -8.605827415880382691e-01 -9.283881916108349674e-01 -9.296228092832374834e-01 -9.344695981153022801e-01 -9.337228767385357120e-01
-6.345339127552114267e-01 -7.277296473689760514e-01 -8.460532710926251809e-01 -9.265023316269977993e-01 -9.336989980343124440e-01 -9.319496035476945162e-01 -9.329275834951838986e-01
-5.807563960112276380e-01 -6.546448713113198759e-01 -8.691800880199516133e-01 -9.388656163673421151e-01 -9.357302158613476362e-01 -9.320070786555356701e-01 -9.324297821787553842e-01
-6.498340909181044012e-01 -6.975004065906444950e-01 -8.605716657755305699e-01 -9.369333819474398029e-01 -9.340410752807503103e-01 -9.329586728043431920e-01 -9.329572206698166781e-01
-6.131354412321540215e-01 -7.003109581659734406e-01 -8.563824641883853728e-01 -9.396108133741178925e-01 -9.341026700112593506e-01 -9.319187530471001457e-01 -9.334752991780833620e-01
