(-0.9331917641317224+0j)
-9.349884566782321604e-01 -9.342503743465675470e-01 -9.336246088914605945e-01 -9.328932552206036233e-01 -9.335487905917435603e-01 -9.332422026539353155e-01 -9.328726297226546116e-01
-9.386788683365550057e-01 -9.342503743465675470e-01 -9.326618928066807701e-01 -9.325361186085079357e-01 -9.324968834883528013e-01 -9.333104660844311340e-01 -9.332872278185756487e-01
-9.349884566782321604e-01 -9.335122920149029335e-01 -9.336246088914605945e-01 -9.326789732533462551e-01 -9.331026968748034056e-01 -9.329494760934154973e-01 -9.332549049334309954e-01
-9.349884566782321604e-01 -9.342503743465675470e-01 -9.314584977007058786e-01 -9.333218191551185816e-01 -9.335285136046098664e-01 -9.330460475356008310e-01 -9.335137883078180598e-01
-9.312980450199092042e-01 -9.342503743465675470e-01 -9.333839298702656384e-01 -9.340360923793100678e-01 -9.334676826432090069e-01 -9.332070434923455116e-01 -9.331254509573965183e-01
-9.331432508490706823e-01 -9.312980450199092042e-01 -9.343466459550455738e-01 -9.331075371878611024e-01 -9.329607579648678817e-01 -9.331173937844493560e-01 -9.334137944831609746e-01
-9.368336625073935275e-01 -9.342503743465675470e-01 -9.338652879126556616e-01 -9.327504005757653038e-01 -9.326590993854220191e-01 -9.332101262112961759e-01 -9.331363444067889423e-01
-9.386788683365550057e-01 -9.342503743465675470e-01 -9.321805347642908579e-01 -9.330361098654419427e-01 -9.329202039906006050e-01 -9.334518845938787335e-01 -9.330434745020929066e-01
-9.312980450199092042e-01 -9.349884566782321604e-01 -9.341059669338506177e-01 -9.338218104120526997e-01 -9.330215889262688522e-01 -9.334469929454226600e-01 -9.332760367922717792e-01
-9.331432508490706823e-01 -9.327742096832384311e-01 -9.341059669338506177e-01 -9.329646825430227830e-01 -9.328415922696247087e-01 -9.332109675538412530e-01 -9.332169526537478221e-01
-9.386788683365550057e-01 -9.320361273515738176e-01 -9.343466459550455738e-01 -9.328932552206036233e-01 -9.335082366174762836e-01 -9.334349876930787548e-01 -9.335152563759184785e-01
-9.294528391907478371e-01 -9.349884566782321604e-01 -9.326618928066807701e-01 -9.333932464775377413e-01 -9.328213152824911258e-01 -9.328822153024108887e-01 -9.332005407309419409e-01
-9.349884566782321604e-01 -9.305599626882447017e-01 -9.329025718278757262e-01 -9.331789645102802622e-01 -9.331432508490706823e-01 -9.331017460650480322e-01 -9.332009470187263567e-01
-9.349884566782321604e-01 -9.124315213441710481e-01 -9.333839298702656384e-01 -9.335361011223760608e-01 -9.332446357847389296e-01 -9.331173334457406598e-01 -9.333198143265826197e-01
-9.312980450199092042e-01 -9.357265390098966629e-01 -9.326618928066807701e-01 -9.339646650568909081e-01 -9.333054667461397891e-01 -9.330255685064520188e-01 -9.333142356138625084e-01
-9.368336625073935275e-01 -9.349884566782321604e-01 -9.324212137854858140e-01 -9.338218104120526997e-01 -9.334879596303425897e-01 -9.333309451135798351e-01 -9.332899870552823218e-01
-9.331432508490706823e-01 -9.320361273515738176e-01 -9.324212137854858140e-01 -9.338932377344717484e-01 -9.330621429005361289e-01 -9.330960131734489238e-01 -9.332210197600906421e-01
-9.312980450199092042e-01 -9.349884566782321604e-01 -9.338652879126556616e-01 -9.336075284447952205e-01 -9.324157755398182479e-01 -9.332109675538412530e-01 -9.332386792138239739e-01
-9.349884566782321604e-01 -9.357265390098966629e-01 -9.353093620398253982e-01 -9.337503830896335399e-01 -9.328010382953575430e-01 -9.329114146502719418e-01 -9.331780666684910130e-01
-9.368336625073935275e-01 -9.327742096832384311e-01 -9.324212137854858140e-01 -9.326789732533462551e-01 -9.336096215531444198e-01 -9.329478285602582632e-01 -9.330784307594540694e-01
-9.312980450199092042e-01 -9.305599626882447017e-01 -9.350686830186304421e-01 -9.336075284447952205e-01 -9.331838048233379590e-01 -9.331162456606900690e-01 -9.333303239550223562e-01
-9.331432508490706823e-01 -9.342503743465675470e-01 -9.333839298702656384e-01 -9.326789732533462551e-01 -9.333054667461397891e-01 -9.333875508912786723e-01 -9.333104660844311340e-01
-9.331432508490706823e-01 -9.349884566782321604e-01 -9.333839298702656384e-01 -9.329646825430227830e-01 -9.329404809777342988e-01 -9.328224256487198662e-01 -9.331149637957885101e-01
-9.294528391907478371e-01 -9.342503743465675470e-01 -9.329025718278757262e-01 -9.334646737999569011e-01 -9.332649127718725124e-01 -9.333931883916382066e-01 -9.333265804303255697e-01
-9.312980450199092042e-01 -9.320361273515738176e-01 -9.333839298702656384e-01 -9.333932464775377413e-01 -9.335285136046098664e-01 -9.332695683648423168e-01 -9.331206196476491410e-01
-9.349884566782321604e-01 -9.335122920149029335e-01 -9.345873249762405299e-01 -9.323932639636696162e-01 -9.330621429005361289e-01 -9.331183010327009919e-01 -9.332688041614377594e-01
-9.331432508490706823e-01 -9.357265390098966629e-01 -9.312178186795109225e-01 -9.323218366412504565e-01 -9.334879596303425897e-01 -9.333738982051794641e-01 -9.332434938225415699e-01
-9.349884566782321604e-01 -9.349884566782321604e-01 -9.324212137854858140e-01 -9.335361011223760608e-01 -9.330621429005361289e-01 -9.333397664899315549e-01 -9.330160919907540817e-01
-9.312980450199092042e-01 -9.327742096832384311e-01 -9.336246088914605945e-01 -9.338932377344717484e-01 -9.332243587976052357e-01 -9.330940784788553932e-01 -9.330114751985943977e-01
-9.331432508490706823e-01 -9.327742096832384311e-01 -9.331432508490706823e-01 -9.325361186085079357e-01 -9.331229738619370995e-01 -9.335767538020733891e-01 -9.332772676221694486e-01
-9.312980450199092042e-01 -9.327742096832384311e-01 -9.326618928066807701e-01 -9.331789645102802622e-01 -9.334271286689417302e-01 -9.333855558579764455e-01 -9.333036397413815299e-01
-9.349884566782321604e-01 -9.327742096832384311e-01 -9.338652879126556616e-01 -9.329646825430227830e-01 -9.326388223982883252e-01 -9.331640904007458825e-01 -9.328350836313537009e-01
-9.294528391907478371e-01 -9.335122920149029335e-01 -9.333839298702656384e-01 -9.336789557672143802e-01 -9.331635278362043762e-01 -9.328880992452759369e-01 -9.333631421342342138e-01
-9.349884566782321604e-01 -9.342503743465675470e-01 -9.338652879126556616e-01 -9.331789645102802622e-01 -9.332040818104716529e-01 -9.331554552275929115e-01 -9.331663486769853355e-01
-9.312980450199092042e-01 -9.342503743465675470e-01 -9.341059669338506177e-01 -9.334646737999569011e-01 -9.336298985402781137e-01 -9.329757890718027857e-01 -9.332885189871819032e-01
-9.331432508490706823e-01 -9.327742096832384311e-01 -9.341059669338506177e-01 -9.331075371878611024e-01 -9.326185454111546314e-01 -9.330647177346461651e-01 -9.330961505518959864e-01
-9.331432508490706823e-01 -9.327742096832384311e-01 -9.307364606371210103e-01 -9.338932377344717484e-01 -9.337718374502136376e-01 -9.330812670358992200e-01 -9.330455297747017873e-01
-9.349884566782321604e-01 -9.312980450199092042e-01 -9.338652879126556616e-01 -9.328932552206036233e-01 -9.333257437332734829e-01 -9.329965146428590428e-01 -9.330604300911303772e-01
-9.368336625073935275e-01 -9.327742096832384311e-01 -9.319398557430957908e-01 -9.321789819964121371e-01 -9.336501755274116965e-01 -9.330900884122510508e-01 -9.332129625871434797e-01
-9.331432508490706823e-01 -9.298218803565800883e-01 -9.333839298702656384e-01 -9.328932552206036233e-01 -9.333460207204070658e-01 -9.330511253872556532e-01 -9.332093017685849645e-01
-9.349884566782321604e-01 -9.327742096832384311e-01 -9.331432508490706823e-01 -9.335361011223760608e-01 -9.332649127718725124e-01 -9.333104660844311340e-01 -9.331418627808003574e-01
-9.349884566782321604e-01 -9.342503743465675470e-01 -9.338652879126556616e-01 -9.328218278981844636e-01 -9.335690675788771431e-01 -9.335904064881724862e-01 -9.331985456976397142e-01
-9.312980450199092042e-01 -9.327742096832384311e-01 -9.336246088914605945e-01 -9.331075371878611024e-01 -9.331635278362043762e-01 -9.330061772623539085e-01 -9.333965096460775657e-01
-9.312980450199092042e-01 -9.342503743465675470e-01 -9.338652879126556616e-01 -9.327504005757653038e-01 -9.332446357847389296e-01 -9.332920424272931337e-01 -9.328915803449941979e-01
-9.331432508490706823e-01 -9.327742096832384311e-01 -9.324212137854858140e-01 -9.341075197017292275e-01 -9.332040818104716529e-01 -9.332968737370406220e-01 -9.334960081766673357e-01
-9.312980450199092042e-01 -9.305599626882447017e-01 -9.341059669338506177e-01 -9.331789645102802622e-01 -9.337312834759463609e-01 -9.330322937918621440e-01 -9.331363444067889423e-01
-9.312980450199092042e-01 -9.342503743465675470e-01 -9.348280039974354860e-01 -9.326789732533462551e-01 -9.330824198876698228e-01 -9.332924406796497818e-01 -9.333772614468264228e-01
-9.312980450199092042e-01 -9.320361273515738176e-01 -9.348280039974354860e-01 -9.315892819249915746e-01 -9.332446357847389296e-01 -9.329026339928508937e-01 -9.329777841051050125e-01
-9.331432508490706823e-01 -9.327742096832384311e-01 -9.319398557430957908e-01 -9.332503918326994219e-01 -9.330418659134024351e-01 -9.330174929820037599e-01 -9.332025357642440566e-01
-9.331432508490706823e-01 -9.327742096832384311e-01 -9.331432508490706823e-01 -9.338932377344717484e-01 -9.330013119391351584e-01 -9.332715633981444325e-01 -9.331751700533370553e-01
