(-0.9331917641317224+0j)
-8.560391830090181564e-01 -9.334345991378856233e-01 -9.325281822393501896e-01 -9.326637879170838197e-01 -9.333587643218871355e-01 -9.332113815258397116e-01 -9.331159913391080529e-01
-9.386788683365550057e-01 -9.349884566782321604e-01 -9.342855211242658831e-01 -9.334345991378856233e-01 -9.335752017934721980e-01 -9.334674245020615491e-01 -9.332860365607148490e-01
-8.555778815517277591e-01 -9.329025718278757262e-01 -9.334507851539309842e-01 -9.332700207151962690e-01 -9.334086148980805797e-01 -9.332345067516637505e-01 -9.331969477415911207e-01
-9.349884566782321604e-01 -9.325896891003222500e-01 -9.330674204725297738e-01 -9.329992013233741055e-01 -9.332654499106045609e-01 -9.331808848369337328e-01 -9.331500170292479357e-01
-8.534031746816446162e-01 -9.316335369888476547e-01 -9.320361273515738176e-01 -9.323462942458141667e-01 -9.328639307006196812e-01 -9.332542804261835245e-01 -9.331622849690870414e-01
-7.719233330181520802e-01 -9.338352030350062227e-01 -9.333987408869546254e-01 -9.331200892696251969e-01 -9.332851897590062062e-01 -9.331328909910154845e-01 -9.332317351616231660e-01
-9.320361273515738176e-01 -9.344612550127574524e-01 -9.325754952093286976e-01 -9.332976306196379968e-01 -9.330502673526404056e-01 -9.332232754890531501e-01 -9.331879870409934830e-01
-8.549847796780687403e-01 -9.336968125978191146e-01 -9.326687693501434229e-01 -9.328226552416873929e-01 -9.331935746444114388e-01 -9.329551749472465572e-01 -9.330762912950072430e-01
-9.331432508490706823e-01 -9.347248558454948064e-01 -9.324864826725894895e-01 -9.333917887770801780e-01 -9.332125247880495023e-01 -9.331131947975577212e-01 -9.331647839179977311e-01
-9.303754421053285206e-01 -9.320361273515738176e-01 -9.324789767505725635e-01 -9.329646825430227830e-01 -9.331946254893257464e-01 -9.333103571920357000e-01 -9.332369761034864375e-01
-8.530868536823598136e-01 -9.326400128956630065e-01 -9.330796230618582099e-01 -9.331432508490706823e-01 -9.334131346919057881e-01 -9.333653642723632737e-01 -9.333181935627464787e-01
-7.785660740031332683e-01 -9.348039360953159793e-01 -9.338449488404420018e-01 -9.336504986666489536e-01 -9.336309704514922370e-01 -9.334866256180311961e-01 -9.332781824901864587e-01
-8.514261684361145166e-01 -9.341201245233325956e-01 -9.333482737189775502e-01 -9.334879596303425897e-01 -9.332267623197870732e-01 -9.331025399036502188e-01 -9.331870255890755139e-01
-8.560391830090181564e-01 -9.317593464771996015e-01 -9.329702628025867694e-01 -9.334393949944916891e-01 -9.332871143543951531e-01 -9.332685855846364342e-01 -9.331083854018848989e-01
-8.575153476723472723e-01 -9.347713736395072415e-01 -9.331432508490706823e-01 -9.336968125978191146e-01 -9.334811631263311149e-01 -9.333002284718070474e-01 -9.332674940611341841e-01
-8.578843888381795235e-01 -9.341201245233325956e-01 -9.333060631281143715e-01 -9.333765527355163405e-01 -9.332106836202360700e-01 -9.332917549259782675e-01 -9.332448935430499581e-01
-9.312980450199092042e-01 -9.323524483508586203e-01 -9.333707419786932968e-01 -9.329755048646014570e-01 -9.333568634312778833e-01 -9.334478544550527390e-01 -9.331663319531245948e-01
-9.320361273515738176e-01 -9.328519025602557413e-01 -9.322856199707280078e-01 -9.326439598600034797e-01 -9.328183474970921374e-01 -9.330449854498845674e-01 -9.332819433168932921e-01
-9.312980450199092042e-01 -9.342503743465675470e-01 -9.343733880685116677e-01 -9.337634237626062372e-01 -9.332890918596229435e-01 -9.333174787600199140e-01 -9.331813362945019508e-01
-9.303754421053285206e-01 -9.328519025602557413e-01 -9.343733880685116677e-01 -9.337879613195005923e-01 -9.334960422300807581e-01 -9.330929799353833154e-01 -9.331127603500386503e-01
-8.508726066873660843e-01 -9.318252466853839122e-01 -9.326944169987341215e-01 -9.336877378150527651e-01 -9.331748829489991959e-01 -9.334003981774283698e-01 -9.331891595056670541e-01
-8.553011006773535430e-01 -9.324212137854858140e-01 -9.329804385700269931e-01 -9.333257437332734829e-01 -9.328766270710038278e-01 -9.331118381394948313e-01 -9.331604171277074755e-01
-8.534031746816446162e-01 -9.326400128956630065e-01 -9.327640989663662507e-01 -9.328967253739195442e-01 -9.334424734159617598e-01 -9.334674627192703911e-01 -9.332869145613141848e-01
-8.530868536823598136e-01 -9.342503743465675470e-01 -9.335443825510623128e-01 -9.337014643772203470e-01 -9.332114387464529592e-01 -9.332660307046232173e-01 -9.331243808124085604e-01
-7.770899093398041524e-01 -9.333482737189775502e-01 -9.323915003260789813e-01 -9.331641399716650298e-01 -9.331054220279717537e-01 -9.331998812069989269e-01 -9.330882043125666714e-01
-7.770899093398041524e-01 -9.328796500163333283e-01 -9.323744150869200942e-01 -9.325810396979981043e-01 -9.332128414689133677e-01 -9.331503797833752278e-01 -9.330661838680371911e-01
-7.780125122543848359e-01 -9.325896891003222500e-01 -9.327174341192642215e-01 -9.334390472033637920e-01 -9.332495847443105230e-01 -9.331290421268269020e-01 -9.332073379622295439e-01
-8.575153476723472723e-01 -9.331432508490706823e-01 -9.335443825510623128e-01 -9.335181731490198587e-01 -9.334438273642282624e-01 -9.334086690488779814e-01 -9.332887707865504812e-01
-8.502399646887964790e-01 -9.318252466853839122e-01 -9.330630245086724006e-01 -9.329617551937433584e-01 -9.332855069409278226e-01 -9.332381866026757677e-01 -9.331645195297043616e-01
-8.530868536823598136e-01 -9.327742096832384311e-01 -9.325106088505010771e-01 -9.332104850695664977e-01 -9.331681860629782443e-01 -9.332016289491248395e-01 -9.332383712912825091e-01
-7.770899093398041524e-01 -9.333839298702656384e-01 -9.332190812256115908e-01 -9.332492971610915067e-01 -9.334467386499196717e-01 -9.332937034330791581e-01 -9.331508649328050797e-01
-9.331432508490706823e-01 -9.337583194587911750e-01 -9.334271286689417302e-01 -9.334483636239714333e-01 -9.332800061683104165e-01 -9.331820322082580166e-01 -9.331310096352850580e-01
-9.386788683365550057e-01 -9.354226227556818873e-01 -9.337048352318589872e-01 -9.333095569538448766e-01 -9.333922578640786449e-01 -9.332427557991768152e-01 -9.332060348547741579e-01
-9.320361273515738176e-01 -9.339340533472827444e-01 -9.344686803883275328e-01 -9.335206793141264114e-01 -9.334005822565969446e-01 -9.333214776154831194e-01 -9.332215083425998703e-01
-8.534031746816446162e-01 -9.339340533472827444e-01 -9.343825681970149288e-01 -9.338596248768628039e-01 -9.334027329187964961e-01 -9.333991132438701488e-01 -9.332273435191267286e-01
-9.320361273515738176e-01 -9.328519025602557413e-01 -9.324607774602027277e-01 -9.332544078267309695e-01 -9.326765359590162285e-01 -9.331000003300665702e-01 -9.331574156111361873e-01
-9.303754421053285206e-01 -9.306829764101888225e-01 -9.319039335011264358e-01 -9.329330375267611553e-01 -9.330056792902101659e-01 -9.332040436360371505e-01 -9.332307167152703586e-01
-9.331432508490706823e-01 -9.325281822393501896e-01 -9.320057952009574986e-01 -9.326481956266127193e-01 -9.326273815790004917e-01 -9.332375561048209534e-01 -9.331975130604330815e-01
-9.359110595928128440e-01 -9.336464888024783582e-01 -9.336599084812359228e-01 -9.331231213309343353e-01 -9.331133931495696476e-01 -9.332622423239756992e-01 -9.332718968329977161e-01
-8.578843888381795235e-01 -9.356035252879526531e-01 -9.341201245233325956e-01 -9.339340533472827444e-01 -9.334999906427086103e-01 -9.331650799384872963e-01 -9.332282863458998268e-01
-8.523487713506952002e-01 -9.327742096832384311e-01 -9.336789557672143802e-01 -9.333499751535825339e-01 -9.332427675679467738e-01 -9.331536561450998191e-01 -9.331502723216252848e-01
-7.793964166262559168e-01 -9.351826888707754915e-01 -9.339573122442890174e-01 -9.337248137757714339e-01 -9.331620581565026606e-01 -9.332002123012337336e-01 -9.332364135012963802e-01
-9.349884566782321604e-01 -9.331432508490706823e-01 -9.341861932742488994e-01 -9.336027289804429419e-01 -9.326830252691582501e-01 -9.331891708160588994e-01 -9.332788419339299590e-01
-8.508726066873660843e-01 -9.322692059826258593e-01 -9.333771501795278258e-01 -9.336988704481862245e-01 -9.333818550511174816e-01 -9.331325386976339065e-01 -9.331291874972205136e-01
-9.342503743465675470e-01 -9.325896891003222500e-01 -9.332258720056003654e-01 -9.330502152610457012e-01 -9.332966628810563936e-01 -9.333019040605500249e-01 -9.331288829795499895e-01
-9.331432508490706823e-01 -9.321367749422553306e-01 -9.330652844055850048e-01 -9.332083757606881580e-01 -9.332299383712460150e-01 -9.331294377049971223e-01 -9.331686884691969830e-01
-9.349884566782321604e-01 -9.336968125978191146e-01 -9.328519025602557413e-01 -9.328077588801322317e-01 -9.329721721629232745e-01 -9.332188970036218167e-01 -9.332050473812875113e-01
-8.569617859235988400e-01 -9.342503743465675470e-01 -9.333839298702656384e-01 -9.335725436338143668e-01 -9.334703274676177109e-01 -9.330944111352807990e-01 -9.331613073706026551e-01
-7.744539010124307232e-01 -9.336968125978191146e-01 -9.327614841257959588e-01 -9.330517530393601655e-01 -9.328183604792125161e-01 -9.330638445650701884e-01 -9.330556216870103947e-01
-8.528100728079855974e-01 -9.334068516818080363e-01 -9.331432508490706823e-01 -9.328732207277300459e-01 -9.332159285403724969e-01 -9.332640405074634771e-01 -9.332023124914843315e-01
