(-0.9331713618436485+0j)
-6.785334440268204759e-01 -7.683284489013930685e-01 -9.280383424005841375e-01 -9.324011805212817361e-01 -9.329359789543278936e-01 -9.333351421033074802e-01 -9.334508931213867378e-01
-6.923635092063600283e-01 -8.584255249371468555e-01 -9.363191016999561356e-01 -9.319274698543473789e-01 -9.314239278970939395e-01 -9.317796445946953110e-01 -9.325735287015727293e-01
-6.876431288123584507e-01 -8.449173723332618069e-01 -9.319161842182748234e-01 -9.330523058721253982e-01 -9.345548749397396548e-01 -9.331325614577918870e-01 -9.336365006260880506e-01
-6.212706187071275199e-01 -7.684888165729926168e-01 -9.369237311284336345e-01 -9.356150339926447845e-01 -9.353817341928248874e-01 -9.335760026125434763e-01 -9.336249113797333576e-01
-6.277519654682642836e-01 -7.865272275839652050e-01 -9.424096725046526846e-01 -9.363685759539022158e-01 -9.349552798122739983e-01 -9.342374708540276407e-01 -9.332976530207304222e-01
-6.757666256272619743e-01 -7.628324595893374305e-01 -9.276922575920343306e-01 -9.322046295979357078e-01 -9.334475645928463905e-01 -9.329740419145823305e-01 -9.335624439803612562e-01
-6.724116261124487570e-01 -8.539259588459737760e-01 -9.370281024649250723e-01 -9.348128189344111494e-01 -9.345673705747630233e-01 -9.335537006481025024e-01 -9.331610185939662738e-01
-7.062182710611546455e-01 -8.623836520383179050e-01 -9.337948606180674904e-01 -9.329333610571225455e-01 -9.320581665484373168e-01 -9.324873200554432140e-01 -9.324728714335561719e-01
-6.259964920053191495e-01 -6.911469963226204438e-01 -9.322673585677125896e-01 -9.308025132835968662e-01 -9.327944816624185176e-01 -9.330508427585764153e-01 -9.330670346789451397e-01
-7.725801247115106074e-01 -9.370865301204298614e-01 -9.321704037021372180e-01 -9.320888135983169676e-01 -9.332745576782326413e-01 -9.328673719004071385e-01 -9.330498626748657820e-01
-8.511961768539930695e-01 -9.269332888698380568e-01 -9.412387814911584716e-01 -9.334354767694487132e-01 -9.337808036580275139e-01 -9.331902696396786601e-01 -9.326202048617155960e-01
-7.968300744389065216e-01 -8.585602173058892728e-01 -9.352020351101146822e-01 -9.333581183628905098e-01 -9.337218495120096495e-01 -9.336783432825734863e-01 -9.332319555136210365e-01
-6.610628546563039887e-01 -8.461909169109580464e-01 -9.306073133540244680e-01 -9.318766987393864998e-01 -9.316413920151896955e-01 -9.334600155200694083e-01 -9.331548879633545512e-01
-7.025139303810528091e-01 -6.930130685332448470e-01 -9.330830730036012710e-01 -9.325775167937091492e-01 -9.325556887898985847e-01 -9.330166350637707495e-01 -9.328516617020216062e-01
-7.752601374876147977e-01 -8.531911114640464699e-01 -9.403307806501000066e-01 -9.351785251592890091e-01 -9.326408721431784787e-01 -9.328909692836838685e-01 -9.329429943536879932e-01
-7.051052597736221506e-01 -7.603029478669334207e-01 -9.327745564885217000e-01 -9.296530538098188856e-01 -9.320113544950252571e-01 -9.338630955067719341e-01 -9.333681179649250259e-01
-6.931061674812739604e-01 -9.445702307890165850e-01 -9.379564301107459201e-01 -9.349917262411696628e-01 -9.326050899738670408e-01 -9.334188008597750219e-01 -9.331519029522896691e-01
-7.052614444742071331e-01 -7.749725544902935637e-01 -9.311303440582003876e-01 -9.312596294559225552e-01 -9.330810826503286304e-01 -9.328794070428945151e-01 -9.328792942664136945e-01
-6.062051863707008659e-01 -8.482311265486288665e-01 -9.325703361197428265e-01 -9.320539180989079187e-01 -9.328503161795353993e-01 -9.326433434258205590e-01 -9.327576256033853763e-01
-6.019605073004486995e-01 -7.684521746843255841e-01 -9.372050432946221754e-01 -9.344072104237630683e-01 -9.345708088439571570e-01 -9.335366155146198608e-01 -9.334378236651226235e-01
-7.032162999424453886e-01 -8.551332337222165014e-01 -9.326204062728338240e-01 -9.313178632439561566e-01 -9.334047613672804555e-01 -9.332348803856572728e-01 -9.332167630571696071e-01
-6.540916309125642814e-01 -8.489594338756640823e-01 -9.360064295259680200e-01 -9.346416539509625476e-01 -9.335658326347680003e-01 -9.330274941479945738e-01 -9.329993440752670786e-01
-6.706057067730042398e-01 -7.766278280141685197e-01 -9.337379170229274106e-01 -9.310386362261958704e-01 -9.330229443466167005e-01 -9.330697842199582315e-01 -9.330020966800791626e-01
-7.817073033242974978e-01 -9.287273565628619831e-01 -9.329925149147465513e-01 -9.304793055591999984e-01 -9.333097514500687808e-01 -9.321793381240230936e-01 -9.330565419224273738e-01
-7.600793573381856572e-01 -8.518588841797629652e-01 -9.298122717751093891e-01 -9.309900311209455825e-01 -9.330929339292769464e-01 -9.323561541889702209e-01 -9.326799064411985807e-01
-6.909602556468849022e-01 -8.537150676149798390e-01 -9.287200562600488318e-01 -9.317286892823697375e-01 -9.323636293334196523e-01 -9.338234628054061792e-01 -9.335300019991974452e-01
-6.168043082370369135e-01 -7.808136679124644264e-01 -9.359116323000975513e-01 -9.328535237756596654e-01 -9.328077194372959013e-01 -9.328626394164936109e-01 -9.330359671075174610e-01
-7.473976022394804852e-01 -7.639496985252843819e-01 -9.322814523343259108e-01 -9.315816278692156116e-01 -9.325550295915980836e-01 -9.325316470634987809e-01 -9.328244914652548125e-01
-7.642903182942164531e-01 -7.716398560370553161e-01 -9.333929349306671064e-01 -9.326793122775312028e-01 -9.339617384182244963e-01 -9.331781696086038913e-01 -9.336346195322544617e-01
-7.087250524833237364e-01 -8.541805066687208070e-01 -9.360107574801894703e-01 -9.343231254633368454e-01 -9.329748611486881060e-01 -9.335909537746391873e-01 -9.331558153032690761e-01
-7.080973255063933713e-01 -7.760185390592948540e-01 -9.343611688077744226e-01 -9.324265912658872280e-01 -9.317687861125467652e-01 -9.326154426042350121e-01 -9.327797079364874566e-01
-7.590308722510796802e-01 -9.331585536843701734e-01 -9.318228252960786273e-01 -9.347064869307044610e-01 -9.333562277814773100e-01 -9.334568110682619491e-01 -9.332310091298530175e-01
-6.828044058007860517e-01 -8.570677713432002243e-01 -9.377283291699651802e-01 -9.356523309582518433e-01 -9.331638510352624483e-01 -9.332461850025628447e-01 -9.335214171135839401e-01
-6.049823509471050631e-01 -8.458909943438482903e-01 -9.302024680686677982e-01 -9.319768680205731126e-01 -9.321660822977770877e-01 -9.333883889370588882e-01 -9.329677819420583162e-01
-6.738333108884216882e-01 -8.556990478202013417e-01 -9.310834857474517001e-01 -9.330311622616958012e-01 -9.338121337328768590e-01 -9.329755984132354074e-01 -9.333427009823350717e-01
-7.232688682725969542e-01 -9.417015268701489639e-01 -9.306784176354873095e-01 -9.316305264811221010e-01 -9.330450938711813968e-01 -9.334142681814827647e-01 -9.330754714698605845e-01
-7.522222844870756209e-01 -8.397260338613743436e-01 -9.265088760652117061e-01 -9.314679438659985156e-01 -9.330856391925133053e-01 -9.332594456523388704e-01 -9.330223575012230874e-01
-7.046468134090836388e-01 -6.951976611386854188e-01 -9.349148772585369471e-01 -9.319333593845127162e-01 -9.319231072057381216e-01 -9.326629391603422636e-01 -9.327588123494816585e-01
-6.135447333625247968e-01 -9.373144400147890298e-01 -9.354239899405600855e-01 -9.326776840219104248e-01 -9.332513777703490554e-01 -9.330414986547250766e-01 -9.336691262050733631e-01
-5.997408568144437790e-01 -6.885030317313423076e-01 -9.298228663616834311e-01 -9.326621729446974429e-01 -9.337310383940234937e-01 -9.338642375015041575e-01 -9.333092506188411797e-01
-7.832906835336974627e-01 -9.300618715600128539e-01 -9.330159889966840314e-01 -9.331111174797528385e-01 -9.343197340666041795e-01 -9.335660344289644641e-01 -9.331438789632306996e-01
-7.063810695865513356e-01 -9.412815184813809744e-01 -9.368020180030722788e-01 -9.344673416940350030e-01 -9.337501095782290150e-01 -9.335516673934050047e-01 -9.334618324054940741e-01
-6.915260360107049475e-01 -7.726393376104567778e-01 -9.343777871686766989e-01 -9.324845793726559418e-01 -9.331823561148371304e-01 -9.332369410041555513e-01 -9.331633528520667520e-01
-7.710389855440828999e-01 -8.573207650354590648e-01 -9.342223051543222523e-01 -9.337364628422923918e-01 -9.330245259155791615e-01 -9.333077422321529593e-01 -9.333269573623492743e-01
-6.971341509456512320e-01 -7.874914429134960425e-01 -9.324647998603118326e-01 -9.329356769204714128e-01 -9.317992077229475534e-01 -9.326055774869138615e-01 -9.328715137819021397e-01
-6.961111869872100844e-01 -8.618261269114946277e-01 -9.340345853719909108e-01 -9.343190275625135044e-01 -9.339746458466340329e-01 -9.338502748017386557e-01 -9.336137373550008611e-01
-7.787215306308776785e-01 -9.215290714623771695e-01 -9.267776553647467663e-01 -9.309484370978016177e-01 -9.335064984221228546e-01 -9.338453839940303869e-01 -9.328026383456804460e-01
-6.935265005434810837e-01 -7.810881864697911681e-01 -9.369965849661821000e-01 -9.336473880737778952e-01 -9.323236382922619470e-01 -9.326638304717191907e-01 -9.332084566799124792e-01
-6.984364823303319536e-01 -7.780327671239931631e-01 -9.339341932001176128e-01 -9.355547109227899671e-01 -9.346905511292719071e-01 -9.343526801846638863e-01 -9.335652069683637588e-01
-7.595720955615270498e-01 -8.382830569549657440e-01 -9.276423978043056850e-01 -9.317592778066033921e-01 -9.328243669663255355e-01 -9.327113523819674512e-01 -9.327381531853226049e-01
