(-0.9331713618436485+0j)
-8.540986013281873790e-01 -9.332951383655087030e-01 -9.332764281352157187e-01 -9.329379168917617537e-01 -9.330638463818825556e-01 -9.331301003635954494e-01 -9.331477636570237877e-01
-7.725801247115106074e-01 -9.331585536843701734e-01 -9.331585536843701734e-01 -9.330913284116222339e-01 -9.332517228172116930e-01 -9.331887262372055014e-01 -9.331982450634528359e-01
-9.331585536843701734e-01 -9.331585536843701734e-01 -9.332001229351514215e-01 -9.330674972302777093e-01 -9.332537399112698084e-01 -9.331785100799065980e-01 -9.331532546188388011e-01
-8.528693391979403904e-01 -9.331585536843701734e-01 -9.331989519703407510e-01 -9.330482352880660191e-01 -9.330291813956349545e-01 -9.331648300045100042e-01 -9.332404606143407388e-01
-8.522956835371584550e-01 -9.323149424185144252e-01 -9.326668488322713557e-01 -9.331346513651709307e-01 -9.332576803593102266e-01 -9.331929368312308348e-01 -9.331481985228697873e-01
-9.341146464523399917e-01 -9.328143602879009899e-01 -9.331989519703407510e-01 -9.333575770768862689e-01 -9.332824111565845016e-01 -9.332224166088521899e-01 -9.332034754147824351e-01
-8.514352000459854963e-01 -9.330075916683748805e-01 -9.330689199873729578e-01 -9.331585536843701734e-01 -9.332069498312303146e-01 -9.331881426288334280e-01 -9.331908512060338445e-01
-9.331585536843701734e-01 -9.336647204438836001e-01 -9.332040819114163499e-01 -9.331219373655967875e-01 -9.330569346816031118e-01 -9.331447506126477887e-01 -9.331762638591325487e-01
-9.322024609164003550e-01 -9.329898314311990681e-01 -9.332541629611671441e-01 -9.333244871399681841e-01 -9.332072786838703227e-01 -9.331658707208596581e-01 -9.331982947353316682e-01
-9.331585536843701734e-01 -9.327844304273384957e-01 -9.333634307060779678e-01 -9.330111717952365158e-01 -9.331553560496946842e-01 -9.331621798263473044e-01 -9.331854691854515327e-01
-7.743010916938564137e-01 -9.336114397323558300e-01 -9.330689199873729578e-01 -9.330902613438009086e-01 -9.331917513499246031e-01 -9.331867722268714083e-01 -9.331789467046609499e-01
-9.302902753804604963e-01 -9.314375867020243671e-01 -9.327012919257758883e-01 -9.331828611276236085e-01 -9.331987631933034155e-01 -9.331632236262521474e-01 -9.331727774069122905e-01
-8.534429948587223258e-01 -9.334772512736935202e-01 -9.331585536843701734e-01 -9.333514872025703291e-01 -9.333357699640167926e-01 -9.332347508309635220e-01 -9.331922141338826471e-01
-9.348795206667159796e-01 -9.338414770900629325e-01 -9.328757656825762412e-01 -9.333158854056816667e-01 -9.331297106623196447e-01 -9.331338192499385453e-01 -9.330966832402238786e-01
-9.337322093451521088e-01 -9.338414770900629325e-01 -9.340888061072597504e-01 -9.335582318086854681e-01 -9.333396734394965311e-01 -9.332445188414000281e-01 -9.332456429824946831e-01
-7.732971942874879989e-01 -9.331585536843701734e-01 -9.330788792870392534e-01 -9.330523211545957984e-01 -9.330380925070209663e-01 -9.331143413020362987e-01 -9.330883438482773240e-01
-8.516400770676934018e-01 -9.325848980235882379e-01 -9.329044024422515902e-01 -9.332147944354272084e-01 -9.330926162520963851e-01 -9.331914593628088950e-01 -9.332120989982467529e-01
-9.302902753804604963e-01 -9.316140961361111250e-01 -9.328294069937576038e-01 -9.331031815163410847e-01 -9.332355544442065831e-01 -9.331685730750792773e-01 -9.331923932065329108e-01
-9.341146464523399917e-01 -9.337820924460895622e-01 -9.335998272695870126e-01 -9.332405044930532911e-01 -9.332607488733455359e-01 -9.331982156093771019e-01 -9.331911506274768175e-01
-8.522956835371584550e-01 -9.334453815147611966e-01 -9.330338459320262068e-01 -9.309991289632264522e-01 -9.324053759675582365e-01 -9.329825437313070680e-01 -9.330904790998650888e-01
-9.325848980235882379e-01 -9.336647204438836001e-01 -9.331144263258484006e-01 -9.331933910726767367e-01 -9.332371366516005740e-01 -9.331258564016149393e-01 -9.331649773122119296e-01
-9.331585536843701734e-01 -9.329673351307761209e-01 -9.329379168917617537e-01 -9.327684678350385283e-01 -9.329447887829664943e-01 -9.331475921112342142e-01 -9.331464294753331057e-01
-9.341146464523399917e-01 -9.330338459320262068e-01 -9.330035116138886142e-01 -9.329731516647258305e-01 -9.332908364857878114e-01 -9.331946501199469557e-01 -9.331705364515756607e-01
-8.524595851545246905e-01 -9.332951383655087030e-01 -9.330406792335246280e-01 -9.334234950538076170e-01 -9.331551911072260008e-01 -9.331364616820294611e-01 -9.331759246186883683e-01
-9.314375867020243671e-01 -9.321018195724034561e-01 -9.323845738245850612e-01 -9.330123277316217933e-01 -9.331082330123716684e-01 -9.331411590824632007e-01 -9.332185940082233788e-01
-8.514352000459854963e-01 -9.315650657377536614e-01 -9.328896525933786377e-01 -9.330990458357413253e-01 -9.331287791691046385e-01 -9.331901327157123838e-01 -9.331828719743184841e-01
-8.519132464299705720e-01 -9.334453815147611966e-01 -9.333135957548517325e-01 -9.334747418438562594e-01 -9.332703902237428073e-01 -9.332645132105344965e-01 -9.331896530403136492e-01
-9.331585536843701734e-01 -9.318547908189567242e-01 -9.327239660625656903e-01 -9.331361452601207862e-01 -9.330258800183303114e-01 -9.331495509276095390e-01 -9.331462059392052755e-01
-7.721703706680949075e-01 -9.322760065139363839e-01 -9.325350149226506735e-01 -9.329434328115768782e-01 -9.330837290329638822e-01 -9.331647486699077287e-01 -9.331919442875704629e-01
-9.337322093451521088e-01 -9.341146464523399917e-01 -9.329946520670038268e-01 -9.330689199873729578e-01 -9.331033320182700042e-01 -9.332159374675224051e-01 -9.331894447991697650e-01
-7.714328133899467366e-01 -9.331585536843701734e-01 -9.337787219662965210e-01 -9.334521569753215786e-01 -9.333601786898604313e-01 -9.332612844128461704e-01 -9.330933540704715590e-01
-9.302902753804604963e-01 -9.319292915541231848e-01 -9.329445030646754677e-01 -9.329044024422515902e-01 -9.330858553863448090e-01 -9.331923626353879619e-01 -9.331446579420319409e-01
-9.335683077277858732e-01 -9.341146464523399917e-01 -9.334772512736935202e-01 -9.332252578309727653e-01 -9.332606393645322962e-01 -9.332948821090712999e-01 -9.332369054237215078e-01
-9.331585536843701734e-01 -9.340021649502259216e-01 -9.332026810428918351e-01 -9.331585536843701734e-01 -9.332735476598992275e-01 -9.332417725906732020e-01 -9.331960390700453356e-01
-9.348795206667159796e-01 -9.339133637643464159e-01 -9.330373588264584406e-01 -9.332672005898212664e-01 -9.331901426524749077e-01 -9.331802556639710033e-01 -9.332046069419774881e-01
-9.331585536843701734e-01 -9.333272759375412786e-01 -9.328108835869265425e-01 -9.332630658492899745e-01 -9.331716508455751846e-01 -9.331720875549454064e-01 -9.332008601597922004e-01
-8.519132464299705720e-01 -9.322024609164003550e-01 -9.326477643973725140e-01 -9.333592151294995976e-01 -9.331786115746072419e-01 -9.331760488008306043e-01 -9.331976960272432287e-01
-9.345926928363249564e-01 -9.338756232603475649e-01 -9.332832614367140289e-01 -9.332732848165266049e-01 -9.331486744249997134e-01 -9.331327133392899320e-01 -9.331477338811760003e-01
-8.538254319659102087e-01 -9.320829493204040306e-01 -9.327239660625656903e-01 -9.333530132303979876e-01 -9.333268950746673731e-01 -9.332532133015770670e-01 -9.332260576838268262e-01
-9.331585536843701734e-01 -9.345926928363249564e-01 -9.340190371755430210e-01 -9.336632721841997551e-01 -9.332174909097930016e-01 -9.332519054351674503e-01 -9.331741296637646732e-01
-9.337322093451521088e-01 -9.333095157003654663e-01 -9.331157435604311434e-01 -9.334084866486112020e-01 -9.333034162249715937e-01 -9.330362582727379506e-01 -9.331576721511003480e-01
-9.314375867020243671e-01 -9.329379168917617537e-01 -9.334988578899188205e-01 -9.333497722379641148e-01 -9.332556132769178614e-01 -9.331549137372839864e-01 -9.331662256127863930e-01
-9.345926928363249564e-01 -9.344970835595279857e-01 -9.335062237818136932e-01 -9.334692838339604393e-01 -9.333244871399681841e-01 -9.331762879140396150e-01 -9.331382768176131881e-01
-9.302902753804604963e-01 -9.322024609164003550e-01 -9.332674756452781217e-01 -9.335394968966082008e-01 -9.333648118994828380e-01 -9.332732848165266049e-01 -9.331832093717963295e-01
-8.522956835371584550e-01 -9.331585536843701734e-01 -9.332797485422819062e-01 -9.330308165939126264e-01 -9.332217023376427889e-01 -9.332453016135615620e-01 -9.331053429689015744e-01
-9.302902753804604963e-01 -9.324966433065449145e-01 -9.333497722379641148e-01 -9.329305315597915538e-01 -9.330538226744511388e-01 -9.330939823294044366e-01 -9.331285862086774463e-01
-9.314375867020243671e-01 -9.334193062574528410e-01 -9.328643712942255029e-01 -9.331160606724604456e-01 -9.330997507123082180e-01 -9.329768558236501974e-01 -9.331520611463253179e-01
-8.500010608940307133e-01 -9.330075916683748805e-01 -9.329946520670038268e-01 -9.330766028756869446e-01 -9.333074710680946406e-01 -9.332189874249712247e-01 -9.331740999082396293e-01
-9.345926928363249564e-01 -9.336366000683551380e-01 -9.335683077277858732e-01 -9.335156485736119114e-01 -9.332386731900659260e-01 -9.331855339214163436e-01 -9.332058130227108839e-01
-8.538254319659102087e-01 -9.328717258539791501e-01 -9.333605451142229503e-01 -9.332126721429345739e-01 -9.332790148617193804e-01 -9.331666740067152688e-01 -9.331235018393213565e-01
