(-0.9331713618436485+0j)
-9.341146464523399917e-01 -9.323762959651220594e-01 -9.339133637643464159e-01 -9.331794900223548961e-01 -9.331585536843701734e-01 -9.332674756452781217e-01 -9.332078796984295543e-01
-9.322024609164003550e-01 -9.323762959651220594e-01 -9.339133637643464159e-01 -9.334307260781717908e-01 -9.331585536843701734e-01 -9.331717563462984533e-01 -9.331921275643102476e-01
-9.322024609164003550e-01 -9.323762959651220594e-01 -9.336114397323558300e-01 -9.330538719944464487e-01 -9.331232879675188663e-01 -9.332674756452781217e-01 -9.331154669645731481e-01
-9.322024609164003550e-01 -9.344623165497836226e-01 -9.331585536843701734e-01 -9.328863812905685560e-01 -9.333113717907259854e-01 -9.332080636666010287e-01 -9.331469712328117616e-01
-9.341146464523399917e-01 -9.339408114036182873e-01 -9.328566296523796986e-01 -9.333051080502633434e-01 -9.332525955959737329e-01 -9.333004823000987660e-01 -9.331281990802824389e-01
-9.360268319882798504e-01 -9.318547908189567242e-01 -9.337624017483511230e-01 -9.331376173463854506e-01 -9.332761060738746783e-01 -9.332344689904574775e-01 -9.331636499630557857e-01
-9.341146464523399917e-01 -9.318547908189567242e-01 -9.325547056203891128e-01 -9.336400894580192400e-01 -9.330997774896179209e-01 -9.331750570117804955e-01 -9.330767358876306261e-01
-9.302902753804604963e-01 -9.323762959651220594e-01 -9.336114397323558300e-01 -9.330119993184768923e-01 -9.330762670117169755e-01 -9.331783576772625377e-01 -9.331339988870663849e-01
-9.341146464523399917e-01 -9.328978011112873947e-01 -9.331585536843701734e-01 -9.328445086145991105e-01 -9.331703089233205350e-01 -9.332344689904574775e-01 -9.331506776173104090e-01
-9.341146464523399917e-01 -9.323762959651220594e-01 -9.337624017483511230e-01 -9.330538719944464487e-01 -9.335464765697349954e-01 -9.331750570117804955e-01 -9.332081265770398870e-01
-9.322024609164003550e-01 -9.334193062574528410e-01 -9.340643257803415977e-01 -9.330957446704160052e-01 -9.328387336656313034e-01 -9.332509723178677996e-01 -9.331895946545465392e-01
-9.341146464523399917e-01 -9.323762959651220594e-01 -9.334604777163606482e-01 -9.330119993184768923e-01 -9.332290851180728986e-01 -9.330859390437649115e-01 -9.331784755010505972e-01
-9.341146464523399917e-01 -9.334193062574528410e-01 -9.339133637643464159e-01 -9.330119993184768923e-01 -9.333583927465278762e-01 -9.331783576772625377e-01 -9.331821818855492445e-01
-9.302902753804604963e-01 -9.328978011112873947e-01 -9.331585536843701734e-01 -9.330957446704160052e-01 -9.331938194012214804e-01 -9.332146649975652242e-01 -9.332442638259019763e-01
-9.341146464523399917e-01 -9.334193062574528410e-01 -9.334604777163606482e-01 -9.331376173463854506e-01 -9.334524346581314358e-01 -9.332740769762422062e-01 -9.331747691165518388e-01
-9.360268319882798504e-01 -9.344623165497836226e-01 -9.325547056203891128e-01 -9.332632353742937870e-01 -9.333231270296764581e-01 -9.332014623356369443e-01 -9.331988606157932686e-01
-9.341146464523399917e-01 -9.328978011112873947e-01 -9.333095157003654663e-01 -9.330538719944464487e-01 -9.332996165517755127e-01 -9.332113643320831819e-01 -9.331043478110770950e-01
-9.341146464523399917e-01 -9.339408114036182873e-01 -9.336114397323558300e-01 -9.333469807262328999e-01 -9.330174908169648340e-01 -9.330289898420268679e-01 -9.332405574414033289e-01
-9.341146464523399917e-01 -9.334193062574528410e-01 -9.330075916683748805e-01 -9.333469807262328999e-01 -9.333348822686269308e-01 -9.331882596737086644e-01 -9.331821818855492445e-01
-9.322024609164003550e-01 -9.318547908189567242e-01 -9.336114397323558300e-01 -9.327607632626599976e-01 -9.332761060738746783e-01 -9.331090437021392070e-01 -9.332285116917826695e-01
-9.322024609164003550e-01 -9.334193062574528410e-01 -9.330075916683748805e-01 -9.333888534022023453e-01 -9.331115327285683936e-01 -9.331948610046727488e-01 -9.331682829436791504e-01
-9.360268319882798504e-01 -9.328978011112873947e-01 -9.331585536843701734e-01 -9.335563441060802381e-01 -9.332290851180728986e-01 -9.330991417056930803e-01 -9.331812552894245272e-01
-9.341146464523399917e-01 -9.323762959651220594e-01 -9.330075916683748805e-01 -9.332213626983243415e-01 -9.331703089233205350e-01 -9.331519523534059779e-01 -9.331149732073524827e-01
-9.322024609164003550e-01 -9.328978011112873947e-01 -9.330075916683748805e-01 -9.333888534022023453e-01 -9.332996165517755127e-01 -9.333697962752219857e-01 -9.331608701746818557e-01
-9.341146464523399917e-01 -9.318547908189567242e-01 -9.333095157003654663e-01 -9.333469807262328999e-01 -9.333231270296764581e-01 -9.330917024861858922e-01 -9.331865679875621655e-01
-9.341146464523399917e-01 -9.344623165497836226e-01 -9.327056676363844057e-01 -9.332632353742937870e-01 -9.332525955959737329e-01 -9.332509723178677996e-01 -9.331698959058924991e-01
-9.341146464523399917e-01 -9.328978011112873947e-01 -9.327056676363844057e-01 -9.326770179107211067e-01 -9.330527565338161411e-01 -9.331717563462984533e-01 -9.332146127499125754e-01
-9.341146464523399917e-01 -9.334193062574528410e-01 -9.331585536843701734e-01 -9.333888534022023453e-01 -9.329317061665622912e-01 -9.332872796381704861e-01 -9.331636499630557857e-01
-9.322024609164003550e-01 -9.328978011112873947e-01 -9.327056676363844057e-01 -9.333888534022023453e-01 -9.330292460559151957e-01 -9.330727363818366316e-01 -9.331022477402173276e-01
-9.322024609164003550e-01 -9.323762959651220594e-01 -9.337624017483511230e-01 -9.334307260781717908e-01 -9.329434614055127639e-01 -9.331948610046727488e-01 -9.331281924317080811e-01
-9.341146464523399917e-01 -9.323762959651220594e-01 -9.328566296523796986e-01 -9.337238348099581309e-01 -9.332761060738746783e-01 -9.332377696559395197e-01 -9.331349254831911022e-01
-9.360268319882798504e-01 -9.349838216959489579e-01 -9.333095157003654663e-01 -9.330538719944464487e-01 -9.330645117727665028e-01 -9.329464732049753684e-01 -9.332004735780066174e-01
-9.322024609164003550e-01 -9.339408114036182873e-01 -9.334604777163606482e-01 -9.332213626983243415e-01 -9.332996165517755127e-01 -9.331651550153342578e-01 -9.332702085173927298e-01
-9.302902753804604963e-01 -9.323762959651220594e-01 -9.325547056203891128e-01 -9.336400894580192400e-01 -9.330527565338161411e-01 -9.331024423711751226e-01 -9.331960808274192276e-01
-9.341146464523399917e-01 -9.349838216959489579e-01 -9.327056676363844057e-01 -9.333469807262328999e-01 -9.332525955959737329e-01 -9.332311683249754353e-01 -9.331710627320531914e-01
-9.322024609164003550e-01 -9.328978011112873947e-01 -9.334604777163606482e-01 -9.332632353742937870e-01 -9.330645117727665028e-01 -9.330553951658833167e-01 -9.332470436142759063e-01
-9.322024609164003550e-01 -9.339408114036182873e-01 -9.330075916683748805e-01 -9.332213626983243415e-01 -9.330997774896179209e-01 -9.330595337199083517e-01 -9.331874945836868829e-01
-9.341146464523399917e-01 -9.339408114036182873e-01 -9.330075916683748805e-01 -9.329282539665380014e-01 -9.330645117727665028e-01 -9.329695778633497749e-01 -9.332488968065253410e-01
-9.341146464523399917e-01 -9.313332856727913889e-01 -9.345172118283273655e-01 -9.333469807262328999e-01 -9.333466375075774035e-01 -9.331486516879239357e-01 -9.331856413914374482e-01
-9.341146464523399917e-01 -9.334193062574528410e-01 -9.334604777163606482e-01 -9.331376173463854506e-01 -9.332290851180728986e-01 -9.332443709869037152e-01 -9.331905212506712566e-01
-9.341146464523399917e-01 -9.323762959651220594e-01 -9.330075916683748805e-01 -9.331376173463854506e-01 -9.330997774896179209e-01 -9.332212663285293086e-01 -9.331655031553052204e-01
-9.341146464523399917e-01 -9.334193062574528410e-01 -9.328566296523796986e-01 -9.333888534022023453e-01 -9.331115327285683936e-01 -9.331387496914778090e-01 -9.331256595219443728e-01
-9.360268319882798504e-01 -9.349838216959489579e-01 -9.327056676363844057e-01 -9.335563441060802381e-01 -9.332878613128250400e-01 -9.333433909513655369e-01 -9.332192457305359401e-01
-9.302902753804604963e-01 -9.334193062574528410e-01 -9.345172118283273655e-01 -9.327607632626599976e-01 -9.332525955959737329e-01 -9.331552530188880201e-01 -9.330936614964850939e-01
-9.341146464523399917e-01 -9.334193062574528410e-01 -9.337624017483511230e-01 -9.329282539665380014e-01 -9.330997774896179209e-01 -9.331189456985854447e-01 -9.332025670002919160e-01
-9.341146464523399917e-01 -9.328978011112873947e-01 -9.330075916683748805e-01 -9.331376173463854506e-01 -9.332055746401719531e-01 -9.330751991587756811e-01 -9.331318988162067285e-01
-9.341146464523399917e-01 -9.344623165497836226e-01 -9.339133637643464159e-01 -9.330119993184768923e-01 -9.332290851180728986e-01 -9.331420503569598512e-01 -9.331520437009135360e-01
-9.341146464523399917e-01 -9.344623165497836226e-01 -9.328566296523796986e-01 -9.332632353742937870e-01 -9.331115327285683936e-01 -9.333070836310628504e-01 -9.332396308452786116e-01
-9.341146464523399917e-01 -9.318547908189567242e-01 -9.337624017483511230e-01 -9.333469807262328999e-01 -9.332761060738746783e-01 -9.331016044826321298e-01 -9.331532105270741173e-01
-9.302902753804604963e-01 -9.334193062574528410e-01 -9.337624017483511230e-01 -9.328445086145991105e-01 -9.332878613128250400e-01 -9.330685134469700603e-01 -9.331386318676897496e-01
