(-0.9331713618436485+0j)
-6.314622432534555685e-01 -6.617651189425014513e-01 -8.420666094634964294e-01 -9.358484713174545222e-01 -9.332913436522689565e-01 -9.317803824359007780e-01 -9.331400021204541151e-01
-5.774162411527112848e-01 -6.872672439185589788e-01 -8.618855301488965726e-01 -9.361787918643551532e-01 -9.333518981256802016e-01 -9.346995741103709676e-01 -9.340316418287935019e-01
-5.983109278194705949e-01 -7.005465299816306946e-01 -8.408753458481641463e-01 -9.391303316524726164e-01 -9.335716582860882351e-01 -9.321929136077322653e-01 -9.333493304984279426e-01
-5.839030903243128678e-01 -6.994930201790474644e-01 -8.511731032610514447e-01 -9.368030510038694025e-01 -9.339346851003508254e-01 -9.351621426117837643e-01 -9.324936564117847215e-01
-6.401003011529892150e-01 -6.873031826862721072e-01 -8.516621533534139976e-01 -9.377646598350376506e-01 -9.364081652999216576e-01 -9.312946068340784977e-01 -9.332246028480646327e-01
-6.581267095158388480e-01 -7.262631538310967416e-01 -8.499299641881696843e-01 -9.339588979662247770e-01 -9.332063453655536911e-01 -9.324228549879912675e-01 -9.333690999601417237e-01
-5.874884382041998254e-01 -6.859178654249109552e-01 -8.604100213664779284e-01 -9.337433400161661012e-01 -9.360954926881788207e-01 -9.323051507836498386e-01 -9.331872427340867082e-01
-6.523569299202147675e-01 -6.932176191600648574e-01 -8.560980043062058620e-01 -9.263964774598278940e-01 -9.346342232254738480e-01 -9.334285339238812540e-01 -9.344397457061426326e-01
-6.314622432534554575e-01 -7.200951156221055971e-01 -8.591646829935819518e-01 -9.285571225242347237e-01 -9.277394385441763980e-01 -9.350481026155934572e-01 -9.329207992035692953e-01
-5.521859140422827883e-01 -6.967131201206691049e-01 -8.391602825877364502e-01 -9.285176673974689932e-01 -9.368073734794729601e-01 -9.331799903653571482e-01 -9.334437231550538616e-01
-5.925411482238465144e-01 -6.844773980848027906e-01 -8.479206848237397232e-01 -9.354397554969646755e-01 -9.377992654575204590e-01 -9.345003253877930405e-01 -9.332548507957529882e-01
-6.321793128294328490e-01 -7.259803950094865233e-01 -8.579539902168997756e-01 -9.291378376482866130e-01 -9.365369119908131257e-01 -9.310933181386700230e-01 -9.326693736818247871e-01
-6.595608486677937421e-01 -7.067636168277895425e-01 -8.525419040557669081e-01 -9.316921970747897852e-01 -9.332952423078533233e-01 -9.345223683421228777e-01 -9.319084845739274980e-01
-5.723635311330645958e-01 -7.014406909895523068e-01 -8.586583435769332695e-01 -9.363262617032537261e-01 -9.319846521280727991e-01 -9.329978521050424911e-01 -9.335968022397765909e-01
-5.925411482238465144e-01 -6.831962795393563548e-01 -8.464205310444022912e-01 -9.304448910357354663e-01 -9.313775004544482261e-01 -9.333852823317013714e-01 -9.338233081282516501e-01
-5.997450669714254889e-01 -6.895044552319753439e-01 -8.542222697417212185e-01 -9.269544750754209472e-01 -9.350213967217091415e-01 -9.337933284482891061e-01 -9.335761041837160601e-01
-6.595608486677937421e-01 -6.944955736114346578e-01 -8.541284599629667129e-01 -9.357036515345715788e-01 -9.374462004016739236e-01 -9.340947368226466541e-01 -9.326738414538924271e-01
-5.975938582434932034e-01 -6.901741715911102748e-01 -8.558087142077110965e-01 -9.354490686906855590e-01 -9.302816812311862638e-01 -9.322949993703685267e-01 -9.327519441318052884e-01
-6.249753940818539855e-01 -6.912048524954350626e-01 -8.576696855868628511e-01 -9.381040051991396123e-01 -9.362276593142919712e-01 -9.317661858766927985e-01 -9.343282385770790288e-01
-6.040807074150946754e-01 -6.805528993773812818e-01 -8.556902892326090360e-01 -9.402646992398462356e-01 -9.292537603759960518e-01 -9.323560902558063468e-01 -9.327650641560316647e-01
-5.802845194566209619e-01 -7.129416008121587378e-01 -8.517018883746048097e-01 -9.335728892887584784e-01 -9.353655084164946842e-01 -9.331033137089532747e-01 -9.325178578910164884e-01
-6.372320228490795380e-01 -6.711167422040749120e-01 -8.628714539487829516e-01 -9.264504723176595347e-01 -9.340436479130115321e-01 -9.326890435902774890e-01 -9.343670745292307345e-01
-5.860542990522450424e-01 -6.918422476740817562e-01 -8.637291007625522710e-01 -9.381310796507430494e-01 -9.330310584608607627e-01 -9.340800793354419040e-01 -9.324375005823601903e-01
-6.112846261626736499e-01 -7.054305122976727294e-01 -8.287295970439048087e-01 -9.275598440386441101e-01 -9.311045890783005152e-01 -9.340585413665671854e-01 -9.329007687421095874e-01
-5.781333107286886763e-01 -6.844773980848027906e-01 -8.705050617128932133e-01 -9.275607528622651365e-01 -9.307350330913766179e-01 -9.339535980159134887e-01 -9.333926673684280750e-01
-5.939752873758012974e-01 -7.173344268747612329e-01 -8.470979064886042798e-01 -9.344111256892317918e-01 -9.360120684784922762e-01 -9.332877821088738646e-01 -9.332793529874390259e-01
-6.314622432534555685e-01 -6.935654738357999172e-01 -8.446217403833458093e-01 -9.272139312571164860e-01 -9.307232512965176729e-01 -9.328187725701695410e-01 -9.333620171873591165e-01
-5.997450669714254889e-01 -6.719589172273262578e-01 -8.537205739852093966e-01 -9.323470866946674818e-01 -9.350989218087902843e-01 -9.326974930325708790e-01 -9.334823795782372091e-01
-5.521859140422827883e-01 -6.985956950770491058e-01 -8.615393791243943777e-01 -9.275365211229174012e-01 -9.331396398705579243e-01 -9.343309229191173459e-01 -9.331737469563995413e-01
-6.386661620010343210e-01 -6.945669976537129919e-01 -8.644285800953377397e-01 -9.280065521733884548e-01 -9.351883991556662057e-01 -9.330920816893111258e-01 -9.332391624777685024e-01
-5.918240786478691229e-01 -6.865584246976341731e-01 -8.482494870610053361e-01 -9.345306933421509976e-01 -9.322980402199561034e-01 -9.346501746471111982e-01 -9.331350093858756800e-01
-6.401003011529892150e-01 -6.778832994764969477e-01 -8.498556430337156353e-01 -9.275212341281648953e-01 -9.356894522841339157e-01 -9.359619733241446582e-01 -9.349603531239674137e-01
-5.384951461231024528e-01 -6.949539551912378155e-01 -8.492354703238420566e-01 -9.326569859710336363e-01 -9.366151379830418566e-01 -9.339947122531055967e-01 -9.336515037101644765e-01
-6.199226840622072965e-01 -6.955522475080946343e-01 -8.539704633861435745e-01 -9.294337954843792104e-01 -9.297796875538915096e-01 -9.339351264330761904e-01 -9.324147890421685680e-01
-6.055148465670494584e-01 -6.919656577010302456e-01 -8.500089884657111572e-01 -9.311671525993926446e-01 -9.332478207120129543e-01 -9.331356774275658683e-01 -9.335520154030829687e-01
-5.925411482238465144e-01 -6.883499108075540329e-01 -8.518326766684856111e-01 -9.432644037647039958e-01 -9.355770067223430075e-01 -9.322391249183559214e-01 -9.350864066431241461e-01
-5.918240786478691229e-01 -6.677026110611268273e-01 -8.498630803469869877e-01 -9.324164128491535530e-01 -9.373412155852067773e-01 -9.330920405017913977e-01 -9.333895593880119357e-01
-6.105675565866961474e-01 -6.824906244125081844e-01 -8.490155159113434991e-01 -9.316542608533108227e-01 -9.362452883156839878e-01 -9.325351962747980838e-01 -9.335343241885453169e-01
-5.737976702850194899e-01 -6.796065256382153308e-01 -8.495343895509315235e-01 -9.366975444913334670e-01 -9.297862724887560049e-01 -9.334886873612882052e-01 -9.332909208046511473e-01
-6.120016957386510414e-01 -6.941149442620631049e-01 -8.748938517724329511e-01 -9.352923346343660072e-01 -9.321141985707368516e-01 -9.301723431931914199e-01 -9.331049956535755197e-01
-6.473042199005680786e-01 -7.044680913415495294e-01 -8.632669766077614160e-01 -9.337408247000936745e-01 -9.297106949903941597e-01 -9.341432802925551115e-01 -9.337846718000617496e-01
-6.242583245058765939e-01 -7.204820731596304206e-01 -8.463144174098193862e-01 -9.212149904326480954e-01 -9.271104193658077364e-01 -9.347917821933020566e-01 -9.354571730447842626e-01
-5.723635311330645958e-01 -6.881322478400687670e-01 -8.400351072845819722e-01 -9.394065329670338027e-01 -9.306898889663806074e-01 -9.327695926988175401e-01 -9.336359321157807756e-01
-5.788503803046661789e-01 -7.051346436066079360e-01 -8.595822575628846440e-01 -9.331639440246852768e-01 -9.324699604357147287e-01 -9.325146812139724073e-01 -9.330570860597834359e-01
-5.925411482238465144e-01 -7.171750780800996150e-01 -8.689802927372081154e-01 -9.314633134571608242e-01 -9.331090699142542411e-01 -9.322669419810458713e-01 -9.337142604497228326e-01
-5.795674498806435704e-01 -6.838659958984913967e-01 -8.408086848894016363e-01 -9.314302938587541991e-01 -9.355526958639208690e-01 -9.327830741894705957e-01 -9.321124764005124241e-01
-6.112846261626736499e-01 -6.847050068276661072e-01 -8.553688648456643229e-01 -9.348953912308941572e-01 -9.302076442958405744e-01 -9.336188586650141508e-01 -9.333706274786668367e-01
-6.372320228490795380e-01 -7.177765344910330692e-01 -8.659927497685835363e-01 -9.311449994452594137e-01 -9.375115320288069931e-01 -9.345691756963288022e-01 -9.328826278842481390e-01
-6.458700807486132955e-01 -6.807673982507899124e-01 -8.479058993225266905e-01 -9.354687544884070505e-01 -9.343705500864185609e-01 -9.334003340546024319e-01 -9.334697614454184889e-01
-5.990279973954479864e-01 -6.841587004954794438e-01 -8.504089913653569699e-01 -9.327262928200872327e-01 -9.372761639984963367e-01 -9.323082567410442278e-01 -9.328247491623308241e-01
