(-0.9331656739420768+0j)
-9.336414427007398986e-01 -9.332931246859590413e-01 -9.333893704532011393e-01 -9.334371900413371836e-01 -9.331625054304162337e-01 -9.331742276712983175e-01 -9.331737892928060329e-01
-9.336414427007398986e-01 -9.327706476637878108e-01 -9.329356404076314391e-01 -9.332892829431489456e-01 -9.332102004282908370e-01 -9.331876245180206197e-01 -9.331578038210871506e-01
-9.336414427007398986e-01 -9.330318861748734260e-01 -9.327843970591080947e-01 -9.332470237722380046e-01 -9.331386579314789875e-01 -9.331708784596176587e-01 -9.331921255691895123e-01
-9.326835681600926797e-01 -9.322481706416166913e-01 -9.330868837561546725e-01 -9.331202462595052927e-01 -9.331148104325417414e-01 -9.331440847661730542e-01 -9.331648562350808307e-01
-9.336414427007398986e-01 -9.338156017081302718e-01 -9.327843970591080947e-01 -9.330991166740498777e-01 -9.330253823115268741e-01 -9.331507831895341498e-01 -9.331545126945567370e-01
-9.326835681600926797e-01 -9.332931246859590413e-01 -9.330868837561546725e-01 -9.331202462595052927e-01 -9.331625054304162337e-01 -9.331775768829788653e-01 -9.331653263960136835e-01
-9.326835681600926797e-01 -9.335543631970446565e-01 -9.332381271046779059e-01 -9.329934687467725807e-01 -9.331446198062133268e-01 -9.331625054304162337e-01 -9.331676772006782805e-01
-9.336414427007398986e-01 -9.335543631970446565e-01 -9.331625054304162337e-01 -9.331836350158716487e-01 -9.333115522987741608e-01 -9.332278150581876375e-01 -9.331667368788124639e-01
-9.336414427007398986e-01 -9.325094091527023066e-01 -9.331625054304162337e-01 -9.330991166740498777e-01 -9.331803910546192515e-01 -9.331943229413818264e-01 -9.331460497977643875e-01
-9.326835681600926797e-01 -9.327706476637878108e-01 -9.330112620818930003e-01 -9.332470237722380046e-01 -9.331744291798849122e-01 -9.331390609486521770e-01 -9.331822521895983824e-01
-9.336414427007398986e-01 -9.319869321305310761e-01 -9.334649921274627005e-01 -9.333315421140598867e-01 -9.331982766788221584e-01 -9.332093943939444580e-01 -9.331686175225440971e-01
-9.326835681600926797e-01 -9.332931246859590413e-01 -9.332381271046779059e-01 -9.332258941867825897e-01 -9.331982766788221584e-01 -9.331223148902492159e-01 -9.331902449254578791e-01
-9.336414427007398986e-01 -9.335543631970446565e-01 -9.329356404076314391e-01 -9.333104125286044717e-01 -9.330432679357298920e-01 -9.332060451822637992e-01 -9.331784909021351160e-01
-9.336414427007398986e-01 -9.325094091527023066e-01 -9.331625054304162337e-01 -9.329934687467725807e-01 -9.332877047998369147e-01 -9.331156164668880093e-01 -9.331526320508251038e-01
-9.336414427007398986e-01 -9.327706476637878108e-01 -9.330112620818930003e-01 -9.332470237722380046e-01 -9.331565435556818944e-01 -9.331909737297011675e-01 -9.331719086490743997e-01
-9.345993172413870065e-01 -9.330318861748734260e-01 -9.327843970591080947e-01 -9.332470237722380046e-01 -9.331088485578074021e-01 -9.330955211968045004e-01 -9.331676772006782805e-01
-9.326835681600926797e-01 -9.343380787303015023e-01 -9.333137487789394671e-01 -9.330145983322281067e-01 -9.331625054304162337e-01 -9.332194420289862125e-01 -9.331549828554897008e-01
-9.317256936194454608e-01 -9.338156017081302718e-01 -9.329356404076314391e-01 -9.331836350158716487e-01 -9.332221241777594045e-01 -9.331273387077700932e-01 -9.331427586712340849e-01
-9.336414427007398986e-01 -9.332931246859590413e-01 -9.330112620818930003e-01 -9.332681533576935307e-01 -9.332578954261653292e-01 -9.332127436056250058e-01 -9.331747296146718496e-01
-9.336414427007398986e-01 -9.335543631970446565e-01 -9.328600187333697669e-01 -9.330991166740498777e-01 -9.330551916851984595e-01 -9.330904973792836232e-01 -9.331469901196302041e-01
-9.326835681600926797e-01 -9.332931246859590413e-01 -9.333137487789394671e-01 -9.332470237722380046e-01 -9.332042385535564977e-01 -9.331658546420967815e-01 -9.331385272228378547e-01
-9.336414427007398986e-01 -9.327706476637878108e-01 -9.330868837561546725e-01 -9.332681533576935307e-01 -9.331028866830730628e-01 -9.331759022771385359e-01 -9.331893046035920625e-01
-9.326835681600926797e-01 -9.332931246859590413e-01 -9.330868837561546725e-01 -9.317315320069199380e-01 -9.331625054304162337e-01 -9.331424101603327248e-01 -9.331756699365376662e-01
-9.326835681600926797e-01 -9.332931246859590413e-01 -9.333893704532011393e-01 -9.332470237722380046e-01 -9.332221241777594045e-01 -9.331842753063400719e-01 -9.331897747645250263e-01
-9.336414427007398986e-01 -9.330318861748734260e-01 -9.330868837561546725e-01 -9.331625054304162337e-01 -9.331028866830730628e-01 -9.330214541056159883e-01 -9.331333554525759189e-01
-9.345993172413870065e-01 -9.332931246859590413e-01 -9.336918571502476061e-01 -9.331413758449608187e-01 -9.331923148040878191e-01 -9.330821243500821982e-01 -9.331562917382485445e-01
-9.336414427007398986e-01 -9.332931246859590413e-01 -9.332381271046779059e-01 -9.332681533576935307e-01 -9.332221241777594045e-01 -9.332378626932293919e-01 -9.332019989487806422e-01
-9.326835681600926797e-01 -9.335543631970446565e-01 -9.329356404076314391e-01 -9.331202462595052927e-01 -9.331982766788221584e-01 -9.331792514888191947e-01 -9.331803715458667492e-01
-9.317256936194454608e-01 -9.332931246859590413e-01 -9.333137487789394671e-01 -9.332258941867825897e-01 -9.331803910546192515e-01 -9.332060451822637992e-01 -9.331846029942629794e-01
-9.336414427007398986e-01 -9.332931246859590413e-01 -9.331625054304162337e-01 -9.330991166740498777e-01 -9.333413616724458572e-01 -9.332160928173055536e-01 -9.332001183050490090e-01
-9.345993172413870065e-01 -9.338156017081302718e-01 -9.328600187333697669e-01 -9.330991166740498777e-01 -9.332042385535564977e-01 -9.331775768829788653e-01 -9.331794312240009326e-01
-9.317256936194454608e-01 -9.335543631970446565e-01 -9.333137487789394671e-01 -9.333738012849708277e-01 -9.332638573008996685e-01 -9.331826007004997425e-01 -9.331667368788124639e-01
-9.336414427007398986e-01 -9.335543631970446565e-01 -9.333893704532011393e-01 -9.333949308704262426e-01 -9.330969248083387235e-01 -9.331658546420967815e-01 -9.331605231866446637e-01
-9.326835681600926797e-01 -9.325094091527023066e-01 -9.330112620818930003e-01 -9.332892829431489456e-01 -9.331505816809475551e-01 -9.331909737297011675e-01 -9.331625054304162337e-01
-9.326835681600926797e-01 -9.335543631970446565e-01 -9.331625054304162337e-01 -9.331202462595052927e-01 -9.330850010588701560e-01 -9.331775768829788653e-01 -9.331686175225440971e-01
-9.326835681600926797e-01 -9.343380787303015023e-01 -9.331625054304162337e-01 -9.331836350158716487e-01 -9.330790391841358167e-01 -9.332026959705832514e-01 -9.331657965569466473e-01
-9.336414427007398986e-01 -9.327706476637878108e-01 -9.334649921274627005e-01 -9.331625054304162337e-01 -9.332280860524937438e-01 -9.331457593720132726e-01 -9.331559231773555174e-01
-9.336414427007398986e-01 -9.335543631970446565e-01 -9.330112620818930003e-01 -9.329934687467725807e-01 -9.331505816809475551e-01 -9.331273387077700932e-01 -9.331709683272085831e-01
-9.336414427007398986e-01 -9.330318861748734260e-01 -9.332381271046779059e-01 -9.330568575031389367e-01 -9.331028866830730628e-01 -9.332378626932293919e-01 -9.331596844648187838e-01
-9.345993172413870065e-01 -9.332931246859590413e-01 -9.332381271046779059e-01 -9.330568575031389367e-01 -9.332161623030250652e-01 -9.331323625252909704e-01 -9.331681473616111333e-01
-9.326835681600926797e-01 -9.330318861748734260e-01 -9.330112620818930003e-01 -9.333738012849708277e-01 -9.330671154346671381e-01 -9.331541324012148086e-01 -9.331606247866846005e-01
-9.326835681600926797e-01 -9.335543631970446565e-01 -9.333893704532011393e-01 -9.331202462595052927e-01 -9.331625054304162337e-01 -9.332060451822637992e-01 -9.331704981662757303e-01
-9.345993172413870065e-01 -9.335543631970446565e-01 -9.330868837561546725e-01 -9.334371900413371836e-01 -9.331267341820103089e-01 -9.331574816128953564e-01 -9.332034094315793116e-01
-9.336414427007398986e-01 -9.338156017081302718e-01 -9.331625054304162337e-01 -9.328878208194953947e-01 -9.332996285493055932e-01 -9.332060451822637992e-01 -9.331700280053427665e-01
-9.326835681600926797e-01 -9.335543631970446565e-01 -9.329356404076314391e-01 -9.329934687467725807e-01 -9.331803910546192515e-01 -9.331390609486521770e-01 -9.331709683272085831e-01
-9.317256936194454608e-01 -9.327706476637878108e-01 -9.334649921274627005e-01 -9.332470237722380046e-01 -9.332042385535564977e-01 -9.331826007004997425e-01 -9.331525304507852780e-01
-9.326835681600926797e-01 -9.332931246859590413e-01 -9.334649921274627005e-01 -9.332470237722380046e-01 -9.331505816809475551e-01 -9.330599700399427876e-01 -9.331695578444099137e-01
-9.336414427007398986e-01 -9.327706476637878108e-01 -9.329356404076314391e-01 -9.332470237722380046e-01 -9.332996285493055932e-01 -9.330934621567485987e-01 -9.331822521895983824e-01
-9.336414427007398986e-01 -9.338156017081302718e-01 -9.329356404076314391e-01 -9.329934687467725807e-01 -9.332042385535564977e-01 -9.332244658465070897e-01 -9.331559231773555174e-01
-9.336414427007398986e-01 -9.330318861748734260e-01 -9.332381271046779059e-01 -9.330145983322281067e-01 -9.331625054304162337e-01 -9.331105926493671321e-01 -9.331384256227980289e-01
