(-0.9331656739420768+0j)
-9.336414427007398986e-01 -9.332582928844809222e-01 -9.330971958026448299e-01 -9.331816629212291714e-01 -9.331433479396032959e-01 -9.331986185827987335e-01 -9.331657430239026496e-01
-9.345993172413870065e-01 -9.332582928844809222e-01 -9.330971958026448299e-01 -9.333923953201715973e-01 -9.332090307652476380e-01 -9.331840072232893135e-01 -9.331949657429213785e-01
-9.336414427007398986e-01 -9.338330176088692758e-01 -9.327053380360164070e-01 -9.331241904487903582e-01 -9.331214536643884783e-01 -9.332087466096489203e-01 -9.330760830125327532e-01
-9.331625054304162337e-01 -9.342161674251281411e-01 -9.335543631970446565e-01 -9.331241904487903582e-01 -9.331433479396032959e-01 -9.331519621571752188e-01 -9.331318715378497108e-01
-9.326835681600926797e-01 -9.332582928844809222e-01 -9.331625054304162337e-01 -9.332582928844809222e-01 -9.331597686460143537e-01 -9.331493052444546077e-01 -9.330395546137593143e-01
-9.341203799710634526e-01 -9.332582928844809222e-01 -9.327053380360164070e-01 -9.331050329579774205e-01 -9.330776651139589539e-01 -9.331381812904476769e-01 -9.331235699309383680e-01
-9.326835681600926797e-01 -9.328751430682220569e-01 -9.330318861748734260e-01 -9.331241904487903582e-01 -9.331324008019958871e-01 -9.331976226556419896e-01 -9.330980000517968831e-01
-9.336414427007398986e-01 -9.330667179763515451e-01 -9.333584343137304451e-01 -9.332774503752938600e-01 -9.331378743707996470e-01 -9.332451095740476044e-01 -9.331410036375431538e-01
-9.331625054304162337e-01 -9.328751430682220569e-01 -9.334890535692732527e-01 -9.331433479396032959e-01 -9.331378743707996470e-01 -9.331217435109996350e-01 -9.331866641360100356e-01
-9.326835681600926797e-01 -9.340245925169987640e-01 -9.329665765471020222e-01 -9.329900880130997942e-01 -9.331926100588365802e-01 -9.331675694438412716e-01 -9.331767015435347146e-01
-9.341203799710634526e-01 -9.338330176088692758e-01 -9.332278150581876375e-01 -9.331433479396032959e-01 -9.332473457468736244e-01 -9.331858336432280465e-01 -9.331757056163779707e-01
-9.336414427007398986e-01 -9.330667179763515451e-01 -9.333584343137304451e-01 -9.330475604855386074e-01 -9.331378743707996470e-01 -9.331355243777270658e-01 -9.332324900688516722e-01
-9.336414427007398986e-01 -9.328751430682220569e-01 -9.329665765471020222e-01 -9.331433479396032959e-01 -9.331816629212291714e-01 -9.330514681922594811e-01 -9.331884905559486576e-01
-9.322046308897690148e-01 -9.334498677926104104e-01 -9.335543631970446565e-01 -9.332199779028550468e-01 -9.331488215084070559e-01 -9.331081280786469589e-01 -9.331894864831054015e-01
-9.322046308897690148e-01 -9.328751430682220569e-01 -9.327706476637878108e-01 -9.332966078661069087e-01 -9.331816629212291714e-01 -9.331986185827987335e-01 -9.332105730295875423e-01
-9.326835681600926797e-01 -9.328751430682220569e-01 -9.330971958026448299e-01 -9.332008204120421091e-01 -9.331269272331922382e-01 -9.332507542682383361e-01 -9.331146032656197908e-01
-9.326835681600926797e-01 -9.326835681600926797e-01 -9.334237439415018489e-01 -9.332008204120421091e-01 -9.330995593891737716e-01 -9.332177132749674975e-01 -9.332469359939862263e-01
-9.322046308897690148e-01 -9.330667179763515451e-01 -9.327053380360164070e-01 -9.330858754671644828e-01 -9.332418721780698645e-01 -9.331894864831054015e-01 -9.332333205616335503e-01
-9.331625054304162337e-01 -9.338330176088692758e-01 -9.330971958026448299e-01 -9.331433479396032959e-01 -9.331159800955848294e-01 -9.332552376008976802e-01 -9.332306636489129392e-01
-9.326835681600926797e-01 -9.338330176088692758e-01 -9.332931246859590413e-01 -9.332008204120421091e-01 -9.332254514716588067e-01 -9.332104075952127875e-01 -9.332059242625534434e-01
-9.331625054304162337e-01 -9.332582928844809222e-01 -9.332278150581876375e-01 -9.333157653569198464e-01 -9.331269272331922382e-01 -9.331537885771138408e-01 -9.332014409298942104e-01
-9.326835681600926797e-01 -9.332582928844809222e-01 -9.331625054304162337e-01 -9.331433479396032959e-01 -9.330557708387441362e-01 -9.330916902991989170e-01 -9.330588147403028332e-01
-9.326835681600926797e-01 -9.332582928844809222e-01 -9.333584343137304451e-01 -9.331433479396032959e-01 -9.330886122515663628e-01 -9.332040978426148214e-01 -9.331702263565618827e-01
-9.331625054304162337e-01 -9.334498677926104104e-01 -9.330971958026448299e-01 -9.329900880130997942e-01 -9.332090307652476380e-01 -9.332525806881770691e-01 -9.330468602935140243e-01
-9.336414427007398986e-01 -9.330667179763515451e-01 -9.332931246859590413e-01 -9.330475604855386074e-01 -9.331761893524255225e-01 -9.331876600631666685e-01 -9.331941352501395004e-01
-9.331625054304162337e-01 -9.332582928844809222e-01 -9.334237439415018489e-01 -9.331050329579774205e-01 -9.331871364900329313e-01 -9.331592678369298177e-01 -9.330533354804867452e-01
-9.345993172413870065e-01 -9.330667179763515451e-01 -9.325747187804735994e-01 -9.332966078661069087e-01 -9.332363986092662156e-01 -9.331373507976657988e-01 -9.331190865982790239e-01
-9.336414427007398986e-01 -9.328751430682220569e-01 -9.329665765471020222e-01 -9.331241904487903582e-01 -9.331433479396032959e-01 -9.331053057315515931e-01 -9.330843846194442071e-01
-9.331625054304162337e-01 -9.338330176088692758e-01 -9.330971958026448299e-01 -9.331433479396032959e-01 -9.331269272331922382e-01 -9.331692304294051388e-01 -9.332031019154580775e-01
-9.336414427007398986e-01 -9.328751430682220569e-01 -9.336196728248160603e-01 -9.331433479396032959e-01 -9.332199779028550468e-01 -9.332250189547220964e-01 -9.330906943720421731e-01
-9.331625054304162337e-01 -9.332582928844809222e-01 -9.331625054304162337e-01 -9.331241904487903582e-01 -9.331433479396032959e-01 -9.332690184676251111e-01 -9.331840072232893135e-01
-9.331625054304162337e-01 -9.330667179763515451e-01 -9.333584343137304451e-01 -9.332774503752938600e-01 -9.332145043340513979e-01 -9.331172601783404019e-01 -9.331803543834120696e-01
-9.331625054304162337e-01 -9.330667179763515451e-01 -9.330318861748734260e-01 -9.330284029947256697e-01 -9.332473457468736244e-01 -9.332168827821855084e-01 -9.331748751235959816e-01
-9.326835681600926797e-01 -9.336414427007398986e-01 -9.330318861748734260e-01 -9.330475604855386074e-01 -9.332254514716588067e-01 -9.331665735166845277e-01 -9.331933703522238277e-01
-9.331625054304162337e-01 -9.338330176088692758e-01 -9.326400284082450032e-01 -9.329709305222868565e-01 -9.331871364900329313e-01 -9.332059242625534434e-01 -9.331574414169911957e-01
-9.331625054304162337e-01 -9.336414427007398986e-01 -9.334237439415018489e-01 -9.332391353936679845e-01 -9.332035571964439891e-01 -9.332343164887902942e-01 -9.331373507976657988e-01
-9.336414427007398986e-01 -9.326835681600926797e-01 -9.332931246859590413e-01 -9.332582928844809222e-01 -9.331980836276403402e-01 -9.331336979577884438e-01 -9.331282186979723559e-01
-9.336414427007398986e-01 -9.334498677926104104e-01 -9.330318861748734260e-01 -9.333540803385457219e-01 -9.331488215084070559e-01 -9.332142258694648973e-01 -9.330998264717355051e-01
-9.326835681600926797e-01 -9.328751430682220569e-01 -9.332278150581876375e-01 -9.332008204120421091e-01 -9.331597686460143537e-01 -9.331967921628601115e-01 -9.331769325727757858e-01
-9.336414427007398986e-01 -9.330667179763515451e-01 -9.330318861748734260e-01 -9.332199779028550468e-01 -9.331433479396032959e-01 -9.331355243777270658e-01 -9.332050937697715653e-01
-9.331625054304162337e-01 -9.328751430682220569e-01 -9.330318861748734260e-01 -9.331625054304162337e-01 -9.332199779028550468e-01 -9.332150563622467754e-01 -9.332114035223695314e-01
-9.326835681600926797e-01 -9.334498677926104104e-01 -9.332278150581876375e-01 -9.330475604855386074e-01 -9.331159800955848294e-01 -9.330943472119195281e-01 -9.330387241209773252e-01
-9.331625054304162337e-01 -9.334498677926104104e-01 -9.331625054304162337e-01 -9.332774503752938600e-01 -9.331707157836217625e-01 -9.332497583410815922e-01 -9.330998264717355051e-01
-9.341203799710634526e-01 -9.330667179763515451e-01 -9.329012669193306184e-01 -9.330284029947256697e-01 -9.330393501323330785e-01 -9.331547845042705847e-01 -9.331245658580951119e-01
-9.331625054304162337e-01 -9.330667179763515451e-01 -9.330971958026448299e-01 -9.331241904487903582e-01 -9.331488215084070559e-01 -9.331529580843319627e-01 -9.331858336432280465e-01
-9.331625054304162337e-01 -9.330667179763515451e-01 -9.325094091527023066e-01 -9.330284029947256697e-01 -9.330831386827626028e-01 -9.330815622723488412e-01 -9.331355243777270658e-01
-9.326835681600926797e-01 -9.336414427007398986e-01 -9.332278150581876375e-01 -9.332774503752938600e-01 -9.332090307652476380e-01 -9.331556149970525738e-01 -9.331464828973591308e-01
-9.326835681600926797e-01 -9.334498677926104104e-01 -9.330971958026448299e-01 -9.330475604855386074e-01 -9.332692400220883311e-01 -9.330450338735752913e-01 -9.331209130182177569e-01
-9.326835681600926797e-01 -9.332582928844809222e-01 -9.326400284082450032e-01 -9.330284029947256697e-01 -9.331105065267810694e-01 -9.331410036375431538e-01 -9.330770789396894971e-01
-9.336414427007398986e-01 -9.326835681600926797e-01 -9.336196728248160603e-01 -9.332582928844809222e-01 -9.331488215084070559e-01 -9.332150563622467754e-01 -9.332132299423081534e-01
