(-0.9331656739420768+0j)
-9.331625054304162337e-01 -9.332931246859590413e-01 -9.332343460209647779e-01 -9.332548719039787111e-01 -9.331309586641075571e-01 -9.331661327253106819e-01 -9.331640890680602540e-01
-9.328033024776735127e-01 -9.330318861748734260e-01 -9.330547445445934729e-01 -9.332343460209647779e-01 -9.331768448696474705e-01 -9.331854782980811835e-01 -9.331792467426524018e-01
-9.331625054304162337e-01 -9.335543631970446565e-01 -9.332702663162391055e-01 -9.331419795474024115e-01 -9.331940521967250213e-01 -9.331838661670169843e-01 -9.331625054304162337e-01
-9.342401142886443965e-01 -9.336849824525874642e-01 -9.333421069067876497e-01 -9.332548719039787111e-01 -9.332571457293424855e-01 -9.332048238708515742e-01 -9.331835451876859810e-01
-9.328033024776735127e-01 -9.326400284082450032e-01 -9.330188242493191453e-01 -9.330393501323330785e-01 -9.331166192248762092e-01 -9.331411446938155940e-01 -9.331711023204835032e-01
-9.328033024776735127e-01 -9.330318861748734260e-01 -9.330906648398676895e-01 -9.331009277813746561e-01 -9.331452981033387939e-01 -9.331629084631822835e-01 -9.331787942747541420e-01
-9.342401142886443965e-01 -9.339462209636730794e-01 -9.333780272020618662e-01 -9.332138201379509557e-01 -9.331481659911849968e-01 -9.331629084631822835e-01 -9.331539085403490752e-01
-9.335217083831589546e-01 -9.329012669193306184e-01 -9.330547445445934729e-01 -9.331522424889092671e-01 -9.332255989630336979e-01 -9.331862843636132832e-01 -9.331842238895333708e-01
-9.338809113359016756e-01 -9.332931246859590413e-01 -9.332343460209647779e-01 -9.333164495530202887e-01 -9.332829567199587562e-01 -9.332040178053194746e-01 -9.331625054304162337e-01
-9.331625054304162337e-01 -9.325094091527023066e-01 -9.331265851351420171e-01 -9.331727683719232003e-01 -9.331711090939549536e-01 -9.331596842010538850e-01 -9.331505150311120156e-01
-9.328033024776735127e-01 -9.329012669193306184e-01 -9.332702663162391055e-01 -9.333164495530202887e-01 -9.332829567199587562e-01 -9.331943450189342792e-01 -9.331803779123980513e-01
-9.324440995249309028e-01 -9.330318861748734260e-01 -9.330547445445934729e-01 -9.332035571964439891e-01 -9.331539017668775138e-01 -9.331403386282834944e-01 -9.331448591823835459e-01
-9.328033024776735127e-01 -9.330318861748734260e-01 -9.333780272020618662e-01 -9.331932942549370225e-01 -9.331510338790311998e-01 -9.331298597763660885e-01 -9.331683875130938333e-01
-9.331625054304162337e-01 -9.331625054304162337e-01 -9.332702663162391055e-01 -9.332240830794578113e-01 -9.331825806453399874e-01 -9.331895086257416816e-01 -9.331733646599748022e-01
-9.331625054304162337e-01 -9.334237439415018489e-01 -9.331984257256905613e-01 -9.330701389568538673e-01 -9.332169952994949780e-01 -9.331943450189342792e-01 -9.331717810223308929e-01
-9.328033024776735127e-01 -9.330318861748734260e-01 -9.330547445445934729e-01 -9.331727683719232003e-01 -9.331596375425700307e-01 -9.331596842010538850e-01 -9.331559446458912443e-01
-9.331625054304162337e-01 -9.332931246859590413e-01 -9.331265851351420171e-01 -9.332446089624717445e-01 -9.331911843088787073e-01 -9.331830601014848847e-01 -9.331835451876859810e-01
-9.324440995249309028e-01 -9.331625054304162337e-01 -9.331625054304162337e-01 -9.331111907228816227e-01 -9.331567696547237167e-01 -9.331572660044575862e-01 -9.331489313934679952e-01
-9.324440995249309028e-01 -9.327706476637878108e-01 -9.329469836587706011e-01 -9.331214536643884783e-01 -9.331940521967250213e-01 -9.331564599389254866e-01 -9.331715547883817630e-01
-9.331625054304162337e-01 -9.332931246859590413e-01 -9.332343460209647779e-01 -9.331830313134301669e-01 -9.331424302154924799e-01 -9.331217991210450924e-01 -9.331652202378059036e-01
-9.331625054304162337e-01 -9.336849824525874642e-01 -9.333780272020618662e-01 -9.332446089624717445e-01 -9.331854485331861904e-01 -9.331774176427600764e-01 -9.331602430909248236e-01
-9.335217083831589546e-01 -9.335543631970446565e-01 -9.335217083831589546e-01 -9.331727683719232003e-01 -9.331395623276462770e-01 -9.331778163807294968e-01 -9.331821877839912016e-01
-9.328033024776735127e-01 -9.329012669193306184e-01 -9.331265851351420171e-01 -9.331317166058954449e-01 -9.332542778414961715e-01 -9.332080481329799726e-01 -9.331853550592791313e-01
-9.331625054304162337e-01 -9.330318861748734260e-01 -9.333061866115133220e-01 -9.332959236700063554e-01 -9.331940521967250213e-01 -9.331870904291453828e-01 -9.331692924488903529e-01
-9.331625054304162337e-01 -9.330318861748734260e-01 -9.330906648398676895e-01 -9.330393501323330785e-01 -9.330879403464137356e-01 -9.331419507593476936e-01 -9.331679350451955735e-01
-9.338809113359016756e-01 -9.336849824525874642e-01 -9.331265851351420171e-01 -9.331214536643884783e-01 -9.331338265519537600e-01 -9.331653266597785823e-01 -9.331478002237223457e-01
-9.335217083831589546e-01 -9.330318861748734260e-01 -9.331625054304162337e-01 -9.332343460209647779e-01 -9.332083916359562581e-01 -9.331870904291453828e-01 -9.331808303802963112e-01
-9.331625054304162337e-01 -9.332931246859590413e-01 -9.331265851351420171e-01 -9.333267124945271442e-01 -9.332456741779574516e-01 -9.331967632155305781e-01 -9.331846763574317416e-01
-9.338809113359016756e-01 -9.334237439415018489e-01 -9.333061866115133220e-01 -9.331317166058954449e-01 -9.332342026265725288e-01 -9.331806419048884749e-01 -9.331751745315679525e-01
-9.328033024776735127e-01 -9.330318861748734260e-01 -9.332702663162391055e-01 -9.331214536643884783e-01 -9.331883164210325043e-01 -9.331677448563748811e-01 -9.331629578983144935e-01
-9.331625054304162337e-01 -9.335543631970446565e-01 -9.332343460209647779e-01 -9.332035571964439891e-01 -9.332370705144187317e-01 -9.331790297738242757e-01 -9.331858075271773911e-01
-9.331625054304162337e-01 -9.330318861748734260e-01 -9.330906648398676895e-01 -9.331009277813746561e-01 -9.331768448696474705e-01 -9.331604902665859846e-01 -9.331724597241782826e-01
-9.328033024776735127e-01 -9.330318861748734260e-01 -9.329469836587706011e-01 -9.331009277813746561e-01 -9.331510338790311998e-01 -9.331596842010538850e-01 -9.331652202378059036e-01
-9.338809113359016756e-01 -9.335543631970446565e-01 -9.333061866115133220e-01 -9.331419795474024115e-01 -9.332026558602637412e-01 -9.331782237082921760e-01 -9.331154395537183399e-01
-9.331625054304162337e-01 -9.334237439415018489e-01 -9.334139474973361938e-01 -9.332446089624717445e-01 -9.331997879724175382e-01 -9.331576703934751915e-01 -9.331717810223308929e-01
-9.338809113359016756e-01 -9.336849824525874642e-01 -9.331984257256905613e-01 -9.331727683719232003e-01 -9.331969200845712242e-01 -9.331685509219069807e-01 -9.331563971137895042e-01
-9.324440995249309028e-01 -9.331625054304162337e-01 -9.331265851351420171e-01 -9.331625054304162337e-01 -9.331739769818012675e-01 -9.331395325627513948e-01 -9.331588856872300441e-01
-9.328033024776735127e-01 -9.325094091527023066e-01 -9.331265851351420171e-01 -9.330598760153469007e-01 -9.331022797856449724e-01 -9.331532356767970882e-01 -9.331618267285688439e-01
-9.324440995249309028e-01 -9.326400284082450032e-01 -9.333061866115133220e-01 -9.332343460209647779e-01 -9.332342026265725288e-01 -9.331975692810626777e-01 -9.331729121920765424e-01
-9.335217083831589546e-01 -9.331625054304162337e-01 -9.331625054304162337e-01 -9.332035571964439891e-01 -9.331940521967250213e-01 -9.331878964946774824e-01 -9.331711023204835032e-01
-9.338809113359016756e-01 -9.335543631970446565e-01 -9.332343460209647779e-01 -9.332343460209647779e-01 -9.331883164210325043e-01 -9.331798358393563753e-01 -9.331729121920765424e-01
-9.328033024776735127e-01 -9.327706476637878108e-01 -9.331265851351420171e-01 -9.330701389568538673e-01 -9.330477899165663391e-01 -9.331379204316871956e-01 -9.331672563433481837e-01
-9.335217083831589546e-01 -9.330318861748734260e-01 -9.330547445445934729e-01 -9.330290871908261119e-01 -9.331596375425700307e-01 -9.331790297738242757e-01 -9.331819615500420717e-01
-9.324440995249309028e-01 -9.327706476637878108e-01 -9.329829039540449287e-01 -9.331009277813746561e-01 -9.331510338790311998e-01 -9.331411446938155940e-01 -9.331582069853826544e-01
-9.331625054304162337e-01 -9.332931246859590413e-01 -9.330906648398676895e-01 -9.331214536643884783e-01 -9.331280907762612431e-01 -9.331661327253106819e-01 -9.331663514075515531e-01
-9.331625054304162337e-01 -9.327706476637878108e-01 -9.330188242493191453e-01 -9.331727683719232003e-01 -9.331395623276462770e-01 -9.332370664921356695e-01 -9.331950831190920503e-01
-9.317256936194454608e-01 -9.329012669193306184e-01 -9.329110633634963845e-01 -9.330393501323330785e-01 -9.331510338790311998e-01 -9.331516235457328889e-01 -9.331677088112464435e-01
-9.338809113359016756e-01 -9.335543631970446565e-01 -9.331984257256905613e-01 -9.331727683719232003e-01 -9.331452981033387939e-01 -9.331645205942464827e-01 -9.331690662149412230e-01
-9.324440995249309028e-01 -9.329012669193306184e-01 -9.330906648398676895e-01 -9.331625054304162337e-01 -9.331825806453399874e-01 -9.331919268223379804e-01 -9.331835451876859810e-01
-9.328033024776735127e-01 -9.329012669193306184e-01 -9.329829039540449287e-01 -9.330701389568538673e-01 -9.331768448696474705e-01 -9.331774176427600764e-01 -9.331557184119421144e-01
