(-0.9331656739420768+0j)
-6.092390401237257613e-01 -7.784532803538305457e-01 -9.482555729481388918e-01 -9.315132236195411419e-01 -9.303577613968919691e-01 -9.325920462180751214e-01 -9.326520686228834123e-01
-4.906808091680940342e-01 -7.764389243700673404e-01 -9.259343865986310318e-01 -9.348619574574082991e-01 -9.362077717815876499e-01 -9.323408436345707040e-01 -9.333349954605142385e-01
-6.623307016070539843e-01 -7.594861371389839411e-01 -9.325959342595110391e-01 -9.328707909687437017e-01 -9.374995742005802768e-01 -9.336465633701277467e-01 -9.325409684651524422e-01
-5.109194515976895890e-01 -7.792429242635995346e-01 -9.206173928247245453e-01 -9.297587699282787721e-01 -9.354914475755812253e-01 -9.334884935539536910e-01 -9.332820289522379964e-01
-4.647336500143344207e-01 -7.493116271105128012e-01 -9.557610280727876217e-01 -9.392228364108677896e-01 -9.351237033288104517e-01 -9.322691333867749730e-01 -9.322841756455776396e-01
-5.568657845458829803e-01 -7.639626959956389296e-01 -9.476268248135937267e-01 -9.370337119710961948e-01 -9.350407979277677306e-01 -9.353594220212779753e-01 -9.325780550694386939e-01
-5.766254897051549255e-01 -7.473133696104858892e-01 -9.530740971354012547e-01 -9.321071763597232884e-01 -9.374668397079137794e-01 -9.325264109685135194e-01 -9.332923369982246697e-01
-6.040094606698852564e-01 -7.462571913052943318e-01 -9.352184916591226305e-01 -9.317181478217525514e-01 -9.355269286915984805e-01 -9.312011312255098483e-01 -9.318625104805744463e-01
-5.709169729809908667e-01 -7.767840411495408048e-01 -9.319239553261607911e-01 -9.410757892102243893e-01 -9.323071970490035554e-01 -9.345499280888079907e-01 -9.329791868022915269e-01
-6.423315278126202621e-01 -7.625325237023342639e-01 -9.244995937236252237e-01 -9.261681664984181550e-01 -9.302034669077413609e-01 -9.321276624813532585e-01 -9.322300187980637753e-01
-6.292382139181594836e-01 -7.705321932201077972e-01 -9.324083297534918602e-01 -9.320984225559688641e-01 -9.337305564091894494e-01 -9.310334969201033983e-01 -9.338073350198616840e-01
-5.899582722347773700e-01 -7.626802295043654256e-01 -9.297041518930047044e-01 -9.374947154419258633e-01 -9.369198336241711944e-01 -9.331658035463933354e-01 -9.320211114003020825e-01
-6.554248417070809296e-01 -7.577880207260545564e-01 -9.219565095546904399e-01 -9.310950931678182441e-01 -9.348945461456970030e-01 -9.325457603900398906e-01 -9.331451790935159085e-01
-5.442514079217458667e-01 -7.261713858849416781e-01 -9.317147206175583340e-01 -9.331208443700428345e-01 -9.337784078932502840e-01 -9.353454969019544540e-01 -9.330212455328782406e-01
-5.959062575941033169e-01 -7.897786495552803210e-01 -9.296176606890329541e-01 -9.285987012902222615e-01 -9.342511845977514717e-01 -9.334777007183301389e-01 -9.329170540133936429e-01
-6.292382139181594836e-01 -8.022965338632517263e-01 -9.367025090350651340e-01 -9.344109097029178468e-01 -9.335222195498571462e-01 -9.314668623893710420e-01 -9.320354614417175609e-01
-6.420920591774583741e-01 -7.673381008547263127e-01 -9.274919229782675467e-01 -9.327764557351381214e-01 -9.325171043829841855e-01 -9.346310062405900343e-01 -9.327648987096623934e-01
-5.432935333810986478e-01 -7.689046099493608288e-01 -9.418129718756921287e-01 -9.361250756893942926e-01 -9.316373350113043017e-01 -9.345648255719932740e-01 -9.334896916790588195e-01
-5.435330020162604248e-01 -7.626352538119894886e-01 -9.303188443433855204e-01 -9.276198094463775634e-01 -9.364166632134173218e-01 -9.307729688532492274e-01 -9.322162553662769469e-01
-5.956667889589414289e-01 -7.683076475339990496e-01 -9.251321291173798533e-01 -9.402130373167272293e-01 -9.326854805427325923e-01 -9.333895489291667014e-01 -9.331630738670216862e-01
-6.159054313885370391e-01 -7.846360048652830654e-01 -9.277411577715897195e-01 -9.365215027914930435e-01 -9.362157296765655223e-01 -9.302754391379733923e-01 -9.342706125683508667e-01
-4.904413405329322018e-01 -8.001922264947366470e-01 -9.319596116065468339e-01 -9.348426053966364391e-01 -9.400520581038784851e-01 -9.346754448092641221e-01 -9.336846829734469777e-01
-5.966246634995886478e-01 -7.542232541313931282e-01 -9.412658738083842236e-01 -9.301271005532212310e-01 -9.288937723969684646e-01 -9.333322297234298848e-01 -9.331850550687631474e-01
-5.168674369570154248e-01 -7.786795685399123812e-01 -9.190036238396436241e-01 -9.293795338158421515e-01 -9.361070782002495205e-01 -9.332540041567859435e-01 -9.325980252684065164e-01
-5.447303451920694206e-01 -7.654425734643546253e-01 -9.351152113893019813e-01 -9.372425072277635882e-01 -9.289545961941629848e-01 -9.321406417475248674e-01 -9.322153956315455403e-01
-5.435330020162604248e-01 -7.600736405882755342e-01 -9.449518121989600727e-01 -9.328449506715682515e-01 -9.323924499685625200e-01 -9.334192084542159984e-01 -9.321154466911082404e-01
-5.632927071755323700e-01 -8.112046758841856553e-01 -9.250840275754786957e-01 -9.356532174558216397e-01 -9.307729472139942839e-01 -9.334255237723476650e-01 -9.313700475344910412e-01
-5.309186253921233112e-01 -7.736316047177022037e-01 -9.425693046516024909e-01 -9.337290480418464211e-01 -9.338795775410309030e-01 -9.330016589335305977e-01 -9.334585263185236625e-01
-5.566263159107212033e-01 -7.577719222423181522e-01 -9.251115527923214898e-01 -9.348900476763181144e-01 -9.307158999198335003e-01 -9.304436923380501323e-01 -9.325291377489729472e-01
-5.371060793866110350e-01 -7.657876902438279787e-01 -9.347794853920081692e-01 -9.372326403620490076e-01 -9.355178078661930963e-01 -9.326551977899979473e-01 -9.338002880985618592e-01
-5.632927071755323700e-01 -7.939597968078729862e-01 -9.231399302749625502e-01 -9.415017092841025947e-01 -9.369147689408263702e-01 -9.329716466648247941e-01 -9.330513566402233172e-01
-6.554248417070809296e-01 -7.884961830640068170e-01 -9.312324835516387900e-01 -9.356887156262294614e-01 -9.385080565952829135e-01 -9.315944708577329481e-01 -9.332519181110308093e-01
-5.756676151645077066e-01 -7.759782987560355227e-01 -9.346502903279938490e-01 -9.314182376930597584e-01 -9.280382685598665971e-01 -9.339852658817312525e-01 -9.338566320399670495e-01
-5.971036007699123127e-01 -7.726781565221657599e-01 -9.377815956079916804e-01 -9.366831392011414348e-01 -9.322135732588932022e-01 -9.351671064677606893e-01 -9.331994089693526062e-01
-5.828129436996425383e-01 -7.650075053001292869e-01 -9.305615584958135678e-01 -9.379886712122731396e-01 -9.341563266165880952e-01 -9.340230902506749810e-01 -9.310198524157222710e-01
-6.087601028534022074e-01 -7.763939486776914034e-01 -9.354152811062098616e-01 -9.409399330680151552e-01 -9.339729078213755420e-01 -9.327755121049106091e-01 -9.332526331063926150e-01
-5.897188035996155930e-01 -7.674408309643814263e-01 -9.285158604296364082e-01 -9.298879526394163708e-01 -9.327517846876164365e-01 -9.344462295054982715e-01 -9.320606072957963173e-01
-5.768649583403167025e-01 -7.629642721077265488e-01 -9.385579086886873812e-01 -9.318336464665941676e-01 -9.319949607875512854e-01 -9.335492411527052115e-01 -9.341354974997363447e-01
-5.432935333810986478e-01 -7.962534659119622216e-01 -9.307156440828582289e-01 -9.347423312523853722e-01 -9.341303521155036593e-01 -9.329865314911356400e-01 -9.334963879436056766e-01
-5.373455480217728120e-01 -7.622229236491666615e-01 -9.392390725631057924e-01 -9.396239610675968246e-01 -9.388734383979786546e-01 -9.338521480704914390e-01 -9.332267040009688541e-01
-5.766254897051549255e-01 -7.783922061777182044e-01 -9.192549959943773219e-01 -9.270930264590597769e-01 -9.372097796078110443e-01 -9.316291332181494411e-01 -9.324735486239322801e-01
-5.240127654921502565e-01 -7.484481302997283425e-01 -9.457778767193549818e-01 -9.352499379862294626e-01 -9.318988812048457637e-01 -9.321838148530663393e-01 -9.330515943272350565e-01
-5.966246634995886478e-01 -7.691133899275043317e-01 -9.245082517259308741e-01 -9.287477190999068322e-01 -9.335226257297565278e-01 -9.335183046705386456e-01 -9.327726102649470663e-01
-5.697196298051818708e-01 -7.734838989156710420e-01 -9.266793575969127783e-01 -9.360736103457721891e-01 -9.329259068565490809e-01 -9.323193255144631708e-01 -9.344171987621188169e-01
-5.566263159107212033e-01 -7.738739913875204435e-01 -9.384038231016427201e-01 -9.294329988337198811e-01 -9.346221169539421503e-01 -9.365458788032083870e-01 -9.333654395250142732e-01
-5.901977408699392580e-01 -7.582036706477104371e-01 -9.148057167233831777e-01 -9.316491811288682978e-01 -9.329014105266515422e-01 -9.313992793786867175e-01 -9.332405241582988342e-01
-4.909202778032558667e-01 -7.881060905921575266e-01 -9.405122448077967157e-01 -9.388661727207833207e-01 -9.314850721139861234e-01 -9.327409098811332289e-01 -9.347208669936987180e-01
-5.432935333810986478e-01 -7.862025139599176926e-01 -9.409268874906432378e-01 -9.333611528590509687e-01 -9.306365138967480632e-01 -9.330323210007798185e-01 -9.327449649426096112e-01
-5.240127654921502565e-01 -7.754854761745308966e-01 -9.243844247374135570e-01 -9.326642788189946076e-01 -9.310277731181781924e-01 -9.333742993729611248e-01 -9.336079046300461703e-01
-5.768649583403167025e-01 -7.457885164493942565e-01 -9.340167010567141936e-01 -9.378250557970598811e-01 -9.334674543472958330e-01 -9.343329853369625182e-01 -9.319589253128400808e-01
