(-1.866343707499159+0j)
-1.498113992789124271e+00 -1.607587075931646847e+00 -1.939847437281360776e+00 -1.789503326433448338e+00 -1.871612175780929421e+00 -1.857697963332873403e+00 -1.866577543370304237e+00
-1.746439904436640322e+00 -1.403155960235657584e+00 -1.838588070757083859e+00 -1.817896665627337871e+00 -1.957613752700739340e+00 -1.864352560584444429e+00 -1.873653892145448197e+00
-1.216954321184197774e+00 -1.676845572401936657e+00 -1.843784430644085148e+00 -1.851357081110474923e+00 -1.886634613348281198e+00 -1.857934226503799024e+00 -1.869909027569208515e+00
-1.171342662157045522e+00 -1.842769787891236799e+00 -1.867829989815714686e+00 -1.811055931558129828e+00 -1.886995633994040356e+00 -1.845230125975841684e+00 -1.867599050621780332e+00
-8.552769725513876820e-01 -1.945379564775323145e+00 -1.719966315414340530e+00 -1.784693187130053316e+00 -1.925521848008334480e+00 -1.852767361929250178e+00 -1.874103138826153092e+00
-1.451911905320860674e+00 -1.772549059421963280e+00 -1.752794797736710652e+00 -1.928458055332725074e+00 -1.808118478998769652e+00 -1.874125365725804571e+00 -1.882390123266061810e+00
-1.198989574629081956e+00 -1.727491112268046081e+00 -1.762538323965865406e+00 -1.817447204811671657e+00 -1.862157660364198719e+00 -1.896019839311969157e+00 -1.851527575329543707e+00
-1.139212850335416638e+00 -1.553569150443044666e+00 -1.802026560319877291e+00 -1.716707139511017166e+00 -1.824056443797090976e+00 -1.851937909915113423e+00 -1.899579550350446677e+00
-1.678024488138643910e+00 -1.375842067678534120e+00 -1.977101690571200665e+00 -1.893562480443148344e+00 -1.918755310888682786e+00 -1.865415739750247104e+00 -1.871407506010320354e+00
-1.342547687370662324e+00 -1.670038022493767427e+00 -2.066253313885033194e+00 -1.824805510986264867e+00 -1.895442692358098480e+00 -1.811607967327198310e+00 -1.867901529668244409e+00
-1.557715370887002404e+00 -1.424711555983449562e+00 -1.786285087469291266e+00 -1.987195912816416499e+00 -1.883984822971592088e+00 -1.879234969249822917e+00 -1.863171081427364761e+00
-1.044384852852171530e+00 -1.618414166112812413e+00 -1.804575923951542427e+00 -1.833457695486103489e+00 -1.934861406782096171e+00 -1.859188997994217996e+00 -1.869073256833613916e+00
-1.287950085345004769e+00 -1.734430943864590180e+00 -2.037543384051793804e+00 -1.843928888818533451e+00 -1.876387829124293471e+00 -1.837663000183442197e+00 -1.880494768617425594e+00
-1.047458861775352634e+00 -1.622876336789601748e+00 -1.869301844520681044e+00 -1.867863745967995648e+00 -1.920607154431825947e+00 -1.833438938020114595e+00 -1.868038319811019310e+00
-1.330356530161312278e+00 -1.577566638462368998e+00 -2.043115581926470803e+00 -1.875164966477436579e+00 -1.892901158789402238e+00 -1.856656356576756206e+00 -1.872332230574058176e+00
-1.153720438266618409e+00 -1.739532693697591892e+00 -2.017757841877369618e+00 -1.816581340792215116e+00 -1.862381870020993535e+00 -1.854547563635923213e+00 -1.865880506210340961e+00
-1.446149433423095099e+00 -1.771217590148723708e+00 -1.753559484355810438e+00 -1.766836719231478448e+00 -1.812561305914099474e+00 -1.841901790762442426e+00 -1.860790990309412418e+00
-9.861434738580765469e-01 -1.303910250577359653e+00 -1.922041588697063208e+00 -1.904716986692517322e+00 -1.841910875113877744e+00 -1.850440370691028846e+00 -1.849375101346372396e+00
-1.543354656393217894e+00 -1.513393284463076194e+00 -1.727561525249555974e+00 -1.858854001931005140e+00 -1.794767666382453886e+00 -1.891118642009513184e+00 -1.874652088162340746e+00
-1.134476796886427330e+00 -1.756267232983203641e+00 -1.768842290933801298e+00 -1.908324425680517855e+00 -1.887953184018810404e+00 -1.886788492737659251e+00 -1.860094883381475661e+00
-1.404908725663015279e+00 -1.668358046998257072e+00 -1.663397730361653615e+00 -1.818982087752942789e+00 -1.862333833316411003e+00 -1.856687875418999489e+00 -1.866853993468616135e+00
-1.402242293727790967e+00 -1.741882997829616642e+00 -1.832418579223116462e+00 -1.854292894187567153e+00 -1.848304849327829347e+00 -1.845910346418530912e+00 -1.871186663359924562e+00
-1.215889653542784998e+00 -1.697430727376025184e+00 -1.809051291923039040e+00 -1.832662330650328020e+00 -1.904922930844380469e+00 -1.899371954095403270e+00 -1.867281864292744675e+00
-1.161369810613108289e+00 -1.770024812839322781e+00 -1.788619514018209067e+00 -1.968952535940233117e+00 -1.887491441215386256e+00 -1.888715923667834584e+00 -1.881953742945816854e+00
-9.614387705378791837e-01 -1.750131724009615475e+00 -1.948357485552812296e+00 -1.884755105268375308e+00 -1.843523885736658929e+00 -1.878135377438865161e+00 -1.872909574034879343e+00
-1.534774652282117291e+00 -1.272137609928625235e+00 -1.996064832943747813e+00 -1.848126280072221350e+00 -1.904406031589690462e+00 -1.903017784131061818e+00 -1.868315130584478068e+00
-1.254011940920378709e+00 -1.699667590643489934e+00 -1.908094830172597067e+00 -1.781937259113761440e+00 -1.847288538902585486e+00 -1.874650885253196231e+00 -1.853011035785079752e+00
-1.938260757085024544e+00 -1.893711131136037951e+00 -1.779083199890715061e+00 -1.911449741004976000e+00 -1.887017235359011780e+00 -1.780452518582325894e+00 -1.860617242478835198e+00
-1.261625533605645666e+00 -1.562608168312324297e+00 -1.906774739485412207e+00 -1.806604239938819578e+00 -1.838795540997990807e+00 -1.880175495930657359e+00 -1.861224364902562822e+00
-1.333559427361035166e+00 -1.856165825849432682e+00 -2.059284127353432137e+00 -1.818357158203041113e+00 -1.845077389670141788e+00 -1.839751389007670435e+00 -1.865552176102846182e+00
-1.384901914799690159e+00 -1.322865932206082729e+00 -1.944964180639736862e+00 -1.846923223746431919e+00 -1.799742943191304567e+00 -1.823812066462892290e+00 -1.864059704119926941e+00
-1.394182488708146872e+00 -1.318546112428919725e+00 -2.046715003055386894e+00 -1.734774435710382257e+00 -1.866840680909213956e+00 -1.869351708261277611e+00 -1.866975782810596840e+00
-1.428213521162575717e+00 -1.831375602205196795e+00 -1.918938608074154395e+00 -1.960066597405035305e+00 -1.830647206918022629e+00 -1.867164976929180709e+00 -1.873068930306980517e+00
-1.419273610941617525e+00 -1.701951447584162835e+00 -2.123139345639924791e+00 -1.830334279930233787e+00 -1.798226489552253060e+00 -1.860752273775325261e+00 -1.862404340605557707e+00
-1.190354383093379598e+00 -1.569262597076445553e+00 -1.936143542900518710e+00 -1.809938555175397035e+00 -1.923198620729559050e+00 -1.859812489072594222e+00 -1.866334831139590200e+00
-1.408071576286412441e+00 -1.660835998243488376e+00 -1.831769360555683734e+00 -1.879384222345892086e+00 -1.856410485350438622e+00 -1.808946442461589754e+00 -1.865898799877061531e+00
-1.554178251069306960e+00 -1.541947599447487605e+00 -1.898560904987794951e+00 -1.982015755337981133e+00 -1.880454381766784255e+00 -1.879692754544077582e+00 -1.860391448816580029e+00
-1.617523168163311764e+00 -1.842082985021803454e+00 -1.694180931910693300e+00 -1.953232064890294772e+00 -1.869622742712319541e+00 -1.861811551176997259e+00 -1.878104279193668624e+00
-1.060973611039047748e+00 -1.275938214736624499e+00 -1.760953198931166863e+00 -1.926049492718058698e+00 -1.830965895263098719e+00 -1.891463357742278584e+00 -1.860828906333231947e+00
-1.269612931545516910e+00 -1.742394418401128409e+00 -1.702005005328436793e+00 -1.760729396452691997e+00 -1.846391126050430209e+00 -1.863941864767270307e+00 -1.870492874052451349e+00
-1.479803672813036819e+00 -1.688088597581945738e+00 -1.886430266849753457e+00 -1.885881964518624887e+00 -1.928853316196865064e+00 -1.861417608768923149e+00 -1.857756125405929382e+00
-1.226350619949031273e+00 -1.813271738044986314e+00 -1.866993119236294740e+00 -1.991031015131945470e+00 -1.938687656228773371e+00 -1.891224904988062283e+00 -1.867021195150418755e+00
-1.457136306847244489e+00 -1.335281128630926739e+00 -1.938776869599679653e+00 -1.848169031318640076e+00 -1.866675434288542768e+00 -1.857892324473679579e+00 -1.842934331913945956e+00
-1.457077304285640418e+00 -1.545853299673134007e+00 -1.549920883607887268e+00 -1.931005964529185270e+00 -1.844741099102725101e+00 -1.843024389317753808e+00 -1.860599758280419236e+00
-1.382250585470887083e+00 -1.502964400706137571e+00 -2.002737269753470883e+00 -1.857325672175374365e+00 -1.818406726450426669e+00 -1.850642513939970035e+00 -1.844641908189945001e+00
-1.573465735943873067e+00 -1.897291854839115111e+00 -1.987251855183021831e+00 -2.016775599459032620e+00 -1.880134651670715140e+00 -1.878955814920558520e+00 -1.861246002421263146e+00
-1.265255821630673960e+00 -1.635466453605724624e+00 -1.849817825378753167e+00 -1.998977396050459321e+00 -1.907892605360766325e+00 -1.893276591646099849e+00 -1.860797685630827480e+00
-1.112024405581192532e+00 -1.337312264361471659e+00 -1.784804803200296108e+00 -1.794985856979389505e+00 -1.863518141897172464e+00 -1.879579064990280379e+00 -1.874662239262368191e+00
-1.220930619607170087e+00 -1.643474800174360428e+00 -1.905651170221709600e+00 -1.783702038301703485e+00 -1.848700540397466563e+00 -1.877883473475225440e+00 -1.853416086325770706e+00
-1.048389795396559299e+00 -1.801494285974300613e+00 -1.871002706589099285e+00 -1.768450185764625981e+00 -1.885719925227694160e+00 -1.886607846121036935e+00 -1.864442044066420223e+00
