(-1.866343707499159+0j)
-1.416046032403732502e+00 -2.021707725094407770e+00 -1.667796084140053647e+00 -1.858099955980292650e+00 -1.833723714311582098e+00 -1.866395617249980265e+00 -1.862852710486330610e+00
-1.404300565899136544e+00 -1.993744157871057521e+00 -1.671432757365749033e+00 -1.842030098188472520e+00 -1.840401265809459064e+00 -1.869267438756863076e+00 -1.865800679096921932e+00
-1.499644795849776280e+00 -1.734567655828322064e+00 -2.011817697268889926e+00 -1.895088979906804028e+00 -1.853717041758811579e+00 -1.847373502575593296e+00 -1.856962854620217040e+00
-1.577485177749645473e+00 -1.861518716850609767e+00 -1.852909797588477847e+00 -1.854308513953789372e+00 -1.883867488876300955e+00 -1.845561769822760656e+00 -1.860637248533100641e+00
-1.542894108283125787e+00 -2.063909790263196875e+00 -1.735693768088154343e+00 -1.721721286707594611e+00 -1.869567101036918588e+00 -1.873904869219079616e+00 -1.887785702835446333e+00
-1.341009783024872615e+00 -2.136655082233340330e+00 -1.985327193572546944e+00 -1.920151528622984660e+00 -1.874670228298752850e+00 -1.850994062467297585e+00 -1.863449205488087790e+00
-1.063448296198555187e+00 -2.212397107718365064e+00 -1.901363370810638109e+00 -1.887664957847912550e+00 -1.855992475331687874e+00 -1.888253241840923469e+00 -1.865428688708602234e+00
-1.240452184755335585e+00 -1.852481770517878212e+00 -1.902230226455116968e+00 -1.869876864905992475e+00 -1.876779447916866239e+00 -1.871719907746105083e+00 -1.865890432436839941e+00
-1.305718409412798042e+00 -1.871161511307410485e+00 -1.879442684116429563e+00 -1.812842821604691901e+00 -1.884689158421653854e+00 -1.887995109667315097e+00 -1.858626640381745965e+00
-1.307337389569745989e+00 -1.975446448294972956e+00 -1.786991165274062876e+00 -1.896481536244298161e+00 -1.853283330460669953e+00 -1.843428902935181801e+00 -1.857985422084775795e+00
-1.199250788523971378e+00 -2.165248146030472221e+00 -1.770830212925456282e+00 -1.936293514058540666e+00 -1.840356858231215753e+00 -1.840005739643329807e+00 -1.860491801870218120e+00
-1.740156005164394504e+00 -1.912874482688555977e+00 -1.930598880868386713e+00 -1.859326407737309950e+00 -1.897705967347175671e+00 -1.889217729289289549e+00 -1.887131969895815775e+00
-1.506463847319287286e+00 -2.135761850732407652e+00 -1.896988400125191543e+00 -1.830294288166051775e+00 -1.856084147159079212e+00 -1.858049564974575851e+00 -1.850436957351103917e+00
-1.184368121472086477e+00 -1.429298421199336477e+00 -1.952283743854709375e+00 -1.836685335665719565e+00 -1.815380803393384479e+00 -1.849858420235134471e+00 -1.859095798486674056e+00
-1.331405445524176390e+00 -1.302771069694581563e+00 -1.807688541419234518e+00 -1.869450285739405082e+00 -1.909944252609729443e+00 -1.896411589029047384e+00 -1.867002312925996055e+00
-1.373280597816286530e+00 -1.706407248368531970e+00 -1.780947518907978422e+00 -1.768326182685855841e+00 -1.874847463658567248e+00 -1.862285991721705614e+00 -1.873047990311278888e+00
-1.503895984438847755e+00 -1.843790611354455988e+00 -1.878180432478514295e+00 -1.806582738694135770e+00 -1.926894551633714148e+00 -1.872276712688023093e+00 -1.880409470040459885e+00
-1.216747077688471457e+00 -1.722021157150862347e+00 -2.049191386053423436e+00 -1.950182514344825924e+00 -1.868008828338295846e+00 -1.875404648843067790e+00 -1.863226572293802175e+00
-1.781501165124907082e+00 -2.177583815117969390e+00 -2.007128108904287167e+00 -1.819495915000067576e+00 -1.850401132456655828e+00 -1.859410345072176396e+00 -1.864636840809331231e+00
-1.300123999530137464e+00 -2.045269349745026055e+00 -1.973534183429323630e+00 -1.849977371819544913e+00 -1.910009483840379385e+00 -1.875257345546512022e+00 -1.881262652470849339e+00
-1.334640626394937746e+00 -2.126210493844370220e+00 -1.930701739381967430e+00 -1.884348066765471508e+00 -1.896506880620071112e+00 -1.855141820979064882e+00 -1.870335612915394297e+00
-1.358384905116327479e+00 -1.626396689694122211e+00 -1.624866880416715897e+00 -1.913145455424424046e+00 -1.885841759689100394e+00 -1.866102812544608636e+00 -1.850694166823579234e+00
-1.007389435472530792e+00 -1.786960563481031938e+00 -2.000469292814567535e+00 -1.960797271271084607e+00 -1.821687607013172672e+00 -1.902420732625645261e+00 -1.846063154546340623e+00
-1.537102089870940436e+00 -1.769107936251785862e+00 -1.705451400302776976e+00 -1.778401772321580809e+00 -1.883059120260907715e+00 -1.835850509121528251e+00 -1.872659889219751905e+00
-1.363822355663470098e+00 -1.451481150188942415e+00 -1.924097442921659518e+00 -1.861865041708465895e+00 -1.856848562774952471e+00 -1.858743033115062948e+00 -1.859448932605367588e+00
-1.317515446233423315e+00 -1.768829339334453632e+00 -1.918204656533491370e+00 -1.992569713271258980e+00 -1.851844912707740543e+00 -1.909710104230606831e+00 -1.860620393849157894e+00
-9.835004578797652552e-01 -1.937677697573360502e+00 -1.877088756211465981e+00 -1.794961989784170653e+00 -1.848716232071573540e+00 -1.844176647659498514e+00 -1.873279168604902178e+00
-9.031028529904258084e-01 -1.868539432932559086e+00 -1.793417137781343040e+00 -1.807700941941856820e+00 -1.836889812334898675e+00 -1.884328975277432594e+00 -1.856868923132582117e+00
-1.097142809843478339e+00 -1.964300646454236299e+00 -2.035375847597404864e+00 -1.892764333422237488e+00 -1.839851158668240227e+00 -1.860916737265664089e+00 -1.852034930119758060e+00
-1.545905674545700048e+00 -1.987667572527851867e+00 -1.752678141505030984e+00 -1.868195888615458600e+00 -1.923018891338879488e+00 -1.869081683859409537e+00 -1.844323716835570171e+00
-1.639741393611053866e+00 -1.643395759084295138e+00 -1.844903879051696505e+00 -1.908138040224683252e+00 -1.862719047704339825e+00 -1.863260543325180096e+00 -1.867541357238027722e+00
-1.049657093187065904e+00 -1.875812964398984040e+00 -1.709090179848991919e+00 -1.883593617333332082e+00 -1.795227425758336715e+00 -1.852244471991397745e+00 -1.865897719171651925e+00
-1.540755695697309857e+00 -1.915391350645874624e+00 -1.861076134206453681e+00 -1.790765965128966020e+00 -1.854353301754548600e+00 -1.845785980816252447e+00 -1.874828488435030138e+00
-1.141517491530058326e+00 -1.573916658175681382e+00 -1.898773764959530208e+00 -1.936111439530494138e+00 -1.858812650924692278e+00 -1.887640645907603165e+00 -1.860771922267870027e+00
-1.464826186196503066e+00 -2.184546921138695197e+00 -1.972531598494169369e+00 -1.760862806823558779e+00 -1.858761413803396545e+00 -1.846746777308410525e+00 -1.867962541763144912e+00
-1.587195508507844188e+00 -1.979231252659165774e+00 -1.857029208669729758e+00 -1.843825824577430605e+00 -1.913518999227266537e+00 -1.875111494765125286e+00 -1.868088973086431404e+00
-1.602050883123934621e+00 -1.613236504997439758e+00 -1.896460455780041077e+00 -1.919366250750409675e+00 -1.812248057935690770e+00 -1.831455002647763619e+00 -1.842348524310764013e+00
-1.409482547362366445e+00 -1.994763875989197244e+00 -1.685749148845599787e+00 -1.836955562356094029e+00 -1.898147980837373572e+00 -1.893845181715158255e+00 -1.868149201703366069e+00
-1.486612029564793991e+00 -1.609041294590778826e+00 -1.905979903419115828e+00 -1.908723112939530342e+00 -1.930894164142707758e+00 -1.865092842174247423e+00 -1.854284769455820436e+00
-1.305190251539774637e+00 -1.928137325729615714e+00 -2.042521376566698521e+00 -2.042755421683196904e+00 -1.835625249726265729e+00 -1.853938620554087535e+00 -1.868443733933024209e+00
-1.602737576246549223e+00 -1.838068474628904880e+00 -1.861568912495499717e+00 -1.884825248238818363e+00 -1.779810327326739161e+00 -1.871973618240947879e+00 -1.861544416695993576e+00
-1.176403691965977938e+00 -1.851306954066767263e+00 -2.093243096609371801e+00 -1.930749372331050706e+00 -1.821469981133538418e+00 -1.868513139746336371e+00 -1.852731727300101605e+00
-1.265443953887547046e+00 -2.176717001364298465e+00 -1.994563360588884837e+00 -1.898179581151743456e+00 -1.858425081243092025e+00 -1.849465849817832019e+00 -1.890702848525270596e+00
-1.401421733483088294e+00 -2.041210675408270170e+00 -1.936309167369467010e+00 -1.825291211678076175e+00 -1.904263169128399324e+00 -1.844022086806510252e+00 -1.890903294171565108e+00
-1.445778875877247183e+00 -1.653857111350161668e+00 -1.654145959460670889e+00 -1.894785474863870389e+00 -1.856865592716164803e+00 -1.874138276090727029e+00 -1.873837616679326912e+00
-1.472155426551005952e+00 -1.686299057048570749e+00 -1.822561715623949308e+00 -1.863239119874982030e+00 -1.840342417572410572e+00 -1.853026511298672574e+00 -1.869775389375006647e+00
-1.501175087454624801e+00 -2.150732278982309786e+00 -2.026643260440487815e+00 -1.935496028974370120e+00 -1.914410402773217612e+00 -1.843624249305362062e+00 -1.875984538953615388e+00
-1.455613064483610941e+00 -1.798796836472253524e+00 -1.778350949565352002e+00 -1.819818823825579912e+00 -1.845816353217917483e+00 -1.848891205292916062e+00 -1.875785975506142123e+00
-1.333027614627583013e+00 -1.539944105655988160e+00 -1.799679971848669124e+00 -1.989779595205569462e+00 -1.816540204442556927e+00 -1.874631965198784167e+00 -1.863420356420632418e+00
-1.327365344116076429e+00 -2.010836306808262197e+00 -1.952457656904267758e+00 -1.881238628855898654e+00 -1.927608451403057366e+00 -1.871228366870927529e+00 -1.844200011344534484e+00
