(-1.866343707499159+0j)
-8.249897393837941628e-01 -1.068525065243179917e+00 -1.498344265532090436e+00 -1.396148325469688922e+00 -1.774173716012147128e+00 -1.963946760700451932e+00 -1.883955563910368003e+00
-1.163269429340284544e+00 -1.217871885454568037e+00 -1.378035638460632928e+00 -1.502826880891701578e+00 -1.883873227622812063e+00 -1.865634155228997892e+00 -1.891909284997206786e+00
-1.125453588414716766e+00 -1.321370388704380616e+00 -1.511681467784429467e+00 -1.305235376635385691e+00 -1.713988659389001246e+00 -1.982083603161242769e+00 -1.821217645204616042e+00
-1.454824787858625790e+00 -9.179313075221438023e-01 -1.478987787051241343e+00 -1.492474112064639868e+00 -1.670681084028114327e+00 -1.739322208287512384e+00 -1.786469985908554436e+00
-1.179688437419103231e+00 -1.379765801518596069e+00 -1.553413813926910469e+00 -1.537536986238134284e+00 -1.723649398121182896e+00 -1.948192614895314589e+00 -1.822979646556685207e+00
-1.285223206734539048e+00 -1.185702302636807204e+00 -1.267113225837006141e+00 -1.744283070343718434e+00 -1.737381252992961755e+00 -1.920930407731668010e+00 -1.792762637018544769e+00
-1.055936656363907877e+00 -1.261464047330655980e+00 -1.372627911538596646e+00 -1.441866391558334959e+00 -1.845081878963058752e+00 -1.857253849277903601e+00 -1.901620671251081252e+00
-1.480662673418558395e+00 -1.133924095481222416e+00 -1.553153773103939761e+00 -1.683424004433448529e+00 -1.775517854497605130e+00 -1.919542700996538453e+00 -1.823441146266147062e+00
-1.072493452838490402e+00 -1.347771960651209300e+00 -1.173262920785915542e+00 -1.653344667873636542e+00 -1.841438778686580235e+00 -1.813210457287396160e+00 -1.859405212800861129e+00
-1.378165350693153268e+00 -9.603378259036995379e-01 -1.297569750012025125e+00 -1.561950313808835755e+00 -1.876558062809035698e+00 -1.849520079776764137e+00 -1.851982196120147250e+00
-1.383924241547663803e+00 -1.320135468944834800e+00 -1.507801023595709333e+00 -1.763864988576865134e+00 -1.590120053384474152e+00 -1.923277270107133674e+00 -1.897177315841105383e+00
-1.342326254745131342e+00 -1.079287442833920529e+00 -1.305857022166972081e+00 -1.689583968896614996e+00 -1.843836491205536054e+00 -2.011087252535783243e+00 -1.839347680658581119e+00
-1.149774600210533126e+00 -1.114255269122193193e+00 -1.435453296112917387e+00 -1.670062066491807329e+00 -1.865691079752052062e+00 -1.985171270460253989e+00 -1.889131812456819937e+00
-1.452387376410632092e+00 -1.347988887726404572e+00 -1.600242474074757615e+00 -1.632500368637335164e+00 -1.922925356416777198e+00 -1.845112401590885742e+00 -1.888938374976403045e+00
-1.274351914152860310e+00 -1.215189873455285063e+00 -1.356798321377662209e+00 -1.572473676532668785e+00 -1.718827004648264101e+00 -2.008347809257926109e+00 -1.834777079998418658e+00
-1.294602245682819674e+00 -1.395505397020810445e+00 -1.022613746058510742e+00 -1.527447561154385625e+00 -1.854788121789373800e+00 -1.897673488076777160e+00 -1.777317559471556230e+00
-1.533423070289152479e+00 -1.352471451061493246e+00 -1.347566018383604014e+00 -1.637769373090149250e+00 -2.132103318081824295e+00 -1.850726993528678754e+00 -1.899437600551121763e+00
-1.272957298249913549e+00 -1.120849518851324111e+00 -1.281596107687459574e+00 -1.573951740112076170e+00 -1.742778567607037310e+00 -1.828792687089437763e+00 -1.883327339807538081e+00
-1.160533688775647665e+00 -1.173264479558556950e+00 -1.368586441928744568e+00 -1.912689268451424951e+00 -1.707576505139668077e+00 -1.900203954349797497e+00 -1.781216830159980891e+00
-1.061663872428118438e+00 -1.380590371704363717e+00 -1.442529164053199420e+00 -1.476023502581927938e+00 -1.638758742856848638e+00 -1.854156007202068857e+00 -1.930187232725090629e+00
-1.074307726610110647e+00 -1.249656669905357953e+00 -1.313796416732300631e+00 -1.760766040016164879e+00 -1.823437094329849462e+00 -1.740282619121421348e+00 -1.800240940896279174e+00
-9.250784840988760527e-01 -1.022399273411389142e+00 -1.438768272791442371e+00 -1.481741185419828799e+00 -1.728805469700053443e+00 -2.002642397034218202e+00 -1.840250831938087250e+00
-1.221207454685374172e+00 -1.229557423877412070e+00 -1.125590006074348448e+00 -1.429045458090506759e+00 -1.696288969198153307e+00 -1.882175867217072973e+00 -1.897391994038030605e+00
-1.457085714676714439e+00 -1.307519133621731111e+00 -1.403728183598133894e+00 -1.508068047519134591e+00 -1.877269764848721545e+00 -1.817394118766608058e+00 -1.867800756210102442e+00
-1.442190836207915439e+00 -1.041160928762343563e+00 -1.407444532638286727e+00 -1.583375492061572132e+00 -1.724199050912827547e+00 -1.843641331732747357e+00 -1.826843722910552081e+00
-1.340081799360872905e+00 -1.319179067963719421e+00 -1.002326916886625341e+00 -1.547821234661904910e+00 -1.812478880517520263e+00 -1.932090432663142954e+00 -1.782585346078714661e+00
-1.340293488974118263e+00 -1.081540063325674428e+00 -1.409999637922927818e+00 -1.669876251557118829e+00 -2.010750938325018389e+00 -1.947295194050744138e+00 -1.852559490776134687e+00
-1.093418664727249912e+00 -1.289505706336519175e+00 -1.423424174248070884e+00 -1.325668874267350583e+00 -1.621851670330175743e+00 -1.851832599279998659e+00 -1.817957050106751238e+00
-1.077787691445042384e+00 -1.347426190349518826e+00 -1.339484132038419206e+00 -1.627495217981261177e+00 -1.791614383551491052e+00 -1.931478798661399932e+00 -1.948785717568761511e+00
-1.230260004045029332e+00 -1.344907362217967028e+00 -1.300955102209597758e+00 -1.598214257028829133e+00 -1.793266345756789670e+00 -2.006585370620870723e+00 -1.909892448555287059e+00
-1.031039074562927427e+00 -1.365737711235520901e+00 -1.355787916180630104e+00 -1.471435574711968730e+00 -1.822221339986908495e+00 -1.909703221542052409e+00 -1.818120794340505997e+00
-1.190972577107912489e+00 -1.168054247159437287e+00 -1.336552716254311823e+00 -1.634542768876606766e+00 -1.708424360460853109e+00 -1.743517541932116721e+00 -1.832969416998593726e+00
-1.227077857149858398e+00 -1.131743963412839005e+00 -1.306477884009933810e+00 -1.319889266299894004e+00 -1.835485849161324623e+00 -1.737194790222495788e+00 -1.879009806319839271e+00
-1.301626521049660701e+00 -1.125529948087807153e+00 -1.253311653643135459e+00 -1.528688517259788826e+00 -2.051762899260428874e+00 -1.952407016803194395e+00 -1.920932128265921968e+00
-1.240318264890809097e+00 -1.007223150521620703e+00 -1.485228419706166925e+00 -1.618699961636592466e+00 -1.734858078600971076e+00 -1.898357387734729729e+00 -1.786081202942708224e+00
-1.269401823071478752e+00 -1.334269010279495626e+00 -1.382460760351798879e+00 -1.474468243240085741e+00 -1.752115524673513836e+00 -1.797558756286893988e+00 -1.899936723125271065e+00
-1.423433621483904288e+00 -1.440375497664753590e+00 -1.497452626696964550e+00 -1.814106268885425477e+00 -1.525657192112215066e+00 -1.909518142411926966e+00 -1.914875301659753726e+00
-1.185479616249688339e+00 -1.308311782405910950e+00 -1.435733389489135980e+00 -1.654096179798572042e+00 -1.726449606402902903e+00 -1.903295691739236073e+00 -1.868064202271256358e+00
-1.080570580056550378e+00 -1.241671250602822241e+00 -9.812475265759241783e-01 -1.701487666762704576e+00 -1.878331707865728673e+00 -1.816340147691182683e+00 -1.854750770567933582e+00
-1.112883614215699701e+00 -1.269192319340947561e+00 -1.205723640179556577e+00 -1.540492068982874052e+00 -1.722204852173884193e+00 -1.907954364432932426e+00 -1.896425875936154748e+00
-1.191901908626979090e+00 -1.340155540017263780e+00 -1.317031669304850938e+00 -1.522684183926517942e+00 -1.707576648102629768e+00 -1.822367228566903918e+00 -1.759304168546421687e+00
-1.153843130768971381e+00 -1.214112688539923601e+00 -1.399089185341531705e+00 -1.594130899571831295e+00 -1.761817304683148677e+00 -1.797844709337341529e+00 -1.871843031811898150e+00
-1.206624033405755192e+00 -1.235834412639053914e+00 -1.596917623230270866e+00 -1.614916969440350236e+00 -1.653487715726635443e+00 -1.694125578960071987e+00 -1.880876392846034362e+00
-1.427843314685396825e+00 -1.405079259652118662e+00 -1.466303951362096569e+00 -1.676125874856114972e+00 -1.812672462319427691e+00 -1.940161738694216931e+00 -1.876780579662018056e+00
-1.017356058679356190e+00 -1.332747200659040399e+00 -1.453717567310239378e+00 -1.778245244068393571e+00 -1.707645376957408923e+00 -1.860684403225710160e+00 -1.857672777237632911e+00
-1.151573907395591734e+00 -1.101071560952492812e+00 -1.759525691267863845e+00 -1.625923969435263849e+00 -1.787831300404529200e+00 -1.903408369572384462e+00 -1.857081837956767290e+00
-1.328848138656688160e+00 -1.353308878399134274e+00 -1.201826297435183211e+00 -1.495315268020416255e+00 -1.727895005675545548e+00 -1.847716403615096814e+00 -1.846572402145234104e+00
-1.355230793445876492e+00 -1.279883837288480208e+00 -1.263477172398243420e+00 -1.591622024684385295e+00 -1.827750581880922986e+00 -1.901849790432072140e+00 -1.816280821805276391e+00
-1.285993717366440636e+00 -1.333799575796409842e+00 -1.449929672687990667e+00 -1.650901679311131964e+00 -1.937038920646995788e+00 -1.828393022267565060e+00 -1.860983783425333105e+00
-6.683558421452227005e-01 -1.045794113557176885e+00 -1.551327579323466210e+00 -1.228833001806937775e+00 -1.645685090089779923e+00 -1.988908172514098016e+00 -1.858891351125458780e+00
