(-1.866343707499159+0j)
-1.500192192778913025e+00 -1.552983427827328011e+00 -1.882270120531040369e+00 -1.821524663172902958e+00 -1.830540301681059523e+00 -1.874077366545718881e+00 -1.865748969378716371e+00
-1.147417861526079275e+00 -1.815725876342133782e+00 -1.952609364470101028e+00 -1.882132513866948464e+00 -1.884011597321518128e+00 -1.872800160884606768e+00 -1.875268920600759337e+00
-1.258666471509808593e+00 -1.602338674570108701e+00 -2.024519737740401393e+00 -1.861968054320952692e+00 -1.812114395892716390e+00 -1.844250328296317853e+00 -1.865454985847803115e+00
-1.539793921979351943e+00 -1.807127543882021570e+00 -2.113121257173084189e+00 -1.911070174490132834e+00 -1.896105731720492571e+00 -1.897067715322853010e+00 -1.884357077916406276e+00
-1.621469782872184684e+00 -2.169270426108591998e+00 -1.936983247094131055e+00 -1.913552944183217530e+00 -1.874056984729379538e+00 -1.876656106883862307e+00 -1.870015329233287726e+00
-1.224327632744279137e+00 -1.579300056762777293e+00 -1.722580076641884173e+00 -1.790080966674763463e+00 -1.886762970746657553e+00 -1.848289772104055650e+00 -1.863941961358835941e+00
-9.490465425886346340e-01 -1.415802666791723396e+00 -1.891001550084253857e+00 -1.919716010659757499e+00 -1.897473017502044890e+00 -1.855394761857365404e+00 -1.856462343339819743e+00
-1.473132203565755693e+00 -1.710320785494786611e+00 -2.048494762719995421e+00 -1.826819979283213602e+00 -1.826933129572486436e+00 -1.856813006624963514e+00 -1.841503581505876674e+00
-1.463375125023722134e+00 -1.505627901745087094e+00 -1.636042995154630031e+00 -1.845217281590674441e+00 -1.860857629152163906e+00 -1.878274390540618288e+00 -1.882883883659084434e+00
-1.325692035966786975e+00 -1.715160215391696052e+00 -2.006588624704562118e+00 -1.819608462750488709e+00 -1.824623252456364142e+00 -1.865504160144479062e+00 -1.866181419718055956e+00
-1.284477212356701203e+00 -1.614863058841456755e+00 -1.971503756093562432e+00 -1.806280478970069048e+00 -1.858494012019841657e+00 -1.871155814868347145e+00 -1.873421674777177248e+00
-1.461759559244760531e+00 -1.290759260783755913e+00 -1.646877826634935094e+00 -1.804719864273008234e+00 -1.841477122302213498e+00 -1.881199889579125539e+00 -1.855466178166814917e+00
-1.683264269571060456e+00 -2.024063154853496638e+00 -1.891354462479569509e+00 -1.901547206224407871e+00 -1.917943096973123263e+00 -1.875871122432592575e+00 -1.871494233651906036e+00
-1.346665176812654741e+00 -1.606519887750197606e+00 -1.730119267438508412e+00 -1.776775803147094379e+00 -1.851453667575943651e+00 -1.854224257522508967e+00 -1.848423840991661571e+00
-1.431560072817308349e+00 -1.573115147198662633e+00 -1.838018003866052297e+00 -1.775914137747062638e+00 -1.800135152527466476e+00 -1.844686911139020502e+00 -1.857929374565238767e+00
-1.099300757982891952e+00 -1.482046814303043858e+00 -1.844444921498074930e+00 -1.905467609474040147e+00 -1.949647333015495310e+00 -1.891787615121517385e+00 -1.869419650019634727e+00
-1.130737786712642912e+00 -1.789419744111881094e+00 -2.009945871615658852e+00 -2.013280267945386282e+00 -1.893381009213710664e+00 -1.888495611931204188e+00 -1.882448001894204470e+00
-1.269124574007277628e+00 -1.439946560416487387e+00 -1.711340982013999312e+00 -1.874697692894446543e+00 -1.848086654970281018e+00 -1.847139307677451381e+00 -1.867526226347814067e+00
-1.665429132675427137e+00 -1.462268938045713895e+00 -1.958769805357636340e+00 -1.825027286842282770e+00 -1.866852958784899208e+00 -1.863764351466890012e+00 -1.863913612920236496e+00
-1.476743142027074684e+00 -2.164038557609713642e+00 -2.049992094612051563e+00 -1.898415835194846357e+00 -1.903330698796786402e+00 -1.871705321297095548e+00 -1.871242686058888216e+00
-1.400730900044991234e+00 -1.683233763392609994e+00 -2.064973429755413648e+00 -1.941307816397003450e+00 -1.852434895440612239e+00 -1.850745189300929905e+00 -1.862574619356999861e+00
-1.796324459932152839e+00 -1.820549817131256187e+00 -1.827390348862193203e+00 -1.870689946767774448e+00 -1.807712740014194353e+00 -1.843361466339495047e+00 -1.861106946005838036e+00
-1.393823201164703374e+00 -1.738261154353953231e+00 -1.960168375164575538e+00 -1.955939995636955420e+00 -1.885421384168368020e+00 -1.870880933723149342e+00 -1.877001651560648687e+00
-1.834609888913095066e+00 -1.747453566993155238e+00 -2.053263115574994302e+00 -1.968622643920111548e+00 -1.899016460308739607e+00 -1.855185268251615893e+00 -1.852611286474555641e+00
-1.277949180063356227e+00 -1.592013864151747171e+00 -1.891216557481387062e+00 -1.832099887710923580e+00 -1.879417715741022121e+00 -1.850083927144926754e+00 -1.861744670379027244e+00
-1.423816990153680795e+00 -1.652844084181583018e+00 -1.740152670284544900e+00 -1.936097734893307054e+00 -1.895553758861612925e+00 -1.870690657440724047e+00 -1.875428981714932108e+00
-1.292057071297650905e+00 -1.630375960318173556e+00 -2.141344831920677816e+00 -2.005273161626017320e+00 -1.882548611978775543e+00 -1.876213653226478595e+00 -1.860935675860817318e+00
-1.847196011992936260e+00 -1.957312371192681200e+00 -1.992639124262202133e+00 -1.931264448746250695e+00 -1.882292454911594692e+00 -1.877783788614838745e+00 -1.878245690216956421e+00
-1.159574241738401401e+00 -1.759793927293731075e+00 -1.925492309382244915e+00 -1.965228210020825372e+00 -1.864161650099868339e+00 -1.895985486888578819e+00 -1.879477072891045264e+00
-1.134947137000792416e+00 -1.744826208644431498e+00 -1.841480821731687145e+00 -1.886884835589903275e+00 -1.853137699154474571e+00 -1.839405295963639553e+00 -1.859323309542133540e+00
-1.332463798434865954e+00 -1.649814435641475008e+00 -1.720707763238273014e+00 -1.779734595810821274e+00 -1.820513391971995576e+00 -1.853904323467776116e+00 -1.873185369702237590e+00
-1.477255688359823571e+00 -1.739986878714510299e+00 -1.764422973482973944e+00 -1.865533818668353438e+00 -1.829122516097622997e+00 -1.832195972542170814e+00 -1.865488057607529226e+00
-1.418773664143554880e+00 -1.591981945402523912e+00 -1.468623957261194990e+00 -1.808991242993183590e+00 -1.884319792808683669e+00 -1.873560972399915592e+00 -1.857410412396440780e+00
-1.489855532125853088e+00 -1.598239450092734382e+00 -1.667981786742026351e+00 -1.820729107381249268e+00 -1.740251983400235902e+00 -1.831490669004579797e+00 -1.850904941479481147e+00
-1.557369875120009350e+00 -1.803656034465388913e+00 -1.837139329209630523e+00 -1.880572827419394022e+00 -1.847011519490397324e+00 -1.846944660682977801e+00 -1.852759606047343022e+00
-1.887048513708084796e+00 -1.710936774498060586e+00 -1.996106704580387081e+00 -1.856668352117947229e+00 -1.827833312578848846e+00 -1.841397645097631486e+00 -1.856967866358396613e+00
-1.547335919560369089e+00 -1.878771778736987308e+00 -1.997043273519943263e+00 -1.902391960342332933e+00 -1.856922365101944195e+00 -1.860460173995546196e+00 -1.826873758474151677e+00
-1.509288973853947446e+00 -1.920110205667186598e+00 -1.882600559948795382e+00 -1.787960521835121552e+00 -1.869726747336815542e+00 -1.861827471651345878e+00 -1.857107270542834421e+00
-1.236996036232273832e+00 -1.629234453938230187e+00 -1.708985585700145027e+00 -1.801920279343499853e+00 -1.848546473708328364e+00 -1.858343647292889145e+00 -1.862437686143637805e+00
-1.189388933047231145e+00 -1.755495747274582907e+00 -1.920824989247660319e+00 -1.835787465648242023e+00 -1.869303469426365716e+00 -1.907741900517757605e+00 -1.887372694024636921e+00
-1.291031646937973676e+00 -2.155193554730226335e+00 -1.902764619757818965e+00 -1.862196252385659445e+00 -1.839224069853987009e+00 -1.850361654424007796e+00 -1.848860868386880796e+00
-1.761256363096109778e+00 -1.600973438812975935e+00 -1.747123431717834574e+00 -1.854367953468038621e+00 -1.842269404465309179e+00 -1.872647142300423839e+00 -1.877321121155628436e+00
-1.441267863759569723e+00 -1.705645077874610838e+00 -1.840913205364284710e+00 -1.758911638428106272e+00 -1.838731329795001201e+00 -1.890585414606593906e+00 -1.885731599661766733e+00
-1.718273953986224845e+00 -1.735454292915622032e+00 -1.785927600594928499e+00 -1.810123331962466997e+00 -1.854729644820230616e+00 -1.842916252051086001e+00 -1.859779033608701670e+00
-1.111463553781592895e+00 -1.540016448551839723e+00 -1.815928516936892612e+00 -1.879747739723630406e+00 -1.874810726765341551e+00 -1.855441995738742245e+00 -1.884035136127987897e+00
-1.483929044781993722e+00 -1.692362600775177972e+00 -1.706735927746927173e+00 -1.712626072134128208e+00 -1.810497844363658126e+00 -1.862194013694172146e+00 -1.861871081673460715e+00
-1.866673957083960111e+00 -2.014590879145953917e+00 -1.853775272973821497e+00 -1.837911040110520311e+00 -1.896986673766959841e+00 -1.894118711948147071e+00 -1.885553514056466318e+00
-1.644414700224761550e+00 -1.533364059519430000e+00 -1.772563260421893494e+00 -1.869975533478619445e+00 -1.871055650527985836e+00 -1.848931820841416052e+00 -1.864450432255821966e+00
-1.207201127073782132e+00 -1.443810786746387187e+00 -1.703095630668749472e+00 -1.782276789631515257e+00 -1.794644590781356186e+00 -1.822562388355883023e+00 -1.870855583067073002e+00
-1.547662253931968213e+00 -1.948637033216969794e+00 -1.883729749674857734e+00 -1.905778909002571631e+00 -1.855467075585278014e+00 -1.881122053224001389e+00 -1.871850475672348635e+00
