(-1.866343707499159+0j)
-1.028303347712551830e+00 -1.819395605736862986e+00 -1.745072495918376321e+00 -1.899353619537221149e+00 -1.873715927186388353e+00 -1.855483464572080798e+00 -1.864939213028830256e+00
-1.291396691028936949e+00 -2.007993779156773684e+00 -2.116445121502155580e+00 -1.875685380408109060e+00 -1.888322360459218086e+00 -1.897067207259301336e+00 -1.870314466656947783e+00
-1.609215037399595261e+00 -2.120024325827972067e+00 -1.891957551611397115e+00 -1.858217777110136915e+00 -1.879914601854710821e+00 -1.857819330432855187e+00 -1.860660228299825247e+00
-1.673205581045609236e+00 -1.862205734746358976e+00 -1.853053239028201737e+00 -1.928737373980732750e+00 -1.846041194362735061e+00 -1.876729187573805024e+00 -1.897344658358242953e+00
-1.287038313815093593e+00 -1.864332600341211066e+00 -1.916057468716476642e+00 -1.693084732395310876e+00 -1.852167617422713519e+00 -1.885809199182990170e+00 -1.861894960559355994e+00
-1.382556408912276602e+00 -2.094952113633486324e+00 -1.981679401576659227e+00 -1.899922896931576677e+00 -1.854494659923763278e+00 -1.882099806814391707e+00 -1.873708805713460990e+00
-1.388417745727953179e+00 -1.732420819003335222e+00 -1.718011626723964902e+00 -1.865309521788949265e+00 -1.869830371277936942e+00 -1.859519732457254104e+00 -1.843869947930480979e+00
-1.275878454624995495e+00 -1.648885971944096918e+00 -1.983687158825143237e+00 -1.695463224050977935e+00 -1.919365281102245469e+00 -1.864358636614307230e+00 -1.861898090209500811e+00
-1.081521076610459930e+00 -2.000793629441921961e+00 -1.565353666039183578e+00 -1.939489844913882877e+00 -1.826884544157257650e+00 -1.857058120064134510e+00 -1.870115778038791809e+00
-1.500950410209262564e+00 -1.913259544233169684e+00 -2.157237533659081219e+00 -1.870273632745929504e+00 -1.935825644225330766e+00 -1.860781178400504388e+00 -1.875990502843230878e+00
-1.377273358862512787e+00 -2.084951257111430145e+00 -1.858710579864513601e+00 -1.852327712295791518e+00 -1.771052775781427169e+00 -1.878847590926484568e+00 -1.866399182394389289e+00
-1.244128782180760284e+00 -1.888428750382805665e+00 -1.705487788675939642e+00 -1.709510099732063582e+00 -1.834055595174267861e+00 -1.847226192857988725e+00 -1.874322788010091667e+00
-1.382885800925330866e+00 -1.532901457045663607e+00 -2.187660310356040583e+00 -1.902705205095760022e+00 -1.865439195626352520e+00 -1.879632576765282170e+00 -1.871360213486671364e+00
-1.152584319382094380e+00 -1.768638350474146081e+00 -1.830858571763848364e+00 -1.809527995318893634e+00 -1.849714412810416153e+00 -1.879116764803051565e+00 -1.862639596329735969e+00
-1.431733130399688747e+00 -1.647263959983816806e+00 -1.739706332001426325e+00 -1.984592988313402140e+00 -1.884445916718660241e+00 -1.840360793071380563e+00 -1.864580947208458017e+00
-1.495964840135773466e+00 -2.113516270313412271e+00 -1.835385345690367487e+00 -1.890888460021019402e+00 -1.903946860039321454e+00 -1.836629030632195736e+00 -1.858582545514071427e+00
-1.397500727500215145e+00 -1.909956700493163240e+00 -1.884272254961303794e+00 -1.909923350041955459e+00 -1.780772208129268286e+00 -1.866712750366183116e+00 -1.866286093263996637e+00
-1.470613190246406798e+00 -1.541950565789377281e+00 -2.004530621046474170e+00 -1.930582103973890185e+00 -1.809413954344237352e+00 -1.849557664551002567e+00 -1.866095398023389862e+00
-1.397495683279710077e+00 -1.783776821913645172e+00 -1.846301771866677210e+00 -1.861679567526306478e+00 -1.887651418936501235e+00 -1.848371270139745448e+00 -1.862741805073564683e+00
-1.130554781210930670e+00 -2.030866299394226804e+00 -2.031253391514691309e+00 -1.910746359693963337e+00 -1.876337946085886887e+00 -1.843180666735050988e+00 -1.874085945346923188e+00
-1.456421696241419150e+00 -1.682894560676537088e+00 -2.084911682855691062e+00 -1.915607598884807139e+00 -1.891805666972239619e+00 -1.897044876123709756e+00 -1.873406413994039621e+00
-1.297340989149768697e+00 -1.896570206296528838e+00 -1.852345838927673460e+00 -1.859273751693719001e+00 -1.836815644832177963e+00 -1.847375891971630990e+00 -1.877246276208212716e+00
-1.610213011140047223e+00 -1.842018177885890617e+00 -1.762228368581243432e+00 -1.958698695179060589e+00 -1.849135061123525103e+00 -1.845807823561695482e+00 -1.859269868085305921e+00
-1.211622182852681640e+00 -1.233780308274637916e+00 -1.662988395597071012e+00 -1.784531808448345469e+00 -1.878255860890870377e+00 -1.866088112670692745e+00 -1.841813139724456816e+00
-1.434392112817606701e+00 -1.586725803767700338e+00 -2.042186501649927877e+00 -1.760868525311557242e+00 -1.830215519167442961e+00 -1.830056442235298952e+00 -1.868401125516378602e+00
-1.382587908283511080e+00 -1.938803234356442751e+00 -1.656065176845904485e+00 -1.975821771429433271e+00 -1.898731294234269118e+00 -1.855060221187904146e+00 -1.865513128667267040e+00
-1.380279715592912737e+00 -1.878600911785188954e+00 -1.694744824213521017e+00 -1.982095656329373456e+00 -1.830082411578385138e+00 -1.877584353304626585e+00 -1.855640925826919529e+00
-1.393564059768098939e+00 -1.917447404557467205e+00 -1.960588438231084751e+00 -1.917183142148116470e+00 -1.922720057852835840e+00 -1.868928942087467071e+00 -1.855682652586184478e+00
-1.412869636778468996e+00 -1.888684590010397679e+00 -1.893495361505186825e+00 -1.894902708890918053e+00 -1.909485958011669648e+00 -1.831046289642994429e+00 -1.854032603327690376e+00
-1.402912420146388728e+00 -1.724016615087329951e+00 -1.788033988180228961e+00 -1.907315496366696284e+00 -1.903317347089583667e+00 -1.850838449771430749e+00 -1.873202344624397497e+00
-1.284308498737482873e+00 -1.856702762711182952e+00 -1.854102029154320430e+00 -1.945255669419564848e+00 -1.817974759609179980e+00 -1.851439787867667608e+00 -1.858889970257193935e+00
-1.266035228983011240e+00 -1.542027006830608116e+00 -1.622725219052850498e+00 -1.735759554825375472e+00 -1.893077563037908417e+00 -1.846366452490791676e+00 -1.875964250410881551e+00
-1.194901224671678364e+00 -2.049988629623163305e+00 -1.874486817167801300e+00 -1.706242409545972727e+00 -1.938235781210851050e+00 -1.892414537408136699e+00 -1.858204280508864770e+00
-1.244762716410401593e+00 -1.898764256477302848e+00 -1.592412516738574979e+00 -1.897120944682536781e+00 -1.983982333194267422e+00 -1.908152505269888444e+00 -1.866142092370703720e+00
-1.434883556116268721e+00 -2.054456578666555178e+00 -1.800547337711112750e+00 -1.916904646338856377e+00 -1.833568431117214681e+00 -1.843088302312990923e+00 -1.866713352795708492e+00
-1.348071875281748655e+00 -2.344691430589094683e+00 -1.945148385046491013e+00 -2.006789312842008677e+00 -1.857653682447685695e+00 -1.844090121610944433e+00 -1.864838123060776454e+00
-1.488328276221780655e+00 -1.918993892475073348e+00 -1.935494649501730668e+00 -1.933683607671876636e+00 -1.839324477883012232e+00 -1.884294100545112149e+00 -1.864460347735924950e+00
-1.283407158556548078e+00 -1.755339478944340392e+00 -1.649396813839946629e+00 -1.890083476984760535e+00 -1.862035145022442162e+00 -1.852407494760163864e+00 -1.880145769371869502e+00
-9.993892093310718927e-01 -1.918513451848644413e+00 -1.859517077977523414e+00 -1.782613798632803892e+00 -1.905524861364962907e+00 -1.882303850454044358e+00 -1.873256816255775004e+00
-1.345515190088480306e+00 -1.363837812989605602e+00 -1.818143847227425614e+00 -1.865283583675410695e+00 -1.852614693359976084e+00 -1.815567955141016876e+00 -1.882793052905889386e+00
-1.375022879880867910e+00 -1.784828027519795857e+00 -1.919208394180774047e+00 -1.858107185748390844e+00 -1.896408989066898254e+00 -1.867162153956379633e+00 -1.873404475143354508e+00
-1.291975798648822726e+00 -1.423143725671577764e+00 -1.697026108611101369e+00 -1.942639781632970575e+00 -1.934700762280424868e+00 -1.862833429157374265e+00 -1.858788595860614290e+00
-1.213622670206538690e+00 -1.713265043278896727e+00 -1.945490121346025392e+00 -1.977972535735100346e+00 -1.820000464766537540e+00 -1.855161197412922736e+00 -1.868533823340691402e+00
-1.216834086977943707e+00 -2.361008694846748135e+00 -1.868375328690524473e+00 -1.925323139718532417e+00 -1.861149965088305880e+00 -1.901062687099159598e+00 -1.863529469840709218e+00
-7.878758224865576310e-01 -1.957701985301569136e+00 -1.775137169361910239e+00 -1.930640937784810607e+00 -1.928594464377574980e+00 -1.849998791457000857e+00 -1.872587684709056344e+00
-1.339401870764929114e+00 -2.100097544521771553e+00 -1.811050283576149722e+00 -1.823366920798280333e+00 -1.866962648323462926e+00 -1.885478905038218578e+00 -1.866015304472475655e+00
-1.516080315946964685e+00 -1.945422713202192622e+00 -1.899451271278032038e+00 -1.798847324754100141e+00 -1.881674269980367020e+00 -1.825951557404760894e+00 -1.850429611972580490e+00
-1.301581999843324677e+00 -1.570653232471503458e+00 -1.914147218465120481e+00 -1.820364626332253710e+00 -1.886488792984815310e+00 -1.863955391363616432e+00 -1.878565054560809688e+00
-1.543570600212398336e+00 -1.788609605814129644e+00 -1.819354507992842152e+00 -1.808852657608055470e+00 -1.879092771327530720e+00 -1.849215099540040930e+00 -1.875388328842469754e+00
-1.224208456588037119e+00 -1.935155064608881759e+00 -1.888887246633440986e+00 -1.799559341167454196e+00 -1.848286331468331767e+00 -1.846985966772022536e+00 -1.860650473229306989e+00
