(-1.866343707499159+0j)
-1.125312329316038529e+00 -1.249457628856773139e+00 -1.531746549562138959e+00 -1.694441618151038886e+00 -1.750087794282879194e+00 -1.762280255509478533e+00 -1.880628059046351108e+00
-1.153540940893780453e+00 -1.285126455034719672e+00 -1.215685290730847745e+00 -1.654573317190216386e+00 -1.955870481522499871e+00 -1.959747812029529523e+00 -1.893116299927781299e+00
-1.286248316347551990e+00 -1.194657239594632214e+00 -1.268820027418969154e+00 -1.398157996560212446e+00 -1.698896686383945642e+00 -1.861772849515397343e+00 -1.908034571417874137e+00
-1.034164097708817343e+00 -1.162698045723190132e+00 -1.395815909583570491e+00 -1.832022409829802356e+00 -1.688727309791275832e+00 -1.836327677643966760e+00 -1.861411775330336305e+00
-1.173673220562946984e+00 -1.334127749683118314e+00 -1.645690993356526688e+00 -1.680895276262489801e+00 -1.891739206796898554e+00 -1.880638557764177765e+00 -1.859655923765711982e+00
-1.318965739823211081e+00 -1.355006308293283279e+00 -1.538951487874994140e+00 -1.702802458923316609e+00 -1.747479521941898817e+00 -1.927983565764276541e+00 -1.921298501531342184e+00
-1.205883454075284744e+00 -1.405691624454108890e+00 -1.510788770590257402e+00 -1.522891625841374941e+00 -1.711347453170829258e+00 -1.842410240751073403e+00 -1.869493631387413313e+00
-1.213291886492118055e+00 -1.247979226246040740e+00 -1.515184865652813517e+00 -1.853793489584027565e+00 -2.037663249234408003e+00 -1.906177191125355996e+00 -1.871103063032499847e+00
-1.213752204052706229e+00 -1.181848672034670811e+00 -1.294827837386926639e+00 -1.840724316230313296e+00 -1.951110702193241009e+00 -1.829380380654018534e+00 -1.930345407253932777e+00
-1.201635071502026531e+00 -1.276709010771283959e+00 -1.424323324498224075e+00 -1.680391756039403273e+00 -1.964924744924777755e+00 -1.897726337502301686e+00 -1.870897401321597098e+00
-1.227020992005701583e+00 -1.475389535691038700e+00 -1.643427835692110373e+00 -1.826650889972516234e+00 -1.910363757900059634e+00 -1.877236960414629063e+00 -1.883925565065914132e+00
-1.239436497617411703e+00 -1.192164653217906434e+00 -1.475411710641088447e+00 -1.806675775908207937e+00 -2.097675702326814218e+00 -1.929581589893257121e+00 -1.887867303386321360e+00
-1.289653542856102675e+00 -1.187209127852469903e+00 -1.145664771252015601e+00 -1.224118962870411442e+00 -1.484415489583122971e+00 -1.837104882814341034e+00 -1.845648766118704653e+00
-1.186590315760259529e+00 -1.240836211418192558e+00 -1.163114871906150816e+00 -1.709351536743064948e+00 -1.884803370974506231e+00 -1.934266086051552369e+00 -1.879337403669509410e+00
-1.293690197179611534e+00 -1.285998435635248960e+00 -1.590595633962345046e+00 -1.594761277708174330e+00 -1.822866847810163726e+00 -1.827421514577504791e+00 -1.873894925343108531e+00
-1.258072340914250242e+00 -1.339730465791032943e+00 -1.297912878594379649e+00 -1.523563469611811882e+00 -1.901102142840406017e+00 -1.896782850290289923e+00 -1.874472304806898970e+00
-1.277817287684783087e+00 -1.308652735429398861e+00 -1.371081592273092786e+00 -1.525038041498826269e+00 -1.722968085558188367e+00 -1.813429954219339058e+00 -1.834337193885280159e+00
-1.115428226294716385e+00 -1.135181581623380342e+00 -1.483996959967511575e+00 -1.543012055850967013e+00 -1.906781159210380938e+00 -1.857955592842296610e+00 -1.864209856587483394e+00
-1.165238593124748423e+00 -1.217654987157176460e+00 -1.362485285041351801e+00 -1.863813402890760029e+00 -1.998718866876529443e+00 -1.815158889922903640e+00 -1.915009291693257953e+00
-1.173149691824962870e+00 -1.346800462114574604e+00 -1.523315158095933208e+00 -1.638758239809222639e+00 -1.885375476153676066e+00 -1.928076710792288040e+00 -1.881831633167661000e+00
-1.183740005591169320e+00 -1.322341176521255601e+00 -1.274848089625525205e+00 -1.387248177637382618e+00 -1.694868681158099966e+00 -1.716746213290012868e+00 -1.817762957786696276e+00
-1.120093553038416623e+00 -1.347486532676756665e+00 -1.612499714032236797e+00 -1.756655989596850098e+00 -1.924624049267719794e+00 -1.883416583291701141e+00 -1.893762427915910429e+00
-1.289233176058671715e+00 -1.232463085820862503e+00 -1.523786198478723763e+00 -1.544999453621238139e+00 -1.751127492249434203e+00 -1.822707543092642934e+00 -1.872692948896798715e+00
-1.222627432845397655e+00 -1.354497607726665276e+00 -1.711822219129849110e+00 -1.767560796550704971e+00 -1.796975041221735125e+00 -1.926501893390380582e+00 -1.882110593394895615e+00
-1.173335251739575202e+00 -1.356364014812875052e+00 -1.456256641644989358e+00 -1.618848406128807316e+00 -1.873978416755663678e+00 -1.919684211939851837e+00 -1.869387428536197104e+00
-1.332738881248278773e+00 -1.247073600673321403e+00 -1.591979492422414655e+00 -1.577961963574952886e+00 -1.842132620559622236e+00 -1.902255704106669443e+00 -1.844775047064927787e+00
-1.209699060510586399e+00 -1.273164194087815559e+00 -1.300366772427108630e+00 -1.443067949771627001e+00 -1.854958541506024794e+00 -1.927626238207401199e+00 -1.903656993911423179e+00
-1.414842664183576515e+00 -1.356393092950973767e+00 -1.269593119945625848e+00 -1.635425758230897753e+00 -1.771553842021282854e+00 -1.875869915934618604e+00 -1.902379728827086502e+00
-1.095033577525764468e+00 -1.241572139999587598e+00 -1.351827608474537756e+00 -1.764976166862747498e+00 -1.997653935592885732e+00 -1.863433022957870611e+00 -1.900861047134959181e+00
-1.276529240326092829e+00 -1.371682391241715981e+00 -1.539322449201133480e+00 -1.796243607609078863e+00 -1.835919852016369092e+00 -1.892216231469401766e+00 -1.880956399157982961e+00
-1.126326676280688277e+00 -1.035923870553530080e+00 -1.357631350719613161e+00 -1.541954144421162853e+00 -1.948365459647818820e+00 -1.795542048283971237e+00 -1.889592678909393975e+00
-1.328187267099198765e+00 -1.267911069696639803e+00 -1.270174974566979476e+00 -1.377517584356639624e+00 -1.650429029351803356e+00 -1.850971777749464753e+00 -1.862242017464163402e+00
-1.071962526079595523e+00 -1.270158956603763878e+00 -1.260587254048357586e+00 -1.507543289946651210e+00 -1.888656081363079942e+00 -1.884443288535131655e+00 -1.888264207651281446e+00
-1.226089117431974351e+00 -1.266054705895360843e+00 -1.541057056042292928e+00 -1.693748671072796697e+00 -1.930090624864814863e+00 -1.941988092112903130e+00 -1.842838858764387133e+00
-1.166280742821542704e+00 -1.233155694908960820e+00 -1.381889157235307808e+00 -1.839688044333025463e+00 -1.942547033799140621e+00 -1.863976018637662158e+00 -1.923663433277695400e+00
-1.463734176740992154e+00 -1.300998261476016049e+00 -1.521647296818688266e+00 -1.613067811033037868e+00 -1.893936241997024705e+00 -1.944411093686812642e+00 -1.855841274726658385e+00
-1.272335266391004804e+00 -1.399223258790737834e+00 -1.535837676977933386e+00 -1.610956227212477998e+00 -1.780097008187967456e+00 -1.859658050991588540e+00 -1.834541057975122680e+00
-1.182507767642446472e+00 -1.413911921450524911e+00 -1.420447112440429427e+00 -1.659381347137407481e+00 -1.787648398447787557e+00 -1.862637064379418561e+00 -1.875319110807131429e+00
-1.426540746553213612e+00 -1.433674878224025617e+00 -1.558309456021421902e+00 -1.696905455724546208e+00 -1.856729472570528561e+00 -1.811921948813665306e+00 -1.884465355615524418e+00
-1.279807664464960970e+00 -1.387402110380675957e+00 -1.559779231601000182e+00 -1.880618133826774896e+00 -2.022383138199592700e+00 -1.912851383710561626e+00 -1.894355096296432173e+00
-1.226611211397670154e+00 -1.259771026272432426e+00 -1.354126660118988967e+00 -1.790546902545220309e+00 -1.870316212000816769e+00 -1.847684870503849330e+00 -1.911935443056371531e+00
-1.194626357089103141e+00 -1.311851146193279805e+00 -1.304427080271199024e+00 -1.683711308442056964e+00 -1.925424835686772251e+00 -1.896618663077420219e+00 -1.837671926071844375e+00
-1.246233088898677233e+00 -1.424160375400245648e+00 -1.426065729036195551e+00 -1.598973623388716181e+00 -1.801321541274358840e+00 -1.779029039228553710e+00 -1.833078896193200524e+00
-1.264800633237465721e+00 -1.527192774403652864e+00 -1.499935595250763809e+00 -1.848619261523861468e+00 -1.775008390712411011e+00 -1.852887365756879401e+00 -1.882490558829730487e+00
-9.750740002447081389e-01 -1.100849706678804774e+00 -1.271881911763654172e+00 -1.833194340930507815e+00 -1.840540328927411817e+00 -1.765237270353325227e+00 -1.831314991194131325e+00
-1.107668054368303290e+00 -1.213763881166601832e+00 -1.685784636924096969e+00 -2.052036241314652010e+00 -2.017841616790798653e+00 -1.887646012806685647e+00 -1.879981563722014748e+00
-1.257071693768453846e+00 -1.196021818862481600e+00 -1.542886429122168890e+00 -2.033735444587964292e+00 -2.126855073810013153e+00 -1.891389226699316639e+00 -1.875616894192189132e+00
-1.213146223636708099e+00 -1.373656255183742125e+00 -1.504516932939521823e+00 -1.578030383106056700e+00 -1.881031831877518545e+00 -1.909070908578107462e+00 -1.881812699757417384e+00
-1.251871576304455447e+00 -1.261526825173769240e+00 -1.528376712304657659e+00 -1.842961863417682533e+00 -1.588129702985075387e+00 -1.873821960396371722e+00 -1.877822423816201125e+00
-1.317275980736110519e+00 -1.385589464876274546e+00 -1.477740594152993081e+00 -1.468627469034035737e+00 -1.878716804122497752e+00 -1.936649223219565119e+00 -1.887857930682129926e+00
