(-4.216417787238441+0j)
-4.282873768247957180e+00 -4.230961027579263067e+00
-4.114357158453943342e+00 -4.183140964709354037e+00
-4.147604555067355925e+00 -4.196932224676820589e+00
-4.248327754274209944e+00 -4.182455699818698136e+00
-4.204053569966216486e+00 -4.221052891319695632e+00
-4.257169442640001300e+00 -4.267908104688352466e+00
-4.350729041291778287e+00 -4.212013174132364313e+00
-4.251798348121154092e+00 -4.237203203443245414e+00
-4.128810085750449055e+00 -4.246559275669721245e+00
-4.199158363806859917e+00 -4.219449025680437337e+00
-4.285714491283179939e+00 -4.155674614056575678e+00
-4.312623075003112483e+00 -4.200901966310488511e+00
-4.206631464453384872e+00 -4.218251882649092011e+00
-4.336986233689990478e+00 -4.245582517223144947e+00
-4.228254369532868928e+00 -4.217811393996638181e+00
-4.186109111251567150e+00 -4.250275586513243553e+00
-4.231733589891017111e+00 -4.284027297385840427e+00
-4.199630650523725528e+00 -4.197935574373991230e+00
-4.159859525510232636e+00 -4.226037713139050744e+00
-4.191419740618569811e+00 -4.217178998653019484e+00
-4.228557074403404670e+00 -4.176210949928831795e+00
-4.195124531982878047e+00 -4.185827785766487175e+00
-4.151707324679754230e+00 -4.130027601891609557e+00
-4.239574613214388776e+00 -4.178032379049565925e+00
-4.258314925976358190e+00 -4.206336494981621321e+00
-4.239999232565255127e+00 -4.217154876604126912e+00
-4.262132317236456025e+00 -4.239387971650055320e+00
-4.224027797961087849e+00 -4.236876694536412025e+00
-4.220326078285355997e+00 -4.280259308593594270e+00
-4.262800945343745873e+00 -4.303028002713968903e+00
-4.279218788848461408e+00 -4.274177814019084920e+00
-4.180969850075693550e+00 -4.208397153216284714e+00
-4.202568462234328450e+00 -4.187460272330481459e+00
-4.264973829479270506e+00 -4.231995477050689125e+00
-4.158646255397299818e+00 -4.220793345617847692e+00
-4.169643326750295032e+00 -4.271012285670689579e+00
-4.218786349745425213e+00 -4.224009655034413058e+00
-4.215827004808629930e+00 -4.255635334819420912e+00
-4.218967236104207430e+00 -4.221792784824382139e+00
-4.134923012093616457e+00 -4.244607917956086496e+00
-4.243861452835184345e+00 -4.261179653436541592e+00
-4.285731758580754835e+00 -4.220624566707961378e+00
-4.165996639395336487e+00 -4.147955897820724935e+00
-4.207119212682176368e+00 -4.141804645567709109e+00
-4.153922985746484997e+00 -4.218678633366490516e+00
-4.179005591673187858e+00 -4.264045336721289381e+00
-4.253339957659857618e+00 -4.220233151789388515e+00
-4.204053569966216486e+00 -4.248113240093057463e+00
-4.204814172392019600e+00 -4.182110862118679329e+00
-4.310154053847501388e+00 -4.227675675180694093e+00
