(-4.216417787238441+0j)
-4.157311475449381177e+00 -4.184245908765333866e+00
-4.236224737066137891e+00 -4.220839755547182826e+00
-4.239242177772172049e+00 -4.221476186776796702e+00
-4.204053830976687500e+00 -4.173942455981610955e+00
-4.186239642415132245e+00 -4.228617679795712014e+00
-4.237261526516816978e+00 -4.205438538078798416e+00
-4.164443156302748861e+00 -4.161168932164034828e+00
-4.257272039212074866e+00 -4.165218897411053334e+00
-4.282705682772901312e+00 -4.225653199007282979e+00
-4.256213826546123791e+00 -4.210752085059104921e+00
-4.227863636121179880e+00 -4.241074542757552912e+00
-4.159806814889352999e+00 -4.268910738476426658e+00
-4.232909512222083670e+00 -4.182115675422311440e+00
-4.256256244801511990e+00 -4.291951445678607868e+00
-4.083699580755475012e+00 -4.171861579033505407e+00
-4.219482771304356561e+00 -4.148194128668439618e+00
-4.266380664780073495e+00 -4.157402532424927522e+00
-4.230915403947371978e+00 -4.261648642388103703e+00
-4.234745316976042950e+00 -4.221236401828030615e+00
-4.173170267450890591e+00 -4.222085092926135097e+00
-4.290498004541217547e+00 -4.211159175123332155e+00
-4.184752131189808821e+00 -4.219442489316908684e+00
-4.211371670357903163e+00 -4.222977848426093139e+00
-4.091290074518716402e+00 -4.249338609883977824e+00
-4.264987062490376069e+00 -4.255788691614105446e+00
-4.405305272435581010e+00 -4.234073655591847007e+00
-4.206042573367271942e+00 -4.242928255446971164e+00
-4.231310375386587275e+00 -4.184285636058453051e+00
-4.284266232833048527e+00 -4.214364791949202882e+00
-4.202481055065436344e+00 -4.247664351126156923e+00
-4.247599019061938819e+00 -4.289121056727954517e+00
-4.292277934020433783e+00 -4.221529467371436084e+00
-4.145644900139003219e+00 -4.240746912847787264e+00
-4.259953537179892002e+00 -4.254322821921761921e+00
-4.243926303325083360e+00 -4.166119989889063291e+00
-4.242374397514634410e+00 -4.239478044689656500e+00
-4.270767559309434525e+00 -4.258995187654708303e+00
-4.135094335027322821e+00 -4.254927733770004217e+00
-4.164579483493762169e+00 -4.208121748195876144e+00
-4.184765588209164555e+00 -4.253557992620005557e+00
-4.257867179312959216e+00 -4.221018861102919573e+00
-4.302874623928224729e+00 -4.191325843176486821e+00
-4.197792544918019786e+00 -4.154826301974362757e+00
-4.158408952944463444e+00 -4.201053608656777349e+00
-4.155828901933031894e+00 -4.188590231679502729e+00
-4.285745652923143467e+00 -4.170838189589773926e+00
-4.150923612678332653e+00 -4.309381546055981005e+00
-4.229963451007468400e+00 -4.234339196054977883e+00
-4.184586842762763936e+00 -4.288073192757159369e+00
-4.128188630645401425e+00 -4.303622940147793230e+00
