-0.0202125464462449 0 0 0 0 0 0
0.0242472112680208 0 0 0 0 0 1
-0.0202125464462449 0 0 0 0 0 3
-0.0212844439891282 0 0 0 0 1 0
0.0048020459531163 0 0 0 0 1 1
0.0179306506808052 0 0 0 0 1 3
-0.0046667727574544 0 0 0 0 2 2
-0.0202125464462449 0 0 0 0 3 0
-0.0203279663375466 0 0 0 0 3 1
-0.0202125464462449 0 0 0 0 3 3
-0.0078441380681847 0 0 0 1 0 0
0.0003396232357144 0 0 0 1 0 1
-0.0078441380681847 0 0 0 1 0 3
-0.0191609234817951 0 0 0 1 1 0
-0.0027557386164948 0 0 0 1 1 1
-0.0191609234817951 0 0 0 1 1 3
0.0035842487444346 0 0 0 1 2 2
0.0078441380681847 0 0 0 1 3 0
-0.0003396232357144 0 0 0 1 3 1
0.0078441380681847 0 0 0 1 3 3
-0.0003396232357144 0 0 0 2 0 2
-0.0116758666590245 0 0 0 2 1 2
-0.0191609234817951 0 0 0 2 2 0
-0.0125043767869643 0 0 0 2 2 1
-0.0191609234817951 0 0 0 2 2 3
0.0003396232357144 0 0 0 2 3 2
-0.0202125464462449 0 0 0 3 0 0
-0.036872191349508 0 0 0 3 0 1
-0.0202125464462449 0 0 0 3 0 3
0.0201757808487695 0 0 0 3 1 0
-0.0046667727574544 0 0 0 3 1 1
-0.0235295741570926 0 0 0 3 1 3
0.0048020459531163 0 0 0 3 2 2
-0.0202125464462449 0 0 0 3 3 0
0.0407914362799822 0 0 0 3 3 1
-0.0202125464462449 0 0 0 3 3 3
0.0242008296905866 0 0 1 0 0 0
0.0089762187039005 0 0 1 0 0 1
0.0242008296905866 0 0 1 0 0 3
-0.0090320358193824 0 0 1 0 1 0
0.0274944933311224 0 0 1 0 1 1
-0.0370892185446991 0 0 1 0 1 3
-0.0274944933311224 0 0 1 0 2 2
-0.0242008296905866 0 0 1 0 3 0
0.0090480904906298 0 0 1 0 3 1
-0.0242008296905866 0 0 1 0 3 3
0.0101592908693969 0 0 1 1 0 0
-0.0061525193413187 0 0 1 1 0 1
-0.0101592908693969 0 0 1 1 0 3
0.0006836824497874 0 0 1 1 1 0
0.0243863148482448 0 0 1 1 1 1
-0.0006836824497874 0 0 1 1 1 3
-0.0243863148482448 0 0 1 1 2 2
0.0101592908693969 0 0 1 1 3 0
0.0061525193413187 0 0 1 1 3 1
-0.0101592908693969 0 0 1 1 3 3
0.0061525193413187 0 0 1 2 0 2
0.0243863148482448 0 0 1 2 1 2
0.0006836824497874 0 0 1 2 2 0
0.0243863148482448 0 0 1 2 2 1
-0.0006836824497874 0 0 1 2 2 3
-0.0061525193413187 0 0 1 2 3 2
-0.0242008296905866 0 0 1 3 0 0
0.0052404693665188 0 0 1 3 0 1
-0.0242008296905866 0 0 1 3 0 3
0.0238616391521702 0 0 1 3 1 0
-0.0689403781189795 0 0 1 3 1 1
0.0222596152119112 0 0 1 3 1 3
0.0689403781189795 0 0 1 3 2 2
0.0242008296905866 0 0 1 3 3 0
0.0051685975797895 0 0 1 3 3 1
0.0242008296905866 0 0 1 3 3 3
-0.0347003493661631 0 0 2 0 0 2
-0.0274944933311224 0 0 2 0 1 2
0.0222596152119112 0 0 2 0 2 0
-0.0274944933311224 0 0 2 0 2 1
0.0238616391521702 0 0 2 0 2 3
-0.0347722211528924 0 0 2 0 3 2
0.0061525193413187 0 0 2 1 0 2
0.0178975422558267 0 0 2 1 1 2
-0.0006836824497874 0 0 2 1 2 0
0.0178975422558267 0 0 2 1 2 1
0.0006836824497874 0 0 2 1 2 3
-0.0061525193413187 0 0 2 1 3 2
0.0101592908693969 0 0 2 2 0 0
0.0061525193413187 0 0 2 2 0 1
-0.0101592908693969 0 0 2 2 0 3
0.0006836824497874 0 0 2 2 1 0
-0.0178975422558267 0 0 2 2 1 1
-0.0006836824497874 0 0 2 2 1 3
0.0178975422558267 0 0 2 2 2 2
0.0101592908693969 0 0 2 2 3 0
-0.0061525193413187 0 0 2 2 3 1
-0.0101592908693969 0 0 2 2 3 3
-0.0385798422770034 0 0 2 3 0 2
0.0689403781189795 0 0 2 3 1 2
-0.0370892185446991 0 0 2 3 2 0
0.0689403781189795 0 0 2 3 2 1
-0.0090320358193824 0 0 2 3 2 3
-0.0385079704902741 0 0 2 3 3 2
-0.0202125464462449 0 0 3 0 0 0
0.0308003489242408 0 0 3 0 0 1
-0.0202125464462449 0 0 3 0 0 3
-0.0179306506808052 0 0 3 0 1 0
-0.0048020459531163 0 0 3 0 1 1
0.0212844439891282 0 0 3 0 1 3
0.0046667727574544 0 0 3 0 2 2
-0.0202125464462449 0 0 3 0 3 0
-0.0468632787052493 0 0 3 0 3 1
-0.0202125464462449 0 0 3 0 3 3
0.0420280682808426 0 0 3 1 0 0
0.0125148978725258 0 0 3 1 0 1
0.0420280682808426 0 0 3 1 0 3
0.0191609234817951 0 0 3 1 1 0
-0.0018386127216106 0 0 3 1 1 1
0.0191609234817951 0 0 3 1 1 3
0.0010101025936709 0 0 3 1 2 2
-0.0420280682808426 0 0 3 1 3 0
-0.0125148978725258 0 0 3 1 3 1
-0.0420280682808426 0 0 3 1 3 3
-0.0125148978725258 0 0 3 2 0 2
-0.0107587407641404 0 0 3 2 1 2
0.0191609234817951 0 0 3 2 2 0
-0.0099302306362006 0 0 3 2 2 1
0.0191609234817951 0 0 3 2 2 3
0.0125148978725258 0 0 3 2 3 2
-0.0202125464462449 0 0 3 3 0 0
-0.030319053693288 0 0 3 3 0 1
-0.0202125464462449 0 0 3 3 0 3
0.0235295741570926 0 0 3 3 1 0
0.0046667727574544 0 0 3 3 1 1
-0.0201757808487695 0 0 3 3 1 3
-0.0048020459531163 0 0 3 3 2 2
-0.0202125464462449 0 0 3 3 3 0
0.0142561239122795 0 0 3 3 3 1
-0.0202125464462449 0 0 3 3 3 3
0.0015391625998733 0 1 0 0 1 0
0.0342001801381668 0 1 0 0 1 1
0.0027080419803673 0 1 0 0 1 3
0.0342001801381668 0 1 0 0 2 2
0.0171333668720681 0 1 0 1 0 0
-0.0124962055233638 0 1 0 1 0 1
-0.0119949744596953 0 1 0 1 0 3
0.0159101934646228 0 1 0 1 1 0
-0.0230476483629708 0 1 0 1 1 1
-0.0159101934646228 0 1 0 1 1 3
0.0230476483629708 0 1 0 1 2 2
0.0171333668720681 0 1 0 1 3 0
-0.0040774383888934 0 1 0 1 3 1
-0.0119949744596953 0 1 0 1 3 3
0.0040774383888934 0 1 0 2 0 2
0.0230476483629708 0 1 0 2 1 2
0.0159101934646228 0 1 0 2 2 0
0.0230476483629708 0 1 0 2 2 1
-0.0159101934646228 0 1 0 2 2 3
0.0124962055233638 0 1 0 2 3 2
0.0027080419803673 0 1 0 3 1 0
-0.0342001801381668 0 1 0 3 1 1
0.0015391625998733 0 1 0 3 1 3
-0.0342001801381668 0 1 0 3 2 2
-0.019196591987336 0 1 1 0 0 0
0.0332401264865012 0 1 1 0 0 1
-0.019196591987336 0 1 1 0 0 3
-0.0253604270593095 0 1 1 0 1 0
-0.0004555752616708 0 1 1 0 1 1
0.0253604270593095 0 1 1 0 1 3
0.0004555752616708 0 1 1 0 2 2
-0.019196591987336 0 1 1 0 3 0
-0.0332401264865012 0 1 1 0 3 1
-0.019196591987336 0 1 1 0 3 3
-0.0031027725313406 0 1 1 1 0 0
-0.0285739373199538 0 1 1 1 0 1
-0.0238154716741524 0 1 1 1 0 3
-0.017620598339632 0 1 1 1 1 0
-0.0123085536363015 0 1 1 1 1 1
0.0187542611161069 0 1 1 1 1 3
-0.0194795022767201 0 1 1 1 2 2
0.0015393203872689 0 1 1 1 3 0
0.0019059994301829 0 1 1 1 3 1
-0.0191733787555429 0 1 1 1 3 3
-0.0317741927752342 0 1 1 2 0 2
-0.0123085536363015 0 1 1 2 1 2
0.0187542611161069 0 1 1 2 2 0
0.0194795022767201 0 1 1 2 2 1
-0.017620598339632 0 1 1 2 2 3
0.0051062548854633 0 1 1 2 3 2
-0.019196591987336 0 1 1 3 0 0
0.0332401264865012 0 1 1 3 0 1
-0.019196591987336 0 1 1 3 0 3
-0.0253604270593095 0 1 1 3 1 0
0.0004555752616708 0 1 1 3 1 1
0.0253604270593095 0 1 1 3 1 3
-0.0004555752616708 0 1 1 3 2 2
-0.019196591987336 0 1 1 3 3 0
-0.0332401264865012 0 1 1 3 3 1
-0.019196591987336 0 1 1 3 3 3
0.0332401264865012 0 1 2 0 0 2
0.0161175888044532 0 1 2 0 1 2
-0.0253604270593095 0 1 2 0 2 0
0.0161175888044532 0 1 2 0 2 1
0.0253604270593095 0 1 2 0 2 3
-0.0332401264865012 0 1 2 0 3 2
0.0285739373199538 0 1 2 1 0 2
-0.0123085536363015 0 1 2 1 1 2
0.017620598339632 0 1 2 1 2 0
0.0194795022767201 0 1 2 1 2 1
-0.0187542611161069 0 1 2 1 2 3
-0.0019059994301829 0 1 2 1 3 2
0.0414701767321891 0 1 2 2 0 0
-0.0317741927752342 0 1 2 2 0 1
0.0207574775893773 0 1 2 2 0 3
0.0187542611161069 0 1 2 2 1 0
0.0123085536363015 0 1 2 2 1 1
-0.017620598339632 0 1 2 2 1 3
0.0194795022767201 0 1 2 2 2 2
0.0368280838135796 0 1 2 2 3 0
0.0051062548854633 0 1 2 2 3 1
0.0161153846707678 0 1 2 2 3 3
0.0332401264865012 0 1 2 3 0 2
-0.0161175888044532 0 1 2 3 1 2
-0.0253604270593095 0 1 2 3 2 0
-0.0161175888044532 0 1 2 3 2 1
0.0253604270593095 0 1 2 3 2 3
-0.0332401264865012 0 1 2 3 3 2
0.0015391625998733 0 1 3 0 1 0
0.0342001801381668 0 1 3 0 1 1
0.0027080419803673 0 1 3 0 1 3
0.0342001801381668 0 1 3 0 2 2
0.0119949744596953 0 1 3 1 0 0
0.0124962055233638 0 1 3 1 0 1
-0.0171333668720681 0 1 3 1 0 3
0.0159101934646228 0 1 3 1 1 0
0.0230476483629708 0 1 3 1 1 1
-0.0159101934646228 0 1 3 1 1 3
-0.0230476483629708 0 1 3 1 2 2
0.0119949744596953 0 1 3 1 3 0
0.0040774383888934 0 1 3 1 3 1
-0.0171333668720681 0 1 3 1 3 3
-0.0040774383888934 0 1 3 2 0 2
-0.0230476483629708 0 1 3 2 1 2
0.0159101934646228 0 1 3 2 2 0
-0.0230476483629708 0 1 3 2 2 1
-0.0159101934646228 0 1 3 2 2 3
-0.0124962055233638 0 1 3 2 3 2
0.0027080419803673 0 1 3 3 1 0
-0.0342001801381668 0 1 3 3 1 1
0.0015391625998733 0 1 3 3 1 3
-0.0342001801381668 0 1 3 3 2 2
-0.0342001801381668 0 2 0 0 1 2
0.0027080419803673 0 2 0 0 2 0
0.0342001801381668 0 2 0 0 2 1
0.0015391625998733 0 2 0 0 2 3
0.0124962055233638 0 2 0 1 0 2
-0.0230476483629708 0 2 0 1 1 2
0.0159101934646228 0 2 0 1 2 0
-0.0230476483629708 0 2 0 1 2 1
-0.0159101934646228 0 2 0 1 2 3
0.0040774383888934 0 2 0 1 3 2
0.0119949744596953 0 2 0 2 0 0
0.0040774383888934 0 2 0 2 0 1
-0.0171333668720681 0 2 0 2 0 3
-0.0159101934646228 0 2 0 2 1 0
-0.0230476483629708 0 2 0 2 1 1
0.0159101934646228 0 2 0 2 1 3
0.0230476483629708 0 2 0 2 2 2
0.0119949744596953 0 2 0 2 3 0
0.0124962055233638 0 2 0 2 3 1
-0.0171333668720681 0 2 0 2 3 3
0.0342001801381668 0 2 0 3 1 2
0.0015391625998733 0 2 0 3 2 0
-0.0342001801381668 0 2 0 3 2 1
0.0027080419803673 0 2 0 3 2 3
0.0332401264865012 0 2 1 0 0 2
0.0161175888044532 0 2 1 0 1 2
0.0253604270593095 0 2 1 0 2 0
0.0161175888044532 0 2 1 0 2 1
-0.0253604270593095 0 2 1 0 2 3
-0.0332401264865012 0 2 1 0 3 2
0.0019059994301829 0 2 1 1 0 2
0.0123085536363015 0 2 1 1 1 2
-0.017620598339632 0 2 1 1 2 0
-0.0194795022767201 0 2 1 1 2 1
0.0187542611161069 0 2 1 1 2 3
-0.0285739373199538 0 2 1 1 3 2
0.0015393203872689 0 2 1 2 0 0
-0.0051062548854633 0 2 1 2 0 1
-0.0191733787555429 0 2 1 2 0 3
-0.0187542611161069 0 2 1 2 1 0
-0.0123085536363015 0 2 1 2 1 1
0.017620598339632 0 2 1 2 1 3
-0.0194795022767201 0 2 1 2 2 2
-0.0031027725313406 0 2 1 2 3 0
0.0317741927752342 0 2 1 2 3 1
-0.0238154716741524 0 2 1 2 3 3
0.0332401264865012 0 2 1 3 0 2
-0.0161175888044532 0 2 1 3 1 2
0.0253604270593095 0 2 1 3 2 0
-0.0161175888044532 0 2 1 3 2 1
-0.0253604270593095 0 2 1 3 2 3
-0.0332401264865012 0 2 1 3 3 2
-0.019196591987336 0 2 2 0 0 0
-0.0332401264865012 0 2 2 0 0 1
-0.019196591987336 0 2 2 0 0 3
-0.0253604270593095 0 2 2 0 1 0
0.0004555752616708 0 2 2 0 1 1
0.0253604270593095 0 2 2 0 1 3
-0.0004555752616708 0 2 2 0 2 2
-0.019196591987336 0 2 2 0 3 0
0.0332401264865012 0 2 2 0 3 1
-0.019196591987336 0 2 2 0 3 3
-0.0368280838135796 0 2 2 1 0 0
0.0019059994301829 0 2 2 1 0 1
-0.0161153846707678 0 2 2 1 0 3
-0.017620598339632 0 2 2 1 1 0
-0.0123085536363015 0 2 2 1 1 1
0.0187542611161069 0 2 2 1 1 3
-0.0194795022767201 0 2 2 1 2 2
-0.0414701767321891 0 2 2 1 3 0
-0.0285739373199538 0 2 2 1 3 1
-0.0207574775893773 0 2 2 1 3 3
0.0051062548854633 0 2 2 2 0 2
-0.0123085536363015 0 2 2 2 1 2
0.0187542611161069 0 2 2 2 2 0
0.0194795022767201 0 2 2 2 2 1
-0.017620598339632 0 2 2 2 2 3
-0.0317741927752342 0 2 2 2 3 2
-0.019196591987336 0 2 2 3 0 0
-0.0332401264865012 0 2 2 3 0 1
-0.019196591987336 0 2 2 3 0 3
-0.0253604270593095 0 2 2 3 1 0
-0.0004555752616708 0 2 2 3 1 1
0.0253604270593095 0 2 2 3 1 3
0.0004555752616708 0 2 2 3 2 2
-0.019196591987336 0 2 2 3 3 0
0.0332401264865012 0 2 2 3 3 1
-0.019196591987336 0 2 2 3 3 3
-0.0342001801381668 0 2 3 0 1 2
0.0027080419803673 0 2 3 0 2 0
0.0342001801381668 0 2 3 0 2 1
0.0015391625998733 0 2 3 0 2 3
-0.0124962055233638 0 2 3 1 0 2
0.0230476483629708 0 2 3 1 1 2
0.0159101934646228 0 2 3 1 2 0
0.0230476483629708 0 2 3 1 2 1
-0.0159101934646228 0 2 3 1 2 3
-0.0040774383888934 0 2 3 1 3 2
0.0171333668720681 0 2 3 2 0 0
-0.0040774383888934 0 2 3 2 0 1
-0.0119949744596953 0 2 3 2 0 3
-0.0159101934646228 0 2 3 2 1 0
0.0230476483629708 0 2 3 2 1 1
0.0159101934646228 0 2 3 2 1 3
-0.0230476483629708 0 2 3 2 2 2
0.0171333668720681 0 2 3 2 3 0
-0.0124962055233638 0 2 3 2 3 1
-0.0119949744596953 0 2 3 2 3 3
0.0342001801381668 0 2 3 3 1 2
0.0015391625998733 0 2 3 3 2 0
-0.0342001801381668 0 2 3 3 2 1
0.0027080419803673 0 2 3 3 2 3
0.0202125464462449 0 3 0 0 0 0
0.0407914362799822 0 3 0 0 0 1
0.0202125464462449 0 3 0 0 0 3
0.0235295741570926 0 3 0 0 1 0
0.0046667727574544 0 3 0 0 1 1
-0.0201757808487695 0 3 0 0 1 3
-0.0048020459531163 0 3 0 0 2 2
0.0202125464462449 0 3 0 0 3 0
-0.036872191349508 0 3 0 0 3 1
0.0202125464462449 0 3 0 0 3 3
-0.0078441380681847 0 3 0 1 0 0
0.0003396232357144 0 3 0 1 0 1
-0.0078441380681847 0 3 0 1 0 3
-0.0191609234817951 0 3 0 1 1 0
-0.0116758666590245 0 3 0 1 1 1
-0.0191609234817951 0 3 0 1 1 3
0.0125043767869643 0 3 0 1 2 2
0.0078441380681847 0 3 0 1 3 0
-0.0003396232357144 0 3 0 1 3 1
0.0078441380681847 0 3 0 1 3 3
-0.0003396232357144 0 3 0 2 0 2
-0.0027557386164948 0 3 0 2 1 2
-0.0191609234817951 0 3 0 2 2 0
-0.0035842487444346 0 3 0 2 2 1
-0.0191609234817951 0 3 0 2 2 3
0.0003396232357144 0 3 0 2 3 2
0.0202125464462449 0 3 0 3 0 0
-0.0203279663375466 0 3 0 3 0 1
0.0202125464462449 0 3 0 3 0 3
-0.0179306506808052 0 3 0 3 1 0
-0.0048020459531163 0 3 0 3 1 1
0.0212844439891282 0 3 0 3 1 3
0.0046667727574544 0 3 0 3 2 2
0.0202125464462449 0 3 0 3 3 0
0.0242472112680208 0 3 0 3 3 1
0.0202125464462449 0 3 0 3 3 3
0.0092214849849296 0 3 1 0 0 0
0.0052404693665188 0 3 1 0 0 1
0.0092214849849296 0 3 1 0 0 3
0.0370892185446991 0 3 1 0 1 0
-0.0689403781189795 0 3 1 0 1 1
0.0090320358193824 0 3 1 0 1 3
0.0689403781189795 0 3 1 0 2 2
-0.0092214849849296 0 3 1 0 3 0
0.0051685975797895 0 3 1 0 3 1
-0.0092214849849296 0 3 1 0 3 3
-0.0101592908693969 0 3 1 1 0 0
-0.0061525193413187 0 3 1 1 0 1
0.0101592908693969 0 3 1 1 0 3
-0.0006836824497874 0 3 1 1 1 0
-0.0178975422558267 0 3 1 1 1 1
0.0006836824497874 0 3 1 1 1 3
0.0178975422558267 0 3 1 1 2 2
-0.0101592908693969 0 3 1 1 3 0
0.0061525193413187 0 3 1 1 3 1
0.0101592908693969 0 3 1 1 3 3
0.0061525193413187 0 3 1 2 0 2
-0.0178975422558267 0 3 1 2 1 2
-0.0006836824497874 0 3 1 2 2 0
-0.0178975422558267 0 3 1 2 2 1
0.0006836824497874 0 3 1 2 2 3
-0.0061525193413187 0 3 1 2 3 2
-0.0092214849849296 0 3 1 3 0 0
0.0089762187039005 0 3 1 3 0 1
-0.0092214849849296 0 3 1 3 0 3
-0.0222596152119112 0 3 1 3 1 0
0.0274944933311224 0 3 1 3 1 1
-0.0238616391521702 0 3 1 3 1 3
-0.0274944933311224 0 3 1 3 2 2
0.0092214849849296 0 3 1 3 3 0
0.0090480904906298 0 3 1 3 3 1
0.0092214849849296 0 3 1 3 3 3
-0.0385798422770034 0 3 2 0 0 2
0.0689403781189795 0 3 2 0 1 2
-0.0238616391521702 0 3 2 0 2 0
0.0689403781189795 0 3 2 0 2 1
-0.0222596152119112 0 3 2 0 2 3
-0.0385079704902741 0 3 2 0 3 2
0.0061525193413187 0 3 2 1 0 2
-0.0243863148482448 0 3 2 1 1 2
0.0006836824497874 0 3 2 1 2 0
-0.0243863148482448 0 3 2 1 2 1
-0.0006836824497874 0 3 2 1 2 3
-0.0061525193413187 0 3 2 1 3 2
-0.0101592908693969 0 3 2 2 0 0
0.0061525193413187 0 3 2 2 0 1
0.0101592908693969 0 3 2 2 0 3
-0.0006836824497874 0 3 2 2 1 0
0.0243863148482448 0 3 2 2 1 1
0.0006836824497874 0 3 2 2 1 3
-0.0243863148482448 0 3 2 2 2 2
-0.0101592908693969 0 3 2 2 3 0
-0.0061525193413187 0 3 2 2 3 1
0.0101592908693969 0 3 2 2 3 3
-0.0347003493661631 0 3 2 3 0 2
-0.0274944933311224 0 3 2 3 1 2
0.0090320358193824 0 3 2 3 2 0
-0.0274944933311224 0 3 2 3 2 1
0.0370892185446991 0 3 2 3 2 3
-0.0347722211528924 0 3 2 3 3 2
0.0202125464462449 0 3 3 0 0 0
0.0142561239122795 0 3 3 0 0 1
0.0202125464462449 0 3 3 0 0 3
0.0201757808487695 0 3 3 0 1 0
-0.0046667727574544 0 3 3 0 1 1
-0.0235295741570926 0 3 3 0 1 3
0.0048020459531163 0 3 3 0 2 2
0.0202125464462449 0 3 3 0 3 0
-0.030319053693288 0 3 3 0 3 1
0.0202125464462449 0 3 3 0 3 3
0.0420280682808426 0 3 3 1 0 0
0.0125148978725258 0 3 3 1 0 1
0.0420280682808426 0 3 3 1 0 3
0.0191609234817951 0 3 3 1 1 0
-0.0107587407641404 0 3 3 1 1 1
0.0191609234817951 0 3 3 1 1 3
0.0099302306362006 0 3 3 1 2 2
-0.0420280682808426 0 3 3 1 3 0
-0.0125148978725258 0 3 3 1 3 1
-0.0420280682808426 0 3 3 1 3 3
-0.0125148978725258 0 3 3 2 0 2
-0.0018386127216106 0 3 3 2 1 2
0.0191609234817951 0 3 3 2 2 0
-0.0010101025936709 0 3 3 2 2 1
0.0191609234817951 0 3 3 2 2 3
0.0125148978725258 0 3 3 2 3 2
0.0202125464462449 0 3 3 3 0 0
-0.0468632787052493 0 3 3 3 0 1
0.0202125464462449 0 3 3 3 0 3
-0.0212844439891282 0 3 3 3 1 0
0.0048020459531163 0 3 3 3 1 1
0.0179306506808052 0 3 3 3 1 3
-0.0046667727574544 0 3 3 3 2 2
0.0202125464462449 0 3 3 3 3 0
0.0308003489242408 0 3 3 3 3 1
0.0202125464462449 0 3 3 3 3 3
0.0242710071237563 1 0 0 0 0 0
0.0210883393338578 1 0 0 0 0 1
0.0330559335874465 1 0 0 0 0 3
-0.0084171565730423 1 0 0 0 1 0
0.0257313886835214 1 0 0 0 1 1
-0.0084171565730423 1 0 0 0 1 3
0.0257313886835214 1 0 0 0 2 2
-0.0211123981015035 1 0 0 0 3 0
0.0210883393338578 1 0 0 0 3 1
-0.0362145426096994 1 0 0 0 3 3
-0.0082380947782016 1 0 0 1 0 0
0.015254851448013 1 0 0 1 0 1
0.0088315144905353 1 0 0 1 0 3
-0.0546948112936387 1 0 0 1 1 0
0.0048932998658701 1 0 0 1 1 1
0.0340813960815216 1 0 0 1 1 3
0.0048932998658701 1 0 0 1 2 2
-0.0648209206917364 1 0 0 1 3 0
0.015254851448013 1 0 0 1 3 1
-0.0052404986208651 1 0 0 1 3 3
0.029770277391848 1 0 0 2 0 2
-0.0132696157815563 1 0 0 2 1 2
0.0546948112936387 1 0 0 2 2 0
0.0132696157815563 1 0 0 2 2 1
-0.0340813960815216 1 0 0 2 2 3
0.029770277391848 1 0 0 2 3 2
-0.0706118477052038 1 0 0 3 0 0
-0.0210883393338578 1 0 0 3 0 1
0.0237911603229711 1 0 0 3 0 3
0.0076483511167671 1 0 0 3 1 0
0.0146758929213546 1 0 0 3 1 1
0.0076483511167671 1 0 0 3 1 3
0.0146758929213546 1 0 0 3 2 2
-0.0357346958089141 1 0 0 3 3 0
-0.0210883393338578 1 0 0 3 3 1
0.0825553831911469 1 0 0 3 3 3
0.0097947319716516 1 0 1 0 0 0
0.0194256794338952 1 0 1 0 0 1
-0.0097947319716516 1 0 1 0 0 3
-0.0049693452743866 1 0 1 0 1 0
0.0049693452743866 1 0 1 0 1 3
0.0097947319716516 1 0 1 0 3 0
0.0194256794338952 1 0 1 0 3 1
-0.0097947319716516 1 0 1 0 3 3
-0.0025472613939038 1 0 1 1 0 0
-0.0254676919739225 1 0 1 1 0 1
-0.0025472613939038 1 0 1 1 0 3
-0.0191737583229289 1 0 1 1 1 1
-0.005999065678157 1 0 1 1 2 2
-0.0025472613939038 1 0 1 1 3 0
0.0254676919739225 1 0 1 1 3 1
-0.0025472613939038 1 0 1 1 3 3
0.0254676919739225 1 0 1 2 0 2
0.0191737583229289 1 0 1 2 1 2
-0.005999065678157 1 0 1 2 2 1
-0.0254676919739225 1 0 1 2 3 2
-0.0019089744609002 1 0 1 3 0 0
-0.0194256794338952 1 0 1 3 0 1
0.0019089744609002 1 0 1 3 0 3
0.0245808391448982 1 0 1 3 1 0
-0.0245808391448982 1 0 1 3 1 3
-0.0019089744609002 1 0 1 3 3 0
-0.0194256794338952 1 0 1 3 3 1
0.0019089744609002 1 0 1 3 3 3
0.0194256794338952 1 0 2 0 0 2
-0.0194118372169483 1 0 2 0 2 0
0.0194118372169483 1 0 2 0 2 3
0.0194256794338952 1 0 2 0 3 2
-0.0254676919739225 1 0 2 1 0 2
0.0191737583229289 1 0 2 1 1 2
-0.005999065678157 1 0 2 1 2 1
0.0254676919739225 1 0 2 1 3 2
0.0025472613939038 1 0 2 2 0 0
-0.0254676919739225 1 0 2 2 0 1
0.0025472613939038 1 0 2 2 0 3
0.0191737583229289 1 0 2 2 1 1
0.005999065678157 1 0 2 2 2 2
0.0025472613939038 1 0 2 2 3 0
0.0254676919739225 1 0 2 2 3 1
0.0025472613939038 1 0 2 2 3 3
-0.0194256794338952 1 0 2 3 0 2
-0.0001996566535633 1 0 2 3 2 0
0.0001996566535633 1 0 2 3 2 3
-0.0194256794338952 1 0 2 3 3 2
0.0211123981015035 1 0 3 0 0 0
0.0210883393338578 1 0 3 0 0 1
0.0362145426096994 1 0 3 0 0 3
-0.0007680168871589 1 0 3 0 1 0
-0.0146758929213546 1 0 3 0 1 1
-0.0007680168871589 1 0 3 0 1 3
-0.0146758929213546 1 0 3 0 2 2
-0.0242710071237563 1 0 3 0 3 0
0.0210883393338578 1 0 3 0 3 1
-0.0330559335874465 1 0 3 0 3 3
0.0264959050219323 1 0 3 1 0 0
0.015254851448013 1 0 3 1 0 1
0.0435655142906692 1 0 3 1 0 3
-0.0340813960815216 1 0 3 1 1 0
-0.0132696157815563 1 0 3 1 1 1
0.0546948112936387 1 0 3 1 1 3
-0.0132696157815563 1 0 3 1 2 2
-0.0300869208916024 1 0 3 1 3 0
0.015254851448013 1 0 3 1 3 1
0.0294935011792688 1 0 3 1 3 3
0.029770277391848 1 0 3 2 0 2
0.0048932998658701 1 0 3 2 1 2
0.0340813960815216 1 0 3 2 2 0
-0.0048932998658701 1 0 3 2 2 1
-0.0546948112936387 1 0 3 2 2 3
0.029770277391848 1 0 3 2 3 2
0.0357346958089141 1 0 3 3 0 0
-0.0210883393338578 1 0 3 3 0 1
-0.0825553831911469 1 0 3 3 0 3
-0.006879487993458 1 0 3 3 1 0
-0.0257313886835214 1 0 3 3 1 1
-0.006879487993458 1 0 3 3 1 3
-0.0257313886835214 1 0 3 3 2 2
0.0706118477052038 1 0 3 3 3 0
-0.0210883393338578 1 0 3 3 3 1
-0.0237911603229711 1 0 3 3 3 3
-0.0165353881557798 1 1 0 0 0 0
-0.0005914119739426 1 1 0 0 0 1
0.0165353881557798 1 1 0 0 0 3
0.0189090350600878 1 1 0 0 1 0
-0.011198772541961 1 1 0 0 1 1
-0.0189090350600878 1 1 0 0 1 3
0.0100115962779772 1 1 0 0 2 2
-0.0471971374315045 1 1 0 0 3 0
0.0005914119739426 1 1 0 0 3 1
0.0471971374315045 1 1 0 0 3 3
-0.0058144289831497 1 1 0 1 0 0
-0.014151676209335 1 1 0 1 0 1
0.0058144289831497 1 1 0 1 0 3
-0.0342062675719057 1 1 0 1 1 0
-0.0538289861477433 1 1 0 1 1 3
0.0058144289831497 1 1 0 1 3 0
-0.014151676209335 1 1 0 1 3 1
-0.0058144289831497 1 1 0 1 3 3
0.014151676209335 1 1 0 2 0 2
0.0228562072600152 1 1 0 2 2 0
0.0424789258358528 1 1 0 2 2 3
0.014151676209335 1 1 0 2 3 2
-0.0165353881557798 1 1 0 3 0 0
-0.0005914119739426 1 1 0 3 0 1
0.0165353881557798 1 1 0 3 0 3
0.0189090350600878 1 1 0 3 1 0
0.011198772541961 1 1 0 3 1 1
-0.0189090350600878 1 1 0 3 1 3
-0.0100115962779772 1 1 0 3 2 2
-0.0471971374315045 1 1 0 3 3 0
0.0005914119739426 1 1 0 3 3 1
0.0471971374315045 1 1 0 3 3 3
0.0168391788788347 1 1 1 0 0 0
0.0079221521301887 1 1 1 0 0 1
0.0102635193448563 1 1 1 0 0 3
-0.0346019921140117 1 1 1 0 1 0
0.0049181408714065 1 1 1 0 1 3
0.0102635193448563 1 1 1 0 3 0
-0.0257752709765644 1 1 1 0 3 1
0.0168391788788347 1 1 1 0 3 3
0.0071219312742482 1 1 1 1 0 0
-0.026086175775055 1 1 1 1 0 1
-0.0071219312742482 1 1 1 1 0 3
0.000792174782694 1 1 1 1 1 0
-0.0079586595468187 1 1 1 1 1 1
0.0231196617661117 1 1 1 1 1 3
0.0079586595468187 1 1 1 1 2 2
-0.0071219312742482 1 1 1 1 3 0
-0.026086175775055 1 1 1 1 3 1
0.0071219312742482 1 1 1 1 3 3
0.0010344562544865 1 1 1 2 0 2
0.0079586595468187 1 1 1 2 1 2
0.000792174782694 1 1 1 2 2 0
0.0079586595468187 1 1 1 2 2 1
0.0231196617661117 1 1 1 2 2 3
0.0010344562544865 1 1 1 2 3 2
0.0102635193448563 1 1 1 3 0 0
0.0435508951454492 1 1 1 3 0 1
0.0168391788788347 1 1 1 3 0 3
-0.0049181408714065 1 1 1 3 1 0
0.0346019921140117 1 1 1 3 1 3
0.0168391788788347 1 1 1 3 3 0
0.0098534720386962 1 1 1 3 3 1
0.0102635193448563 1 1 1 3 3 3
-0.0098534720386962 1 1 2 0 0 2
0.0049181408714065 1 1 2 0 2 0
-0.0346019921140117 1 1 2 0 2 3
-0.0435508951454492 1 1 2 0 3 2
0.0101316804223167 1 1 2 1 0 2
-0.0079586595468187 1 1 2 1 1 2
0.000792174782694 1 1 2 1 2 0
-0.0079586595468187 1 1 2 1 2 1
0.0231196617661117 1 1 2 1 2 3
0.0101316804223167 1 1 2 1 3 2
-0.0071219312742482 1 1 2 2 0 0
0.0351833999428853 1 1 2 2 0 1
0.0071219312742482 1 1 2 2 0 3
-0.000792174782694 1 1 2 2 1 0
-0.0079586595468187 1 1 2 2 1 1
-0.0231196617661117 1 1 2 2 1 3
0.0079586595468187 1 1 2 2 2 2
0.0071219312742482 1 1 2 2 3 0
0.0351833999428853 1 1 2 2 3 1
-0.0071219312742482 1 1 2 2 3 3
0.0257752709765644 1 1 2 3 0 2
0.0346019921140117 1 1 2 3 2 0
-0.0049181408714065 1 1 2 3 2 3
-0.0079221521301887 1 1 2 3 3 2
-0.0165353881557798 1 1 3 0 0 0
0.0358091052035725 1 1 3 0 0 1
0.0165353881557798 1 1 3 0 0 3
-0.0189090350600878 1 1 3 0 1 0
0.0100115962779772 1 1 3 0 1 1
0.0189090350600878 1 1 3 0 1 3
-0.011198772541961 1 1 3 0 2 2
-0.0471971374315045 1 1 3 0 3 0
-0.0358091052035725 1 1 3 0 3 1
0.0471971374315045 1 1 3 0 3 3
-0.0058144289831497 1 1 3 1 0 0
-0.014151676209335 1 1 3 1 0 1
0.0058144289831497 1 1 3 1 0 3
-0.0504378518634224 1 1 3 1 1 0
-0.07006057043926 1 1 3 1 1 3
0.0058144289831497 1 1 3 1 3 0
-0.014151676209335 1 1 3 1 3 1
-0.0058144289831497 1 1 3 1 3 3
0.014151676209335 1 1 3 2 0 2
0.0066246229684985 1 1 3 2 2 0
0.0262473415443361 1 1 3 2 2 3
0.014151676209335 1 1 3 2 3 2
-0.0165353881557798 1 1 3 3 0 0
0.0358091052035725 1 1 3 3 0 1
0.0165353881557798 1 1 3 3 0 3
-0.0189090350600878 1 1 3 3 1 0
-0.0100115962779772 1 1 3 3 1 1
0.0189090350600878 1 1 3 3 1 3
0.011198772541961 1 1 3 3 2 2
-0.0471971374315045 1 1 3 3 3 0
-0.0358091052035725 1 1 3 3 3 1
0.0471971374315045 1 1 3 3 3 3
-0.0005914119739426 1 2 0 0 0 2
-0.0100115962779772 1 2 0 0 1 2
0.0189090350600878 1 2 0 0 2 0
-0.011198772541961 1 2 0 0 2 1
-0.0189090350600878 1 2 0 0 2 3
0.0005914119739426 1 2 0 0 3 2
0.014151676209335 1 2 0 1 0 2
-0.0228562072600152 1 2 0 1 2 0
-0.0424789258358528 1 2 0 1 2 3
0.014151676209335 1 2 0 1 3 2
-0.0058144289831497 1 2 0 2 0 0
0.014151676209335 1 2 0 2 0 1
0.0058144289831497 1 2 0 2 0 3
-0.0342062675719057 1 2 0 2 1 0
-0.0538289861477433 1 2 0 2 1 3
0.0058144289831497 1 2 0 2 3 0
0.014151676209335 1 2 0 2 3 1
-0.0058144289831497 1 2 0 2 3 3
-0.0005914119739426 1 2 0 3 0 2
0.0100115962779772 1 2 0 3 1 2
0.0189090350600878 1 2 0 3 2 0
0.011198772541961 1 2 0 3 2 1
-0.0189090350600878 1 2 0 3 2 3
0.0005914119739426 1 2 0 3 3 2
-0.0257752709765644 1 2 1 0 0 2
0.0346019921140117 1 2 1 0 2 0
-0.0049181408714065 1 2 1 0 2 3
0.0079221521301887 1 2 1 0 3 2
-0.026086175775055 1 2 1 1 0 2
-0.0079586595468187 1 2 1 1 1 2
0.000792174782694 1 2 1 1 2 0
-0.0079586595468187 1 2 1 1 2 1
0.0231196617661117 1 2 1 1 2 3
-0.026086175775055 1 2 1 1 3 2
-0.0071219312742482 1 2 1 2 0 0
-0.0010344562544865 1 2 1 2 0 1
0.0071219312742482 1 2 1 2 0 3
-0.000792174782694 1 2 1 2 1 0
-0.0079586595468187 1 2 1 2 1 1
-0.0231196617661117 1 2 1 2 1 3
0.0079586595468187 1 2 1 2 2 2
0.0071219312742482 1 2 1 2 3 0
-0.0010344562544865 1 2 1 2 3 1
-0.0071219312742482 1 2 1 2 3 3
0.0098534720386962 1 2 1 3 0 2
0.0049181408714065 1 2 1 3 2 0
-0.0346019921140117 1 2 1 3 2 3
0.0435508951454492 1 2 1 3 3 2
0.0168391788788347 1 2 2 0 0 0
0.0435508951454492 1 2 2 0 0 1
0.0102635193448563 1 2 2 0 0 3
0.0049181408714065 1 2 2 0 1 0
-0.0346019921140117 1 2 2 0 1 3
0.0102635193448563 1 2 2 0 3 0
0.0098534720386962 1 2 2 0 3 1
0.0168391788788347 1 2 2 0 3 3
-0.0071219312742482 1 2 2 1 0 0
-0.0101316804223167 1 2 2 1 0 1
0.0071219312742482 1 2 2 1 0 3
-0.000792174782694 1 2 2 1 1 0
0.0079586595468187 1 2 2 1 1 1
-0.0231196617661117 1 2 2 1 1 3
-0.0079586595468187 1 2 2 1 2 2
0.0071219312742482 1 2 2 1 3 0
-0.0101316804223167 1 2 2 1 3 1
-0.0071219312742482 1 2 2 1 3 3
0.0351833999428853 1 2 2 2 0 2
-0.0079586595468187 1 2 2 2 1 2
-0.000792174782694 1 2 2 2 2 0
-0.0079586595468187 1 2 2 2 2 1
-0.0231196617661117 1 2 2 2 2 3
0.0351833999428853 1 2 2 2 3 2
0.0102635193448563 1 2 2 3 0 0
0.0079221521301887 1 2 2 3 0 1
0.0168391788788347 1 2 2 3 0 3
0.0346019921140117 1 2 2 3 1 0
-0.0049181408714065 1 2 2 3 1 3
0.0168391788788347 1 2 2 3 3 0
-0.0257752709765644 1 2 2 3 3 1
0.0102635193448563 1 2 2 3 3 3
0.0358091052035725 1 2 3 0 0 2
0.011198772541961 1 2 3 0 1 2
-0.0189090350600878 1 2 3 0 2 0
0.0100115962779772 1 2 3 0 2 1
0.0189090350600878 1 2 3 0 2 3
-0.0358091052035725 1 2 3 0 3 2
0.014151676209335 1 2 3 1 0 2
-0.0066246229684985 1 2 3 1 2 0
-0.0262473415443361 1 2 3 1 2 3
0.014151676209335 1 2 3 1 3 2
-0.0058144289831497 1 2 3 2 0 0
0.014151676209335 1 2 3 2 0 1
0.0058144289831497 1 2 3 2 0 3
-0.0504378518634224 1 2 3 2 1 0
-0.07006057043926 1 2 3 2 1 3
0.0058144289831497 1 2 3 2 3 0
0.014151676209335 1 2 3 2 3 1
-0.0058144289831497 1 2 3 2 3 3
0.0358091052035725 1 2 3 3 0 2
-0.011198772541961 1 2 3 3 1 2
-0.0189090350600878 1 2 3 3 2 0
-0.0100115962779772 1 2 3 3 2 1
0.0189090350600878 1 2 3 3 2 3
-0.0358091052035725 1 2 3 3 3 2
-0.0072410950153299 1 3 0 0 0 0
-0.0210883393338578 1 3 0 0 0 1
-0.0395795923669028 1 3 0 0 0 3
0.002671332825012 1 3 0 0 1 0
-0.0146758929213546 1 3 0 0 1 1
0.002671332825012 1 3 0 0 1 3
-0.0146758929213546 1 3 0 0 2 2
0.0276360568809598 1 3 0 0 3 0
-0.0210883393338578 1 3 0 0 3 1
0.019184630501273 1 3 0 0 3 3
-0.0088315144905353 1 3 0 1 0 0
0.029770277391848 1 3 0 1 0 1
0.0082380947782016 1 3 0 1 0 3
0.0069646956878721 1 3 0 1 1 0
-0.0132696157815563 1 3 0 1 1 1
-0.0275781108999892 1 3 0 1 1 3
-0.0132696157815563 1 3 0 1 2 2
0.0052404986208651 1 3 0 1 3 0
0.029770277391848 1 3 0 1 3 1
0.0648209206917364 1 3 0 1 3 3
0.015254851448013 1 3 0 2 0 2
0.0048932998658701 1 3 0 2 1 2
-0.0069646956878721 1 3 0 2 2 0
-0.0048932998658701 1 3 0 2 2 1
0.0275781108999892 1 3 0 2 2 3
0.015254851448013 1 3 0 2 3 2
0.0475952630346977 1 3 0 3 0 0
0.0210883393338578 1 3 0 3 0 1
0.0097316776765051 1 3 0 3 0 3
-0.0034401382812871 1 3 0 3 1 0
-0.0257313886835214 1 3 0 3 1 1
-0.0034401382812871 1 3 0 3 1 3
-0.0257313886835214 1 3 0 3 2 2
0.0022118578094379 1 3 0 3 3 0
0.0210883393338578 1 3 0 3 3 1
-0.0595387985206408 1 3 0 3 3 3
-0.0019089744609002 1 3 1 0 0 0
0.0194256794338952 1 3 1 0 0 1
0.0019089744609002 1 3 1 0 0 3
0.0002252219143512 1 3 1 0 1 0
-0.0002252219143512 1 3 1 0 1 3
-0.0019089744609002 1 3 1 0 3 0
0.0194256794338952 1 3 1 0 3 1
0.0019089744609002 1 3 1 0 3 3
0.0025472613939038 1 3 1 1 0 0
-0.0254676919739225 1 3 1 1 0 1
0.0025472613939038 1 3 1 1 0 3
0.0191737583229289 1 3 1 1 1 1
0.005999065678157 1 3 1 1 2 2
0.0025472613939038 1 3 1 1 3 0
0.0254676919739225 1 3 1 1 3 1
0.0025472613939038 1 3 1 1 3 3
0.0254676919739225 1 3 1 2 0 2
-0.0191737583229289 1 3 1 2 1 2
0.005999065678157 1 3 1 2 2 1
-0.0254676919739225 1 3 1 2 3 2
0.0097947319716516 1 3 1 3 0 0
-0.0194256794338952 1 3 1 3 0 1
-0.0097947319716516 1 3 1 3 0 3
-0.0293249625049336 1 3 1 3 1 0
0.0293249625049336 1 3 1 3 1 3
0.0097947319716516 1 3 1 3 3 0
-0.0194256794338952 1 3 1 3 3 1
-0.0097947319716516 1 3 1 3 3 3
0.0194256794338952 1 3 2 0 0 2
0.0241559605769837 1 3 2 0 2 0
-0.0241559605769837 1 3 2 0 2 3
0.0194256794338952 1 3 2 0 3 2
-0.0254676919739225 1 3 2 1 0 2
-0.0191737583229289 1 3 2 1 1 2
0.005999065678157 1 3 2 1 2 1
0.0254676919739225 1 3 2 1 3 2
-0.0025472613939038 1 3 2 2 0 0
-0.0254676919739225 1 3 2 2 0 1
-0.0025472613939038 1 3 2 2 0 3
-0.0191737583229289 1 3 2 2 1 1
-0.005999065678157 1 3 2 2 2 2
-0.0025472613939038 1 3 2 2 3 0
0.0254676919739225 1 3 2 2 3 1
-0.0025472613939038 1 3 2 2 3 3
-0.0194256794338952 1 3 2 3 0 2
0.0049437800135987 1 3 2 3 2 0
-0.0049437800135987 1 3 2 3 2 3
-0.0194256794338952 1 3 2 3 3 2
-0.0276360568809598 1 3 3 0 0 0
-0.0210883393338578 1 3 3 0 0 1
-0.019184630501273 1 3 3 0 0 3
-0.0118565062852132 1 3 3 0 1 0
0.0257313886835214 1 3 3 0 1 1
-0.0118565062852132 1 3 3 0 1 3
0.0257313886835214 1 3 3 0 2 2
0.0072410950153299 1 3 3 0 3 0
-0.0210883393338578 1 3 3 0 3 1
0.0395795923669028 1 3 3 0 3 3
-0.0435655142906692 1 3 3 1 0 0
0.029770277391848 1 3 3 1 0 1
-0.0264959050219323 1 3 3 1 0 3
0.0275781108999892 1 3 3 1 1 0
0.0048932998658701 1 3 3 1 1 1
-0.0069646956878721 1 3 3 1 1 3
0.0048932998658701 1 3 3 1 2 2
-0.0294935011792688 1 3 3 1 3 0
0.029770277391848 1 3 3 1 3 1
0.0300869208916024 1 3 3 1 3 3
0.015254851448013 1 3 3 2 0 2
-0.0132696157815563 1 3 3 2 1 2
-0.0275781108999892 1 3 3 2 2 0
0.0132696157815563 1 3 3 2 2 1
0.0069646956878721 1 3 3 2 2 3
0.015254851448013 1 3 3 2 3 2
-0.0022118578094379 1 3 3 3 0 0
0.0210883393338578 1 3 3 3 0 1
0.0595387985206408 1 3 3 3 0 3
0.0042090014045963 1 3 3 3 1 0
0.0146758929213546 1 3 3 3 1 1
0.0042090014045963 1 3 3 3 1 3
0.0146758929213546 1 3 3 3 2 2
-0.0475952630346977 1 3 3 3 3 0
0.0210883393338578 1 3 3 3 3 1
-0.0097316776765051 1 3 3 3 3 3
0.0210883393338578 2 0 0 0 0 2
-0.0146758929213546 2 0 0 0 1 2
-0.006879487993458 2 0 0 0 2 0
0.0146758929213546 2 0 0 0 2 1
-0.006879487993458 2 0 0 0 2 3
0.0210883393338578 2 0 0 0 3 2
-0.015254851448013 2 0 0 1 0 2
0.0132696157815563 2 0 0 1 1 2
-0.0546948112936387 2 0 0 1 2 0
-0.0132696157815563 2 0 0 1 2 1
0.0340813960815216 2 0 0 1 2 3
-0.015254851448013 2 0 0 1 3 2
0.0300869208916024 2 0 0 2 0 0
0.029770277391848 2 0 0 2 0 1
-0.0294935011792688 2 0 0 2 0 3
-0.0546948112936387 2 0 0 2 1 0
0.0048932998658701 2 0 0 2 1 1
0.0340813960815216 2 0 0 2 1 3
0.0048932998658701 2 0 0 2 2 2
-0.0264959050219323 2 0 0 2 3 0
0.029770277391848 2 0 0 2 3 1
-0.0435655142906692 2 0 0 2 3 3
-0.0210883393338578 2 0 0 3 0 2
-0.0257313886835214 2 0 0 3 1 2
-0.0007680168871589 2 0 0 3 2 0
0.0257313886835214 2 0 0 3 2 1
-0.0007680168871589 2 0 0 3 2 3
-0.0210883393338578 2 0 0 3 3 2
0.0194256794338952 2 0 1 0 0 2
0.0293249625049336 2 0 1 0 2 0
-0.0293249625049336 2 0 1 0 2 3
0.0194256794338952 2 0 1 0 3 2
-0.0128880200497337 2 0 1 1 0 2
0.005999065678157 2 0 1 1 1 2
-0.0191737583229289 2 0 1 1 2 1
0.0128880200497337 2 0 1 1 3 2
0.0025472613939038 2 0 1 2 0 0
-0.0128880200497337 2 0 1 2 0 1
0.0025472613939038 2 0 1 2 0 3
0.005999065678157 2 0 1 2 1 1
0.0191737583229289 2 0 1 2 2 2
0.0025472613939038 2 0 1 2 3 0
0.0128880200497337 2 0 1 2 3 1
0.0025472613939038 2 0 1 2 3 3
-0.0194256794338952 2 0 1 3 0 2
-0.0002252219143512 2 0 1 3 2 0
0.0002252219143512 2 0 1 3 2 3
-0.0194256794338952 2 0 1 3 3 2
-0.0019089744609002 2 0 2 0 0 0
-0.0194256794338952 2 0 2 0 0 1
0.0019089744609002 2 0 2 0 0 3
0.0049437800135987 2 0 2 0 1 0
-0.0049437800135987 2 0 2 0 1 3
-0.0019089744609002 2 0 2 0 3 0
-0.0194256794338952 2 0 2 0 3 1
0.0019089744609002 2 0 2 0 3 3
0.0025472613939038 2 0 2 1 0 0
0.0128880200497337 2 0 2 1 0 1
0.0025472613939038 2 0 2 1 0 3
0.005999065678157 2 0 2 1 1 1
0.0191737583229289 2 0 2 1 2 2
0.0025472613939038 2 0 2 1 3 0
-0.0128880200497337 2 0 2 1 3 1
0.0025472613939038 2 0 2 1 3 3
-0.0128880200497337 2 0 2 2 0 2
-0.005999065678157 2 0 2 2 1 2
0.0191737583229289 2 0 2 2 2 1
0.0128880200497337 2 0 2 2 3 2
0.0097947319716516 2 0 2 3 0 0
0.0194256794338952 2 0 2 3 0 1
-0.0097947319716516 2 0 2 3 0 3
0.0241559605769837 2 0 2 3 1 0
-0.0241559605769837 2 0 2 3 1 3
0.0097947319716516 2 0 2 3 3 0
0.0194256794338952 2 0 2 3 3 1
-0.0097947319716516 2 0 2 3 3 3
0.0210883393338578 2 0 3 0 0 2
0.0257313886835214 2 0 3 0 1 2
0.0076483511167671 2 0 3 0 2 0
-0.0257313886835214 2 0 3 0 2 1
0.0076483511167671 2 0 3 0 2 3
0.0210883393338578 2 0 3 0 3 2
-0.015254851448013 2 0 3 1 0 2
-0.0048932998658701 2 0 3 1 1 2
-0.0340813960815216 2 0 3 1 2 0
0.0048932998658701 2 0 3 1 2 1
0.0546948112936387 2 0 3 1 2 3
-0.015254851448013 2 0 3 1 3 2
0.0648209206917364 2 0 3 2 0 0
0.029770277391848 2 0 3 2 0 1
0.0052404986208651 2 0 3 2 0 3
-0.0340813960815216 2 0 3 2 1 0
-0.0132696157815563 2 0 3 2 1 1
0.0546948112936387 2 0 3 2 1 3
-0.0132696157815563 2 0 3 2 2 2
0.0082380947782016 2 0 3 2 3 0
0.029770277391848 2 0 3 2 3 1
-0.0088315144905353 2 0 3 2 3 3
-0.0210883393338578 2 0 3 3 0 2
0.0146758929213546 2 0 3 3 1 2
-0.0084171565730423 2 0 3 3 2 0
-0.0146758929213546 2 0 3 3 2 1
-0.0084171565730423 2 0 3 3 2 3
-0.0210883393338578 2 0 3 3 3 2
0.0358091052035725 2 1 0 0 0 2
0.011198772541961 2 1 0 0 1 2
0.0189090350600878 2 1 0 0 2 0
0.0100115962779772 2 1 0 0 2 1
-0.0189090350600878 2 1 0 0 2 3
-0.0358091052035725 2 1 0 0 3 2
-0.014151676209335 2 1 0 1 0 2
-0.0228562072600152 2 1 0 1 2 0
-0.0424789258358528 2 1 0 1 2 3
-0.014151676209335 2 1 0 1 3 2
-0.0058144289831497 2 1 0 2 0 0
-0.014151676209335 2 1 0 2 0 1
0.0058144289831497 2 1 0 2 0 3
-0.0342062675719057 2 1 0 2 1 0
-0.0538289861477433 2 1 0 2 1 3
0.0058144289831497 2 1 0 2 3 0
-0.014151676209335 2 1 0 2 3 1
-0.0058144289831497 2 1 0 2 3 3
0.0358091052035725 2 1 0 3 0 2
-0.011198772541961 2 1 0 3 1 2
0.0189090350600878 2 1 0 3 2 0
-0.0100115962779772 2 1 0 3 2 1
-0.0189090350600878 2 1 0 3 2 3
-0.0358091052035725 2 1 0 3 3 2
0.0257752709765644 2 1 1 0 0 2
0.0346019921140117 2 1 1 0 2 0
-0.0049181408714065 2 1 1 0 2 3
-0.0079221521301887 2 1 1 0 3 2
0.0351833999428853 2 1 1 1 0 2
-0.0079586595468187 2 1 1 1 1 2
-0.0231196617661117 2 1 1 1 2 0
-0.0079586595468187 2 1 1 1 2 1
-0.000792174782694 2 1 1 1 2 3
0.0351833999428853 2 1 1 1 3 2
0.0071219312742482 2 1 1 2 0 0
0.0101316804223167 2 1 1 2 0 1
-0.0071219312742482 2 1 1 2 0 3
0.0231196617661117 2 1 1 2 1 0
-0.0079586595468187 2 1 1 2 1 1
0.000792174782694 2 1 1 2 1 3
0.0079586595468187 2 1 1 2 2 2
-0.0071219312742482 2 1 1 2 3 0
0.0101316804223167 2 1 1 2 3 1
0.0071219312742482 2 1 1 2 3 3
-0.0098534720386962 2 1 1 3 0 2
0.0049181408714065 2 1 1 3 2 0
-0.0346019921140117 2 1 1 3 2 3
-0.0435508951454492 2 1 1 3 3 2
-0.0168391788788347 2 1 2 0 0 0
-0.0435508951454492 2 1 2 0 0 1
-0.0102635193448563 2 1 2 0 0 3
0.0049181408714065 2 1 2 0 1 0
-0.0346019921140117 2 1 2 0 1 3
-0.0102635193448563 2 1 2 0 3 0
-0.0098534720386962 2 1 2 0 3 1
-0.0168391788788347 2 1 2 0 3 3
0.0071219312742482 2 1 2 1 0 0
0.0010344562544865 2 1 2 1 0 1
-0.0071219312742482 2 1 2 1 0 3
0.0231196617661117 2 1 2 1 1 0
0.0079586595468187 2 1 2 1 1 1
0.000792174782694 2 1 2 1 1 3
-0.0079586595468187 2 1 2 1 2 2
-0.0071219312742482 2 1 2 1 3 0
0.0010344562544865 2 1 2 1 3 1
0.0071219312742482 2 1 2 1 3 3
-0.026086175775055 2 1 2 2 0 2
-0.0079586595468187 2 1 2 2 1 2
0.0231196617661117 2 1 2 2 2 0
-0.0079586595468187 2 1 2 2 2 1
0.000792174782694 2 1 2 2 2 3
-0.026086175775055 2 1 2 2 3 2
-0.0102635193448563 2 1 2 3 0 0
-0.0079221521301887 2 1 2 3 0 1
-0.0168391788788347 2 1 2 3 0 3
0.0346019921140117 2 1 2 3 1 0
-0.0049181408714065 2 1 2 3 1 3
-0.0168391788788347 2 1 2 3 3 0
0.0257752709765644 2 1 2 3 3 1
-0.0102635193448563 2 1 2 3 3 3
-0.0005914119739426 2 1 3 0 0 2
-0.0100115962779772 2 1 3 0 1 2
-0.0189090350600878 2 1 3 0 2 0
-0.011198772541961 2 1 3 0 2 1
0.0189090350600878 2 1 3 0 2 3
0.0005914119739426 2 1 3 0 3 2
-0.014151676209335 2 1 3 1 0 2
-0.0066246229684985 2 1 3 1 2 0
-0.0262473415443361 2 1 3 1 2 3
-0.014151676209335 2 1 3 1 3 2
-0.0058144289831497 2 1 3 2 0 0
-0.014151676209335 2 1 3 2 0 1
0.0058144289831497 2 1 3 2 0 3
-0.0504378518634224 2 1 3 2 1 0
-0.07006057043926 2 1 3 2 1 3
0.0058144289831497 2 1 3 2 3 0
-0.014151676209335 2 1 3 2 3 1
-0.0058144289831497 2 1 3 2 3 3
-0.0005914119739426 2 1 3 3 0 2
0.0100115962779772 2 1 3 3 1 2
-0.0189090350600878 2 1 3 3 2 0
0.011198772541961 2 1 3 3 2 1
0.0189090350600878 2 1 3 3 2 3
0.0005914119739426 2 1 3 3 3 2
-0.0165353881557798 2 2 0 0 0 0
-0.0358091052035725 2 2 0 0 0 1
0.0165353881557798 2 2 0 0 0 3
-0.0189090350600878 2 2 0 0 1 0
-0.0100115962779772 2 2 0 0 1 1
0.0189090350600878 2 2 0 0 1 3
0.011198772541961 2 2 0 0 2 2
-0.0471971374315045 2 2 0 0 3 0
0.0358091052035725 2 2 0 0 3 1
0.0471971374315045 2 2 0 0 3 3
0.0058144289831497 2 2 0 1 0 0
-0.014151676209335 2 2 0 1 0 1
-0.0058144289831497 2 2 0 1 0 3
0.0342062675719057 2 2 0 1 1 0
0.0538289861477433 2 2 0 1 1 3
-0.0058144289831497 2 2 0 1 3 0
-0.014151676209335 2 2 0 1 3 1
0.0058144289831497 2 2 0 1 3 3
0.014151676209335 2 2 0 2 0 2
-0.0228562072600152 2 2 0 2 2 0
-0.0424789258358528 2 2 0 2 2 3
0.014151676209335 2 2 0 2 3 2
-0.0165353881557798 2 2 0 3 0 0
-0.0358091052035725 2 2 0 3 0 1
0.0165353881557798 2 2 0 3 0 3
-0.0189090350600878 2 2 0 3 1 0
0.0100115962779772 2 2 0 3 1 1
0.0189090350600878 2 2 0 3 1 3
-0.011198772541961 2 2 0 3 2 2
-0.0471971374315045 2 2 0 3 3 0
0.0358091052035725 2 2 0 3 3 1
0.0471971374315045 2 2 0 3 3 3
0.0168391788788347 2 2 1 0 0 0
0.0079221521301887 2 2 1 0 0 1
0.0102635193448563 2 2 1 0 0 3
0.0346019921140117 2 2 1 0 1 0
-0.0049181408714065 2 2 1 0 1 3
0.0102635193448563 2 2 1 0 3 0
-0.0257752709765644 2 2 1 0 3 1
0.0168391788788347 2 2 1 0 3 3
0.0071219312742482 2 2 1 1 0 0
-0.0351833999428853 2 2 1 1 0 1
-0.0071219312742482 2 2 1 1 0 3
0.0231196617661117 2 2 1 1 1 0
0.0079586595468187 2 2 1 1 1 1
0.000792174782694 2 2 1 1 1 3
-0.0079586595468187 2 2 1 1 2 2
-0.0071219312742482 2 2 1 1 3 0
-0.0351833999428853 2 2 1 1 3 1
0.0071219312742482 2 2 1 1 3 3
0.0101316804223167 2 2 1 2 0 2
-0.0079586595468187 2 2 1 2 1 2
0.0231196617661117 2 2 1 2 2 0
-0.0079586595468187 2 2 1 2 2 1
0.000792174782694 2 2 1 2 2 3
0.0101316804223167 2 2 1 2 3 2
0.0102635193448563 2 2 1 3 0 0
0.0435508951454492 2 2 1 3 0 1
0.0168391788788347 2 2 1 3 0 3
0.0049181408714065 2 2 1 3 1 0
-0.0346019921140117 2 2 1 3 1 3
0.0168391788788347 2 2 1 3 3 0
0.0098534720386962 2 2 1 3 3 1
0.0102635193448563 2 2 1 3 3 3
-0.0098534720386962 2 2 2 0 0 2
-0.0049181408714065 2 2 2 0 2 0
0.0346019921140117 2 2 2 0 2 3
-0.0435508951454492 2 2 2 0 3 2
0.0010344562544865 2 2 2 1 0 2
0.0079586595468187 2 2 2 1 1 2
0.0231196617661117 2 2 2 1 2 0
0.0079586595468187 2 2 2 1 2 1
0.000792174782694 2 2 2 1 2 3
0.0010344562544865 2 2 2 1 3 2
-0.0071219312742482 2 2 2 2 0 0
0.026086175775055 2 2 2 2 0 1
0.0071219312742482 2 2 2 2 0 3
-0.0231196617661117 2 2 2 2 1 0
0.0079586595468187 2 2 2 2 1 1
-0.000792174782694 2 2 2 2 1 3
-0.0079586595468187 2 2 2 2 2 2
0.0071219312742482 2 2 2 2 3 0
0.026086175775055 2 2 2 2 3 1
-0.0071219312742482 2 2 2 2 3 3
0.0257752709765644 2 2 2 3 0 2
-0.0346019921140117 2 2 2 3 2 0
0.0049181408714065 2 2 2 3 2 3
-0.0079221521301887 2 2 2 3 3 2
-0.0165353881557798 2 2 3 0 0 0
0.0005914119739426 2 2 3 0 0 1
0.0165353881557798 2 2 3 0 0 3
0.0189090350600878 2 2 3 0 1 0
0.011198772541961 2 2 3 0 1 1
-0.0189090350600878 2 2 3 0 1 3
-0.0100115962779772 2 2 3 0 2 2
-0.0471971374315045 2 2 3 0 3 0
-0.0005914119739426 2 2 3 0 3 1
0.0471971374315045 2 2 3 0 3 3
0.0058144289831497 2 2 3 1 0 0
-0.014151676209335 2 2 3 1 0 1
-0.0058144289831497 2 2 3 1 0 3
0.0504378518634224 2 2 3 1 1 0
0.07006057043926 2 2 3 1 1 3
-0.0058144289831497 2 2 3 1 3 0
-0.014151676209335 2 2 3 1 3 1
0.0058144289831497 2 2 3 1 3 3
0.014151676209335 2 2 3 2 0 2
-0.0066246229684985 2 2 3 2 2 0
-0.0262473415443361 2 2 3 2 2 3
0.014151676209335 2 2 3 2 3 2
-0.0165353881557798 2 2 3 3 0 0
0.0005914119739426 2 2 3 3 0 1
0.0165353881557798 2 2 3 3 0 3
0.0189090350600878 2 2 3 3 1 0
-0.011198772541961 2 2 3 3 1 1
-0.0189090350600878 2 2 3 3 1 3
0.0100115962779772 2 2 3 3 2 2
-0.0471971374315045 2 2 3 3 3 0
-0.0005914119739426 2 2 3 3 3 1
0.0471971374315045 2 2 3 3 3 3
-0.0210883393338578 2 3 0 0 0 2
0.0257313886835214 2 3 0 0 1 2
0.0042090014045963 2 3 0 0 2 0
-0.0257313886835214 2 3 0 0 2 1
0.0042090014045963 2 3 0 0 2 3
-0.0210883393338578 2 3 0 0 3 2
-0.029770277391848 2 3 0 1 0 2
-0.0048932998658701 2 3 0 1 1 2
0.0069646956878721 2 3 0 1 2 0
0.0048932998658701 2 3 0 1 2 1
-0.0275781108999892 2 3 0 1 2 3
-0.029770277391848 2 3 0 1 3 2
0.0294935011792688 2 3 0 2 0 0
0.015254851448013 2 3 0 2 0 1
-0.0300869208916024 2 3 0 2 0 3
0.0069646956878721 2 3 0 2 1 0
-0.0132696157815563 2 3 0 2 1 1
-0.0275781108999892 2 3 0 2 1 3
-0.0132696157815563 2 3 0 2 2 2
0.0435655142906692 2 3 0 2 3 0
0.015254851448013 2 3 0 2 3 1
0.0264959050219323 2 3 0 2 3 3
0.0210883393338578 2 3 0 3 0 2
0.0146758929213546 2 3 0 3 1 2
-0.0118565062852132 2 3 0 3 2 0
-0.0146758929213546 2 3 0 3 2 1
-0.0118565062852132 2 3 0 3 2 3
0.0210883393338578 2 3 0 3 3 2
0.0194256794338952 2 3 1 0 0 2
-0.0245808391448982 2 3 1 0 2 0
0.0245808391448982 2 3 1 0 2 3
0.0194256794338952 2 3 1 0 3 2
-0.0128880200497337 2 3 1 1 0 2
-0.005999065678157 2 3 1 1 1 2
0.0191737583229289 2 3 1 1 2 1
0.0128880200497337 2 3 1 1 3 2
-0.0025472613939038 2 3 1 2 0 0
-0.0128880200497337 2 3 1 2 0 1
-0.0025472613939038 2 3 1 2 0 3
-0.005999065678157 2 3 1 2 1 1
-0.0191737583229289 2 3 1 2 2 2
-0.0025472613939038 2 3 1 2 3 0
0.0128880200497337 2 3 1 2 3 1
-0.0025472613939038 2 3 1 2 3 3
-0.0194256794338952 2 3 1 3 0 2
0.0049693452743866 2 3 1 3 2 0
-0.0049693452743866 2 3 1 3 2 3
-0.0194256794338952 2 3 1 3 3 2
0.0097947319716516 2 3 2 0 0 0
-0.0194256794338952 2 3 2 0 0 1
-0.0097947319716516 2 3 2 0 0 3
-0.0001996566535633 2 3 2 0 1 0
0.0001996566535633 2 3 2 0 1 3
0.0097947319716516 2 3 2 0 3 0
-0.0194256794338952 2 3 2 0 3 1
-0.0097947319716516 2 3 2 0 3 3
-0.0025472613939038 2 3 2 1 0 0
0.0128880200497337 2 3 2 1 0 1
-0.0025472613939038 2 3 2 1 0 3
-0.005999065678157 2 3 2 1 1 1
-0.0191737583229289 2 3 2 1 2 2
-0.0025472613939038 2 3 2 1 3 0
-0.0128880200497337 2 3 2 1 3 1
-0.0025472613939038 2 3 2 1 3 3
-0.0128880200497337 2 3 2 2 0 2
0.005999065678157 2 3 2 2 1 2
-0.0191737583229289 2 3 2 2 2 1
0.0128880200497337 2 3 2 2 3 2
-0.0019089744609002 2 3 2 3 0 0
0.0194256794338952 2 3 2 3 0 1
0.0019089744609002 2 3 2 3 0 3
-0.0194118372169483 2 3 2 3 1 0
0.0194118372169483 2 3 2 3 1 3
-0.0019089744609002 2 3 2 3 3 0
0.0194256794338952 2 3 2 3 3 1
0.0019089744609002 2 3 2 3 3 3
-0.0210883393338578 2 3 3 0 0 2
-0.0146758929213546 2 3 3 0 1 2
-0.0034401382812871 2 3 3 0 2 0
0.0146758929213546 2 3 3 0 2 1
-0.0034401382812871 2 3 3 0 2 3
-0.0210883393338578 2 3 3 0 3 2
-0.029770277391848 2 3 3 1 0 2
0.0132696157815563 2 3 3 1 1 2
0.0275781108999892 2 3 3 1 2 0
-0.0132696157815563 2 3 3 1 2 1
-0.0069646956878721 2 3 3 1 2 3
-0.029770277391848 2 3 3 1 3 2
-0.0052404986208651 2 3 3 2 0 0
0.015254851448013 2 3 3 2 0 1
-0.0648209206917364 2 3 3 2 0 3
0.0275781108999892 2 3 3 2 1 0
0.0048932998658701 2 3 3 2 1 1
-0.0069646956878721 2 3 3 2 1 3
0.0048932998658701 2 3 3 2 2 2
0.0088315144905353 2 3 3 2 3 0
0.015254851448013 2 3 3 2 3 1
-0.0082380947782016 2 3 3 2 3 3
0.0210883393338578 2 3 3 3 0 2
-0.0257313886835214 2 3 3 3 1 2
0.002671332825012 2 3 3 3 2 0
0.0257313886835214 2 3 3 3 2 1
0.002671332825012 2 3 3 3 2 3
0.0210883393338578 2 3 3 3 3 2
-0.0202125464462449 3 0 0 0 0 0
0.0468632787052493 3 0 0 0 0 1
-0.0202125464462449 3 0 0 0 0 3
-0.0179306506808052 3 0 0 0 1 0
-0.0046667727574544 3 0 0 0 1 1
0.0212844439891282 3 0 0 0 1 3
0.0048020459531163 3 0 0 0 2 2
-0.0202125464462449 3 0 0 0 3 0
-0.0308003489242408 3 0 0 0 3 1
-0.0202125464462449 3 0 0 0 3 3
0.0078441380681847 3 0 0 1 0 0
0.0125148978725258 3 0 0 1 0 1
0.0078441380681847 3 0 0 1 0 3
0.0191609234817951 3 0 0 1 1 0
-0.0018386127216106 3 0 0 1 1 1
0.0191609234817951 3 0 0 1 1 3
0.0010101025936709 3 0 0 1 2 2
-0.0078441380681847 3 0 0 1 3 0
-0.0125148978725258 3 0 0 1 3 1
-0.0078441380681847 3 0 0 1 3 3
-0.0125148978725258 3 0 0 2 0 2
-0.0107587407641404 3 0 0 2 1 2
0.0191609234817951 3 0 0 2 2 0
-0.0099302306362006 3 0 0 2 2 1
0.0191609234817951 3 0 0 2 2 3
0.0125148978725258 3 0 0 2 3 2
-0.0202125464462449 3 0 0 3 0 0
-0.0142561239122795 3 0 0 3 0 1
-0.0202125464462449 3 0 0 3 0 3
0.0235295741570926 3 0 0 3 1 0
0.0048020459531163 3 0 0 3 1 1
-0.0201757808487695 3 0 0 3 1 3
-0.0046667727574544 3 0 0 3 2 2
-0.0202125464462449 3 0 0 3 3 0
0.030319053693288 3 0 0 3 3 1
-0.0202125464462449 3 0 0 3 3 3
-0.0092214849849296 3 0 1 0 0 0
0.0385798422770034 3 0 1 0 0 1
-0.0092214849849296 3 0 1 0 0 3
-0.0370892185446991 3 0 1 0 1 0
-0.0274944933311224 3 0 1 0 1 1
-0.0090320358193824 3 0 1 0 1 3
0.0274944933311224 3 0 1 0 2 2
0.0092214849849296 3 0 1 0 3 0
0.0385079704902741 3 0 1 0 3 1
0.0092214849849296 3 0 1 0 3 3
-0.0101592908693969 3 0 1 1 0 0
-0.0061525193413187 3 0 1 1 0 1
0.0101592908693969 3 0 1 1 0 3
0.0006836824497874 3 0 1 1 1 0
-0.0178975422558267 3 0 1 1 1 1
-0.0006836824497874 3 0 1 1 1 3
0.0178975422558267 3 0 1 1 2 2
-0.0101592908693969 3 0 1 1 3 0
0.0061525193413187 3 0 1 1 3 1
0.0101592908693969 3 0 1 1 3 3
0.0061525193413187 3 0 1 2 0 2
-0.0178975422558267 3 0 1 2 1 2
0.0006836824497874 3 0 1 2 2 0
-0.0178975422558267 3 0 1 2 2 1
-0.0006836824497874 3 0 1 2 2 3
-0.0061525193413187 3 0 1 2 3 2
0.0092214849849296 3 0 1 3 0 0
0.0347003493661631 3 0 1 3 0 1
0.0092214849849296 3 0 1 3 0 3
0.0222596152119112 3 0 1 3 1 0
0.0689403781189795 3 0 1 3 1 1
0.0238616391521702 3 0 1 3 1 3
-0.0689403781189795 3 0 1 3 2 2
-0.0092214849849296 3 0 1 3 3 0
0.0347722211528924 3 0 1 3 3 1
-0.0092214849849296 3 0 1 3 3 3
-0.0052404693665188 3 0 2 0 0 2
0.0274944933311224 3 0 2 0 1 2
0.0238616391521702 3 0 2 0 2 0
0.0274944933311224 3 0 2 0 2 1
0.0222596152119112 3 0 2 0 2 3
-0.0051685975797895 3 0 2 0 3 2
0.0061525193413187 3 0 2 1 0 2
-0.0243863148482448 3 0 2 1 1 2
-0.0006836824497874 3 0 2 1 2 0
-0.0243863148482448 3 0 2 1 2 1
0.0006836824497874 3 0 2 1 2 3
-0.0061525193413187 3 0 2 1 3 2
-0.0101592908693969 3 0 2 2 0 0
0.0061525193413187 3 0 2 2 0 1
0.0101592908693969 3 0 2 2 0 3
0.0006836824497874 3 0 2 2 1 0
0.0243863148482448 3 0 2 2 1 1
-0.0006836824497874 3 0 2 2 1 3
-0.0243863148482448 3 0 2 2 2 2
-0.0101592908693969 3 0 2 2 3 0
-0.0061525193413187 3 0 2 2 3 1
0.0101592908693969 3 0 2 2 3 3
-0.0089762187039005 3 0 2 3 0 2
-0.0689403781189795 3 0 2 3 1 2
-0.0090320358193824 3 0 2 3 2 0
-0.0689403781189795 3 0 2 3 2 1
-0.0370892185446991 3 0 2 3 2 3
-0.0090480904906298 3 0 2 3 3 2
-0.0202125464462449 3 0 3 0 0 0
0.0203279663375466 3 0 3 0 0 1
-0.0202125464462449 3 0 3 0 0 3
-0.0212844439891282 3 0 3 0 1 0
0.0046667727574544 3 0 3 0 1 1
0.0179306506808052 3 0 3 0 1 3
-0.0048020459531163 3 0 3 0 2 2
-0.0202125464462449 3 0 3 0 3 0
-0.0242472112680208 3 0 3 0 3 1
-0.0202125464462449 3 0 3 0 3 3
-0.0420280682808426 3 0 3 1 0 0
0.0003396232357144 3 0 3 1 0 1
-0.0420280682808426 3 0 3 1 0 3
-0.0191609234817951 3 0 3 1 1 0
-0.0027557386164948 3 0 3 1 1 1
-0.0191609234817951 3 0 3 1 1 3
0.0035842487444346 3 0 3 1 2 2
0.0420280682808426 3 0 3 1 3 0
-0.0003396232357144 3 0 3 1 3 1
0.0420280682808426 3 0 3 1 3 3
-0.0003396232357144 3 0 3 2 0 2
-0.0116758666590245 3 0 3 2 1 2
-0.0191609234817951 3 0 3 2 2 0
-0.0125043767869643 3 0 3 2 2 1
-0.0191609234817951 3 0 3 2 2 3
0.0003396232357144 3 0 3 2 3 2
-0.0202125464462449 3 0 3 3 0 0
-0.0407914362799822 3 0 3 3 0 1
-0.0202125464462449 3 0 3 3 0 3
0.0201757808487695 3 0 3 3 1 0
-0.0048020459531163 3 0 3 3 1 1
-0.0235295741570926 3 0 3 3 1 3
0.0046667727574544 3 0 3 3 2 2
-0.0202125464462449 3 0 3 3 3 0
0.036872191349508 3 0 3 3 3 1
-0.0202125464462449 3 0 3 3 3 3
-0.0015391625998733 3 1 0 0 1 0
0.0342001801381668 3 1 0 0 1 1
-0.0027080419803673 3 1 0 0 1 3
0.0342001801381668 3 1 0 0 2 2
-0.0171333668720681 3 1 0 1 0 0
0.0124962055233638 3 1 0 1 0 1
0.0119949744596953 3 1 0 1 0 3
-0.0159101934646228 3 1 0 1 1 0
0.0230476483629708 3 1 0 1 1 1
0.0159101934646228 3 1 0 1 1 3
-0.0230476483629708 3 1 0 1 2 2
-0.0171333668720681 3 1 0 1 3 0
0.0040774383888934 3 1 0 1 3 1
0.0119949744596953 3 1 0 1 3 3
-0.0040774383888934 3 1 0 2 0 2
-0.0230476483629708 3 1 0 2 1 2
-0.0159101934646228 3 1 0 2 2 0
-0.0230476483629708 3 1 0 2 2 1
0.0159101934646228 3 1 0 2 2 3
-0.0124962055233638 3 1 0 2 3 2
-0.0027080419803673 3 1 0 3 1 0
-0.0342001801381668 3 1 0 3 1 1
-0.0015391625998733 3 1 0 3 1 3
-0.0342001801381668 3 1 0 3 2 2
0.019196591987336 3 1 1 0 0 0
-0.0319062814423778 3 1 1 0 0 1
0.019196591987336 3 1 1 0 0 3
0.0253604270593095 3 1 1 0 1 0
0.0161175888044532 3 1 1 0 1 1
-0.0253604270593095 3 1 1 0 1 3
-0.0161175888044532 3 1 1 0 2 2
0.019196591987336 3 1 1 0 3 0
0.0319062814423778 3 1 1 0 3 1
0.019196591987336 3 1 1 0 3 3
0.0092793984580723 3 1 1 1 0 0
-0.0051062548854633 3 1 1 1 0 1
0.0299920976008841 3 1 1 1 0 3
0.053548041980256 3 1 1 1 1 0
0.0123085536363015 3 1 1 1 1 1
-0.052414379203781 3 1 1 1 1 3
0.0194795022767201 3 1 1 1 2 2
-0.0077159463140006 3 1 1 1 3 0
0.0317741927752342 3 1 1 1 3 1
0.0129967528288112 3 1 1 1 3 3
-0.0019059994301829 3 1 1 2 0 2
0.0123085536363015 3 1 1 2 1 2
-0.052414379203781 3 1 1 2 2 0
-0.0194795022767201 3 1 1 2 2 1
0.053548041980256 3 1 1 2 2 3
0.0285739373199538 3 1 1 2 3 2
0.019196591987336 3 1 1 3 0 0
-0.0319062814423778 3 1 1 3 0 1
0.019196591987336 3 1 1 3 0 3
0.0253604270593095 3 1 1 3 1 0
-0.0161175888044532 3 1 1 3 1 1
-0.0253604270593095 3 1 1 3 1 3
0.0161175888044532 3 1 1 3 2 2
0.019196591987336 3 1 1 3 3 0
0.0319062814423778 3 1 1 3 3 1
0.019196591987336 3 1 1 3 3 3
-0.0319062814423778 3 1 2 0 0 2
-0.0004555752616708 3 1 2 0 1 2
0.0253604270593095 3 1 2 0 2 0
-0.0004555752616708 3 1 2 0 2 1
-0.0253604270593095 3 1 2 0 2 3
0.0319062814423778 3 1 2 0 3 2
0.0051062548854633 3 1 2 1 0 2
0.0123085536363015 3 1 2 1 1 2
-0.053548041980256 3 1 2 1 2 0
-0.0194795022767201 3 1 2 1 2 1
0.052414379203781 3 1 2 1 2 3
-0.0317741927752342 3 1 2 1 3 2
-0.0476468026589207 3 1 2 2 0 0
-0.0019059994301829 3 1 2 2 0 1
-0.0269341035161089 3 1 2 2 0 3
-0.052414379203781 3 1 2 2 1 0
-0.0123085536363015 3 1 2 2 1 1
0.053548041980256 3 1 2 2 1 3
-0.0194795022767201 3 1 2 2 2 2
-0.0306514578868479 3 1 2 2 3 0
0.0285739373199538 3 1 2 2 3 1
-0.0099387587440361 3 1 2 2 3 3
-0.0319062814423778 3 1 2 3 0 2
0.0004555752616708 3 1 2 3 1 2
0.0253604270593095 3 1 2 3 2 0
0.0004555752616708 3 1 2 3 2 1
-0.0253604270593095 3 1 2 3 2 3
0.0319062814423778 3 1 2 3 3 2
-0.0015391625998733 3 1 3 0 1 0
0.0342001801381668 3 1 3 0 1 1
-0.0027080419803673 3 1 3 0 1 3
0.0342001801381668 3 1 3 0 2 2
-0.0119949744596953 3 1 3 1 0 0
-0.0124962055233638 3 1 3 1 0 1
0.0171333668720681 3 1 3 1 0 3
-0.0159101934646228 3 1 3 1 1 0
-0.0230476483629708 3 1 3 1 1 1
0.0159101934646228 3 1 3 1 1 3
0.0230476483629708 3 1 3 1 2 2
-0.0119949744596953 3 1 3 1 3 0
-0.0040774383888934 3 1 3 1 3 1
0.0171333668720681 3 1 3 1 3 3
0.0040774383888934 3 1 3 2 0 2
0.0230476483629708 3 1 3 2 1 2
-0.0159101934646228 3 1 3 2 2 0
0.0230476483629708 3 1 3 2 2 1
0.0159101934646228 3 1 3 2 2 3
0.0124962055233638 3 1 3 2 3 2
-0.0027080419803673 3 1 3 3 1 0
-0.0342001801381668 3 1 3 3 1 1
-0.0015391625998733 3 1 3 3 1 3
-0.0342001801381668 3 1 3 3 2 2
-0.0342001801381668 3 2 0 0 1 2
-0.0027080419803673 3 2 0 0 2 0
0.0342001801381668 3 2 0 0 2 1
-0.0015391625998733 3 2 0 0 2 3
-0.0124962055233638 3 2 0 1 0 2
0.0230476483629708 3 2 0 1 1 2
-0.0159101934646228 3 2 0 1 2 0
0.0230476483629708 3 2 0 1 2 1
0.0159101934646228 3 2 0 1 2 3
-0.0040774383888934 3 2 0 1 3 2
-0.0119949744596953 3 2 0 2 0 0
-0.0040774383888934 3 2 0 2 0 1
0.0171333668720681 3 2 0 2 0 3
0.0159101934646228 3 2 0 2 1 0
0.0230476483629708 3 2 0 2 1 1
-0.0159101934646228 3 2 0 2 1 3
-0.0230476483629708 3 2 0 2 2 2
-0.0119949744596953 3 2 0 2 3 0
-0.0124962055233638 3 2 0 2 3 1
0.0171333668720681 3 2 0 2 3 3
0.0342001801381668 3 2 0 3 1 2
-0.0015391625998733 3 2 0 3 2 0
-0.0342001801381668 3 2 0 3 2 1
-0.0027080419803673 3 2 0 3 2 3
-0.0319062814423778 3 2 1 0 0 2
-0.0004555752616708 3 2 1 0 1 2
-0.0253604270593095 3 2 1 0 2 0
-0.0004555752616708 3 2 1 0 2 1
0.0253604270593095 3 2 1 0 2 3
0.0319062814423778 3 2 1 0 3 2
0.0317741927752342 3 2 1 1 0 2
-0.0123085536363015 3 2 1 1 1 2
0.053548041980256 3 2 1 1 2 0
0.0194795022767201 3 2 1 1 2 1
-0.052414379203781 3 2 1 1 2 3
-0.0051062548854633 3 2 1 1 3 2
-0.0077159463140006 3 2 1 2 0 0
-0.0285739373199538 3 2 1 2 0 1
0.0129967528288112 3 2 1 2 0 3
0.052414379203781 3 2 1 2 1 0
0.0123085536363015 3 2 1 2 1 1
-0.053548041980256 3 2 1 2 1 3
0.0194795022767201 3 2 1 2 2 2
0.0092793984580723 3 2 1 2 3 0
0.0019059994301829 3 2 1 2 3 1
0.0299920976008841 3 2 1 2 3 3
-0.0319062814423778 3 2 1 3 0 2
0.0004555752616708 3 2 1 3 1 2
-0.0253604270593095 3 2 1 3 2 0
0.0004555752616708 3 2 1 3 2 1
0.0253604270593095 3 2 1 3 2 3
0.0319062814423778 3 2 1 3 3 2
0.019196591987336 3 2 2 0 0 0
0.0319062814423778 3 2 2 0 0 1
0.019196591987336 3 2 2 0 0 3
0.0253604270593095 3 2 2 0 1 0
-0.0161175888044532 3 2 2 0 1 1
-0.0253604270593095 3 2 2 0 1 3
0.0161175888044532 3 2 2 0 2 2
0.019196591987336 3 2 2 0 3 0
-0.0319062814423778 3 2 2 0 3 1
0.019196591987336 3 2 2 0 3 3
0.0306514578868479 3 2 2 1 0 0
0.0317741927752342 3 2 2 1 0 1
0.0099387587440361 3 2 2 1 0 3
0.053548041980256 3 2 2 1 1 0
0.0123085536363015 3 2 2 1 1 1
-0.052414379203781 3 2 2 1 1 3
0.0194795022767201 3 2 2 1 2 2
0.0476468026589207 3 2 2 1 3 0
-0.0051062548854633 3 2 2 1 3 1
0.0269341035161089 3 2 2 1 3 3
0.0285739373199538 3 2 2 2 0 2
0.0123085536363015 3 2 2 2 1 2
-0.052414379203781 3 2 2 2 2 0
-0.0194795022767201 3 2 2 2 2 1
0.053548041980256 3 2 2 2 2 3
-0.0019059994301829 3 2 2 2 3 2
0.019196591987336 3 2 2 3 0 0
0.0319062814423778 3 2 2 3 0 1
0.019196591987336 3 2 2 3 0 3
0.0253604270593095 3 2 2 3 1 0
0.0161175888044532 3 2 2 3 1 1
-0.0253604270593095 3 2 2 3 1 3
-0.0161175888044532 3 2 2 3 2 2
0.019196591987336 3 2 2 3 3 0
-0.0319062814423778 3 2 2 3 3 1
0.019196591987336 3 2 2 3 3 3
-0.0342001801381668 3 2 3 0 1 2
-0.0027080419803673 3 2 3 0 2 0
0.0342001801381668 3 2 3 0 2 1
-0.0015391625998733 3 2 3 0 2 3
0.0124962055233638 3 2 3 1 0 2
-0.0230476483629708 3 2 3 1 1 2
-0.0159101934646228 3 2 3 1 2 0
-0.0230476483629708 3 2 3 1 2 1
0.0159101934646228 3 2 3 1 2 3
0.0040774383888934 3 2 3 1 3 2
-0.0171333668720681 3 2 3 2 0 0
0.0040774383888934 3 2 3 2 0 1
0.0119949744596953 3 2 3 2 0 3
0.0159101934646228 3 2 3 2 1 0
-0.0230476483629708 3 2 3 2 1 1
-0.0159101934646228 3 2 3 2 1 3
0.0230476483629708 3 2 3 2 2 2
-0.0171333668720681 3 2 3 2 3 0
0.0124962055233638 3 2 3 2 3 1
0.0119949744596953 3 2 3 2 3 3
0.0342001801381668 3 2 3 3 1 2
-0.0015391625998733 3 2 3 3 2 0
-0.0342001801381668 3 2 3 3 2 1
-0.0027080419803673 3 2 3 3 2 3
0.0202125464462449 3 3 0 0 0 0
0.030319053693288 3 3 0 0 0 1
0.0202125464462449 3 3 0 0 0 3
0.0201757808487695 3 3 0 0 1 0
-0.0048020459531163 3 3 0 0 1 1
-0.0235295741570926 3 3 0 0 1 3
0.0046667727574544 3 3 0 0 2 2
0.0202125464462449 3 3 0 0 3 0
-0.0142561239122795 3 3 0 0 3 1
0.0202125464462449 3 3 0 0 3 3
0.0078441380681847 3 3 0 1 0 0
0.0125148978725258 3 3 0 1 0 1
0.0078441380681847 3 3 0 1 0 3
0.0191609234817951 3 3 0 1 1 0
-0.0107587407641404 3 3 0 1 1 1
0.0191609234817951 3 3 0 1 1 3
0.0099302306362006 3 3 0 1 2 2
-0.0078441380681847 3 3 0 1 3 0
-0.0125148978725258 3 3 0 1 3 1
-0.0078441380681847 3 3 0 1 3 3
-0.0125148978725258 3 3 0 2 0 2
-0.0018386127216106 3 3 0 2 1 2
0.0191609234817951 3 3 0 2 2 0
-0.0010101025936709 3 3 0 2 2 1
0.0191609234817951 3 3 0 2 2 3
0.0125148978725258 3 3 0 2 3 2
0.0202125464462449 3 3 0 3 0 0
-0.0308003489242408 3 3 0 3 0 1
0.0202125464462449 3 3 0 3 0 3
-0.0212844439891282 3 3 0 3 1 0
0.0046667727574544 3 3 0 3 1 1
0.0179306506808052 3 3 0 3 1 3
-0.0048020459531163 3 3 0 3 2 2
0.0202125464462449 3 3 0 3 3 0
0.0468632787052493 3 3 0 3 3 1
0.0202125464462449 3 3 0 3 3 3
-0.0242008296905866 3 3 1 0 0 0
0.0347003493661631 3 3 1 0 0 1
-0.0242008296905866 3 3 1 0 0 3
0.0090320358193824 3 3 1 0 1 0
0.0689403781189795 3 3 1 0 1 1
0.0370892185446991 3 3 1 0 1 3
-0.0689403781189795 3 3 1 0 2 2
0.0242008296905866 3 3 1 0 3 0
0.0347722211528924 3 3 1 0 3 1
0.0242008296905866 3 3 1 0 3 3
0.0101592908693969 3 3 1 1 0 0
-0.0061525193413187 3 3 1 1 0 1
-0.0101592908693969 3 3 1 1 0 3
-0.0006836824497874 3 3 1 1 1 0
0.0243863148482448 3 3 1 1 1 1
0.0006836824497874 3 3 1 1 1 3
-0.0243863148482448 3 3 1 1 2 2
0.0101592908693969 3 3 1 1 3 0
0.0061525193413187 3 3 1 1 3 1
-0.0101592908693969 3 3 1 1 3 3
0.0061525193413187 3 3 1 2 0 2
0.0243863148482448 3 3 1 2 1 2
-0.0006836824497874 3 3 1 2 2 0
0.0243863148482448 3 3 1 2 2 1
0.0006836824497874 3 3 1 2 2 3
-0.0061525193413187 3 3 1 2 3 2
0.0242008296905866 3 3 1 3 0 0
0.0385798422770034 3 3 1 3 0 1
0.0242008296905866 3 3 1 3 0 3
-0.0238616391521702 3 3 1 3 1 0
-0.0274944933311224 3 3 1 3 1 1
-0.0222596152119112 3 3 1 3 1 3
0.0274944933311224 3 3 1 3 2 2
-0.0242008296905866 3 3 1 3 3 0
0.0385079704902741 3 3 1 3 3 1
-0.0242008296905866 3 3 1 3 3 3
-0.0089762187039005 3 3 2 0 0 2
-0.0689403781189795 3 3 2 0 1 2
-0.0222596152119112 3 3 2 0 2 0
-0.0689403781189795 3 3 2 0 2 1
-0.0238616391521702 3 3 2 0 2 3
-0.0090480904906298 3 3 2 0 3 2
0.0061525193413187 3 3 2 1 0 2
0.0178975422558267 3 3 2 1 1 2
0.0006836824497874 3 3 2 1 2 0
0.0178975422558267 3 3 2 1 2 1
-0.0006836824497874 3 3 2 1 2 3
-0.0061525193413187 3 3 2 1 3 2
0.0101592908693969 3 3 2 2 0 0
0.0061525193413187 3 3 2 2 0 1
-0.0101592908693969 3 3 2 2 0 3
-0.0006836824497874 3 3 2 2 1 0
-0.0178975422558267 3 3 2 2 1 1
0.0006836824497874 3 3 2 2 1 3
0.0178975422558267 3 3 2 2 2 2
0.0101592908693969 3 3 2 2 3 0
-0.0061525193413187 3 3 2 2 3 1
-0.0101592908693969 3 3 2 2 3 3
-0.0052404693665188 3 3 2 3 0 2
0.0274944933311224 3 3 2 3 1 2
0.0370892185446991 3 3 2 3 2 0
0.0274944933311224 3 3 2 3 2 1
0.0090320358193824 3 3 2 3 2 3
-0.0051685975797895 3 3 2 3 3 2
0.0202125464462449 3 3 3 0 0 0
0.036872191349508 3 3 3 0 0 1
0.0202125464462449 3 3 3 0 0 3
0.0235295741570926 3 3 3 0 1 0
0.0048020459531163 3 3 3 0 1 1
-0.0201757808487695 3 3 3 0 1 3
-0.0046667727574544 3 3 3 0 2 2
0.0202125464462449 3 3 3 0 3 0
-0.0407914362799822 3 3 3 0 3 1
0.0202125464462449 3 3 3 0 3 3
-0.0420280682808426 3 3 3 1 0 0
0.0003396232357144 3 3 3 1 0 1
-0.0420280682808426 3 3 3 1 0 3
-0.0191609234817951 3 3 3 1 1 0
-0.0116758666590245 3 3 3 1 1 1
-0.0191609234817951 3 3 3 1 1 3
0.0125043767869643 3 3 3 1 2 2
0.0420280682808426 3 3 3 1 3 0
-0.0003396232357144 3 3 3 1 3 1
0.0420280682808426 3 3 3 1 3 3
-0.0003396232357144 3 3 3 2 0 2
-0.0027557386164948 3 3 3 2 1 2
-0.0191609234817951 3 3 3 2 2 0
-0.0035842487444346 3 3 3 2 2 1
-0.0191609234817951 3 3 3 2 2 3
0.0003396232357144 3 3 3 2 3 2
0.0202125464462449 3 3 3 3 0 0
-0.0242472112680208 3 3 3 3 0 1
0.0202125464462449 3 3 3 3 0 3
-0.0179306506808052 3 3 3 3 1 0
-0.0046667727574544 3 3 3 3 1 1
0.0212844439891282 3 3 3 3 1 3
0.0048020459531163 3 3 3 3 2 2
0.0202125464462449 3 3 3 3 3 0
0.0203279663375466 3 3 3 3 3 1
0.0202125464462449 3 3 3 3 3 3
