(-4.216417787238441+0j)
-4.176071208007032354e+00 -4.173425084920380002e+00
-4.182808018133706618e+00 -4.216293811266786484e+00
-4.219880758301431278e+00 -4.261006224936340736e+00
-4.290360700496904656e+00 -4.200483070402331265e+00
-4.202576686378959536e+00 -4.242469951597668043e+00
-4.138456577515895241e+00 -4.154398511659640469e+00
-4.243718698042567183e+00 -4.165129527289161082e+00
-4.210793948705409129e+00 -4.192639060484419034e+00
-4.167677387820734936e+00 -4.119283374534242981e+00
-4.207588631616069108e+00 -4.203846131140585918e+00
-4.176659073415858181e+00 -4.201351564774545189e+00
-4.288369169675182668e+00 -4.253861422982195606e+00
-4.179845333062559121e+00 -4.156278708401627497e+00
-4.182114773512280337e+00 -4.154932712393346605e+00
-4.171466182765976249e+00 -4.212326170054297769e+00
-4.210766626811001778e+00 -4.181890900292706270e+00
-4.188707309395132583e+00 -4.163355521866511921e+00
-4.156989420576085337e+00 -4.199376312387348875e+00
-4.259121859071998806e+00 -4.226852442195014881e+00
-4.233448522712577322e+00 -4.198509580071155156e+00
-4.175776353868172919e+00 -4.205364644278289710e+00
-4.237547368852073504e+00 -4.240330951752121713e+00
-4.232414514437438768e+00 -4.184095246552979042e+00
-4.248143637170382902e+00 -4.251234012327578249e+00
-4.151397335685611978e+00 -4.174289433353788326e+00
-4.123803980427617866e+00 -4.252133105405340174e+00
-4.127223193466861950e+00 -4.138015080072177554e+00
-4.059267911661264883e+00 -4.190744629300628965e+00
-4.162883384775773798e+00 -4.157876641484178570e+00
-4.268832529586597424e+00 -4.231242226430243392e+00
-4.160890078757261357e+00 -4.182342065102127471e+00
-4.204372572355310034e+00 -4.229459112057555537e+00
-4.267993487480579162e+00 -4.248437734617843020e+00
-4.294117737154603098e+00 -4.284018643352543343e+00
-4.242703998793165177e+00 -4.177925685215249096e+00
-4.120220828541999225e+00 -4.181662220124853668e+00
-4.292004228599769711e+00 -4.271245348241997419e+00
-4.335852189336472762e+00 -4.251204488526863834e+00
-4.220134431917212048e+00 -4.207256957794456298e+00
-4.173635869918020269e+00 -4.180705950549737260e+00
-4.248286871050063418e+00 -4.263025941107937200e+00
-4.140654161079729612e+00 -4.189079656408693175e+00
-4.225847962335945063e+00 -4.193421303346502427e+00
-4.177568054013541143e+00 -4.218586267006120494e+00
-4.367298823736569524e+00 -4.319011889612567323e+00
-4.292431526181297308e+00 -4.310571954598858113e+00
-4.260936518510368920e+00 -4.190276295023509512e+00
-4.143888005790913986e+00 -4.170039440242900852e+00
-4.275505572284020950e+00 -4.276602655584420987e+00
-4.264103001030123075e+00 -4.277825386619442227e+00
