(-4.216417787238441+0j)
-4.270634810658012981e+00 -4.271114624950079097e+00
-3.991970384815278994e+00 -4.266515494612898252e+00
-4.248707190552563517e+00 -4.291979468815115162e+00
-4.218162763174277075e+00 -4.058127434468014272e+00
-4.384705644556280646e+00 -4.290323146027987811e+00
-4.096296778983022691e+00 -4.353369655232819824e+00
-4.322256527881678245e+00 -4.317551852274963409e+00
-4.095734781446960682e+00 -4.199168873494276255e+00
-4.147942434035028825e+00 -4.294603447309860655e+00
-4.206967899014775192e+00 -4.162703710182499073e+00
-4.215629791158107764e+00 -4.074834478615711575e+00
-3.929165471453044400e+00 -4.189396841565750762e+00
-4.076415432512444426e+00 -4.024473513928874091e+00
-4.184339622920147050e+00 -4.204358747030300769e+00
-4.245000701804718446e+00 -4.160729736237502863e+00
-4.188337871694612247e+00 -4.290748046446580588e+00
-4.245753518937872784e+00 -4.322283876703236771e+00
-4.213619753319586714e+00 -4.199650731218903310e+00
-4.108963876635565171e+00 -4.259882592354998998e+00
-4.048405756013767842e+00 -4.404087050603958886e+00
-4.153307378658138482e+00 -4.152233381612346008e+00
-4.169185988281450150e+00 -4.222453222331707501e+00
-4.261576882789612775e+00 -4.184371782749774837e+00
-4.255418550521872234e+00 -4.163755473443075950e+00
-4.109585166749286422e+00 -4.210961250288718816e+00
-4.313458597370492420e+00 -4.228673205681689140e+00
-4.187639899419129286e+00 -4.059575368279025653e+00
-3.972550007570611275e+00 -4.234683805944507995e+00
-4.118320769554014937e+00 -4.145937783609892513e+00
-4.084136821506110238e+00 -4.318336295986067164e+00
-4.358081045789623964e+00 -4.182636718564333833e+00
-4.010077048409756095e+00 -4.132316135541861613e+00
-4.184489057887114782e+00 -4.173135529124225584e+00
-4.154400523142431467e+00 -4.216140994312753243e+00
-4.212254209411480765e+00 -4.305983527942179201e+00
-3.995502295896154354e+00 -4.208967659097385017e+00
-4.350922372648834191e+00 -4.170247671298835002e+00
-4.168281463372758289e+00 -4.243458392186539641e+00
-4.151196159577786204e+00 -4.129110727668753533e+00
-4.156367279950047511e+00 -4.182928790771862637e+00
-4.180766358011175576e+00 -4.099415233769303057e+00
-4.336738392065740300e+00 -4.200811701691144151e+00
-4.242428667285068400e+00 -4.190524036055850665e+00
-4.147413786767415012e+00 -4.069047816723736943e+00
-4.320836410572181485e+00 -4.287617287886478223e+00
-4.123266730195117802e+00 -4.208039707235297300e+00
-4.382078607257834157e+00 -4.134715620229373556e+00
-4.077292777034643656e+00 -4.286070405967339347e+00
-4.116549230607676968e+00 -4.229499585119952165e+00
-4.153256171138953512e+00 -4.301795836003138973e+00
