(0.0017008405627346092-0.02132153031496957j)
4.762796550977853316e-02 -5.518454772162128402e-03 -1.064361986403465112e-02 -1.016195640071524200e-02 -4.490339867342429958e-03 8.514896315207666488e-04
-6.109317090562432773e-02 -3.432144158161029579e-02 -1.073871506308317000e-02 -5.368625362117789013e-04 -8.180700822717152168e-04 -2.997274755120636451e-03
2.408807749532938802e-02 2.273099996246080723e-02 1.038130898104280830e-02 1.850158401899449669e-03 1.208112525707200763e-02 5.372177807752833920e-03
-7.834218514981992898e-02 -2.635083373074243937e-02 -3.490317378951753036e-02 -1.240430847033368970e-02 -6.861989193516850744e-03 -6.144161571899713764e-03
3.127009150717468405e-02 4.956926542841673909e-03 2.621168032453814051e-03 -1.197564467174035661e-02 -5.544109552080249761e-03 3.419302826335750625e-03
-1.529649390955365243e-02 2.461919277370646156e-02 -7.173335293354451275e-03 -9.017404155737571841e-03 6.142682680456711813e-03 6.021599965960329828e-03
5.347662836971468076e-02 7.628316222707936731e-03 1.210203734536242047e-02 9.196570546683591890e-03 -4.293151705905431589e-03 -6.320234423311362620e-03
-4.498599846526827456e-02 -2.042156135638682410e-02 1.315599528373204326e-03 3.631217842104175406e-03 8.978761441215735856e-03 8.525667167227784365e-03
5.117033159035002526e-02 1.459862974302033288e-02 1.143357668420878770e-02 -2.054508514248242976e-03 3.124807090354167136e-03 -1.901953747736381123e-04
-1.345489719508188853e-02 1.849002401849825922e-02 2.093647562881101321e-02 1.822595000383108593e-02 1.063641996440141228e-02 5.797339489240727235e-03
5.932695068272690608e-02 2.257570629474630816e-02 1.492762988177982059e-02 1.293312634015985479e-02 3.613415365435575927e-03 5.052489519717200984e-03
2.914834220622334465e-02 -1.426608342748698736e-02 2.003138312649064418e-02 3.289365796142591780e-03 5.994601479032891922e-03 3.465532978010896561e-03
-9.067793878171567790e-03 1.973960636906157973e-02 1.141056357070698718e-02 -5.332426534038917608e-03 -8.251153978550963136e-03 -4.075069185604861949e-03
-2.102915924205271681e-02 -2.648969226640267988e-02 -1.845752149265397768e-02 -5.641719255104870288e-03 -6.494497522232074542e-03 -2.026637497327511174e-03
8.449346136945411201e-02 2.945456158045286349e-02 1.341567893387642096e-02 -4.235760776678931111e-03 -5.585808983772269642e-03 -4.154323714996369099e-04
-5.935523158411025457e-03 1.677170026717055701e-02 9.573818615368165710e-03 -4.812544805499335832e-04 4.978646026384715359e-03 -1.090204492736411568e-03
-1.180821037365625131e-02 1.257305836544161601e-02 1.398067439812271037e-02 1.862256270956631765e-02 1.922916067835880871e-02 1.436246894518334802e-02
1.313137059574594548e-02 2.042776668987357838e-02 2.027763601564585433e-02 -1.217932921266807328e-04 -6.305011802021614174e-03 -4.257105953819783316e-03
3.494186094616938409e-02 -1.266945212519204368e-02 -1.775921337368995337e-02 -1.682268792225362700e-02 -1.369271940202398084e-02 -7.933650461081251729e-03
-1.019576044242072321e-01 1.918604504017743309e-03 2.620103728800432692e-03 6.633759096355745788e-03 2.768415034598029068e-03 -1.478151471478880707e-03
