(0.0017008405627346092-0.02132153031496957j)
-6.833096508096450639e-02 8.274602187796470387e-02 -9.095831263191556104e-02 -2.630785324074082915e-02 3.255414142984284359e-02 -1.664177611847187516e-02
3.064885755243658139e-01 1.834187996526829290e-01 8.919641348583781659e-02 7.019157113871729581e-02 9.257195788163344319e-02 -3.448848342526469879e-02
-4.502646845305292855e-02 -6.873533481729587891e-03 1.104976952053567107e-01 -8.149528538664947697e-02 -2.450257326471128039e-02 4.607144112171975003e-02
-3.374065777055648696e-02 -2.988704076200586757e-01 1.308214740883035521e-01 -8.322974797644640266e-02 -2.472757380196800858e-02 4.143139383721287927e-03
-7.458145340355856745e-02 4.978162144393732946e-02 -2.546467506288885851e-01 -7.928123470356727986e-02 2.034992419223014340e-02 6.018251629772830569e-02
-1.245935141984369499e-02 -9.939325425933037694e-03 -2.278313452256707991e-02 2.627390351257669066e-02 -5.979796443730883704e-02 -4.975457570370629690e-02
-2.458183533215978211e-01 -6.209070234196877036e-02 9.149273785628075917e-03 1.148233936202877267e-02 -6.739355131160019302e-03 -3.914569942091317839e-03
1.013296738662944063e-01 4.346621377933293506e-02 -2.249010316752833583e-02 1.534506759977138368e-01 1.449973072149983166e-01 -1.742285289678491972e-02
-7.670293350770283902e-02 3.252611947110752022e-02 -9.867851748746660212e-02 -1.419510593894363071e-01 -4.501176380283795908e-02 1.335169455609006017e-04
1.386398910934367179e-01 -1.259940504709428644e-01 -1.417947062405368608e-01 6.833907587834903152e-02 -2.411065881089440727e-02 -4.144618786722925607e-04
2.444707324447924213e-01 -1.344164812010823495e-01 -1.773018390953106510e-02 -1.578362224411570536e-01 -3.915131391550592810e-03 5.862435613681927365e-02
-3.363316007651296902e-01 -2.789283022757110264e-01 1.085738871899353253e-01 -1.352784875402721770e-03 -4.427762527458432851e-02 -7.377877896255818913e-02
1.338370272103413250e-01 -1.822379906172687247e-02 -1.491393356787749577e-02 5.082657335694613226e-02 1.765020862638608246e-02 1.260524064279059109e-01
3.419472281796437363e-02 -1.357694602103806658e-01 -5.880628270632469456e-02 -3.125907514131288922e-02 7.422822851762575502e-02 4.414775973999862657e-02
-1.676783952277865197e-01 -1.172691474651044730e-01 2.445421287122215848e-01 -8.778679165332019252e-02 -4.189984277748564495e-02 -1.787545678830072815e-02
-1.017338197386785104e-01 -4.082954783132287935e-02 -1.711234988948056035e-01 1.184641290272275133e-02 -3.872156367934801585e-02 4.500189602409179757e-04
1.933400139152671726e-01 -1.686086663796582674e-01 -5.086993703812901779e-03 -2.591949040801484402e-02 3.814152213962383742e-03 3.785022574345364710e-02
-2.044574339449320433e-01 4.466986001601368217e-02 3.781254267282624371e-03 2.009619908611209871e-01 -5.300691884714398699e-02 -6.653237616105242558e-02
2.227503898062236087e-01 -8.446940323861010236e-02 1.230962753254762343e-01 -5.342057948593112449e-02 7.619389466444205505e-02 -5.464236127184163294e-02
-6.546540256930660773e-03 -1.233456649450832970e-01 1.241620471330660835e-03 1.802898594793560516e-01 -3.445931294145984647e-02 4.382245823752787400e-02
