(0.0017008405627346092-0.02132153031496957j)
-4.833001749321171048e-03 1.866610593640591689e-02 2.696140677107485006e-02 1.589986614621119801e-02 -4.863081297218973392e-03 3.241046759578744552e-03
-5.764820748469318135e-03 1.351912799830361570e-02 -1.507429916155898081e-02 1.920397031223850665e-03 -1.502133040219955085e-03 -2.372484992684519012e-04
7.407532942714092905e-02 -2.394372675812724005e-02 2.172107174273593677e-02 5.582770475716584968e-03 2.310902179461288980e-02 2.031612034015245830e-03
-3.564960788601204134e-02 2.885852976763764177e-02 -2.426233063694441076e-03 -8.629378082493560642e-03 -9.274905948326535310e-03 7.953030933086406573e-03
-3.194718782978731714e-02 -5.626831080524012652e-02 -1.513644609881487774e-02 1.366888848893832095e-02 1.717670481634739343e-02 1.134631906817674084e-02
-3.546323836892462805e-02 2.292181186347702279e-02 1.702274385971338372e-03 1.300983417585904224e-02 3.310484704062238021e-03 -3.589772552873408268e-03
-6.603783060240016323e-02 1.426856852314844007e-02 9.811765351376233735e-03 1.549267830527096407e-02 1.961097852232682182e-03 1.275364780818677435e-02
4.744104096626830525e-02 -3.178929070055903222e-02 -3.041169038838067995e-03 3.042611886211778888e-02 -3.689196876065721758e-03 1.189507137193390220e-02
-2.108215629857980791e-02 7.680835768129482335e-03 -3.776055900238867342e-03 6.483826271329469135e-03 3.094667560814313989e-03 3.191938374570245547e-03
-3.093483976292887849e-02 2.269325058004897228e-02 2.254244128208010914e-03 6.297137326764983521e-03 -4.806157620891714916e-04 2.282802377082176690e-03
-1.869328742249390732e-02 -5.440307298642111170e-03 1.439706555436988389e-02 7.545426860289528893e-03 -4.082001456333868294e-03 -6.229453819496284447e-03
3.184172039502965179e-02 -1.853301473181805797e-02 4.441876080574259922e-03 -3.450718044560322634e-03 -1.777689802599570490e-02 -4.692570649032018308e-03
6.327654694682244285e-03 9.100210526131875116e-03 1.883785280051972905e-02 9.799304252363603973e-04 9.004513320260996989e-03 -4.140689510376363916e-03
-5.478206928129705083e-02 1.355001917254305271e-02 2.003531285186967159e-03 -1.000349484636343239e-02 -4.557609722128945842e-03 1.448816316003482402e-03
-4.159658464828311364e-02 8.619585258365303898e-03 -3.818530280802405301e-03 1.053606745281100016e-02 1.781585099434625230e-02 8.740562079129036988e-03
4.338952618676369943e-02 -9.948666193013766534e-03 1.366180709249394630e-02 -1.075064129546172802e-02 1.156590268291341275e-02 2.551151707600686144e-03
4.280801539446290466e-02 -1.068374226123840545e-03 -5.304881338914740896e-03 -1.362779429961779448e-02 1.859102325967938035e-02 -4.040969746011912125e-03
8.813156937057647564e-03 3.675162615770061203e-02 -7.051863373715964653e-03 -1.125641286606999386e-02 -1.596548464573972759e-02 -1.000006245503004543e-03
6.193749814009759380e-02 3.454723571082901623e-02 -1.413022753864174447e-02 2.230307678911752287e-02 4.722425807813967341e-03 -1.846192047427024086e-03
1.360677172535660479e-02 -2.651088844761303326e-02 2.798487810305636675e-02 2.775511425994784190e-03 -1.162557736101965666e-03 -3.288127433099523322e-03
