(0.0017008405627346092-0.02132153031496957j)
9.242843412016465976e-02 5.457171635167856749e-02 -1.899482591000820411e-02 2.860839397130661085e-02 6.407519074529979819e-03 5.346117828316265461e-03
3.633664463506213610e-02 -9.718034252635153469e-02 -6.859475682262548835e-02 1.718065789943606578e-03 -2.496864849899883831e-02 -1.170937904323834239e-02
1.387394703201456636e-01 -2.111959649313781620e-02 -4.591777419411431638e-02 1.232739711045889586e-02 1.541497979346842170e-02 1.366947259980001717e-02
1.142889200980784087e-01 2.405126013847370264e-02 2.870226682516469757e-02 -1.381327083847932492e-02 -2.377167057097925168e-02 7.913598178478104678e-03
1.663002887397553309e-01 3.782496393109052724e-02 2.514255982586256072e-02 -2.688251904223248542e-02 2.230243366096875540e-02 1.342665524924169934e-03
7.275678570873118922e-02 -5.229993999309382607e-02 3.733282516390629135e-03 -1.175187179577973778e-02 1.789004920522754491e-02 6.606757697831373843e-03
6.259589750574667821e-02 2.381868689661475677e-02 -3.837041942737898226e-02 4.431080772748575633e-03 -1.645905390032824031e-02 2.606787914727198494e-02
-1.162700746626446624e-01 -5.956060153946116098e-02 -3.176039060549359916e-02 1.866173202830324895e-02 -5.495261756744543313e-03 -2.458496068184275185e-03
-2.009107419920145299e-01 -4.443355798985963029e-02 4.302293566345913312e-03 1.207016056299251711e-03 2.893046711304901944e-03 -2.027073415291735098e-02
3.198846868378033004e-02 -6.113621886936765337e-02 5.602343854282529345e-02 1.801255927041736302e-02 3.954379352488122078e-04 -2.469682982836578569e-02
5.281735499388919008e-02 -1.380857726010747272e-02 3.305110286158868815e-02 -5.006583773751453748e-03 3.444327494584282362e-02 9.393809009039778835e-03
-3.887000768246395843e-02 5.998260833629522233e-03 -1.990977794634520015e-02 4.246043321430431443e-03 -6.811834092381429881e-03 -8.607031094680838920e-05
8.044790956155278838e-02 3.047276449607913551e-02 -1.357274666085823457e-02 8.080322564060528345e-04 2.179687479458107188e-02 -5.018103825404265222e-03
-4.332086875089212474e-02 -1.271346387329931084e-02 3.117395352527734670e-03 4.397120020564128373e-02 8.686983054855563352e-03 3.206068468905431262e-04
-1.496422032463093875e-02 -2.101464377128055283e-02 3.458658670669255419e-02 -1.032571176962857051e-02 2.170431664976198508e-02 2.933217377152791405e-02
-5.683789466791656919e-02 -2.055279489227941972e-02 -1.014746703948202211e-02 2.766963909130949056e-02 1.676613557110335703e-03 1.792391038812400639e-02
1.040666480486763731e-02 9.845851019676669230e-03 1.941215414671734057e-04 -4.920748627637219069e-03 1.827861465687402945e-02 -1.883336577506063148e-03
9.467634723957102372e-02 3.142268918709892334e-02 8.637476143788712368e-02 3.528645976064580247e-02 -2.847213199097326647e-03 2.638984755403727886e-03
-1.554710031399939019e-01 -1.609194927787292034e-02 -3.476698225371210871e-02 -2.745592216797099194e-02 2.201174689658439224e-02 1.779342215034267552e-02
-6.585015453156374543e-02 -4.766519863076931762e-02 -4.027545992102585237e-02 -1.902034067849461829e-02 1.725865594667950337e-02 -1.330531333922574042e-02
