(-0.9141497046270843+0j)
-6.485286296559417130e-01 -7.185469825574547498e-01 -7.180276139483400266e-01 -7.313333540141199185e-01 -7.330299362083062542e-01 -7.263012913525607184e-01 -7.270494522665084114e-01
-7.398459701409741962e-01 -6.760268472375229321e-01 -7.170020886574467456e-01 -7.362283509483072974e-01 -7.256778758662906226e-01 -7.244238383766589129e-01 -7.240958174046162599e-01
-7.398459701409741962e-01 -7.468107475900919168e-01 -7.282774191056239355e-01 -7.245703748371820074e-01 -7.187317325386203271e-01 -7.223380971701697240e-01 -7.227964224666677540e-01
-7.398459701409741962e-01 -7.410547434795290433e-01 -7.256570899978315170e-01 -7.338880034754261539e-01 -7.259755910067707818e-01 -7.259158919648852626e-01 -7.266840186149620129e-01
-6.371995827843269788e-01 -6.905398560603023261e-01 -7.278569883387034922e-01 -7.191823319723326113e-01 -7.240427632540876735e-01 -7.239759694405333290e-01 -7.267807223804673145e-01
-7.398459701409741962e-01 -7.145737059781521738e-01 -7.361461045372127421e-01 -7.250506372612995909e-01 -7.292546160606813155e-01 -7.230997996383524695e-01 -7.237465356457589705e-01
-7.398459701409741962e-01 -7.425808950857736290e-01 -7.370850809087602373e-01 -7.364576399809420471e-01 -7.293654332576177124e-01 -7.282865461302457932e-01 -7.253439539000995362e-01
-7.398459701409741962e-01 -7.398459701409741962e-01 -7.336858863706751110e-01 -7.194175018427896307e-01 -7.256399395105711525e-01 -7.224971977555353364e-01 -7.239344262582431133e-01
-7.398459701409741962e-01 -7.456331982982625783e-01 -7.352876442586998573e-01 -7.331412940403340128e-01 -7.311248348961981725e-01 -7.279644411541780213e-01 -7.255783160239200891e-01
-7.455690386643919476e-01 -7.444244249597086194e-01 -7.180113935399204950e-01 -7.195792900357574906e-01 -7.215289420312761548e-01 -7.268127301379304628e-01 -7.252372164666144316e-01
-7.419982983636216334e-01 -7.425200301326310148e-01 -7.329888330996673362e-01 -7.370762878222284487e-01 -7.301087388401078515e-01 -7.282275621054036252e-01 -7.253013101283528608e-01
-7.557079170321686634e-01 -7.458585501765536696e-01 -7.352876618678941822e-01 -7.223602197956305870e-01 -7.197221672755774735e-01 -7.231292162380736910e-01 -7.224865475331826437e-01
-7.398459701409741962e-01 -7.398459701409741962e-01 -7.242686414606919199e-01 -7.362246902398291715e-01 -7.186766913103811438e-01 -7.229303284551490405e-01 -7.250378734217514110e-01
-7.443788701605537073e-01 -7.437896684243284762e-01 -7.264896502451309024e-01 -7.115115472112273354e-01 -7.194123526776764477e-01 -7.208491571915970342e-01 -7.237400827203971376e-01
-7.443788701605537073e-01 -7.124736001792019158e-01 -7.088295629175617174e-01 -7.251255514064475216e-01 -7.313437522159077497e-01 -7.258916296231902043e-01 -7.238019437921768828e-01
-7.443788701605537073e-01 -7.425808950857734070e-01 -7.253074723159894655e-01 -7.271967419351940132e-01 -7.284478460696656166e-01 -7.254395983492353261e-01 -7.235844393365790106e-01
-7.489117701801325522e-01 -7.422635168180832244e-01 -7.439338638359435096e-01 -7.329065442016146070e-01 -7.237525893984974035e-01 -7.250838348110705267e-01 -7.236979109484974471e-01
-7.398459701409741962e-01 -7.124736001792019158e-01 -6.987238428429648485e-01 -7.172209951237601411e-01 -7.229533836843465844e-01 -7.242196831190713668e-01 -7.232580055439036260e-01
-7.398459701409741962e-01 -7.398459701409741962e-01 -7.241971744218086426e-01 -7.215490995021877074e-01 -7.262263403159555653e-01 -7.263511373624006451e-01 -7.245510608797366414e-01
-7.477213668870393848e-01 -7.462071524909686948e-01 -7.441123891115190014e-01 -7.272310889198106976e-01 -7.232128828819209820e-01 -7.243152873271913039e-01 -7.257740741752830571e-01
-7.398459701409741962e-01 -7.437896684243284762e-01 -7.434241528220401074e-01 -7.314049908319272264e-01 -7.226888419279312581e-01 -7.245053393044310619e-01 -7.246844561257984596e-01
-7.398459701409741962e-01 -7.422635168180832244e-01 -7.431734655675538148e-01 -7.363541464615720455e-01 -7.312328337395889166e-01 -7.244434929424355962e-01 -7.254752469180228980e-01
-7.398459701409741962e-01 -7.410547434795290433e-01 -7.446050170757386732e-01 -7.205405950561843964e-01 -7.293008790222504922e-01 -7.282086137688620342e-01 -7.267419801604751983e-01
-7.398459701409741962e-01 -7.398459701409741962e-01 -6.985784067273758113e-01 -7.136753815407773649e-01 -7.208878181578611821e-01 -7.253487656724207921e-01 -7.276087710523365670e-01
-7.715698639233633527e-01 -7.254805359598476278e-01 -6.933216069069804144e-01 -7.271733226693380958e-01 -7.269584263857186146e-01 -7.233949317784235111e-01 -7.238639764588327141e-01
-7.455690386643919476e-01 -6.785046690797754687e-01 -7.270609608344013042e-01 -7.115213113489508023e-01 -7.250612119593268234e-01 -7.218753309990996181e-01 -7.247983692692933078e-01
-7.557079170321686634e-01 -6.812088971553796890e-01 -7.185787219755940258e-01 -7.376309499672558667e-01 -7.292337545465575888e-01 -7.254020147101395422e-01 -7.242321790911986357e-01
-7.455690386643919476e-01 -7.456019742515379578e-01 -7.353769068964878253e-01 -7.225891839881383172e-01 -7.280452611368960492e-01 -7.232590977317360226e-01 -7.239823858890074293e-01
-7.398459701409741962e-01 -7.410547434795292654e-01 -7.255581771796705270e-01 -7.127384766265586480e-01 -7.257665138187833209e-01 -7.270317665936708584e-01 -7.261838920194770841e-01
-7.398459701409741962e-01 -7.398459701409741962e-01 -7.189755689372622216e-01 -7.117777136283752748e-01 -7.136606788837204229e-01 -7.216767046656414886e-01 -7.246613735794290578e-01
-7.398459701409741962e-01 -6.785046690797754687e-01 -7.164898959977238357e-01 -7.039110424079820794e-01 -7.169140476080425595e-01 -7.189214002946414661e-01 -7.244338974199752146e-01
-5.102394936194817321e-01 -6.786175764019094503e-01 -7.078499707699673626e-01 -7.156063651298997241e-01 -7.191336411390548689e-01 -7.196733628944890215e-01 -7.238963324971293689e-01
-7.557079170321686634e-01 -6.815257482455397975e-01 -7.007700710516356901e-01 -7.063553667934688862e-01 -7.206532350922346675e-01 -7.209775764520066632e-01 -7.241214433030461750e-01
-7.398459701409741962e-01 -6.784347953373038864e-01 -7.091144867081914382e-01 -7.228975620027301430e-01 -7.328060381987692162e-01 -7.258657790558847855e-01 -7.267614729727186473e-01
-7.398459701409741962e-01 -6.556286918462380653e-01 -6.380040071809912616e-01 -7.004548907951845260e-01 -7.155383727137657468e-01 -7.213233787048572987e-01 -7.241269452555939568e-01
-7.398459701409741962e-01 -7.398459701409741962e-01 -7.160363781070989697e-01 -7.185482110898252506e-01 -7.203812711394649293e-01 -7.273269593287140511e-01 -7.253538128742650359e-01
-7.443788701605537073e-01 -7.184861802147807230e-01 -7.367279951392201598e-01 -7.268605417349610631e-01 -7.231370382544720643e-01 -7.223632634294466781e-01 -7.237771722222247073e-01
-7.398459701409741962e-01 -7.452845959838477752e-01 -7.275082390740928995e-01 -7.200095259480688847e-01 -7.159169977633498272e-01 -7.211575426225286245e-01 -7.247046104958673185e-01
-7.419982983636216334e-01 -6.760556338532922593e-01 -7.086594118875314541e-01 -7.244617463262473800e-01 -7.192894456571597983e-01 -7.218237020690189132e-01 -7.240603435962288392e-01
-7.398459701409741962e-01 -7.413721217472194480e-01 -7.425827932024052780e-01 -7.279324691241791934e-01 -7.236557653341487706e-01 -7.214282154581331818e-01 -7.240168657681703701e-01
-7.398459701409741962e-01 -7.428982733534635896e-01 -7.435938963344747021e-01 -7.375384478714078762e-01 -7.297222965367281544e-01 -7.295397798636168440e-01 -7.269287540272614256e-01
-7.614309855555864148e-01 -6.815257482455400195e-01 -7.174207211747721802e-01 -7.254916527666349646e-01 -7.310601621936735350e-01 -7.265182567362319377e-01 -7.236639366096623283e-01
-7.398459701409741962e-01 -7.441070466920184368e-01 -7.348755323875150181e-01 -7.344302154095466717e-01 -7.291099187352884092e-01 -7.303716726778392010e-01 -7.261940747708647281e-01
-7.398459701409741962e-01 -7.410547434795290433e-01 -7.351262196420013106e-01 -7.341256601153617334e-01 -7.263129262793773799e-01 -7.269360754604780039e-01 -7.245108786262405287e-01
-7.398459701409741962e-01 -7.416286976722351598e-01 -7.353857062688230473e-01 -7.118994264188812648e-01 -7.238941710249361394e-01 -7.223537891634413954e-01 -7.220705322372930057e-01
-7.398459701409741962e-01 -7.434722901566380715e-01 -7.441211884838546675e-01 -7.318102773562312757e-01 -7.244407004648257820e-01 -7.229185813139650252e-01 -7.252233829574997737e-01
-7.557079170321686634e-01 -7.440758226452929280e-01 -7.285452246281817201e-01 -7.292642579234843714e-01 -7.208227378947232866e-01 -7.226222934256939512e-01 -7.247006593944741448e-01
-7.398459701409741962e-01 -7.398459701409741962e-01 -7.364856267804699153e-01 -7.285313681351283099e-01 -7.286189937360550983e-01 -7.238051967498838613e-01 -7.248501275339528371e-01
-7.398459701409741962e-01 -7.446810008847243312e-01 -7.281969382309779748e-01 -7.245102024218498249e-01 -7.233452316068768040e-01 -7.246271412635333364e-01 -7.232936243237403362e-01
-5.254873953885202953e-01 -5.894504497878635396e-01 -6.760959388400978876e-01 -7.029455290285974156e-01 -7.104172775274221197e-01 -7.209159038631997030e-01 -7.234763405788177115e-01
