(-0.9141497046270843+0j)
-9.043613941635403330e-01 -7.946844448151632045e-01 -8.627913444037155211e-01 -8.947258070943694408e-01 -9.042219182906215957e-01 -9.051480096688201415e-01 -9.202035548780439500e-01
-9.043613941635403330e-01 -8.495229194893513247e-01 -9.687369948680230047e-01 -9.011405052956934503e-01 -9.228564617754649868e-01 -9.098845381915429131e-01 -9.098421844148006921e-01
-1.068876818186106359e+00 -9.591998688377293414e-01 -9.258199277317015197e-01 -9.308389489529816929e-01 -9.109597513563919557e-01 -9.187997911287207886e-01 -9.152661891854735332e-01
-9.043613941635403330e-01 -9.043613941635403330e-01 -9.115142386862610246e-01 -9.308389489529816929e-01 -9.010640068656844415e-01 -9.061690484014600644e-01 -9.122750365943209649e-01
-9.043613941635403330e-01 -8.495229194893513247e-01 -9.115142386862610246e-01 -9.131782192485647931e-01 -9.118377451071285611e-01 -9.145539457577066544e-01 -9.145589447605552147e-01
-1.068876818186106359e+00 -9.043613941635403330e-01 -9.285139624846957540e-01 -9.388640915882283666e-01 -9.055558955761983109e-01 -9.218166228258813932e-01 -9.129162410319368037e-01
-1.068876818186106359e+00 -9.043613941635403330e-01 -9.258199277317015197e-01 -9.188012350001112383e-01 -9.030989461129929063e-01 -9.153934578352825868e-01 -9.131425821286432987e-01
-1.068876818186106359e+00 -8.495229194893513247e-01 -9.401256167771420147e-01 -9.171907905661876859e-01 -9.068898728617745819e-01 -9.129817149883364680e-01 -9.115168568423693829e-01
-1.068876818186106359e+00 -7.946844448151632045e-01 -9.401256167771420147e-01 -9.163991081164107877e-01 -9.203655389933153019e-01 -9.170261974896748436e-01 -9.146494583185053040e-01
-9.043613941635403330e-01 -1.014038343511917351e+00 -9.115142386862610246e-01 -8.698316172044827654e-01 -9.057669006841458925e-01 -9.148763263974252213e-01 -9.206053017444230102e-01
-7.398459701409741962e-01 -8.495229194893513247e-01 -9.486254786763593794e-01 -9.043613941635403330e-01 -9.192425668156866125e-01 -9.151315860805852020e-01 -9.172954207165383567e-01
-9.043613941635403330e-01 -1.014038343511917351e+00 -9.343197896309188843e-01 -9.468892342234759285e-01 -9.082578234662946892e-01 -9.175840015979425113e-01 -9.157376091996435319e-01
-9.043613941635403330e-01 -9.043613941635403330e-01 -8.770970334491560161e-01 -9.284368220692812423e-01 -9.082578234662946892e-01 -9.092596131267162152e-01 -9.154623209616424839e-01
-1.068876818186106359e+00 -9.591998688377293414e-01 -9.830426839134634998e-01 -8.971279339780705575e-01 -9.167856173524825403e-01 -9.049664830137559290e-01 -9.156961571866514271e-01
-1.068876818186106359e+00 -9.043613941635403330e-01 -8.829028605953791464e-01 -9.163991081164107877e-01 -8.925022396605531982e-01 -9.144802127296119965e-01 -9.117620501634963182e-01
-1.068876818186106359e+00 -7.946844448151632045e-01 -8.685971715499386514e-01 -9.308389489529816929e-01 -9.231014402023572929e-01 -9.126659464201544170e-01 -9.211578664061640387e-01
-7.398459701409741962e-01 -8.885517222157314210e-01 -8.484856553582750260e-01 -9.212033618838114668e-01 -9.149616832131216571e-01 -9.244836253559879369e-01 -9.185703344634666978e-01
-9.043613941635403330e-01 -8.495229194893513247e-01 -8.770970334491560161e-01 -8.826880931414989861e-01 -9.262253783083501668e-01 -9.133513803700025191e-01 -9.123995070369600446e-01
-1.068876818186106359e+00 -8.885517222157314210e-01 -8.972085496408196414e-01 -8.810776487075763219e-01 -9.053109171493060048e-01 -9.238520882196247230e-01 -9.192454957857717490e-01
-9.043613941635403330e-01 -8.885517222157314210e-01 -9.057084115400378943e-01 -9.123865367987870068e-01 -9.147846514241183558e-01 -9.111542245358058567e-01 -9.178725733525908703e-01
-1.068876818186106359e+00 -9.043613941635403330e-01 -9.343197896309188843e-01 -9.236054887675121394e-01 -9.118377451071285611e-01 -9.144395400592005840e-01 -9.131086252439540862e-01
-7.398459701409741962e-01 -8.495229194893513247e-01 -9.258199277317015197e-01 -9.228138063177341310e-01 -9.188205565997910051e-01 -9.109660858092042401e-01 -9.157433449495339106e-01
-1.068876818186106359e+00 -9.043613941635403330e-01 -9.115142386862610246e-01 -8.963091719939243474e-01 -9.241904390610414799e-01 -9.143790311741791799e-01 -9.165995333877386964e-01
-9.043613941635403330e-01 -9.591998688377293414e-01 -8.829028605953791464e-01 -8.915049182265236682e-01 -9.217334895978362974e-01 -9.143052981460836337e-01 -9.144891572091010667e-01
-7.398459701409741962e-01 -1.014038343511917351e+00 -9.343197896309188843e-01 -9.372536471543057024e-01 -9.021869790433131309e-01 -9.175234927129211071e-01 -9.171181411647905124e-01
-9.043613941635403330e-01 -9.043613941635403330e-01 -8.770970334491560161e-01 -9.171907905661876859e-01 -9.244354174879335639e-01 -9.251151624923502625e-01 -9.160676947324924990e-01
-1.068876818186106359e+00 -8.495229194893513247e-01 -9.258199277317015197e-01 -9.131782192485647931e-01 -9.367881114418464827e-01 -9.080570477390123019e-01 -9.117394503749244317e-01
-7.398459701409741962e-01 -1.014038343511917351e+00 -9.687369948680230047e-01 -9.204116794340345686e-01 -9.224004782406242109e-01 -9.184707984174654838e-01 -9.129294719101302968e-01
-7.398459701409741962e-01 -7.946844448151632045e-01 -9.915425458126808644e-01 -8.610147921194583054e-01 -9.098028058598189860e-01 -9.185445314455601418e-01 -9.190644686698720145e-01
-9.043613941635403330e-01 -8.495229194893513247e-01 -8.829028605953791464e-01 -9.212033618838114668e-01 -9.125047337499162525e-01 -9.124778076935539106e-01 -9.147022674276149568e-01
-9.043613941635403330e-01 -1.014038343511917351e+00 -9.401256167771420147e-01 -9.228138063177341310e-01 -9.017309955084721329e-01 -9.073650017176274618e-01 -9.187174046946774419e-01
-1.068876818186106359e+00 -8.179035755937339447e-01 -9.486254786763593794e-01 -9.163991081164107877e-01 -9.217334895978362974e-01 -9.147420844843084931e-01 -9.176990413649935840e-01
-9.043613941635403330e-01 -8.495229194893513247e-01 -9.057084115400378943e-01 -9.509018055410997095e-01 -9.142946945703328554e-01 -9.076136493292504825e-01 -9.185740820276188101e-01
-1.068876818186106359e+00 -9.043613941635403330e-01 -9.057084115400378943e-01 -9.091656479309410122e-01 -9.026429625781530186e-01 -9.045296966755310697e-01 -9.075752546909120477e-01
-7.398459701409741962e-01 -9.043613941635403330e-01 -9.544313058225825097e-01 -9.356432027203825941e-01 -8.972051334790137611e-01 -9.061624363299235485e-01 -9.121486923696068283e-01
-9.043613941635403330e-01 -8.495229194893513247e-01 -8.685971715499386514e-01 -9.284368220692812423e-01 -9.138726843544372480e-01 -9.107108261260444815e-01 -9.109058617252913104e-01
-7.398459701409741962e-01 -9.043613941635403330e-01 -9.401256167771420147e-01 -9.075552034970179038e-01 -9.017309955084721329e-01 -9.174629838278988148e-01 -9.088897466687558824e-01
-7.398459701409741962e-01 -9.591998688377293414e-01 -9.544313058225825097e-01 -9.468892342234759285e-01 -8.996960562611634460e-01 -9.126659464201544170e-01 -9.088313162134197265e-01
-7.398459701409741962e-01 -1.014038343511917351e+00 -9.401256167771420147e-01 -9.212033618838114668e-01 -9.156966184937983533e-01 -9.125383165785750927e-01 -9.144552003244120764e-01
-7.398459701409741962e-01 -9.591998688377293414e-01 -9.401256167771420147e-01 -9.340327582864597078e-01 -9.154516400669058251e-01 -9.182287628773789789e-01 -9.171539718315547818e-01
-9.043613941635403330e-01 -8.495229194893513247e-01 -8.484856553582750260e-01 -8.979196164278474557e-01 -8.949931624427017729e-01 -9.110937156507846746e-01 -9.161770605148628066e-01
-9.043613941635403330e-01 -8.495229194893513247e-01 -9.115142386862610246e-01 -8.762733949401756428e-01 -9.275593555939266599e-01 -9.078150121989257970e-01 -9.182818153472723788e-01
-1.068876818186106359e+00 -1.014038343511917351e+00 -8.914027224945973993e-01 -9.452787897895532643e-01 -9.172416008873224280e-01 -9.100121680331231255e-01 -9.145759232028997099e-01
-1.068876818186106359e+00 -1.014038343511917351e+00 -9.401256167771420147e-01 -9.195929174498883585e-01 -9.242244123799859823e-01 -9.096897873934045586e-01 -9.150756787555321958e-01
-1.068876818186106359e+00 -8.495229194893513247e-01 -8.972085496408196414e-01 -9.067635210472398954e-01 -9.192425668156866125e-01 -9.215074663292367463e-01 -9.126314694798934868e-01
-1.068876818186106359e+00 -1.014038343511917351e+00 -8.855968953483742689e-01 -9.252159332014352477e-01 -9.219784680247286035e-01 -9.244231164709656445e-01 -9.135536979054005302e-01
-1.068876818186106359e+00 -9.043613941635403330e-01 -9.142082734392552590e-01 -9.188012350001112383e-01 -9.237684288451452064e-01 -9.116581318305888582e-01 -9.148474638767495337e-01
-1.068876818186106359e+00 -9.043613941635403330e-01 -9.200141005854783893e-01 -9.107760923648636764e-01 -9.064678626458780863e-01 -9.289109973820653954e-01 -9.102684048518275839e-01
-1.068876818186106359e+00 -9.591998688377293414e-01 -9.258199277317015197e-01 -9.059447590630941294e-01 -9.161186287096937386e-01 -9.088162147169548399e-01 -9.105908808527111153e-01
-1.068876818186106359e+00 -9.591998688377293414e-01 -8.972085496408196414e-01 -9.131782192485647931e-01 -9.068898728617745819e-01 -9.174695958994362188e-01 -9.115112354961422136e-01
