(-1.1011503302326189+0j)
-7.504164436359834767e-01 -1.184182999409218340e+00 -1.130154120019178476e+00 -1.091939214487925858e+00 -1.112106527866482342e+00 -1.102658843506519215e+00 -1.100563038387814885e+00
-1.131705510479759536e+00 -1.061884188007122143e+00 -1.056044448583739914e+00 -1.098338908259811175e+00 -1.094818693121924813e+00 -1.105959224678044750e+00 -1.100175812844104595e+00
-8.816101659596302653e-01 -1.184182999409218340e+00 -1.121661147005144077e+00 -1.127071304495451898e+00 -1.088542504021467128e+00 -1.100116514457099681e+00 -1.100816863746553631e+00
-1.131705510479759536e+00 -1.184182999409218340e+00 -1.076113338273390285e+00 -1.105488894449800030e+00 -1.112338767396727324e+00 -1.098859861595997245e+00 -1.102308934567813203e+00
-1.262899232803406324e+00 -1.083675477011075916e+00 -1.035219700923379671e+00 -1.123937683347352001e+00 -1.104669141114801967e+00 -1.093623710310192010e+00 -1.099200826363746275e+00
-1.131705510479759536e+00 -1.232324529952882219e+00 -1.121661147005144077e+00 -1.064023336408231435e+00 -1.095283172182413889e+00 -1.102940355478677859e+00 -1.103215305223302245e+00
-1.012803888283277054e+00 -1.114250179861600021e+00 -1.107002286667946533e+00 -1.108821192811427769e+00 -1.092145077632185046e+00 -1.102875346086081620e+00 -1.099875750063151525e+00
-1.131705510479759536e+00 -1.044317360313982146e+00 -1.130154120019178476e+00 -1.129520858963291019e+00 -1.083166958323689144e+00 -1.096736319135732440e+00 -1.101319232614334176e+00
-1.262899232803406324e+00 -1.035533946467412036e+00 -1.118578203343562505e+00 -1.079956345100101966e+00 -1.083455827290530582e+00 -1.105403163471893713e+00 -1.098344814672225223e+00
-1.262899232803406324e+00 -1.074892063164506251e+00 -1.164881870046025947e+00 -1.126321012077348360e+00 -1.101179826377278737e+00 -1.100520789382647191e+00 -1.098995589275084450e+00
-1.131705510479759536e+00 -1.223541116106312110e+00 -1.098509313653912134e+00 -1.109505259491688989e+00 -1.103185037994583340e+00 -1.098433819175038462e+00 -1.104082811309124335e+00
-1.262899232803406324e+00 -1.114250179861600021e+00 -1.083850453316714590e+00 -1.090372403913876020e+00 -1.105626413954079013e+00 -1.106667072164799759e+00 -1.103251818945106599e+00
-1.131705510479759536e+00 -1.114250179861600021e+00 -1.156388897031991547e+00 -1.092005440225768620e+00 -1.101440380625822169e+00 -1.103467393357613791e+00 -1.099251475404699807e+00
-1.262899232803406324e+00 -1.144824882712124126e+00 -1.107758144638656628e+00 -1.092755732643872157e+00 -1.111290828618698878e+00 -1.104161022274398940e+00 -1.103535395559047672e+00
-1.262899232803406324e+00 -1.066108649317936141e+00 -1.046795617598995642e+00 -1.083222417723886943e+00 -1.088570818739766022e+00 -1.106270053071055859e+00 -1.100905507126215710e+00
-1.012803888283277054e+00 -1.153608296558694235e+00 -1.072274536641099063e+00 -1.100788462727650074e+00 -1.112978856550863149e+00 -1.106753849052807270e+00 -1.102057460056937055e+00
-1.262899232803406324e+00 -1.184182999409218340e+00 -9.974090072349507397e-01 -1.099155426415757475e+00 -1.094150289249489871e+00 -1.099740969765129694e+00 -1.103274197347761332e+00
-1.000511788156112747e+00 -1.114250179861600021e+00 -1.079196281934971857e+00 -1.102222821826014609e+00 -1.107138831792595646e+00 -1.105092628172519964e+00 -1.100439361903253532e+00
-1.143997610606923843e+00 -1.192966413255788005e+00 -1.127827034328306555e+00 -1.094190091742237136e+00 -1.109693466625286007e+00 -1.106291527472829994e+00 -1.097894865539288611e+00
-1.143997610606923843e+00 -1.123033593708170130e+00 -1.124744090666725427e+00 -1.109505259491688989e+00 -1.101531046564573124e+00 -1.104139254778987667e+00 -1.100277401002997424e+00
-1.262899232803406324e+00 -1.105466766015030355e+00 -1.121661147005144077e+00 -1.097522390103864875e+00 -1.095923261336550159e+00 -1.105966480509848582e+00 -1.094882163181484680e+00
-1.012803888283277054e+00 -1.123033593708170130e+00 -1.188033703397257890e+00 -1.117537989575466684e+00 -1.097752862860208234e+00 -1.101770479505583156e+00 -1.103914668096238394e+00
-1.131705510479759536e+00 -1.044317360313982146e+00 -1.055288590613030042e+00 -1.092821958381714920e+00 -1.099786389195811509e+00 -1.101445139448964383e+00 -1.100700850191525859e+00
-1.131705510479759536e+00 -1.114250179861600021e+00 -1.081523367625843113e+00 -1.073622877066058967e+00 -1.088978668363657754e+00 -1.095407694143867516e+00 -1.098713783355033557e+00
-1.262899232803406324e+00 -1.153608296558694235e+00 -1.063781563627064664e+00 -1.091939214487925858e+00 -1.095719336524604515e+00 -1.092070740719686128e+00 -1.099016196983849225e+00
-1.000511788156112747e+00 -1.035533946467412036e+00 -1.069947450950227141e+00 -1.100722236989807534e+00 -1.116638059598178412e+00 -1.101192650804020845e+00 -1.101556861883047356e+00
-1.131705510479759536e+00 -1.114250179861600021e+00 -1.107758144638656628e+00 -1.113521624533577725e+00 -1.082991348230041506e+00 -1.103301388507040404e+00 -1.099669032357585285e+00
-1.012803888283277054e+00 -1.223541116106312110e+00 -1.041385588246542371e+00 -1.119104800149516521e+00 -1.102924483746040352e+00 -1.099018610614767244e+00 -1.102298920790417469e+00
-1.143997610606923843e+00 -1.223541116106312110e+00 -1.055288590613030042e+00 -1.099089200677914713e+00 -1.113675575141597207e+00 -1.102420280337908176e+00 -1.101906993550981539e+00
-1.012803888283277054e+00 -1.123033593708170130e+00 -1.081523367625843113e+00 -1.082339673830098326e+00 -1.101327121752627036e+00 -1.102413317599741482e+00 -1.099328334313074862e+00
-1.012803888283277054e+00 -1.232324529952882219e+00 -1.121661147005144077e+00 -1.069606512024170453e+00 -1.104000737242366803e+00 -1.105273144686701459e+00 -1.100262975606861815e+00
-1.012803888283277054e+00 -1.262899232803406324e+00 -1.110085230329528105e+00 -1.098338908259811175e+00 -1.114343979014031927e+00 -1.098433819175038462e+00 -1.100567159929567884e+00
-1.262899232803406324e+00 -1.184182999409218340e+00 -1.156388897031991547e+00 -1.091188922069822098e+00 -1.105218564330187281e+00 -1.098122990782027353e+00 -1.099681396982844062e+00
-8.693180658324658472e-01 -1.223541116106312110e+00 -1.118578203343562505e+00 -1.082472125305783406e+00 -1.091272748947804239e+00 -1.100477547485462004e+00 -1.096765581088207764e+00
-1.131705510479759536e+00 -1.066108649317936141e+00 -1.069947450950227141e+00 -1.125504493921401838e+00 -1.104085681397263041e+00 -1.103965994096610004e+00 -1.099636350100547721e+00
-1.000511788156112747e+00 -1.184182999409218340e+00 -1.086933396978296162e+00 -1.099971944571703997e+00 -1.091448359041451655e+00 -1.108494297895660674e+00 -1.094480222164653016e+00
-1.000511788156112747e+00 -1.123033593708170130e+00 -1.084606311287424685e+00 -1.068657542392539073e+00 -1.086044498625374777e+00 -1.104753362639568692e+00 -1.099277685272121552e+00
-8.816101659596302653e-01 -1.083675477011075916e+00 -1.118578203343562505e+00 -1.114338142689524025e+00 -1.084447136631961239e+00 -1.107064384352181019e+00 -1.104028330803403790e+00
-1.131705510479759536e+00 -1.153608296558694235e+00 -1.124744090666725427e+00 -1.134353742161126277e+00 -1.094586453591680497e+00 -1.084834396114279675e+00 -1.107016884064661921e+00
-1.262899232803406324e+00 -1.035533946467412036e+00 -1.136320007342340954e+00 -1.093572250799818679e+00 -1.107138831792595646e+00 -1.090222040587051300e+00 -1.100074804839183740e+00
-1.262899232803406324e+00 -1.105466766015030355e+00 -1.130154120019178476e+00 -1.124621750027613221e+00 -1.101587676001170468e+00 -1.102882601917885452e+00 -1.103486807288970972e+00
-1.012803888283277054e+00 -1.114250179861600021e+00 -1.096182227963040656e+00 -1.109505259491688989e+00 -1.120212318490597880e+00 -1.096375286107370339e+00 -1.100891371807066754e+00
-1.131705510479759536e+00 -1.035533946467412036e+00 -1.086933396978296162e+00 -1.107055705023850090e+00 -1.097027829551175504e+00 -1.100737585055846957e+00 -1.100313624647815347e+00
-1.262899232803406324e+00 -1.114250179861600021e+00 -1.153305953370409975e+00 -1.119038574411674203e+00 -1.113063800705759609e+00 -1.100961343467213194e+00 -1.101550679570417746e+00
-1.025095988410441361e+00 -1.105466766015030355e+00 -1.144812980356375576e+00 -1.078323308788209367e+00 -1.094325899343137287e+00 -1.101640460720390458e+00 -1.100056547978281785e+00
-1.012803888283277054e+00 -1.004959243616887932e+00 -1.130154120019178476e+00 -1.074306943746320187e+00 -1.123582652571071261e+00 -1.103279914105266268e+00 -1.104251244598995818e+00
-1.000511788156112747e+00 -1.153608296558694235e+00 -1.052205646951448692e+00 -1.087922849446036899e+00 -1.096183815585093591e+00 -1.099971984008299764e+00 -1.104498597568118967e+00
-1.012803888283277054e+00 -1.114250179861600021e+00 -1.118578203343562505e+00 -1.123871457609509239e+00 -1.090083236578282877e+00 -1.106479299818814876e+00 -1.102689977798894549e+00
-1.262899232803406324e+00 -1.223541116106312110e+00 -1.090016340639877512e+00 -1.135854326997333574e+00 -1.107399386041139078e+00 -1.100470291653658395e+00 -1.100271218690367814e+00
-1.131705510479759536e+00 -1.044317360313982146e+00 -1.124744090666725427e+00 -1.105488894449800030e+00 -1.107892179819927048e+00 -1.095263163695067821e+00 -1.098004406704701008e+00
