(-1.0351862664342546+0j)
-1.112591251862729447e+00 -1.148796815880892552e+00 -9.897148078927385795e-01 -1.049661116949932804e+00 -1.048287597429315099e+00 -1.034430074223909424e+00 -1.036493681011831480e+00
-9.009714625696629842e-01 -1.090465187596110219e+00 -1.012076204404715574e+00 -1.055442850297897417e+00 -1.024545015815354621e+00 -1.039866539051367056e+00 -1.036148887547927444e+00
-9.683129454468979436e-01 -9.914022997908946699e-01 -1.025056029034709271e+00 -1.038336304139344968e+00 -1.031988684510181109e+00 -1.028063764379953726e+00 -1.035519537692358050e+00
-1.189528075401326213e+00 -9.710366700306777288e-01 -1.013515505503919778e+00 -1.023307313887695802e+00 -1.048048068218170537e+00 -1.034314082086829067e+00 -1.034782559546299829e+00
-6.701609919538731308e-01 -1.030750928813394030e+00 -1.073390132175251255e+00 -1.007818598130656440e+00 -1.040784046431702414e+00 -1.038617235803124483e+00 -1.035107669388801055e+00
-1.189528075401326213e+00 -1.129813816618610023e+00 -9.853838472265480375e-01 -1.017525580539731633e+00 -1.032347978326897842e+00 -1.030509127358679722e+00 -1.031932514869009498e+00
-9.683129454468979436e-01 -9.900196692929604803e-01 -9.918737595415449970e-01 -1.049431254197237706e+00 -1.030534143587284568e+00 -1.033599107561984143e+00 -1.034690668907362276e+00
-1.045249768985494487e+00 -1.030750928813394030e+00 -1.030826290800104017e+00 -1.036948336490527867e+00 -1.047260915453936292e+00 -1.034466203959160779e+00 -1.036835047887386230e+00
-1.045249768985494487e+00 -9.506710402704610097e-01 -9.853838472265480375e-01 -1.040873585551638891e+00 -1.030594025890070320e+00 -1.034721008526537922e+00 -1.033348637323517227e+00
-1.045249768985494487e+00 -9.520536707683949773e-01 -1.068339520959458611e+00 -1.035100643336320125e+00 -1.030499861021883623e+00 -1.037963110602174055e+00 -1.034589715529976361e+00
-9.683129454468979436e-01 -1.030750928813394030e+00 -1.072670481625649153e+00 -1.013361677593279886e+00 -1.036583153662000489e+00 -1.040476928710930338e+00 -1.031136501268027361e+00
-8.913761219083013998e-01 -1.027985667817526316e+00 -1.041647163781291408e+00 -1.012212363829803508e+00 -1.046593527295273995e+00 -1.028828178082085154e+00 -1.037884305431241661e+00
-1.189528075401326213e+00 -1.109448186858393193e+00 -1.030826290800104017e+00 -1.029089047235660415e+00 -1.041126423339048479e+00 -1.028210182616386081e+00 -1.026819516329630311e+00
-1.035654428324133125e+00 -9.316880410081780362e-01 -1.012076204404715574e+00 -1.042031690447760672e+00 -1.027838991215249909e+00 -1.034760939727452422e+00 -1.030364442966920979e+00
-1.112591251862729447e+00 -1.009002668555243343e+00 -1.040927513231689305e+00 -1.040652513931589418e+00 -1.056090559940857876e+00 -1.037582805921344775e+00 -1.036260283544672145e+00
-1.189528075401326213e+00 -1.068716927337959532e+00 -1.052468036762478798e+00 -1.020531378590061600e+00 -1.036488988793813348e+00 -1.034646849760608500e+00 -1.032082580463462573e+00
-1.112591251862729447e+00 -8.909567814877447089e-01 -1.051748386212876696e+00 -1.037416853128564131e+00 -1.023697980748333958e+00 -1.036862127760600494e+00 -1.033121232533648293e+00
-7.566931561538313700e-01 -9.696540395327438722e-01 -1.035157251466294559e+00 -1.039485617902821346e+00 -1.038491153269800238e+00 -1.033403250148265284e+00 -1.042310802513255474e+00
-1.045249768985494487e+00 -1.030750928813394030e+00 -1.030106640250501915e+00 -1.008287114768692705e+00 -1.039577717547965241e+00 -1.027869809136471080e+00 -1.036747607190517506e+00
-1.112591251862729447e+00 -1.109448186858393193e+00 -1.050309085113672269e+00 -1.045735867888822224e+00 -1.028446497071126009e+00 -1.038957609283039485e+00 -1.035190319025694583e+00
-9.009714625696629842e-01 -9.914022997908946699e-01 -1.056079346879067016e+00 -1.044118037487309580e+00 -1.038670800178158604e+00 -1.037274757836208705e+00 -1.035403009517731565e+00
-1.189528075401326213e+00 -1.109448186858393193e+00 -1.035157251466294559e+00 -1.037637924748613827e+00 -1.038037694584897030e+00 -1.038678085127019202e+00 -1.034647890485491883e+00
-1.112591251862729447e+00 -1.051116558573610860e+00 -1.007025593188922929e+00 -1.059836615997044262e+00 -1.042238587354598955e+00 -1.036078698105725060e+00 -1.033898081894729426e+00
-1.112591251862729447e+00 -1.011767929551111500e+00 -1.024336378485107169e+00 -1.028859184482965095e+00 -1.018709935214397344e+00 -1.035380837363387707e+00 -1.037810555678485569e+00
-1.112591251862729447e+00 -1.030750928813394030e+00 -1.100802139903020782e+00 -1.026551765823366935e+00 -1.046268516043958208e+00 -1.033914761453255782e+00 -1.036117916217041746e+00
-9.683129454468979436e-01 -1.070099557835893389e+00 -9.687927124799659007e-01 -1.020071653084670960e+00 -1.028232567597367142e+00 -1.030085087136463073e+00 -1.033367460445511643e+00
-1.189528075401326213e+00 -1.011767929551111500e+00 -1.110183711785003968e+00 -1.033712675687502802e+00 -1.037917929979324860e+00 -1.033852009959124851e+00 -1.039752849640142252e+00
-9.683129454468979436e-01 -1.129813816618610023e+00 -1.061849608644461762e+00 -1.039494409035467193e+00 -1.046020304004798618e+00 -1.032437275396515641e+00 -1.034307205845750088e+00
-1.045249768985494487e+00 -1.048351297577743146e+00 -1.056079346879067016e+00 -1.056830817946714518e+00 -1.036223859845283757e+00 -1.036225116342157637e+00 -1.034756379275389548e+00
-1.045249768985494487e+00 -1.048351297577743146e+00 -9.781742843619490868e-01 -1.021689483486183381e+00 -1.032775837274415576e+00 -1.038404264606898053e+00 -1.030774427417350481e+00
-8.913761219083013998e-01 -1.109448186858393193e+00 -9.781742843619490868e-01 -1.029080256103014790e+00 -1.047260915453936292e+00 -1.029398636540733936e+00 -1.038998932225217775e+00
-1.189528075401326213e+00 -1.109448186858393193e+00 -1.024336378485107169e+00 -1.056830817946714518e+00 -1.036617436227400990e+00 -1.047930911954424893e+00 -1.034597754914705181e+00
-1.112591251862729447e+00 -1.010385299053177199e+00 -1.082052053507632339e+00 -1.051049084598750127e+00 -1.041665364064123578e+00 -1.040969424063177051e+00 -1.035454346705833029e+00
-1.045249768985494487e+00 -9.914022997908946699e-01 -1.079160393940646001e+00 -1.014289919736706569e+00 -1.037250541820662786e+00 -1.034169566020632924e+00 -1.031856199027312737e+00
-9.683129454468979436e-01 -8.705911517275279898e-01 -9.911541089919427838e-01 -1.062842414047374007e+00 -1.029901037994022772e+00 -1.034304574110457065e+00 -1.033340939056694552e+00
-1.112591251862729447e+00 -1.129813816618610023e+00 -9.954850696581333258e-01 -1.027232562948806827e+00 -1.031107366877759945e+00 -1.033966102800778497e+00 -1.037195920120748127e+00
-9.683129454468979436e-01 -1.029368298315459951e+00 -9.745629742453606470e-01 -1.023537176640391344e+00 -1.032587507538042182e+00 -1.033568684337441645e+00 -1.032559298635638001e+00
-1.189528075401326213e+00 -1.070099557835893389e+00 -1.050309085113672269e+00 -1.008048460883351760e+00 -1.030508543849898873e+00 -1.049163101420159894e+00 -1.035116910390844858e+00
-1.045249768985494487e+00 -1.051116558573610860e+00 -1.040207862682087203e+00 -1.038336304139344968e+00 -1.028052920689008776e+00 -1.033505932843310493e+00 -1.034044379782926626e+00
-1.189528075401326213e+00 -9.696540395327438722e-01 -1.045978124447481949e+00 -1.033244159049466315e+00 -1.024818827591899462e+00 -1.029489909089171151e+00 -1.035147540603824190e+00
-1.112591251862729447e+00 -1.070099557835893389e+00 -9.853838472265480375e-01 -1.003424832431509151e+00 -1.028506379373911983e+00 -1.034730516502909925e+00 -1.035585930296198054e+00
-1.189528075401326213e+00 -1.049733928075676559e+00 -1.027947688601695386e+00 -1.070931566054937001e+00 -1.037584235899993601e+00 -1.031206988101017075e+00 -1.038315337974699659e+00
-1.045249768985494487e+00 -1.032133559311328330e+00 -1.040207862682087203e+00 -1.019143410941244277e+00 -1.025511815487947231e+00 -1.039153466696758343e+00 -1.035329600882881840e+00
-9.683129454468979436e-01 -1.029368298315459951e+00 -1.017126815620508218e+00 -1.023537176640391344e+00 -1.027779108912463712e+00 -1.035451194663654206e+00 -1.030673815157871154e+00
-1.112591251862729447e+00 -1.070099557835893389e+00 -1.073390132175251255e+00 -1.009436428532168861e+00 -1.028626143979484375e+00 -1.025099284290101442e+00 -1.036296728171345993e+00
-1.035654428324133125e+00 -1.068716927337959532e+00 -1.035157251466294559e+00 -1.007350081492620175e+00 -1.045447080714323018e+00 -1.035129837136483211e+00 -1.034092290382678581e+00
-9.009714625696629842e-01 -1.070099557835893389e+00 -1.014235156053521880e+00 -1.036028885479746808e+00 -1.032228213721325449e+00 -1.039263755197939343e+00 -1.037903469671142442e+00
-9.683129454468979436e-01 -1.109448186858393193e+00 -9.969243707573375302e-01 -1.055672713050592737e+00 -1.031475343522491706e+00 -1.030280944550181932e+00 -1.031081574637265685e+00
-8.913761219083013998e-01 -1.070099557835893389e+00 -9.529212282829859770e-01 -1.031166603142563698e+00 -1.029567343914691735e+00 -1.036708103718032348e+00 -1.031131369090145800e+00
-1.189528075401326213e+00 -1.129813816618610023e+00 -1.074109782724853357e+00 -1.026551765823366935e+00 -1.047201033151150096e+00 -1.029626819349231504e+00 -1.039180651386368837e+00
