(-0.9834727290331735+0j)
-1.068163180985310934e+00 -9.978596694173995640e-01 -9.926198434454570618e-01 -1.012883762916823471e+00 -9.887636341223255965e-01 -9.869032730744472515e-01 -9.822303347867039625e-01
-8.614251030270515530e-01 -9.893943507985554220e-01 -9.833485706665106019e-01 -1.004546298088931255e+00 -9.863316621079081248e-01 -9.891583157198685639e-01 -9.850539961996738203e-01
-1.117633735344564894e+00 -1.053514043071560158e+00 -1.033646153949545621e+00 -9.770359672711662613e-01 -9.851577151868495807e-01 -9.897216067747613977e-01 -9.858511770205409253e-01
-1.018692626626056974e+00 -9.113610651120107597e-01 -9.433075650094975284e-01 -9.966053912263194148e-01 -9.758423428383842246e-01 -9.786979727058667811e-01 -9.862262317854558757e-01
-8.119545486677977042e-01 -9.754807573850152735e-01 -9.540389704054033082e-01 -9.795844435003222550e-01 -9.853075598750310471e-01 -9.915710927394801866e-01 -9.838844270230548972e-01
-9.108956573863055128e-01 -8.944304278743226977e-01 -1.005321858535513702e+00 -9.817616317117319191e-01 -9.749393371331468439e-01 -9.887169462170003476e-01 -9.845078622643386179e-01
-9.692220722668030142e-01 -1.048065768276863929e+00 -1.007767295999548285e+00 -9.908164026275828595e-01 -9.831526329619078020e-01 -9.833040035573440418e-01 -9.843838543849559031e-01
-9.603662117455594727e-01 -1.011773262830939712e+00 -1.002876421071479118e+00 -9.799557315180685846e-01 -9.833660778566456484e-01 -9.815422823975710198e-01 -9.874019199085779519e-01
-1.068163180985310934e+00 -1.011773262830939712e+00 -9.843338755135859763e-01 -9.647406839857347594e-01 -9.783174370936142950e-01 -9.817479895520786481e-01 -9.829284049247735133e-01
-9.108956573863055128e-01 -1.003307944212095570e+00 -9.745521256574474211e-01 -9.680064663028493666e-01 -9.838565678526781655e-01 -9.795409196869746538e-01 -9.886954969645795899e-01
-1.018692626626056974e+00 -9.924113946227032246e-01 -9.638207202615418634e-01 -1.008158098476257702e+00 -9.717890561476881794e-01 -9.827627092913784335e-01 -9.819903749483979150e-01
-9.692220722668030142e-01 -9.839460760038594156e-01 -9.623605876445826546e-01 -9.849768741337781019e-01 -9.824199499105961131e-01 -9.876163400986047725e-01 -9.852246539595206354e-01
-9.108956573863055128e-01 -8.944304278743226977e-01 -1.007292468229664895e+00 -9.850274140288465263e-01 -9.784097854607122224e-01 -9.778451888939833081e-01 -9.798295855578628144e-01
-1.018692626626056974e+00 -9.337399771443947172e-01 -1.021929443706564244e+00 -1.000563209683858146e+00 -9.946373063037671214e-01 -9.861321740884337883e-01 -9.834726018861520425e-01
-9.108956573863055128e-01 -1.034152174863323781e+00 -9.804283054325922953e-01 -9.723355727781345381e-01 -1.004515039049618919e+00 -9.833798307549013185e-01 -9.875588242120354465e-01
-9.603662117455594727e-01 -9.754807573850152735e-01 -1.018023873625570452e+00 -1.003111685913014028e+00 -9.683617300609351775e-01 -9.806534634127588301e-01 -9.818598834049088175e-01
-7.536281337872999808e-01 -1.075892955103944226e+00 -1.001416288454519909e+00 -1.002073631702377954e+00 -9.878175061762760611e-01 -9.780588544534166706e-01 -9.799321487780001672e-01
-8.119545486677977042e-01 -9.670154387661713535e-01 -1.001416288454519909e+00 -9.647659539332690271e-01 -9.696628773951067037e-01 -9.911098272242977458e-01 -9.840092210306142784e-01
-9.108956573863055128e-01 -9.893943507985554220e-01 -1.014118303544576882e+00 -9.991033275604069841e-01 -9.812111509435226253e-01 -9.846222544376358465e-01 -9.840064979284811608e-01
-1.018692626626056974e+00 -9.252746585255509082e-01 -1.007767295999548285e+00 -9.611288835984082013e-01 -9.882587700460223612e-01 -9.826288501319652147e-01 -9.823895407817214709e-01
-1.018692626626056974e+00 -1.061979361690404078e+00 -9.975107183735262284e-01 -9.784958493946174229e-01 -9.747402663186797156e-01 -9.764569684444469599e-01 -9.821905332879494743e-01
-9.692220722668030142e-01 -1.048065768276863929e+00 -9.574697127165134880e-01 -1.006748756247875187e+00 -9.825410464382356990e-01 -9.777651601432001405e-01 -9.833226026573741452e-01
-1.068163180985310934e+00 -9.252746585255509082e-01 -1.020469311089605036e+00 -9.629095138445373792e-01 -9.739932091870973085e-01 -9.839492017888699094e-01 -9.836521016946350171e-01
-1.018692626626056974e+00 -1.020238581449783632e+00 -9.623605876445826546e-01 -1.006748756247875187e+00 -9.772789607804662770e-01 -9.831881619843951814e-01 -9.825116116871477345e-01
-7.041575794280460210e-01 -9.700324825903191561e-01 -1.016563741008611466e+00 -1.001651803789562978e+00 -9.757643685515567933e-01 -9.822333526328013154e-01 -9.808376470479044373e-01
-5.963606101882945598e-01 -9.446365267337870630e-01 -9.857940081305450741e-01 -1.002765667842802078e+00 -9.859191463987031501e-01 -9.823253189909730843e-01 -9.803408860951666748e-01
-9.603662117455594727e-01 -1.039600449658020009e+00 -9.740772978875638088e-01 -9.741414729717979837e-01 -9.877251578091779116e-01 -9.788657662615958266e-01 -9.843716164919499301e-01
-8.030986881465539406e-01 -1.020238581449783632e+00 -1.010212733463583090e+00 -9.850274140288465263e-01 -9.794051395330479748e-01 -9.895458548141067290e-01 -9.817412083438523673e-01
-8.030986881465539406e-01 -9.476535705579349766e-01 -9.462278302434158350e-01 -9.803017495882808685e-01 -9.732113000094994026e-01 -9.830882372212976783e-01 -9.832973407431855328e-01
-1.117633735344564894e+00 -9.700324825903191561e-01 -9.701717278065701278e-01 -9.868333142225099719e-01 -9.957537569037424596e-01 -9.829464196569588363e-01 -9.846249650690418465e-01
-1.068163180985310934e+00 -9.893943507985554220e-01 -1.002401593301595728e+00 -9.908164026275828595e-01 -9.749537112134177841e-01 -9.873507225563912248e-01 -9.846559812121302713e-01
-9.603662117455594727e-01 -1.089806548517484375e+00 -9.521040100185607091e-01 -9.745127609895443133e-01 -9.756432720239170964e-01 -9.853533390482577259e-01 -9.812670428961397517e-01
-1.018692626626056974e+00 -9.113610651120107597e-01 -9.701717278065701278e-01 -1.009643250547243243e+00 -9.820649305224741221e-01 -9.838492770257725173e-01 -9.814706537730313318e-01
-1.068163180985310934e+00 -9.893943507985554220e-01 -9.848087032834695886e-01 -1.003854261948506910e+00 -9.641729727623284951e-01 -9.880537303990101217e-01 -9.828790319421762955e-01
-1.068163180985310934e+00 -9.531018453526312051e-01 -9.740772978875638088e-01 -9.857447201168051398e-01 -9.866087072092025734e-01 -9.833379379536597575e-01 -9.820871839396354552e-01
-9.197515179075490543e-01 -1.003307944212095570e+00 -9.833485706665106019e-01 -9.828249558699025945e-01 -9.799736038159077012e-01 -9.826887605196710229e-01 -9.844347429309362463e-01
-1.068163180985310934e+00 -9.391882519390910566e-01 -9.633458924916582511e-01 -1.008183368423792192e+00 -9.863604102684495611e-01 -9.809111225500466436e-01 -9.846418063451676250e-01
-1.068163180985310934e+00 -9.476535705579349766e-01 -1.026820318634633633e+00 -9.745380309370784699e-01 -9.793127911659497142e-01 -9.784882863488962856e-01 -9.860149863986782393e-01
-9.108956573863055128e-01 -9.893943507985554220e-01 -9.227944097574534155e-01 -1.008900674511750584e+00 -9.789926238238430001e-01 -9.844883952782226277e-01 -9.795747214173877726e-01
-9.603662117455594727e-01 -8.889821530796264692e-01 -1.010212733463583090e+00 -9.589516953869984262e-01 -9.771291160922851438e-01 -9.868213658978142178e-01 -9.830018889757793366e-01
-1.068163180985310934e+00 -9.337399771443947172e-01 -9.936051482925325473e-01 -9.705044026369371579e-01 -9.792204427988514537e-01 -9.860144540896350618e-01 -9.816987404359346359e-01
-8.119545486677977042e-01 -1.075892955103944226e+00 -9.423222601624221539e-01 -1.010731844652948075e+00 -9.840843868276868411e-01 -9.889984805690652525e-01 -9.834171099570518937e-01
-9.108956573863055128e-01 -1.048065768276863929e+00 -9.730919930404884344e-01 -9.622174777041130334e-01 -9.876328094420796511e-01 -9.855251118064495275e-01 -9.831128728339796341e-01
-9.692220722668030142e-01 -1.031135131039175867e+00 -9.945904531396081438e-01 -9.831962438876489241e-01 -9.856913274236944744e-01 -9.817840247250073649e-01 -9.837504829422260011e-01
-1.068163180985310934e+00 -8.666032410472424008e-01 -1.007767295999548285e+00 -9.694410784787664825e-01 -9.892253759578164551e-01 -9.825909365331865208e-01 -9.835774667978491870e-01
-9.603662117455594727e-01 -9.028957464931666177e-01 -1.010212733463583090e+00 -9.922510148034999755e-01 -9.776135022028439314e-01 -9.859924573007078363e-01 -9.825395967034694644e-01
-7.536281337872999808e-01 -1.048065768276863929e+00 -9.354964248475100552e-01 -9.806477676584929304e-01 -9.748326146857778651e-01 -9.818558727201018854e-01 -9.856135188737946695e-01
-1.018692626626056974e+00 -1.025686856244479861e+00 -9.936051482925325473e-01 -9.553146250521376004e-01 -9.959240795576679295e-01 -9.819497175041234094e-01 -9.883150526883683895e-01
-9.108956573863055128e-01 -1.061979361690404078e+00 -9.989708509904854372e-01 -9.720148246554567439e-01 -9.764683034423270458e-01 -9.798165964107268255e-01 -9.791831900939502731e-01
-1.068163180985310934e+00 -9.978596694173995640e-01 -1.005321858535513702e+00 -9.715929967426419900e-01 -9.758710909989258830e-01 -9.816840999619099728e-01 -9.801560534683574355e-01
