(-0.9412240336932628+0j)
-9.447442616466815712e-01 -9.503361783005996877e-01 -9.491711956643668069e-01 -9.310463861058664303e-01 -9.355272558735556743e-01 -9.381764281640396774e-01 -9.402295788813033184e-01
-9.762246813279985558e-01 -9.641656495952359851e-01 -9.403065494397426782e-01 -9.399456800441592375e-01 -9.324470136115734498e-01 -9.411348728077562065e-01 -9.411244562285209225e-01
-9.672813802821698115e-01 -9.672813802821698115e-01 -9.463554600245196458e-01 -9.395578981813982322e-01 -9.449107857096692431e-01 -9.418709437213872437e-01 -9.423797666510568272e-01
-9.762246813279985558e-01 -9.634936292509953537e-01 -9.440880476854556225e-01 -9.422839415427993748e-01 -9.469828490526860376e-01 -9.458178793981187882e-01 -9.414283756190071628e-01
-9.368741567263523251e-01 -9.004229958078862062e-01 -9.463184408855922491e-01 -9.374013795273270500e-01 -9.398399109916955041e-01 -9.427322861795227604e-01 -9.411443474761425065e-01
-9.762246813279985558e-01 -9.028635498998420772e-01 -9.455431865129264590e-01 -9.443535302607186654e-01 -9.442483420768994495e-01 -9.415496896448091180e-01 -9.395964498513251772e-01
-9.447442616466815712e-01 -9.470291308170997180e-01 -9.487828681189558466e-01 -9.416785152235492840e-01 -9.373431975431285590e-01 -9.421774819747668062e-01 -9.405822234341136845e-01
-7.021320098143074562e-01 -9.801597337881631233e-01 -9.435264145527602064e-01 -9.266138425713500437e-01 -9.387187069136782025e-01 -9.388246958734138836e-01 -9.417355365085099406e-01
-9.649816742989567597e-01 -9.713058657527927631e-01 -9.478361836058920575e-01 -9.399786193188020000e-01 -9.443449989466345951e-01 -9.408720578938869483e-01 -9.416927307168796446e-01
-8.975236321247060944e-01 -9.319553411511465324e-01 -9.263628547833606675e-01 -9.392440217838178285e-01 -9.427301361241653410e-01 -9.406288753286340398e-01 -9.405468950192477084e-01
-9.833793221646615068e-01 -9.093447705034058970e-01 -9.315963186304749843e-01 -9.410159564542215360e-01 -9.417277889275088576e-01 -9.386689083905728204e-01 -9.406482200039412156e-01
-9.624519977174224028e-01 -8.989284551676759438e-01 -9.446968972258767971e-01 -9.444812445729517947e-01 -9.474112933495548727e-01 -9.419636656538027397e-01 -9.398134902681347658e-01
-1.015575205929644786e+00 -9.689759004803268905e-01 -9.689759004803268905e-01 -9.445318127972207600e-01 -9.444461560681833845e-01 -9.421401578642858432e-01 -9.416949452759533212e-01
-9.511834383996782272e-01 -9.565494190271754960e-01 -9.616820961491292508e-01 -9.474583367086620855e-01 -9.429719912620084799e-01 -9.368849509162051614e-01 -9.404000358259506642e-01
-9.565494190271754960e-01 -9.208673150727106904e-01 -9.390773991450210856e-01 -9.454797749073990953e-01 -9.360901739046720849e-01 -9.377976850158062927e-01 -9.392761619482161706e-01
-9.491711956643668069e-01 -9.548629679728191100e-01 -9.531105950901660462e-01 -9.502000859726356108e-01 -9.454570344945378846e-01 -9.428978906401828119e-01 -9.416695702292130488e-01
-9.762246813279985558e-01 -9.548629679728191100e-01 -9.593601707844359172e-01 -9.321120158018947333e-01 -9.429643491686721113e-01 -9.427583824341720931e-01 -9.423256097269716580e-01
-9.565494190271754960e-01 -9.437870867239388506e-01 -9.477043711575122709e-01 -9.525177245332385745e-01 -9.457026139150956912e-01 -9.397063878440822249e-01 -9.401525822486892503e-01
-9.801597337881631233e-01 -9.145529281712707625e-01 -9.352834575279860285e-01 -9.442488125901474794e-01 -9.382522288258560161e-01 -9.412456746526430829e-01 -9.406200153028789757e-01
-9.565494190271754960e-01 -9.565494190271754960e-01 -9.362408675119999746e-01 -9.349330389712391387e-01 -9.397637149425036585e-01 -9.383110737497741827e-01 -9.412022292771453635e-01
-9.958999436288216156e-01 -9.614682346023811776e-01 -9.592383908886630284e-01 -9.512054358705447354e-01 -9.435640145778737553e-01 -9.430734885729070704e-01 -9.431404540358412358e-01
-9.270365255759407397e-01 -9.624519977174224028e-01 -9.497188136629743926e-01 -9.462753275389261809e-01 -9.460033476807989672e-01 -9.393027997448880617e-01 -9.420802129385230650e-01
-9.624519977174224028e-01 -9.437870867239388506e-01 -9.478238679198538463e-01 -9.589104505032741699e-01 -9.440368223410968707e-01 -9.434422966847163528e-01 -9.423638709194293028e-01
-9.511834383996782272e-01 -9.417929723015581178e-01 -9.388431001776980089e-01 -9.447321389674185887e-01 -9.417682542994305628e-01 -9.417753361742231544e-01 -9.410740239100181537e-01
-1.015575205929644786e+00 -8.909094904589844877e-01 -9.260098893704167278e-01 -9.464047508859254609e-01 -9.464945608166843716e-01 -9.437264156820759364e-01 -9.400746118237720550e-01
-9.270365255759407397e-01 -9.582854715831303771e-01 -9.253217524400566552e-01 -9.406551961881590707e-01 -9.415911776617942319e-01 -9.427577349141343932e-01 -9.405170591485259024e-01
-9.762246813279985558e-01 -9.478691562474005350e-01 -9.284127210343416925e-01 -9.276263028104274611e-01 -9.421175886307582292e-01 -9.408550826157542346e-01 -9.418177597270990242e-01
-9.902784401143007731e-01 -9.269899703817695569e-01 -9.085796358081597024e-01 -9.327746551382973816e-01 -9.421140605978040039e-01 -9.427201253268298053e-01 -9.417237420393069769e-01
-9.649816742989567597e-01 -9.467117878767639105e-01 -9.584084989296154378e-01 -9.511295321136573611e-01 -9.461665000554158045e-01 -9.420911386998827020e-01 -9.428328104805125953e-01
-9.565494190271754960e-01 -9.241804391129180285e-01 -9.423018152920966672e-01 -9.384763459352625237e-01 -9.430310695800776521e-01 -9.397950381289437161e-01 -9.392011987997447298e-01
-9.713058657527927631e-01 -9.243608357786116114e-01 -9.378029273165867652e-01 -9.491023075366431527e-01 -9.463027214175088186e-01 -9.430559637924565974e-01 -9.425203563480254454e-01
-8.373119069297789707e-01 -8.953224579184183574e-01 -9.055090715196343343e-01 -9.284666168336093151e-01 -9.302582737922249212e-01 -9.380139371165799878e-01 -9.406284406355186478e-01
-9.801597337881631233e-01 -9.565494190271754960e-01 -9.435596011166298425e-01 -9.486694235442770795e-01 -9.419422419626976017e-01 -9.401036303414178619e-01 -9.426846097640154687e-01
-9.093287895052000191e-01 -9.565494190271754960e-01 -9.313854599563878844e-01 -9.297852221731142119e-01 -9.297314391099278374e-01 -9.379747224278180973e-01 -9.406740674641682620e-01
-9.713058657527927631e-01 -9.080173960202615469e-01 -9.400368507510692417e-01 -9.255314603222897230e-01 -9.377349705888455844e-01 -9.426846587606680927e-01 -9.415309811921976912e-01
-9.713058657527927631e-01 -9.491711956643668069e-01 -9.330797368802746794e-01 -9.322418064416342354e-01 -9.336679425123162179e-01 -9.377590381148905863e-01 -9.404378983078569565e-01
-9.624519977174224028e-01 -9.614682346023811776e-01 -9.336925929306894023e-01 -9.362282661101011261e-01 -9.386292641440282525e-01 -9.445778338830594922e-01 -9.415798388920597617e-01
-9.713058657527927631e-01 -9.565494190271754960e-01 -9.590936339798681320e-01 -9.395478356719926261e-01 -9.346173429134834176e-01 -9.392500131538426000e-01 -9.400797682394729238e-01
-8.867916708697116679e-01 -9.143881426682687330e-01 -9.339730366279077600e-01 -9.328279395116843009e-01 -9.400979108978683163e-01 -9.395450051897036303e-01 -9.399293116689377836e-01
-9.934405358412187192e-01 -9.672813802821698115e-01 -9.410027413665825735e-01 -9.390638949770498956e-01 -9.414797649250767897e-01 -9.399801305714104993e-01 -9.413790095036281835e-01
-9.270365255759407397e-01 -9.584534766691905627e-01 -9.294810132632853605e-01 -9.421558854479080702e-01 -9.376217179350287978e-01 -9.420107485784092738e-01 -9.399298929887942577e-01
-9.833793221646615068e-01 -9.700410274620255846e-01 -9.336925929306894023e-01 -9.257220398891587987e-01 -9.327288960820032671e-01 -9.347002282837790776e-01 -9.397240570984363162e-01
-9.762246813279985558e-01 -9.582854715831303771e-01 -9.609625619731544388e-01 -9.408781419003600099e-01 -9.405811675117186077e-01 -9.425105891615963571e-01 -9.432095797808978110e-01
-9.270365255759407397e-01 -9.437870867239388506e-01 -9.329893031295192207e-01 -9.375896631846595275e-01 -9.385830140419844092e-01 -9.394602568998593473e-01 -9.387156878397944215e-01
-9.649816742989567597e-01 -9.484079311785589272e-01 -9.429280835881440614e-01 -9.424931475396463032e-01 -9.427102022667402936e-01 -9.428182155148996380e-01 -9.419287029931021626e-01
-9.624519977174224028e-01 -9.530773139152655116e-01 -9.449274167930082902e-01 -9.460809465668539309e-01 -9.361725472348321198e-01 -9.415797227324362861e-01 -9.408836743530726299e-01
-9.801597337881631233e-01 -8.721907810085108848e-01 -9.305391421355361237e-01 -9.314933000581254730e-01 -9.470923009695432215e-01 -9.418646049687198207e-01 -9.403169139707527879e-01
-9.270365255759407397e-01 -9.549961088455315439e-01 -9.565494190271754960e-01 -9.482819888777337392e-01 -9.342108779734507040e-01 -9.390941582318650394e-01 -9.416029546440575215e-01
-9.958999436288216156e-01 -9.629305851787937076e-01 -9.350293739928337011e-01 -9.423660369016635396e-01 -9.380370882130335541e-01 -9.384739931622050335e-01 -9.416402705339204093e-01
-9.713058657527927631e-01 -9.491711956643668069e-01 -9.238973029475441301e-01 -9.306788859665098279e-01 -9.415594897670664931e-01 -9.424194373280330161e-01 -9.412705331454042090e-01
