(-2.1663874486347607+0j)
-2.045614523746677182e+00 -1.813770944916342165e+00 -2.132827445839681868e+00 -2.295919199980302583e+00 -2.176493978382444627e+00 -2.163990236602495010e+00 -2.164029010865063718e+00
-2.098440935679950492e+00 -2.232395450894975486e+00 -2.443715199162959539e+00 -2.125952006972462449e+00 -2.108687611919066729e+00 -2.159606163035214799e+00 -2.177923132860827060e+00
-2.009662784888781584e+00 -2.293204704917533920e+00 -2.008695253227126720e+00 -2.080938175260494738e+00 -2.110423367155780383e+00 -2.157877668971855734e+00 -2.172408946663439977e+00
-2.528222547726993952e+00 -2.504330372878170508e+00 -2.302127560446001198e+00 -2.203760263518219631e+00 -2.156282275769306089e+00 -2.152714245080789901e+00 -2.149906583097685342e+00
-2.416745617208861496e+00 -2.427782125072361019e+00 -2.212403233381619927e+00 -2.037158531936863248e+00 -2.133914677904976465e+00 -2.143002576230646383e+00 -2.146700630436000345e+00
-2.327361531078397050e+00 -2.284676902526522113e+00 -2.115977198456051145e+00 -2.128201081123014760e+00 -2.198939909349403976e+00 -2.138337796937358704e+00 -2.172312426716417555e+00
-1.888769835128127239e+00 -2.101427431119998079e+00 -2.196877753814579393e+00 -2.227279894932991944e+00 -2.141129213365523754e+00 -2.169495604961817481e+00 -2.178125643564301051e+00
-2.382938742733997195e+00 -2.370213549893432248e+00 -2.205378318932900150e+00 -2.183328176928238662e+00 -2.169835410009380627e+00 -2.156586774281615604e+00 -2.164502894570075497e+00
-2.165671586804903903e+00 -2.304636574914232572e+00 -2.360682036859801602e+00 -2.241188844104995859e+00 -2.125616657531318232e+00 -2.203546583623043453e+00 -2.126993494892862380e+00
-2.263875673333751060e+00 -2.225260117394401327e+00 -2.163802625721281458e+00 -2.066695443276400646e+00 -2.157668601678576437e+00 -2.161697795551762002e+00 -2.187787466894065336e+00
-1.894502602637009980e+00 -2.100748797183296546e+00 -2.171995601901703488e+00 -2.246109450603517743e+00 -2.160551814317027919e+00 -2.153622826173116067e+00 -2.181785591590873707e+00
-1.953808389798743050e+00 -1.698337648881659057e+00 -1.903813862878669827e+00 -2.203446229321087912e+00 -2.178229947160267521e+00 -2.202382563103713942e+00 -2.143280625841716969e+00
-2.113413043130031532e+00 -2.075212778232797373e+00 -2.329621185464552990e+00 -2.226172129508562580e+00 -2.173494502489239810e+00 -2.197151447500820254e+00 -2.170483020324104118e+00
-2.166128542654365496e+00 -2.241947819256229657e+00 -2.180726492557827800e+00 -2.097092584088573908e+00 -2.190987610354808268e+00 -2.199227431349187967e+00 -2.152246906591191333e+00
-1.989553097792150949e+00 -2.314510093547998970e+00 -1.973719092036622769e+00 -2.128758752406567645e+00 -2.142044909142032161e+00 -2.181885977882267902e+00 -2.152451762893786480e+00
-2.322589404730845963e+00 -2.383282054392898974e+00 -2.126395844797248191e+00 -2.258495332183676485e+00 -2.206154392756731752e+00 -2.178694202503463018e+00 -2.159938349314014516e+00
-2.373792447547076634e+00 -2.044676952807093162e+00 -2.148892429911515745e+00 -2.148743410940974208e+00 -2.176414180123146913e+00 -2.185889049065234957e+00 -2.216244662561929868e+00
-2.426775963405790826e+00 -2.267961889856889179e+00 -2.318831765551736979e+00 -2.108825452723044336e+00 -2.143663011447775268e+00 -2.160316220324425718e+00 -2.196189044846328819e+00
-1.977074244390807811e+00 -2.137586128822211329e+00 -2.205912322797059844e+00 -2.213106460536923503e+00 -2.182657372230503157e+00 -2.175850376869195912e+00 -2.201114896040713198e+00
-2.189725746336085077e+00 -1.699772570452656950e+00 -2.197066620526703318e+00 -2.245135330927760187e+00 -2.228290641570320307e+00 -2.182874999926919024e+00 -2.182965822440785075e+00
-2.215068724483695739e+00 -2.229722500732673751e+00 -2.151389539321519440e+00 -2.170955096253666561e+00 -2.210353868244439468e+00 -2.179107564246785422e+00 -2.203110358333933760e+00
-2.350554208371977705e+00 -2.406101711246145136e+00 -2.227625932048799662e+00 -2.198029324039692867e+00 -2.175150440895359694e+00 -2.197811446710136174e+00 -2.178645364972815024e+00
-2.115759300771653084e+00 -2.212335952019951257e+00 -2.206979994945843515e+00 -2.120129031916009765e+00 -2.173679844706770226e+00 -2.186099787446775800e+00 -2.187899779621050644e+00
-2.236783615232980083e+00 -2.428227269526900045e+00 -2.455434155112873107e+00 -2.156795784647179914e+00 -2.200443299845625589e+00 -2.163969036729218587e+00 -2.181740946792129154e+00
-1.733702305016618039e+00 -2.050777940630834184e+00 -2.073927871106022280e+00 -2.132833673831806109e+00 -2.201104628659307672e+00 -2.140619991737863437e+00 -2.167594068568800658e+00
-1.742789154328063805e+00 -1.996412366791657789e+00 -2.495367759371148964e+00 -2.032647530637237576e+00 -2.136038747040953645e+00 -2.168720538358082983e+00 -2.169028917378993615e+00
-2.228197780720567511e+00 -2.582593897445092157e+00 -2.086046007614906550e+00 -2.130295573663998354e+00 -2.134041276228241468e+00 -2.160150854476877491e+00 -2.200523936204939357e+00
-2.200431142990662003e+00 -2.182805937846346911e+00 -2.128288304365685502e+00 -2.147462174114743050e+00 -2.115409158911402354e+00 -2.182413802097445732e+00 -2.150389193512188157e+00
-2.237577553190944979e+00 -1.951938878412393663e+00 -2.156557433376706356e+00 -2.253125665535591793e+00 -2.166385455158705398e+00 -2.201590816565482722e+00 -2.191695906667055826e+00
-2.256235154233681151e+00 -2.116011665939475428e+00 -1.962199010442961633e+00 -2.250467704802241897e+00 -2.161671450967209474e+00 -2.176569396034361947e+00 -2.184746759410964412e+00
-1.818138041464967936e+00 -2.313698805109708267e+00 -2.136446112900892924e+00 -2.296316052589589596e+00 -2.161572016265454366e+00 -2.185472748368761486e+00 -2.158289500687758711e+00
-2.348959217541131572e+00 -2.025429809268077364e+00 -2.081501066015056800e+00 -2.180634457252209391e+00 -2.225468171820015328e+00 -2.199211518249564179e+00 -2.135688308141546532e+00
-1.656581881225044128e+00 -2.308372920423807262e+00 -1.963920470320916989e+00 -2.258890476214602483e+00 -2.237846008721957158e+00 -2.185286769347355662e+00 -2.137611639766130445e+00
-2.328741209533101042e+00 -2.005549438088659375e+00 -2.068646128435661868e+00 -2.173252150348827350e+00 -2.165283220876221826e+00 -2.105550894278843899e+00 -2.175758490248103527e+00
-2.110636090529759201e+00 -2.338494892916808787e+00 -2.044912685498697424e+00 -2.056334632616053426e+00 -2.180964507774450389e+00 -2.174931076345823833e+00 -2.169686233738643999e+00
-2.142760774318746897e+00 -2.464494194390464799e+00 -2.250561616421661526e+00 -2.085556920243663903e+00 -2.159359846176438502e+00 -2.228945967737185008e+00 -2.125082956536067158e+00
-2.233352863682482869e+00 -2.023010933315018356e+00 -1.982206867753746771e+00 -2.153338310316130322e+00 -2.174399022135217407e+00 -2.216266255778107208e+00 -2.170431730823680461e+00
-2.085332760334616786e+00 -2.045267158799532581e+00 -1.943021277525029955e+00 -2.180364929869562651e+00 -2.159636879853441105e+00 -2.182343928262035604e+00 -2.152651825321612478e+00
-2.196410829547044141e+00 -2.347222308207701058e+00 -2.049138489840599320e+00 -2.081415497360526778e+00 -2.160904827062066325e+00 -2.181521089142274050e+00 -2.164565162360359452e+00
-2.286939782191641513e+00 -1.891715622619909887e+00 -2.165144101226696094e+00 -2.247936352292922102e+00 -2.223200635531275005e+00 -2.152962515509603048e+00 -2.171402678364718231e+00
-1.924802700891434570e+00 -2.110414912352463368e+00 -2.096305166425199040e+00 -2.197589881470688233e+00 -2.178228742477261726e+00 -2.162108364652929549e+00 -2.214116137475521384e+00
-2.259149947490867838e+00 -1.969638771364339958e+00 -2.023497754057934195e+00 -2.138623508444411847e+00 -2.153404674516440132e+00 -2.171950681399489103e+00 -2.160350196284761548e+00
-2.064723368992928076e+00 -1.802201632854089963e+00 -2.306976958127028965e+00 -2.083099739376309767e+00 -2.171823168948965765e+00 -2.180489925721462274e+00 -2.186952075565038456e+00
-2.363873566253205993e+00 -1.936182714404415472e+00 -2.283498045376534336e+00 -2.247394620320851022e+00 -2.211485939487290331e+00 -2.155762193340730715e+00 -2.151619979971745256e+00
-1.923663035855309955e+00 -2.297371316701478872e+00 -2.217752433911716281e+00 -2.169872783326488808e+00 -2.184656681870388972e+00 -2.161727336758549001e+00 -2.122856889337744857e+00
-2.352948152752726063e+00 -2.186805277871367803e+00 -2.167431634896515469e+00 -2.179775705823158827e+00 -2.254378664237413510e+00 -2.171548493866051643e+00 -2.161524717476003055e+00
-2.073630964505266849e+00 -2.184834183675826047e+00 -2.197915450169347640e+00 -2.202791963852076762e+00 -2.206123431371563193e+00 -2.170076913095185578e+00 -2.187586816551992719e+00
-2.279571189297890932e+00 -2.145088255264691934e+00 -2.126760663163239862e+00 -2.144604020609221173e+00 -2.156394083728047306e+00 -2.168789061486404712e+00 -2.209238912782382158e+00
-1.980496501491877837e+00 -2.371755962173039745e+00 -1.991119686866233307e+00 -2.130147052331435642e+00 -2.175733666153207402e+00 -2.158672955171828889e+00 -2.203044208649366453e+00
-1.831980620079300959e+00 -2.310775648773554902e+00 -2.303089427078142570e+00 -2.215209085947814849e+00 -2.216689351441076816e+00 -2.202484786837195507e+00 -2.190584896333899856e+00
