(-2.1663874486347607+0j)
-2.078628213308122419e+00 -2.451587104455159150e+00 -2.327569469289968662e+00 -2.136883254365702811e+00 -2.177304506733824141e+00 -2.199734484922263533e+00 -2.178322400415957816e+00
-2.210776573602626804e+00 -2.202557403903123046e+00 -2.347038645059520423e+00 -2.227861234670204915e+00 -2.210212191652080271e+00 -2.193249459608560326e+00 -2.166577319617455366e+00
-2.251913990229236884e+00 -2.234126027427173256e+00 -2.223970006155857160e+00 -2.176987035498894052e+00 -2.219785498651664746e+00 -2.198972949236803309e+00 -2.181622406220450117e+00
-1.806985405143414658e+00 -2.001884793420510622e+00 -2.119878907950911273e+00 -2.199016022894713096e+00 -2.105422896823733403e+00 -2.147494862133809246e+00 -2.165987945142425986e+00
-2.352821882982339297e+00 -2.259229468944040420e+00 -2.255164545968404877e+00 -2.165720328434557196e+00 -2.130213104954053804e+00 -2.180560163674404972e+00 -2.165347272549816182e+00
-2.202783736354295030e+00 -2.149322566303256465e+00 -2.096245479432560010e+00 -2.035355867629959903e+00 -2.174778550412657108e+00 -2.173455492602593964e+00 -2.178813360851481917e+00
-1.659007474168890273e+00 -1.728949336216868859e+00 -1.990803043756060209e+00 -2.184906120998778345e+00 -2.201934295219057258e+00 -2.173939256649321194e+00 -2.155566432904468588e+00
-1.893297968180878588e+00 -2.073819209518582785e+00 -2.046442062434923770e+00 -2.182636620236383607e+00 -2.175395627089651729e+00 -2.133807718469857839e+00 -2.146529982526188984e+00
-1.632692288895843280e+00 -1.791067798162898406e+00 -2.126829303786183623e+00 -2.067847255706068310e+00 -2.127150458262321298e+00 -2.129442177842586048e+00 -2.161243339293476673e+00
-2.285077444423002202e+00 -2.206501785765468071e+00 -2.069264603905097033e+00 -2.147855663936395487e+00 -2.126171159731149451e+00 -2.129709738776147887e+00 -2.159991560751747031e+00
-2.329390305241037851e+00 -2.135125688091539242e+00 -2.140404498043077641e+00 -2.089614547104448494e+00 -2.148949458954826142e+00 -2.162241017374869401e+00 -2.171752717138945687e+00
-1.982893989782192223e+00 -2.176279762649280247e+00 -2.163909915660122696e+00 -2.231616304007439489e+00 -2.135091535307823918e+00 -2.152411961155922704e+00 -2.165775612433947561e+00
-2.244249529127010589e+00 -2.337535672596806613e+00 -2.269257777258866238e+00 -2.210631523650234520e+00 -2.119115351463501273e+00 -2.157152010981568502e+00 -2.150169110599404743e+00
-1.907011225431441304e+00 -2.083011428673461118e+00 -2.194373030065650543e+00 -2.089998735301359822e+00 -2.133204401964844621e+00 -2.168255623064109461e+00 -2.162219253664058982e+00
-2.012916584839529399e+00 -2.134613643183207454e+00 -2.148114370245074678e+00 -2.212105745588058614e+00 -2.180860239245265397e+00 -2.156371370448481706e+00 -2.146042925151140146e+00
-1.849841082819071225e+00 -1.934781385549657173e+00 -2.180581838275219120e+00 -2.117583339501713624e+00 -2.144357235230395453e+00 -2.155356019390404221e+00 -2.165421223219012425e+00
-2.250655975494766370e+00 -2.237938791490330814e+00 -2.339106422681408226e+00 -2.216412861087048825e+00 -2.220887297155580420e+00 -2.182764484234401170e+00 -2.153050694180556501e+00
-2.407922585229836265e+00 -2.376263927321261349e+00 -2.340844455687770331e+00 -2.263236567593977178e+00 -2.173012766875893842e+00 -2.163298588396591171e+00 -2.174319363142667605e+00
-2.413097375024737090e+00 -2.224077011969395556e+00 -2.401985562032737498e+00 -2.162464899316355993e+00 -2.192982331042595767e+00 -2.173975095702020965e+00 -2.164497157110376158e+00
-2.142596514428092735e+00 -1.956508187778820185e+00 -1.916533468472280788e+00 -2.142113132705207867e+00 -2.163594621415673380e+00 -2.183451774302295867e+00 -2.172244913892416029e+00
-1.768166163487635778e+00 -1.914309615970475109e+00 -2.104358535944102826e+00 -2.009136583053745539e+00 -2.137837568445440706e+00 -2.171177363444861008e+00 -2.154240539970900592e+00
-2.237959821608617617e+00 -2.064621572193205967e+00 -2.175601865120482259e+00 -2.103142322914298035e+00 -2.082482721822473959e+00 -2.166789618099095982e+00 -2.161380255981204090e+00
-1.954845984600587894e+00 -1.810845413074360311e+00 -2.357275511769697296e+00 -2.246388507378557886e+00 -2.133893466490776269e+00 -2.162198046874258317e+00 -2.145711353356018147e+00
-2.163770741220341964e+00 -2.196948346146807562e+00 -2.193726570119999941e+00 -2.079618268598482977e+00 -2.128593733114207964e+00 -2.150152111691502110e+00 -2.156274107744192925e+00
-2.290320092261886487e+00 -2.250405326429441910e+00 -2.258977197456298214e+00 -2.237344329303209811e+00 -2.182773658842800835e+00 -2.175134679191123688e+00 -2.180659616962115521e+00
-1.713060277812180843e+00 -1.530635724617524174e+00 -1.834488499009786944e+00 -2.064900080239686631e+00 -2.075644537534892642e+00 -2.139819424652948499e+00 -2.165171659228759538e+00
-2.172596315635349828e+00 -1.840386656819059663e+00 -2.210649855761058546e+00 -2.227542763089675582e+00 -2.192751095287469365e+00 -2.154067257495168697e+00 -2.170509644505048019e+00
-1.997175395144787480e+00 -1.847954374504507724e+00 -1.682734795346487289e+00 -2.016961324297281699e+00 -2.075882931569429157e+00 -2.144889536766064086e+00 -2.163376395900987958e+00
-2.118735899654677901e+00 -2.082870135976327752e+00 -2.232106269067349658e+00 -2.136268844623227636e+00 -2.127132693218747761e+00 -2.171734150820574971e+00 -2.172032956865853404e+00
-2.157003254775353263e+00 -2.251442387053130822e+00 -2.367620930581206817e+00 -2.163573308081117474e+00 -2.156916073688682545e+00 -2.158755216717089809e+00 -2.154806245712015844e+00
-2.160227488131425844e+00 -1.982293375744939246e+00 -1.808473332181545379e+00 -2.054856671842699711e+00 -2.162179466368718828e+00 -2.169435536350415639e+00 -2.175135775933823012e+00
-2.131982322422466325e+00 -2.185437657315919324e+00 -2.355725908889339415e+00 -2.251171336378519516e+00 -2.158427341048645420e+00 -2.150808511769628062e+00 -2.158887513718744877e+00
-2.524455186123410577e+00 -2.567258245182646004e+00 -2.101692701440843969e+00 -2.061973532365602324e+00 -2.107979890217431596e+00 -2.160010104997779123e+00 -2.172811262237122065e+00
-1.893339368344680196e+00 -2.548356889116531132e+00 -2.266265591798128920e+00 -2.166701087352609356e+00 -2.126502000492645372e+00 -2.147598138805172141e+00 -2.158324847802814528e+00
-1.970399055461534266e+00 -2.039537841884852654e+00 -2.306733135887347075e+00 -2.254808382816641199e+00 -2.167966521160864524e+00 -2.144820293851510407e+00 -2.152237082194377926e+00
-2.100197893913605895e+00 -2.006215099552653314e+00 -2.112237628624309416e+00 -2.233378869913230425e+00 -2.210126470096535289e+00 -2.178096520955818960e+00 -2.158699622650927630e+00
-2.279324337806942768e+00 -2.184905888673505103e+00 -2.362135876627635689e+00 -2.314843169409345425e+00 -2.204421053143773346e+00 -2.166408865789502869e+00 -2.156695210903953441e+00
-1.917202021688783065e+00 -2.068295285803016803e+00 -2.248919251531969810e+00 -2.224306122965229005e+00 -2.188318329406258478e+00 -2.154963515934967155e+00 -2.171568122731053485e+00
-2.026745986133256849e+00 -2.230694534377268834e+00 -2.045607705834962431e+00 -2.200841452095783524e+00 -2.136330821039125638e+00 -2.151386185663521911e+00 -2.164255059906266432e+00
-1.757348294436359204e+00 -2.102060033936211880e+00 -2.143887440015772583e+00 -2.181824309400608897e+00 -2.143943516427306850e+00 -2.171785343040405714e+00 -2.175095105939569340e+00
-1.818109809937695109e+00 -1.940527655682747543e+00 -2.014090212514780376e+00 -2.150745700480118927e+00 -2.111109819047022551e+00 -2.181098797282073676e+00 -2.169088853298978492e+00
-2.137573902294044537e+00 -2.100733651619703046e+00 -2.178071390891847869e+00 -2.185364508916343596e+00 -2.172066512165243601e+00 -2.147300783590527118e+00 -2.161272105266039745e+00
-2.084189649745235240e+00 -2.084340029205959510e+00 -2.166089913480145679e+00 -2.056437149513689278e+00 -2.135801626140807041e+00 -2.160604231011372889e+00 -2.171263806526436024e+00
-2.235028942401874108e+00 -2.274255441111031395e+00 -2.189263155749335610e+00 -2.244434901102542845e+00 -2.237311320348051691e+00 -2.195080243929283803e+00 -2.167289220094317237e+00
-2.027629443287384259e+00 -2.123651538500334723e+00 -2.360723820010297125e+00 -2.218327722064105778e+00 -2.188761262468116087e+00 -2.164897456000297815e+00 -2.166635029168900495e+00
-2.150055064411311445e+00 -1.995346178544881388e+00 -2.141486881389096819e+00 -2.213124110545545697e+00 -2.181736359262163916e+00 -2.180404626417940861e+00 -2.175045084029845199e+00
-1.985542116946532154e+00 -2.293003204109544502e+00 -2.258581118218031314e+00 -2.156005454004181310e+00 -2.140356383630209081e+00 -2.166618933538583924e+00 -2.166720625160899694e+00
-2.411935079099127854e+00 -2.242056682157062220e+00 -1.889540937052105907e+00 -2.016506810018733553e+00 -2.099288510256237306e+00 -2.159238445958704844e+00 -2.164992741551911237e+00
-1.649505234237975237e+00 -2.122630887200931404e+00 -2.234509570641837861e+00 -2.203555951832227855e+00 -2.198602883928058027e+00 -2.176273614133178658e+00 -2.174543653875890215e+00
-2.172487576376840313e+00 -2.187984052662740098e+00 -2.172501426261600699e+00 -2.160540031664081706e+00 -2.156825782386146528e+00 -2.169389574743617821e+00 -2.160347472889717402e+00
