(-2.1663874486347607+0j)
-1.881565419857437638e+00 -1.976929901266310630e+00 -1.999710146020624579e+00 -2.298782024969218352e+00 -2.107802804972776833e+00 -2.179973305606926814e+00 -2.168584362088321615e+00
-2.108650262129994069e+00 -2.201088947238211802e+00 -2.290790039252398103e+00 -2.213559589383462090e+00 -2.116497463342099650e+00 -2.135863200503638204e+00 -2.173270178155358501e+00
-2.180039042235191182e+00 -2.119618401590580348e+00 -2.171144727308764288e+00 -2.165110807738114485e+00 -2.123462381874748672e+00 -2.137102554879194649e+00 -2.163049313233514681e+00
-2.231180437797985583e+00 -2.615134188147465455e+00 -2.211990875208210028e+00 -2.143832527335708171e+00 -2.146807577562593661e+00 -2.160883340139434505e+00 -2.175649003617940114e+00
-1.844470097429039557e+00 -1.729947644714414867e+00 -2.208894725615888177e+00 -2.137440829871400716e+00 -2.174812569741071400e+00 -2.148330773244925052e+00 -2.153627750783911221e+00
-2.354478279929296036e+00 -2.163845265104321403e+00 -1.805037491380554471e+00 -2.156940625146535950e+00 -2.198772693986931426e+00 -2.155924625901194158e+00 -2.163732363124926117e+00
-1.935754174918580928e+00 -1.903790856168025458e+00 -2.049281224792623313e+00 -2.127188068707521751e+00 -2.241886547379757122e+00 -2.177422182989876553e+00 -2.168277903413226237e+00
-2.252425740843603030e+00 -2.417068542430721667e+00 -2.075310100582506756e+00 -2.228518197055831429e+00 -2.088871229292291520e+00 -2.184044246694313962e+00 -2.170498558826578162e+00
-2.221638696338168462e+00 -2.038092546022256091e+00 -2.235453341620933010e+00 -2.202501139263263408e+00 -2.113408871402981504e+00 -2.198444506228432793e+00 -2.164987879495589240e+00
-1.879668956061622875e+00 -2.485999439574386294e+00 -2.112383119965619560e+00 -2.171181493736531909e+00 -2.161169869289583545e+00 -2.166418278581295098e+00 -2.173384560681334232e+00
-2.270277318882015116e+00 -2.027191130270407093e+00 -2.209873618389073258e+00 -2.141321151797536793e+00 -2.215489057096834635e+00 -2.155744812842682379e+00 -2.175460415464468333e+00
-2.004077121214540735e+00 -2.029447562893772705e+00 -2.238204399625859153e+00 -2.107510004391792702e+00 -2.123399009323126307e+00 -2.119464233286671107e+00 -2.151859303361431941e+00
-2.580138932339053781e+00 -2.139869303316211280e+00 -2.265377895539962161e+00 -2.271403110949695492e+00 -2.194957091789472958e+00 -2.165939102185061582e+00 -2.180666964973954514e+00
-2.306697825796894197e+00 -2.446812011041585411e+00 -2.060028328488377802e+00 -2.268790210578802036e+00 -2.190956821162159951e+00 -2.186876951978572237e+00 -2.163550651514574596e+00
-2.021039666559931280e+00 -2.346782928804205248e+00 -1.934350023604586299e+00 -2.204731500365264996e+00 -2.226481725025603708e+00 -2.179972114596821164e+00 -2.169403587743280681e+00
-2.260895421111460024e+00 -2.172254736434322098e+00 -2.138120109618138365e+00 -2.235289135533721883e+00 -2.167552463093793680e+00 -2.165452986567344418e+00 -2.161637504988849212e+00
-1.843145603105856623e+00 -2.237594466725265185e+00 -2.238302617100006220e+00 -2.096249305789034345e+00 -2.136826117913496859e+00 -2.183637234507301628e+00 -2.164899082233463279e+00
-1.694758185252862814e+00 -2.145351261483554595e+00 -2.099013136758113518e+00 -2.240499422190016077e+00 -2.176507008109507257e+00 -2.132989366575041235e+00 -2.169781956982693938e+00
-2.355592436844192950e+00 -2.234709994640089015e+00 -2.120529989490344214e+00 -2.195263362164977750e+00 -2.155361335270063350e+00 -2.139165445397785970e+00 -2.149189541209448162e+00
-2.099757388119677159e+00 -2.642874702192231418e+00 -2.131057415594256099e+00 -2.287580587904757490e+00 -2.148190433180909409e+00 -2.175748744410370694e+00 -2.149832508278387344e+00
-2.195172268384519398e+00 -2.282059987305737003e+00 -2.073760620363613860e+00 -2.144515244089769901e+00 -2.153098086210466278e+00 -2.197559450834489336e+00 -2.168443081705944131e+00
-2.225980258287318492e+00 -2.227894954241992576e+00 -2.073804399948122601e+00 -2.201062195610656858e+00 -2.178415984791779891e+00 -2.100604628016322639e+00 -2.167915069729675182e+00
-1.940476517024611214e+00 -1.901812612829224980e+00 -2.059242973015004807e+00 -2.175897533696330655e+00 -2.165258813608438970e+00 -2.145374932345594843e+00 -2.160984962411500288e+00
-2.047237898151233804e+00 -2.449304099889691777e+00 -2.225219890118087740e+00 -2.228144866729095952e+00 -2.152911855269607599e+00 -2.183108747750574619e+00 -2.144150033737065364e+00
-1.652277200132546753e+00 -2.027432911659165615e+00 -2.080892854028623340e+00 -2.196822145340201260e+00 -2.132111973518712844e+00 -2.126359320190530422e+00 -2.175043039924311472e+00
-2.002075771335090071e+00 -1.789017064591604367e+00 -2.316484024818981524e+00 -2.281207217748096205e+00 -2.121267394309286569e+00 -2.172954803305053417e+00 -2.163795863647642648e+00
-2.197928769398943771e+00 -2.016261966033748187e+00 -2.077013670632986919e+00 -2.242548821724231978e+00 -2.229568214776992185e+00 -2.157982082755397268e+00 -2.155132505880460236e+00
-2.210132493265965614e+00 -2.484424081665653539e+00 -1.980605825101251050e+00 -2.279525132779003815e+00 -2.214636456340433046e+00 -2.176631878912597351e+00 -2.171505968184147761e+00
-2.327161271636141837e+00 -2.188754846997736259e+00 -2.314713196208482149e+00 -2.097244644829639348e+00 -2.171867013065838403e+00 -2.171843909051137445e+00 -2.183877119778489195e+00
-2.004696047437132478e+00 -2.185867683879928691e+00 -2.032552651149019063e+00 -2.200508116210130982e+00 -2.197708241844489319e+00 -2.156537668419828080e+00 -2.170683240617599541e+00
-2.270589061382048079e+00 -2.307970149402036597e+00 -2.279043851059161963e+00 -2.039212363151666985e+00 -2.077984685109527163e+00 -2.181843426669283659e+00 -2.167768686801615274e+00
-2.035292464595145567e+00 -2.003549347626147892e+00 -2.244551307728627876e+00 -2.190380449792265871e+00 -2.201669981161918699e+00 -2.186722011787068709e+00 -2.170489076691421992e+00
-1.882901890941638179e+00 -2.046102424746084836e+00 -2.073552264478216500e+00 -2.137667477663522497e+00 -2.125333833043095311e+00 -2.169139905225533571e+00 -2.170995206952082590e+00
-1.804606782740448834e+00 -2.496542685961748553e+00 -2.046247432999683369e+00 -2.135295420481415185e+00 -2.193459472566601676e+00 -2.187727638394762142e+00 -2.166943801216999255e+00
-2.313393858812858639e+00 -2.245199112924656681e+00 -2.218640170059790862e+00 -2.209167154811126466e+00 -2.096282416319986019e+00 -2.160281765322100700e+00 -2.156149989195438543e+00
-2.260591432785790111e+00 -2.338291189365449441e+00 -2.179569762619157025e+00 -2.240806145552036277e+00 -2.153517650619858337e+00 -2.181552472820376565e+00 -2.152148932051914265e+00
-1.700530762650035888e+00 -2.367621789568342461e+00 -2.121181865158932034e+00 -2.295027912132981740e+00 -2.144737421268564148e+00 -2.147818981971120422e+00 -2.158072832112909012e+00
-1.958616261040398321e+00 -2.216984001276519400e+00 -2.250004395972577953e+00 -2.173752954556487538e+00 -2.139303665199962623e+00 -2.185691834841915870e+00 -2.170412593766211096e+00
-1.978277281742543803e+00 -2.300541158804414454e+00 -2.099565449638392423e+00 -2.124565702277264823e+00 -2.136622351807953457e+00 -2.180421080828541136e+00 -2.162618438612717853e+00
-2.094300969081873909e+00 -2.450899649166677019e+00 -2.196476704803529856e+00 -2.098355224342282277e+00 -2.178261744535089584e+00 -2.186038656152096138e+00 -2.163223892322378106e+00
-2.208817565879206413e+00 -2.250116422421607698e+00 -2.220086371538688041e+00 -2.224365335385446230e+00 -2.205214048688362016e+00 -2.167615800030619155e+00 -2.180908071121596237e+00
-2.289619406583710770e+00 -1.968093888916168321e+00 -2.074126783435294996e+00 -2.148965175158808805e+00 -2.192065606093690278e+00 -2.157269467077338909e+00 -2.156414331718083499e+00
-2.051362391124048834e+00 -1.996263376998386185e+00 -2.150917923800416354e+00 -2.167842965057820592e+00 -2.149256842251213495e+00 -2.205537471955819839e+00 -2.154882850200079858e+00
-2.032051774041944370e+00 -2.410529625933508502e+00 -2.000931244953489951e+00 -2.245672532776476160e+00 -2.147241428392162810e+00 -2.146490174561213493e+00 -2.153830331553040267e+00
-1.650328277674296906e+00 -2.174932140680001069e+00 -2.016602818147851028e+00 -2.057037389408310712e+00 -2.168512956690885396e+00 -2.139668069801724304e+00 -2.163217740638785802e+00
-2.254683444220355604e+00 -1.708150481695181355e+00 -2.097073815387656026e+00 -2.116001962098883471e+00 -2.146030600427643265e+00 -2.186468894092667981e+00 -2.173978576350882541e+00
-1.801876689988287650e+00 -1.866699395602988032e+00 -2.309467768813729727e+00 -2.224786133969486990e+00 -2.194146492500756995e+00 -2.160539497813102283e+00 -2.169447201896617550e+00
-1.985168117622284845e+00 -2.126161306185022415e+00 -2.235485173583790619e+00 -2.201947328784259028e+00 -2.188582540449287350e+00 -2.198231879482205997e+00 -2.165026629021309823e+00
-1.890558494504354314e+00 -2.333941396497710485e+00 -2.437687919281988247e+00 -2.211068954270134501e+00 -2.233374020545934258e+00 -2.168323962456057075e+00 -2.156184542282859162e+00
-2.064170500544685538e+00 -1.729006761381329804e+00 -2.215102328488360417e+00 -2.085791507561586045e+00 -2.224810252285150725e+00 -2.123207182202548005e+00 -2.174202905186261248e+00
