(-2.1663874486347607+0j)
-1.874575071163416151e+00 -1.982090569450047024e+00 -2.119505772104545382e+00 -2.247526810143265941e+00 -2.214129904123336434e+00 -2.252133954226941626e+00 -2.151925246029216865e+00
-1.942672291026666498e+00 -2.151036469779100457e+00 -2.091944042795735648e+00 -2.238810189864454792e+00 -2.093206500942186743e+00 -2.124639093945080326e+00 -2.137556313729120916e+00
-1.401749882764898869e+00 -2.105993462078817657e+00 -1.995968152587727529e+00 -2.269498917264940019e+00 -2.034172946254782399e+00 -2.094168601625711723e+00 -2.111084826048345686e+00
-1.775793064099551621e+00 -1.988488608574327410e+00 -1.752889908355064641e+00 -2.192395263531792260e+00 -2.150949620717278243e+00 -2.125100307260224142e+00 -2.124338460162315645e+00
-1.897963341789358438e+00 -2.046610857646958159e+00 -2.189698830132702057e+00 -2.006513572044362093e+00 -2.171841573159356553e+00 -2.040977458082110729e+00 -2.146420865695664482e+00
-1.490464517856624260e+00 -2.159417502899743990e+00 -2.246225325665726302e+00 -2.141401844305963476e+00 -2.284294228050177011e+00 -2.124131556082222261e+00 -2.198553703816442884e+00
-1.886595236061498815e+00 -2.023528054178685753e+00 -2.185727131568080406e+00 -2.209158606786941981e+00 -2.197880005357529143e+00 -2.144498577209932755e+00 -2.171527852797240143e+00
-1.782146751364034332e+00 -2.156050806808408105e+00 -1.934915518765379039e+00 -2.017644753241475186e+00 -2.285854371899863846e+00 -1.988270858522946938e+00 -2.154922748349738626e+00
-1.799810865270297322e+00 -1.918860529052436759e+00 -1.857713538967864730e+00 -1.974443652921246128e+00 -2.243258780441186762e+00 -2.219039924084647453e+00 -2.215689452582200403e+00
-1.754075691498805378e+00 -1.979604854824567273e+00 -2.082313863855335789e+00 -2.271853267998422687e+00 -2.042450300644909511e+00 -2.129038532152523366e+00 -2.160370175965243611e+00
-1.831990702442347407e+00 -2.044091521309438608e+00 -2.009017339714174177e+00 -1.978542437708495472e+00 -2.172147880964567790e+00 -2.042990522621642935e+00 -2.125285679828612828e+00
-1.999881736606659466e+00 -2.038455061795938938e+00 -1.946481821225841680e+00 -2.200820461843311815e+00 -2.170337820142809182e+00 -2.111609995069818613e+00 -2.157957358258395963e+00
-1.847668055279549693e+00 -2.149598888512275430e+00 -2.299897725999417553e+00 -2.170468834084930077e+00 -2.279913740998895655e+00 -2.200520198726392263e+00 -2.184802510479360471e+00
-1.700174864800386931e+00 -1.811241189901705573e+00 -1.798146933636545430e+00 -2.107254822298913588e+00 -2.040922916880653304e+00 -2.178164624371976998e+00 -2.198227029697641388e+00
-1.641613885646414195e+00 -2.308516732463057775e+00 -2.561150174511829913e+00 -1.963151370896714765e+00 -1.993195336100438420e+00 -2.207764169379028196e+00 -2.180054032006689901e+00
-1.613651467429336073e+00 -2.177303787721983408e+00 -2.020606368445704515e+00 -2.105140083518898919e+00 -2.265047201104746666e+00 -2.238779956601319565e+00 -2.214258220890297224e+00
-1.629589026080689784e+00 -2.093827699697804690e+00 -2.247718987181924977e+00 -2.166247305562769565e+00 -2.186430740065648415e+00 -2.198752573482101624e+00 -2.221273131832768755e+00
-1.795176873577430054e+00 -2.185002445228869661e+00 -2.051696254171075040e+00 -1.957557685207102383e+00 -2.224996591055179440e+00 -2.138980875628164746e+00 -2.178969179791581112e+00
-1.352949154261930298e+00 -2.512907147245997397e+00 -2.182873745866509729e+00 -2.004038884454271585e+00 -2.095739945939021354e+00 -2.197210864022942189e+00 -2.175995299035034414e+00
-1.698635500765141915e+00 -2.147296197684652963e+00 -2.156851488087194291e+00 -2.200923102056181246e+00 -2.284073082833488755e+00 -2.147081568667095208e+00 -2.106699805650807278e+00
-1.733043549457137678e+00 -2.309926816629998214e+00 -2.299442805579642091e+00 -2.148896763764569062e+00 -2.018862481050208046e+00 -2.101660512733852570e+00 -2.177142667945857646e+00
-1.870365329327669413e+00 -2.037927932967722455e+00 -2.096019379264378202e+00 -2.076943708808211220e+00 -2.055020267064977979e+00 -2.130035258094391537e+00 -2.201904450409295055e+00
-1.805126422458570135e+00 -1.997044930090214443e+00 -2.098631405591153687e+00 -2.039809518023627533e+00 -2.002531895718050237e+00 -2.174599364934139967e+00 -2.223253585755788020e+00
-1.767032013443959881e+00 -1.981536435039257027e+00 -2.272320086436703690e+00 -2.288455107908898611e+00 -2.122850279224015591e+00 -2.070140958445663593e+00 -2.171844204962696701e+00
-1.920555355857347823e+00 -2.186804300052212824e+00 -2.032728086173952953e+00 -1.991810658728440320e+00 -2.235355462241822799e+00 -2.163453484855672126e+00 -2.216775446291816110e+00
-1.784498215525113451e+00 -2.206438103760890002e+00 -2.168242394749277047e+00 -2.146372910857043514e+00 -2.154988106494452715e+00 -2.128068213939620534e+00 -2.145109353053262780e+00
-1.802225293021018082e+00 -1.950662314590491997e+00 -2.119620466445371054e+00 -2.044603374985352495e+00 -2.128491652229902442e+00 -2.233888446419618035e+00 -2.200822205917498220e+00
-1.796393374693731726e+00 -2.240704860777632312e+00 -1.992937787226863655e+00 -1.951151164422959994e+00 -2.269484601089410969e+00 -2.117001442064166739e+00 -2.156173809704226674e+00
-1.720376551974249990e+00 -2.162966499700815781e+00 -1.796192189881725465e+00 -2.245733621691569759e+00 -2.032057854576177824e+00 -2.111208077570431385e+00 -2.118388890500520816e+00
-1.850107549003240592e+00 -2.305798284655059760e+00 -2.228893419455653557e+00 -2.233457616727035244e+00 -2.150553248578819687e+00 -2.085029510358415106e+00 -2.171415887754482910e+00
-1.624887143334711626e+00 -1.903159868973524071e+00 -2.249722320055850489e+00 -2.257354652332388856e+00 -2.120178229258625091e+00 -2.203282519056316779e+00 -2.178399985632058833e+00
-1.907388861232105937e+00 -2.219604497382687391e+00 -2.175640161158815644e+00 -2.046560047428132467e+00 -2.018362553301794371e+00 -2.233648258613502691e+00 -2.178565506431620946e+00
-1.697709670119182057e+00 -2.121426224210531508e+00 -1.958674714405971962e+00 -2.346693888657191529e+00 -2.331420169656646557e+00 -2.200452118080216568e+00 -2.182468136693627159e+00
-1.436991653893386456e+00 -2.237768930049064409e+00 -2.442972040558169411e+00 -2.040980853156141528e+00 -2.089211484250353301e+00 -2.219333592105121156e+00 -2.141303536957523512e+00
-1.842065021290003157e+00 -1.979308846111477171e+00 -2.280277372414616366e+00 -2.046998267549856365e+00 -2.166886026159235534e+00 -2.185925243251175321e+00 -2.186138140839000155e+00
-1.581252933815086248e+00 -1.961909325788212088e+00 -2.134450825866673007e+00 -2.307563401301163442e+00 -2.098612988084200381e+00 -2.173530427722718539e+00 -2.136433298898978261e+00
-1.679272253589493946e+00 -2.052017879508832188e+00 -2.408565650163329241e+00 -1.927036837263010671e+00 -1.999659304191602871e+00 -2.198415759354792165e+00 -2.177719923073374808e+00
-1.772370631118237450e+00 -1.868300998643027677e+00 -2.053286439158789722e+00 -2.149506352611152860e+00 -2.214307003360940218e+00 -2.201863952029831761e+00 -2.167972927856923526e+00
-1.726394154611901710e+00 -2.298812888180517433e+00 -2.352772464698926758e+00 -2.073004327987589157e+00 -2.247320412715264837e+00 -2.250150789731499401e+00 -2.171272735857000313e+00
-1.740662886302552836e+00 -1.994640286305528809e+00 -2.231855464052094007e+00 -2.233667267397573042e+00 -2.172552155685232744e+00 -2.232572737093053483e+00 -2.125460389690663199e+00
-1.320583918371783128e+00 -2.179161214166407845e+00 -1.745692521662589369e+00 -2.160959576727067066e+00 -2.193246723296973677e+00 -2.069015540746506510e+00 -2.138232357256838689e+00
-1.827788367126051083e+00 -1.955965414035952143e+00 -2.317236414221143903e+00 -2.193581066267991098e+00 -2.205657477683965695e+00 -2.150612712966896822e+00 -2.145036498118931600e+00
-1.856618898359833292e+00 -2.205574208768251943e+00 -2.106066423593581316e+00 -2.015448111480293569e+00 -2.245560425760011469e+00 -2.167487563913721438e+00 -2.137147781679084702e+00
-1.950140510369497981e+00 -2.059903044931714611e+00 -2.354615033192968276e+00 -1.920186828830875436e+00 -2.166311187115392833e+00 -2.155836151375636334e+00 -2.184298973273509858e+00
-1.824755923591170337e+00 -1.958733777218951477e+00 -2.136076011687588760e+00 -1.999185208671761416e+00 -2.165223810449437458e+00 -2.131286746191011883e+00 -2.117676339630970350e+00
-1.846470816075897137e+00 -1.787127518068921006e+00 -2.095866338634459147e+00 -2.321798490632549061e+00 -2.177754460057411023e+00 -2.121182482429083471e+00 -2.154721610393161235e+00
-1.636782934225138764e+00 -1.893773657941656197e+00 -2.176362280142368544e+00 -2.239785091142268758e+00 -2.147808449257570196e+00 -2.248398776974274593e+00 -2.168952191828515286e+00
-1.911453455603505214e+00 -1.958837011888341140e+00 -2.145378067721391169e+00 -2.326110921575228030e+00 -2.237973868662873400e+00 -2.077061472547820475e+00 -2.155452946826338589e+00
-1.820600315826174542e+00 -2.218729457592198528e+00 -2.038091876339621855e+00 -2.204897396390857800e+00 -2.110605406976107989e+00 -2.255267392261343762e+00 -2.176820185459850343e+00
-1.706741985915262827e+00 -2.144092611297875983e+00 -2.070982970412141633e+00 -1.948466903996469268e+00 -2.211023339671936760e+00 -2.108470309571544909e+00 -2.141046390039327285e+00
