(-2.1663874486347607+0j)
-1.959742116196382833e+00 -2.048646501223297722e+00 -1.904360938307568141e+00 -1.982632970164956987e+00 -2.255843182282333714e+00 -2.225537840730955175e+00 -2.185136240521412532e+00
-2.023899028380145015e+00 -2.145222959410286734e+00 -2.157645642984224121e+00 -2.342802521264991888e+00 -2.371285755396867145e+00 -2.212712279486308553e+00 -2.118042816156508135e+00
-2.131919257663452250e+00 -2.124351047780634438e+00 -2.054362960420503814e+00 -1.982871318737524646e+00 -2.028036314901104475e+00 -2.246448703495230959e+00 -2.201203575880278152e+00
-1.741745949816245087e+00 -2.004975141039922804e+00 -2.013182647450646456e+00 -2.061440622586733440e+00 -2.022954098047404781e+00 -2.266335126572074365e+00 -2.144477825767814316e+00
-2.045205413901446612e+00 -2.029690138129764065e+00 -2.067421306669514625e+00 -1.982184429326473651e+00 -1.854470543957349893e+00 -2.065644580135252539e+00 -2.186745086740839117e+00
-1.998162304857155291e+00 -2.022048771088730046e+00 -1.998001146286735086e+00 -2.136975120589015287e+00 -2.131088137532183069e+00 -2.093896320974838687e+00 -2.082820991549912293e+00
-1.887429991032096410e+00 -2.030416235014532056e+00 -2.038053175851428200e+00 -1.987180476867506984e+00 -1.910301099865260976e+00 -2.127302674650499714e+00 -2.105192823250749523e+00
-2.100997097321880780e+00 -2.034105339871158158e+00 -2.044800967754484056e+00 -1.978122526606937104e+00 -1.968268226398100618e+00 -2.285125647269001803e+00 -2.150575222300779465e+00
-2.047987739291634579e+00 -2.140225662132069218e+00 -2.136257885498073161e+00 -2.057357396779758929e+00 -1.927433840168208512e+00 -2.163167375009530602e+00 -2.234971430698355022e+00
-1.969350916607052637e+00 -2.007395175626378592e+00 -2.044939742553861350e+00 -2.176504104569089826e+00 -2.443745246350329303e+00 -2.261082385428716535e+00 -2.196405187815796189e+00
-2.086227009311623082e+00 -1.991193777549616239e+00 -1.948091693390332502e+00 -2.081808980658134356e+00 -2.248474077823183315e+00 -2.184260807771702506e+00 -2.167886302224796502e+00
-2.085009238571817303e+00 -2.006554432015234646e+00 -1.779822481888539087e+00 -1.791561175021127106e+00 -2.106810725713013532e+00 -2.113353331398903912e+00 -2.006061892968117100e+00
-1.963332676247933728e+00 -1.993753680654042792e+00 -1.730821215236450827e+00 -2.118449695647516506e+00 -2.224439606408649794e+00 -1.936228503977351911e+00 -2.013009050933016297e+00
-2.006995418157457856e+00 -1.834689672244796732e+00 -2.007564881158733883e+00 -2.225760084690190155e+00 -2.568507144452347735e+00 -2.358633802613404828e+00 -2.327719348134704269e+00
-1.987168237731018250e+00 -2.099794711307056971e+00 -2.165423838762461806e+00 -2.058620973132288423e+00 -2.180126771783242212e+00 -2.082826777465505153e+00 -2.082687090468797741e+00
-2.116486186533212077e+00 -2.005921544392727629e+00 -2.291510197647907532e+00 -2.233025573505031058e+00 -2.069338813849522118e+00 -2.225664609396306837e+00 -2.175839594465774685e+00
-1.876984890088424063e+00 -1.982184127030648613e+00 -2.169065544724432471e+00 -2.010487394413718931e+00 -1.974593444329487468e+00 -1.939526879096712397e+00 -2.126707165661639642e+00
-1.891514117874168122e+00 -2.079325043689423058e+00 -2.111152342780844293e+00 -1.854336991545608049e+00 -1.891145693904155767e+00 -2.173151715523411021e+00 -2.201849385008669113e+00
-1.972710994618515734e+00 -1.991793267748118490e+00 -2.076583099253711762e+00 -1.981219586929504617e+00 -1.723777617566958353e+00 -1.893391945780232843e+00 -1.932312542321019011e+00
-1.974005863778223402e+00 -2.025300726075200508e+00 -2.047009904779940825e+00 -2.065945451050241299e+00 -2.011798560824641591e+00 -2.125425111305376369e+00 -2.151067493623184390e+00
-1.963977437400549420e+00 -2.084730213059643678e+00 -2.098447169127725331e+00 -2.224332433457379299e+00 -2.295375828585090261e+00 -2.265462898948331194e+00 -2.248234371082459937e+00
-2.098546176542686936e+00 -2.064304303625992709e+00 -2.107684834379209171e+00 -1.928201814875464271e+00 -2.031254875041045960e+00 -2.167432820220662748e+00 -2.140468568752362799e+00
-2.098546048565475886e+00 -2.102807227728010542e+00 -2.085691139375566827e+00 -2.108458679249509693e+00 -2.265793367255996671e+00 -2.075277530991969321e+00 -1.983402479416556563e+00
-1.947645290773584392e+00 -2.055309716158313371e+00 -2.035266489162012249e+00 -2.268203672299912377e+00 -2.361193796362889952e+00 -2.199936420724795560e+00 -2.259602447275418591e+00
-1.980882772063393249e+00 -1.755819387949119958e+00 -1.963539751372377351e+00 -2.310949695754521027e+00 -2.130228628949971004e+00 -2.217351734946547470e+00 -2.178601549344959309e+00
-2.032831774406468117e+00 -2.170985764030096909e+00 -2.235926947082638616e+00 -2.253063006859245654e+00 -2.087720150947752096e+00 -2.148949538718207819e+00 -2.079616124913301611e+00
-1.927543571778367770e+00 -1.970820392483407790e+00 -1.883469707957555972e+00 -2.026308389295656376e+00 -2.041827341635267246e+00 -2.081698141361026266e+00 -2.145994122076472443e+00
-1.883886808984544636e+00 -1.946057097869139607e+00 -2.044379769229195620e+00 -2.085413369383101845e+00 -2.296067081181136782e+00 -2.320833941413811718e+00 -2.223602289741872351e+00
-2.124802932344128870e+00 -2.035777375976263848e+00 -1.995777002347471241e+00 -2.124417737825496921e+00 -2.140471015648543585e+00 -2.237617039741201630e+00 -2.272923678684794613e+00
-2.072745522510098137e+00 -2.136281187470956855e+00 -2.246090486797529984e+00 -2.117643128183038570e+00 -2.245476576101957278e+00 -2.175802351571235249e+00 -2.141939110020484982e+00
-2.100261466059143878e+00 -2.016705580726100955e+00 -2.098612710016654503e+00 -2.060262943304061345e+00 -2.086856222602297528e+00 -2.130292337868908703e+00 -2.263595149681476570e+00
-2.035372423216689874e+00 -1.986742642858036811e+00 -1.841797134849764150e+00 -1.876119672083511603e+00 -1.927793982114614169e+00 -2.193010322195148909e+00 -2.327922202598091239e+00
-2.111545986655096740e+00 -2.005446075176819498e+00 -2.072245018950868545e+00 -1.952378035219909824e+00 -1.945066012150679757e+00 -2.196894274980840667e+00 -2.213173081584999480e+00
-2.063196850030458940e+00 -1.963747119444580136e+00 -2.126805031525877965e+00 -2.226615810723135525e+00 -2.231135624130061945e+00 -2.128849552098596387e+00 -2.193850952494584838e+00
-1.976543570890432200e+00 -2.043026891909692555e+00 -2.149324674059936324e+00 -2.166367988402361000e+00 -1.836411315135855205e+00 -1.985195287341111614e+00 -2.184246746235990244e+00
-2.008390295980823304e+00 -2.057254254534337079e+00 -2.050014304958646782e+00 -2.031542271593814064e+00 -1.914201472605652210e+00 -2.111062205350518362e+00 -2.160924662223288717e+00
-2.100996985754123081e+00 -1.987323338792361671e+00 -2.124851405298182616e+00 -2.137250404392605940e+00 -2.125660778238212423e+00 -2.322430896378707921e+00 -2.185620367167893541e+00
-2.118937363266827134e+00 -1.936660655265366238e+00 -1.991360603063454304e+00 -1.833489319145731322e+00 -1.973660356968663487e+00 -2.122642677770937958e+00 -2.089771047437268159e+00
-2.187274518430489145e+00 -2.092888419596479643e+00 -2.031645787497429190e+00 -2.109045743867466349e+00 -2.182886808121617062e+00 -2.182472389859786421e+00 -2.248184472500593500e+00
-2.099590939979280257e+00 -2.012246127333028323e+00 -1.985121173508326509e+00 -1.770907599558515066e+00 -1.679706473567782687e+00 -1.922071241621210458e+00 -2.029216821598930576e+00
-2.170640367276524429e+00 -2.126049444660285559e+00 -2.059952242050507643e+00 -1.991756941707555795e+00 -2.233730024009472626e+00 -2.017425709813509993e+00 -2.228019559858561482e+00
-1.954922980602766813e+00 -2.043494626925044688e+00 -2.105859327734863840e+00 -1.797505817697790276e+00 -2.009518507357594963e+00 -2.040992489062051440e+00 -2.063676545473096979e+00
-2.065217973964075249e+00 -2.065633029374156937e+00 -2.016302668331254822e+00 -2.070296215233715209e+00 -2.229399558970782458e+00 -2.239462304024703254e+00 -2.162859514290352614e+00
-1.776274345777781205e+00 -1.981072029715477134e+00 -2.008249011619398505e+00 -2.104551635254230391e+00 -2.119989479996216897e+00 -2.078299635812952406e+00 -2.181750238570957734e+00
-2.056176673039158853e+00 -1.993372042652791221e+00 -2.005833848710462775e+00 -2.255598263426358940e+00 -2.374201404709053165e+00 -2.087421364517063616e+00 -2.067756002789705505e+00
-2.098545920588264835e+00 -2.071748723867507191e+00 -2.079748122143966871e+00 -2.188640104193461333e+00 -2.223040279124533392e+00 -2.186998205210000101e+00 -2.250393410475602263e+00
-2.046796160927148112e+00 -1.899133584771361960e+00 -2.019957228556247042e+00 -2.056030692002625671e+00 -2.121615188815834330e+00 -2.321067028545716227e+00 -2.266805109086607928e+00
-2.021964207497640942e+00 -2.109766564830058311e+00 -2.124059772286079006e+00 -2.174783027499552546e+00 -2.173266684085232825e+00 -2.346659525391933343e+00 -2.195263713350930068e+00
-2.104442181475905560e+00 -2.076127456985949138e+00 -1.962007712119033798e+00 -2.064741637300518740e+00 -2.245919748496098656e+00 -2.243073849703958622e+00 -2.148064794582515091e+00
-2.098545936997718186e+00 -2.050340257707052860e+00 -1.973940154764165733e+00 -2.036787254072785824e+00 -2.090124795701978400e+00 -2.229750332733317464e+00 -2.266974027593483321e+00
