(-2.1663874486347607+0j)
-1.809279150183434437e+00 -2.183508670718423250e+00 -2.265592459918701174e+00 -2.236373256229315487e+00 -2.133533729922442390e+00 -2.172866581967640265e+00 -2.163313845495382637e+00
-1.931121690527021650e+00 -2.057393495892531732e+00 -2.274580996034170077e+00 -2.087367062690586472e+00 -2.172367709901061872e+00 -2.142242041653945162e+00 -2.164005160174228060e+00
-2.351783057633929364e+00 -2.335655310573485632e+00 -2.000823530354716162e+00 -2.169518077506496390e+00 -2.182542564076841884e+00 -2.162072566667422535e+00 -2.146326550102823028e+00
-2.033631351640117657e+00 -2.284400493135013033e+00 -2.155921918108293145e+00 -2.247820134248641910e+00 -2.168268184165236256e+00 -2.183376085112321174e+00 -2.173387083228446315e+00
-1.243105304514819265e+00 -2.187003635628483433e+00 -2.110005874279351712e+00 -2.103992511163355505e+00 -2.183495092275467009e+00 -2.161546086118584231e+00 -2.186993743346706154e+00
-1.937738974439434436e+00 -2.438089654856101518e+00 -2.391287022528059580e+00 -2.250021333176469795e+00 -2.143404347882571059e+00 -2.162384322775459999e+00 -2.153080240441224369e+00
-1.747371707528196705e+00 -1.671125976207086472e+00 -2.076547344473397949e+00 -2.167861770644783359e+00 -2.174713269344027200e+00 -2.157925129538056375e+00 -2.182353784679851749e+00
-1.813954591219462120e+00 -2.023479242933867273e+00 -2.254663405331477577e+00 -2.224098929835181870e+00 -2.268434737798004974e+00 -2.162756844089690489e+00 -2.148740548090319447e+00
-2.364754007486875587e+00 -1.901979182314913697e+00 -1.996726642596343471e+00 -2.169476113691767960e+00 -2.170620455889219258e+00 -2.136454121719260524e+00 -2.146512286152013171e+00
-2.439166818420507532e+00 -2.545650008767641026e+00 -2.233271909023538004e+00 -2.107781925183271898e+00 -2.131961717111615418e+00 -2.182987416083122856e+00 -2.159506009581872110e+00
-2.043351339202677419e+00 -1.939397566860752598e+00 -2.213618744393231363e+00 -2.204780236731222587e+00 -2.145009120546270687e+00 -2.171423947408277932e+00 -2.184198900094511675e+00
-1.913227637191491581e+00 -2.092247513875486575e+00 -2.180028681526783529e+00 -2.176260323053301526e+00 -2.197796113372624482e+00 -2.140147525983714161e+00 -2.168731274825154376e+00
-2.308739431250539376e+00 -2.290940471078300789e+00 -2.157671221387774896e+00 -2.208192388485728408e+00 -2.211647393261871208e+00 -2.171522309999425637e+00 -2.176954917406519918e+00
-2.330899046125306295e+00 -2.305902485923759571e+00 -2.075590347881739905e+00 -2.166718474185752807e+00 -2.254632230601251841e+00 -2.170469207124713584e+00 -2.157934256851950394e+00
-2.262436558006387433e+00 -2.370896804644150535e+00 -2.282485082661326103e+00 -2.161834493236929777e+00 -2.172496896753922879e+00 -2.146257095286463468e+00 -2.163386449804729494e+00
-1.392638320059211843e+00 -1.679263666249221743e+00 -2.101087547639471698e+00 -2.152742616888154270e+00 -2.125427379948865880e+00 -2.164323659365806840e+00 -2.179625170357484265e+00
-2.087906761319034743e+00 -2.131904271202373913e+00 -2.019958904684479695e+00 -2.172049483113912771e+00 -2.173028264687022926e+00 -2.164731105799513777e+00 -2.170268414260608569e+00
-2.061551857937653498e+00 -2.215275258787266388e+00 -2.022571523863648135e+00 -2.184978866299186695e+00 -2.190488282191602742e+00 -2.170880847945726444e+00 -2.166291761396339055e+00
-2.227878688837581223e+00 -2.310275636440481950e+00 -2.188190650232884948e+00 -2.181262451808894554e+00 -2.200505152593848823e+00 -2.161284151094039263e+00 -2.174722171365975232e+00
-1.945682090335947745e+00 -2.329203118523057281e+00 -2.105456081941442736e+00 -2.097080743733441111e+00 -2.169831578933643534e+00 -2.166776042974034588e+00 -2.176502598874602068e+00
-2.098993541347376812e+00 -2.295714494872166611e+00 -2.042947879729475780e+00 -2.014640797473663092e+00 -2.132182467397283787e+00 -2.163712431736640962e+00 -2.165464398512591426e+00
-1.982286865960712685e+00 -2.227366090387375319e+00 -2.200296221059366175e+00 -2.252864484209215590e+00 -2.091502885840024639e+00 -2.178765856382187671e+00 -2.165129313341294548e+00
-1.355660843048418052e+00 -2.003145769183370284e+00 -2.102046222530517205e+00 -2.257731205922411277e+00 -2.143607674579805611e+00 -2.178608108072548788e+00 -2.171002373114639283e+00
-1.939058191498967743e+00 -2.388232533884687037e+00 -2.154866625597434471e+00 -2.016476172802645017e+00 -2.194926019102709347e+00 -2.149632476723606356e+00 -2.162273830149352705e+00
-2.281006975676224791e+00 -2.119644159032441522e+00 -2.340860304217451393e+00 -2.174722575897431565e+00 -2.168949476069895077e+00 -2.199964816935533918e+00 -2.160504070897528273e+00
-2.228926798051197089e+00 -1.921244422743524360e+00 -2.146451118771918409e+00 -2.090334487537020003e+00 -2.159910168967024369e+00 -2.184006459957891000e+00 -2.164574132944300011e+00
-2.180226771695740418e+00 -2.130776323815632090e+00 -2.120166562620215966e+00 -2.225103997095888353e+00 -2.111362621713532395e+00 -2.193990291730676834e+00 -2.175940540800834988e+00
-1.757328632889258335e+00 -2.383044924857436797e+00 -2.226781154096501680e+00 -2.203282768172607042e+00 -2.135837497133998397e+00 -2.141773628184226119e+00 -2.166865809787165809e+00
-2.307764657035682454e+00 -2.474609869965920250e+00 -2.145243979433718806e+00 -2.114633094455642848e+00 -2.188001684019779347e+00 -2.204796510993199288e+00 -2.170833786956670508e+00
-2.123072221112372038e+00 -2.118286550190493944e+00 -2.280734121910834133e+00 -2.182147154589628713e+00 -2.156889458070132548e+00 -2.128585246039436996e+00 -2.162468705170800032e+00
-1.389217747961125848e+00 -2.443974236456725180e+00 -2.041486961213405671e+00 -2.278981804813143164e+00 -2.191126901895471768e+00 -2.159660132913678865e+00 -2.176244318400500255e+00
-2.476158226328631695e+00 -2.094285797620154099e+00 -2.058851302273759565e+00 -2.091047764406614107e+00 -2.142841928288554243e+00 -2.146131785765088118e+00 -2.167145341996169705e+00
-2.151366150127888233e+00 -2.214859052663250338e+00 -2.206777368599541767e+00 -2.306430199099910539e+00 -2.196478112107949521e+00 -2.182940217151400297e+00 -2.164256431857321417e+00
-2.417200442874063882e+00 -2.197041436124099523e+00 -2.257638218924119755e+00 -2.115109065047428238e+00 -2.144781022168040785e+00 -2.184537286201653661e+00 -2.173724260198354408e+00
-2.148152014101034624e+00 -2.461810056948460446e+00 -2.269382646491189703e+00 -2.096391269440409655e+00 -2.149288935632891473e+00 -2.187151244152461871e+00 -2.168939301163196554e+00
-2.221392417388985852e+00 -1.936646278630308249e+00 -2.373996163876319176e+00 -2.151162915087787564e+00 -2.114369490974671084e+00 -2.190915577271653536e+00 -2.164875981325169008e+00
-1.944358914881837430e+00 -1.743025977330559639e+00 -2.120380728335690357e+00 -2.166485671109702693e+00 -2.164251472899068052e+00 -2.194015393080240628e+00 -2.169148409255342358e+00
-2.010408515798900453e+00 -2.219090441660815038e+00 -2.274641470806578969e+00 -2.166521928252054252e+00 -2.222204213598512723e+00 -2.177602344677860291e+00 -2.170462451446473651e+00
-2.190104763802524168e+00 -1.707303278918752332e+00 -1.999715182236939226e+00 -2.107469885698651346e+00 -2.197023468902286059e+00 -2.171220907922469578e+00 -2.158840187274004840e+00
-2.273307036457826946e+00 -2.255673931036748847e+00 -2.336854919207615566e+00 -2.151035584328043537e+00 -2.117700130376130030e+00 -2.166824323311258294e+00 -2.165810058181954822e+00
-2.093672560896197243e+00 -2.264221498717590819e+00 -2.267879957621471654e+00 -2.176476892885505166e+00 -2.154604948608247472e+00 -2.163232773983525092e+00 -2.174803141236930859e+00
-2.063970189812936784e+00 -2.231304367719207260e+00 -2.054212610291832775e+00 -2.161439329455306257e+00 -2.140785096437257007e+00 -2.167541903223933808e+00 -2.166943922053618188e+00
-1.768950974842681712e+00 -2.005170099817692897e+00 -2.364941218333410422e+00 -2.181940094786777529e+00 -2.126953332913191996e+00 -2.192330318033730130e+00 -2.162832650323196937e+00
-1.852796257983743811e+00 -2.228279950480180904e+00 -2.227365216469440412e+00 -2.122706712872643564e+00 -2.142823919344890804e+00 -2.156065788480806322e+00 -2.163121267064477493e+00
-2.250147062396337994e+00 -1.923928865357448670e+00 -2.213155943358898536e+00 -2.100378519372355868e+00 -2.159791398727676448e+00 -2.140296106294452549e+00 -2.154889002782694796e+00
-1.888769795097998472e+00 -2.140902091376412297e+00 -2.194000409875442870e+00 -2.185780327600789441e+00 -2.131033967664194506e+00 -2.168375586192936133e+00 -2.159727574700668562e+00
-1.581649316397495619e+00 -2.655378479732895869e+00 -2.073754963084281755e+00 -2.135958815476134642e+00 -2.207735847815501806e+00 -2.176403435005392240e+00 -2.162313510025293262e+00
-1.858910943974501073e+00 -2.202452023248460122e+00 -2.167302586906305173e+00 -2.137254506814272759e+00 -2.115939782993615292e+00 -2.144664484809697402e+00 -2.155039927256344079e+00
-1.725726353122419399e+00 -2.213480450378824571e+00 -2.245540603291966697e+00 -2.247430906322563260e+00 -2.184079034669074382e+00 -2.186091051700412624e+00 -2.159608214649867186e+00
-2.185075698923260479e+00 -2.152331953279281507e+00 -1.963338721257332997e+00 -2.224419024841081338e+00 -2.226320876464028764e+00 -2.138841624394851593e+00 -2.173550588173505549e+00
