(-1.1588369968952508+0j)
-1.208755265152861913e+00 -1.160899964202922963e+00 -1.129540783966225703e+00 -1.144367903946259091e+00 -1.148654678528763462e+00 -1.174528419313556560e+00 -1.159556459351493762e+00
-1.203186926831590009e+00 -1.162368170703840242e+00 -1.141810276857260220e+00 -1.143259317583229961e+00 -1.176342195898250065e+00 -1.156466564693418464e+00 -1.161003391481580715e+00
-1.208755265152861913e+00 -1.153146310263097440e+00 -1.146769434266474486e+00 -1.193138082570103009e+00 -1.150316306299961955e+00 -1.149580792065263868e+00 -1.155709819788474313e+00
-1.208755265152861913e+00 -1.159280183903059092e+00 -1.170845247138807554e+00 -1.151676172205646331e+00 -1.170794760577304583e+00 -1.157391729926646740e+00 -1.157954575980881584e+00
-1.203186966789200785e+00 -1.161555169947468880e+00 -1.140223646218674114e+00 -1.170583549123707989e+00 -1.124331827725705724e+00 -1.160301585221513054e+00 -1.158072156628004556e+00
-1.208755265152861913e+00 -1.193089216040843947e+00 -1.189276399414213703e+00 -1.167176848398524314e+00 -1.182833062357258269e+00 -1.157349341707846868e+00 -1.161557498673764011e+00
-1.203186926831590009e+00 -1.154254725061512499e+00 -1.182592919515578656e+00 -1.163227423274689087e+00 -1.176087669495796906e+00 -1.159307499967984212e+00 -1.159243030029578847e+00
-1.228855868702744658e+00 -1.118800418215583736e+00 -1.127623743897456343e+00 -1.163509773816286508e+00 -1.178690657555873322e+00 -1.159599164278088956e+00 -1.160950478340393222e+00
-1.203186966789200785e+00 -1.175663649829563173e+00 -1.180326996564616593e+00 -1.155459393169162574e+00 -1.154670751578514176e+00 -1.168266762987779650e+00 -1.159730892806562386e+00
-1.223287530381472754e+00 -1.165758657534158083e+00 -1.168320154823053514e+00 -1.133002762881627490e+00 -1.185990713990706880e+00 -1.160866228638585795e+00 -1.159991574338127274e+00
-1.223287570339083530e+00 -1.158721391880266793e+00 -1.177386019446237331e+00 -1.181681236963199710e+00 -1.156786007663772153e+00 -1.161645029798079598e+00 -1.158167891364805246e+00
-1.214323563516523263e+00 -1.166208126580462245e+00 -1.165000558866347014e+00 -1.165096308647568524e+00 -1.153789379400176340e+00 -1.156725957351534273e+00 -1.159232726785746959e+00
-1.203186966789200785e+00 -1.136394841468991057e+00 -1.178072072668298054e+00 -1.165072915685851029e+00 -1.161009997085120649e+00 -1.150016236186842233e+00 -1.161275516556429466e+00
-1.217719232017811404e+00 -1.192867189775057124e+00 -1.154982562140019819e+00 -1.166094589919296265e+00 -1.157485845026732463e+00 -1.157226701128722501e+00 -1.152509966924443408e+00
-1.203186926831590009e+00 -1.151357488825548003e+00 -1.158356462517295515e+00 -1.171017627032423514e+00 -1.177953762066306753e+00 -1.156994444951157774e+00 -1.158150355278068311e+00
-1.223287570339083530e+00 -1.167030481511465378e+00 -1.144055988753066577e+00 -1.145120392000239962e+00 -1.172307939266420629e+00 -1.163991312635107356e+00 -1.158568077177965172e+00
-1.223287570339083530e+00 -1.161782747808558280e+00 -1.147142682427232607e+00 -1.174767638356892352e+00 -1.174791094202516373e+00 -1.162761976719268731e+00 -1.159001775071590634e+00
-1.228855868702744658e+00 -1.162185081470689996e+00 -1.140163348299741086e+00 -1.182323130977428249e+00 -1.148955101575911408e+00 -1.149530362658262472e+00 -1.159085173049055895e+00
-1.203186926831590009e+00 -1.114359577629167486e+00 -1.140851380788967084e+00 -1.154724855147305718e+00 -1.182635110640058107e+00 -1.154437987750678740e+00 -1.156065998998154765e+00
-1.223287530381472754e+00 -1.170258226196480233e+00 -1.159550225391567935e+00 -1.136931460862543819e+00 -1.139694080507803964e+00 -1.163202996899658004e+00 -1.159595006376550996e+00
