(-1.1419864346334356+0j)
-1.146425384315181706e+00 -1.147060068547473666e+00 -1.133636680723281831e+00 -1.138600912030613976e+00 -1.136851175825799087e+00 -1.143603275740201042e+00 -1.142237472790669450e+00
-1.161484477105470869e+00 -1.149791912720506071e+00 -1.131486071528657877e+00 -1.141915689998925343e+00 -1.144473068300115415e+00 -1.142942422466822538e+00 -1.144685365085953421e+00
-1.127722799061153136e+00 -1.147037226557594325e+00 -1.131071393493290334e+00 -1.134023353093029041e+00 -1.143713869017187079e+00 -1.144068619081933136e+00 -1.143670692613760975e+00
-1.169745726473671699e+00 -1.158865440575842953e+00 -1.134733596134601008e+00 -1.141514848064022036e+00 -1.135740541069861997e+00 -1.142298579593931329e+00 -1.140493710317829201e+00
-1.121504136014233488e+00 -1.138854755557539455e+00 -1.149924079487323780e+00 -1.145902749633545881e+00 -1.142298503630600148e+00 -1.138906222621330677e+00 -1.142591651045316237e+00
-1.164653164346745928e+00 -1.174973388720894629e+00 -1.139680344983792004e+00 -1.140286681949863823e+00 -1.144024706133014213e+00 -1.144222542904568041e+00 -1.140847182377818569e+00
-1.130618410853001965e+00 -1.149496754048555225e+00 -1.134630746723849892e+00 -1.128108656956617217e+00 -1.140196828286450303e+00 -1.137176568219297135e+00 -1.145298924203310698e+00
-1.117078473399748528e+00 -1.143220862085333689e+00 -1.166257542269900860e+00 -1.144841769709552093e+00 -1.144069009039776708e+00 -1.144085255709637705e+00 -1.141609962065855743e+00
-1.122768744000609331e+00 -1.142112535089141900e+00 -1.158095236904614467e+00 -1.134279629110785059e+00 -1.144777080058468011e+00 -1.144115596670418622e+00 -1.140275148565066177e+00
-1.160742498237910425e+00 -1.142320876306889055e+00 -1.145142914034223969e+00 -1.148005960243684953e+00 -1.141475119936469884e+00 -1.143459293390432396e+00 -1.142289248033457438e+00
-1.136233571133019593e+00 -1.130098127358940330e+00 -1.161492456373040216e+00 -1.130968355384792012e+00 -1.132377790053183730e+00 -1.145774989759331230e+00 -1.143691859090244511e+00
-1.136150797233285825e+00 -1.138431977966410713e+00 -1.142209508898551551e+00 -1.139410349195159267e+00 -1.141878396654888217e+00 -1.145859787991460266e+00 -1.143981920493842619e+00
-1.124624228459450759e+00 -1.118837682347517237e+00 -1.121711631130754228e+00 -1.141536073699406684e+00 -1.142154862022466411e+00 -1.137045876493699259e+00 -1.137591217693239898e+00
-1.144515367694155739e+00 -1.163448361583622415e+00 -1.133641522748538577e+00 -1.140470397074732745e+00 -1.137219734917974456e+00 -1.149549787747584428e+00 -1.145089795456046389e+00
-1.125269575162652469e+00 -1.120000113220605886e+00 -1.141710625283096858e+00 -1.131391725767903367e+00 -1.134122333841483421e+00 -1.138296194175890896e+00 -1.141522662204149885e+00
-1.160659693372452672e+00 -1.198687604664167683e+00 -1.130510333669960232e+00 -1.140728313523172055e+00 -1.142507327843077736e+00 -1.134920619412475240e+00 -1.141716221417122812e+00
-1.160571531248486554e+00 -1.140575442316322796e+00 -1.116578597418988572e+00 -1.151177242909197318e+00 -1.141935050392743456e+00 -1.143615068355838371e+00 -1.141647355726724156e+00
-1.152750137099367356e+00 -1.103830776257423318e+00 -1.115520967818427023e+00 -1.147649597248813880e+00 -1.139550942347028695e+00 -1.138116006844442474e+00 -1.136830132904908197e+00
-1.154837840603851529e+00 -1.166958983093296709e+00 -1.148354922815870927e+00 -1.145343301148805004e+00 -1.147097692734059482e+00 -1.146544631811775350e+00 -1.145178827865462878e+00
-1.123173537108874243e+00 -1.137447346949204796e+00 -1.141136868709341279e+00 -1.140125813829633739e+00 -1.151900790806008601e+00 -1.147343352675888051e+00 -1.141614814169114922e+00
