(-1.1047572895025908+0j)
-1.088507713129350574e+00 -1.116592696956394182e+00 -1.111998807020017299e+00 -1.076499455766140034e+00 -1.105034288822173583e+00 -1.107813498865927837e+00 -1.105852273762707227e+00
-1.102749574808480792e+00 -1.141651077962123395e+00 -1.097343494078016679e+00 -1.095899146537409941e+00 -1.113036016275798623e+00 -1.099871841553841545e+00 -1.107389774845157548e+00
-1.104647111785320934e+00 -1.120833968966261196e+00 -1.116083132802581535e+00 -1.113754384656973073e+00 -1.098572278406001246e+00 -1.112217265744185113e+00 -1.103345145648097159e+00
-1.102749574808480792e+00 -1.070260713684682674e+00 -1.122332343002092170e+00 -1.101670750976593283e+00 -1.089044338397629819e+00 -1.103775513591265689e+00 -1.102379751259092266e+00
-1.118888973464450931e+00 -1.087998775218812941e+00 -1.096220854468473505e+00 -1.112093187421777651e+00 -1.101389065135012446e+00 -1.104651373844359075e+00 -1.108866780701587729e+00
-1.102749574808480792e+00 -1.081886455587527163e+00 -1.072630865528842570e+00 -1.092485378070258140e+00 -1.100999340818664685e+00 -1.104340599183952776e+00 -1.106120233684092735e+00
-1.102749574808480792e+00 -1.092400456447357726e+00 -1.109133537786622492e+00 -1.112459555692615565e+00 -1.107920051786639881e+00 -1.096615682582414264e+00 -1.109892876111861826e+00
-1.118888973464450931e+00 -1.089418540324729179e+00 -1.133224003916180056e+00 -1.107828225094376728e+00 -1.105499816248778577e+00 -1.101853244830392597e+00 -1.105258822001800700e+00
-1.102749574808480792e+00 -1.135140045651872320e+00 -1.074280078831548302e+00 -1.100261333361766347e+00 -1.109412757154094820e+00 -1.104350738301526080e+00 -1.106037391558499339e+00
-1.104647111785320934e+00 -1.102787580465658390e+00 -1.117240744734645519e+00 -1.098933050978290860e+00 -1.102848487125935417e+00 -1.102372735589154384e+00 -1.103235555919839017e+00
-1.102749574808480792e+00 -1.103331933680598009e+00 -1.087470365394180849e+00 -1.101981650900261567e+00 -1.116369854696603880e+00 -1.113325314589000303e+00 -1.106820718986864183e+00
-1.088507713129350574e+00 -1.098417152913966799e+00 -1.086736788977777923e+00 -1.123248881265922039e+00 -1.098807889193207599e+00 -1.105418883007121877e+00 -1.099815900146657199e+00
-1.118888973464450931e+00 -1.088928564370807539e+00 -1.083476914662068635e+00 -1.094055331142607779e+00 -1.096936392603526711e+00 -1.108359509436965595e+00 -1.104252699195100718e+00
-1.104647111785320934e+00 -1.110859938534197067e+00 -1.098219969300775478e+00 -1.092954915597214027e+00 -1.098255237474277557e+00 -1.110118231951202183e+00 -1.104560936549880523e+00
-1.102749574808480792e+00 -1.093147817449664938e+00 -1.133604465863227606e+00 -1.108102506925658259e+00 -1.091028300282698815e+00 -1.095114333038429644e+00 -1.105967977401832947e+00
-1.102749574808480792e+00 -1.107323014941651529e+00 -1.082205350693618673e+00 -1.095368969587176888e+00 -1.117572672809406864e+00 -1.104092635381387355e+00 -1.105727040952988904e+00
-1.118888973464450931e+00 -1.138866122174298390e+00 -1.127979191849059148e+00 -1.095156486130274276e+00 -1.114228715316289975e+00 -1.102809988912134997e+00 -1.103865271271085691e+00
-1.104647111785320934e+00 -1.082776936167016757e+00 -1.107658036142259217e+00 -1.100072883835210291e+00 -1.072929062044898352e+00 -1.109328518585898093e+00 -1.108581503983008254e+00
-1.088507713129350574e+00 -1.130123782330561877e+00 -1.095334247403136896e+00 -1.104655755043039367e+00 -1.121205350754433505e+00 -1.104222218947779943e+00 -1.097895451352127072e+00
-1.102749574808480792e+00 -1.077264451177049498e+00 -1.110981749270885111e+00 -1.084276974285411921e+00 -1.117403580071143931e+00 -1.107322747614051694e+00 -1.104354429212329514e+00
