(-1.1047572895025908+0j)
-1.105947192821464142e+00 -1.115943247758167889e+00 -1.103148317269676770e+00 -1.099782195686069386e+00 -1.104102303806657304e+00 -1.101103776122736466e+00 -1.103110515739486264e+00
-1.075605085391998283e+00 -1.047716084033244233e+00 -1.108344026954385608e+00 -1.092799070925517091e+00 -1.088847342479013935e+00 -1.096846319890177224e+00 -1.104076358891477039e+00
-1.129804995684219548e+00 -1.076697377317896720e+00 -1.088187655818427801e+00 -1.110918641300709941e+00 -1.108731815251463804e+00 -1.104032623073446295e+00 -1.106276745041908871e+00
-1.133017221719935019e+00 -1.142003035585089865e+00 -1.134254924623277816e+00 -1.091703398142525705e+00 -1.093537619162875618e+00 -1.104223249661405282e+00 -1.105674555742322429e+00
-1.102021510138427196e+00 -1.154592581467351220e+00 -1.103501224954169135e+00 -1.107229215203392014e+00 -1.108561071955703747e+00 -1.107591353985251548e+00 -1.105322626377919892e+00
-1.102769437654047113e+00 -1.146640894688462531e+00 -1.118502129556643299e+00 -1.111761110650840045e+00 -1.109733858093842729e+00 -1.106830560210372960e+00 -1.104208492615847081e+00
-1.121163949913825952e+00 -1.105954244783665885e+00 -1.098463386065272385e+00 -1.112349717276348571e+00 -1.106131166662973397e+00 -1.103624385619671688e+00 -1.103010888359036379e+00
-1.164431880040127876e+00 -1.051868457514476329e+00 -1.081211504049452987e+00 -1.099935101038069574e+00 -1.095527842207761449e+00 -1.100220445894596555e+00 -1.102290712130615358e+00
-1.106117806809665538e+00 -1.113738383786052166e+00 -1.101965575664604735e+00 -1.107142806247371158e+00 -1.106818588524218772e+00 -1.106943869371269873e+00 -1.104683531883013714e+00
-1.131043800967394652e+00 -1.170991754131538443e+00 -1.122266404315654276e+00 -1.100939872260469965e+00 -1.109034325057355996e+00 -1.104915510240807919e+00 -1.103429358023019002e+00
-1.067277588734769633e+00 -1.125343593786857443e+00 -1.104884333408545416e+00 -1.096309048255196927e+00 -1.108290988685463940e+00 -1.108456204001757373e+00 -1.105367387929201861e+00
-1.111890936639377214e+00 -1.109306175169824327e+00 -1.091563903427056559e+00 -1.098448782732372786e+00 -1.102668293967104196e+00 -1.101890832690564093e+00 -1.104332795515991839e+00
-1.124353933718241771e+00 -1.044683115296811238e+00 -1.110980612111838628e+00 -1.109726336232963462e+00 -1.103489678873537994e+00 -1.104650455571235756e+00 -1.104706039701027542e+00
-1.128537283922054879e+00 -1.124218363142036381e+00 -1.117791647938783495e+00 -1.105288377869154903e+00 -1.111680971187294364e+00 -1.105970499799309836e+00 -1.105136380860421985e+00
-1.254915995954101859e+00 -1.059760586737053423e+00 -1.110913200831842307e+00 -1.107835639776435066e+00 -1.111386343641497687e+00 -1.106933699540911142e+00 -1.103753250047907475e+00
-1.073682686068536229e+00 -1.096308253962111845e+00 -1.100167234570041508e+00 -1.094388579309954146e+00 -1.100042781718070239e+00 -1.106271681976709775e+00 -1.104164658201439275e+00
-1.202110054707017373e+00 -1.115945724600585720e+00 -1.109946778146822410e+00 -1.112118626756378958e+00 -1.108751326739976006e+00 -1.105641831016612509e+00 -1.105233740150213917e+00
-1.078337145116903262e+00 -1.093710413689717997e+00 -1.113056479098953888e+00 -1.114493838603292986e+00 -1.103435225190514846e+00 -1.103637495294255810e+00 -1.105280537968661658e+00
-1.128359339608295819e+00 -1.118569439100251639e+00 -1.124052802075470314e+00 -1.123895789808017298e+00 -1.110695973943141679e+00 -1.105162831602515716e+00 -1.106634964648211872e+00
-1.062038948323919207e+00 -1.102527972819403956e+00 -1.108146261074085537e+00 -1.107755745961909621e+00 -1.108216137210246810e+00 -1.106979547622938043e+00 -1.105528244982398656e+00
