(-1.1047572895025908+0j)
-1.081591526037256834e+00 -1.142712336597329514e+00 -1.072652239925031559e+00 -1.104615352287581898e+00 -1.110266481008609141e+00 -1.107183231714637284e+00 -1.104393354310174047e+00
-1.142538434090585753e+00 -1.126166160883183665e+00 -1.105190433692198937e+00 -1.100166822509920816e+00 -1.094635122200161348e+00 -1.102613637584941575e+00 -1.103634642876411887e+00
-1.127347217681476721e+00 -1.124131778047948949e+00 -1.122975607509855589e+00 -1.100451926852925810e+00 -1.106574582152002550e+00 -1.104468882681418851e+00 -1.105167341731303932e+00
-1.200583015748520221e+00 -1.065564960048706045e+00 -1.096592159091364316e+00 -1.104491759411534435e+00 -1.109412943653245165e+00 -1.105614337961558613e+00 -1.105967854506895609e+00
-1.167116214118015360e+00 -1.128170590660342310e+00 -1.118922784342915255e+00 -1.113655212626613045e+00 -1.100755415076262178e+00 -1.105849729058270725e+00 -1.104593236963989256e+00
-1.188294125734805196e+00 -1.077308378531599775e+00 -1.116402808583243145e+00 -1.110116505616522087e+00 -1.096806642052388314e+00 -1.102890420689022211e+00 -1.103923027884956776e+00
-1.160814019311981582e+00 -1.073743787890798274e+00 -1.101014012681183374e+00 -1.097930169463945393e+00 -1.103670997940173315e+00 -1.106482948347319528e+00 -1.104944838683555641e+00
-1.098324926852509265e+00 -1.142350646379192369e+00 -1.100053849879258916e+00 -1.102965068013118000e+00 -1.102847093395726397e+00 -1.105255829230946230e+00 -1.104205855417558446e+00
-1.154827324104300335e+00 -9.980878736491536340e-01 -1.109608219649165894e+00 -1.108074661443969600e+00 -1.106096203538311062e+00 -1.105095657986116642e+00 -1.105501596191247771e+00
-1.144080618496729151e+00 -1.111106100149456211e+00 -1.111561011024928991e+00 -1.105027213222504301e+00 -1.102385207306640913e+00 -1.106655427594632535e+00 -1.105557389073197783e+00
-1.081591526037257278e+00 -1.115302747415166884e+00 -1.114802802195917764e+00 -1.105783721733746727e+00 -1.098402560174528642e+00 -1.105541586857745173e+00 -1.105739512118929291e+00
-1.109071632460080892e+00 -1.080711605876520931e+00 -1.114943365031177747e+00 -1.098086993683325741e+00 -1.104731178003085734e+00 -1.103173422032428519e+00 -1.105944757573403159e+00
-1.013115992932526410e+00 -1.125098368156913331e+00 -1.114625680858924106e+00 -1.102807027785135618e+00 -1.101640606384451271e+00 -1.102524304191228488e+00 -1.105953280906735614e+00
-1.142538434090585753e+00 -1.072562731092505217e+00 -1.113797970723523045e+00 -1.108214678863688185e+00 -1.098225723591910619e+00 -1.103470835201546763e+00 -1.103960168514495965e+00
-1.086036036838794683e+00 -1.137330626134616551e+00 -1.097557822114723081e+00 -1.097795756053498994e+00 -1.105113826958768808e+00 -1.108953845370426183e+00 -1.104710653190275504e+00
-1.131791728483014126e+00 -1.132253973854029372e+00 -1.105146172629769774e+00 -1.126720687349208605e+00 -1.105777089267514057e+00 -1.106257894622754367e+00 -1.104432019401032861e+00
-1.110613816866224290e+00 -1.124462782889441126e+00 -1.095740500960826980e+00 -1.106532582718434465e+00 -1.114275921807123204e+00 -1.104446648177276114e+00 -1.105609618696909768e+00
-9.963825921172737576e-01 -1.151567313889478417e+00 -1.098019111774547696e+00 -1.107191295312847101e+00 -1.108881793636793622e+00 -1.106035097449372451e+00 -1.103492259464166736e+00
-1.110613816866224290e+00 -1.093000495890235957e+00 -1.111912338327817107e+00 -1.100369286266830837e+00 -1.105392047551586820e+00 -1.106601102854704921e+00 -1.106544622536661304e+00
-1.159271834905838183e+00 -1.115028374609685624e+00 -1.069001347928164369e+00 -1.095748298534906962e+00 -1.107881559249530579e+00 -1.103610508456900341e+00 -1.103794462141804100e+00
