(-1.0589070383501331+0j)
-1.324816536642121623e+00 -1.020485193421158510e+00 -1.071869656177804497e+00 -1.052415296566914682e+00 -1.061510926080218686e+00 -1.058693578826986448e+00 -1.060895239653999456e+00
-1.309738026143273615e+00 -1.025545743857127379e+00 -1.059804744187138326e+00 -1.057920785644738570e+00 -1.057205739554957669e+00 -1.062235120883717299e+00 -1.057453056107614975e+00
-1.304863819833665506e+00 -1.039529706753202998e+00 -1.076018732134057299e+00 -1.076569848842395372e+00 -1.049563179049614492e+00 -1.057036694155381262e+00 -1.062527531274857440e+00
-1.319947910226547449e+00 -1.040910273961655363e+00 -1.034816448734380723e+00 -1.068638252321213233e+00 -1.057733828742625004e+00 -1.055377309114944762e+00 -1.062113872097708134e+00
-1.266598498014093632e+00 -1.017349081697436430e+00 -1.067081128091295295e+00 -1.063332141843467138e+00 -1.062857550203959223e+00 -1.062726697980383550e+00 -1.058199575904467338e+00
-1.327799713024676809e+00 -1.060902959460938710e+00 -1.049624064074202279e+00 -1.052824070896360764e+00 -1.060042245700802965e+00 -1.062001643957396047e+00 -1.056904114132434236e+00
-1.311168436343167709e+00 -1.050259174769831549e+00 -1.059553762410682554e+00 -1.070419707735986270e+00 -1.053346179979726571e+00 -1.064140017264445293e+00 -1.059934473080062389e+00
-1.304780734273641940e+00 -1.065332622825321485e+00 -1.066444960308749135e+00 -1.065325699820023564e+00 -1.063457010317510054e+00 -1.060135891135856268e+00 -1.061051963001770515e+00
-1.303780744879713849e+00 -1.070146800664964148e+00 -1.067422769682948136e+00 -1.055343500041775018e+00 -1.054049725384906377e+00 -1.059957305336231670e+00 -1.064184897698667864e+00
-1.308522833025498766e+00 -1.039818489556963987e+00 -1.052718480734053719e+00 -1.063768115620895349e+00 -1.059986486766373304e+00 -1.059204701807061166e+00 -1.066019591011647005e+00
-1.304947175895890599e+00 -1.085250392381217566e+00 -1.083958134952430319e+00 -1.090342908018663515e+00 -1.056577109515211665e+00 -1.057801882095794843e+00 -1.057298340840032935e+00
-1.340062281870481486e+00 -1.067914916881585352e+00 -1.085033216912169030e+00 -1.064564087899237954e+00 -1.056338079399928187e+00 -1.058558074787907977e+00 -1.065681631335002821e+00
-1.328803646291681684e+00 -1.058284560798483431e+00 -1.036241956025534927e+00 -1.054278130742107189e+00 -1.057984725462149278e+00 -1.056185332831049761e+00 -1.061905772617331545e+00
-1.290202361161846056e+00 -1.056832207428780590e+00 -1.063914151756618631e+00 -1.062169347438337574e+00 -1.059408178803135758e+00 -1.052324497607714404e+00 -1.058875427884989673e+00
-1.323991906541735153e+00 -1.083240952089766784e+00 -1.049499191224925188e+00 -1.049309204803869910e+00 -1.059420505166080551e+00 -1.054258434659913535e+00 -1.058239326864218954e+00
-1.295199858369594503e+00 -1.085865800503104106e+00 -1.059704234110836030e+00 -1.048325661884093485e+00 -1.054781588584063456e+00 -1.057007933456446391e+00 -1.054082342991291998e+00
-1.322464668180727054e+00 -1.055533388213308665e+00 -1.021985233721362185e+00 -1.065235266905982803e+00 -1.063067411585097100e+00 -1.059131392447438813e+00 -1.057600588873683467e+00
-1.294073317991534688e+00 -1.078054334914573253e+00 -1.049301973340019734e+00 -1.057487074535156779e+00 -1.057571884858788502e+00 -1.059577505931452057e+00 -1.060599634508102129e+00
-1.316586554032798562e+00 -1.110291785792612007e+00 -1.056808001951369480e+00 -1.039877440998273395e+00 -1.062645397637508315e+00 -1.055265824818188092e+00 -1.054411926099317887e+00
-1.319183433391896365e+00 -1.044705250369648120e+00 -1.063081495794027109e+00 -1.062117348498829994e+00 -1.060145128373392476e+00 -1.056871657006849707e+00 -1.058128580548048703e+00
