(-1.0102577958654786+0j)
-9.804525729337782991e-01 -1.053598163907832452e+00 -1.026883488049219473e+00 -1.016356012982945867e+00 -1.007108190278431792e+00 -1.000638534968204318e+00 -1.013309677460757285e+00
-1.003680643398213057e+00 -9.689603662720160937e-01 -9.866123437395255547e-01 -1.018543748315676734e+00 -1.011218878323535186e+00 -1.008865842649659506e+00 -1.010256319197884167e+00
-1.022571499877065637e+00 -9.750598388667701677e-01 -1.022774786871435415e+00 -1.009918878713442769e+00 -1.015282338982297361e+00 -1.007293145109708021e+00 -1.006297403730369355e+00
-1.036695051638819587e+00 -9.742566222434002610e-01 -1.020510883244428957e+00 -1.015558329166090346e+00 -1.012407846007893131e+00 -1.009261235966681269e+00 -1.007577026216581295e+00
-1.009691570257567728e+00 -1.005956661699719978e+00 -9.931019386863032539e-01 -1.014096561844989308e+00 -1.003287608780439655e+00 -1.009875757531315310e+00 -1.018993939846061236e+00
-1.020402052601059539e+00 -1.062632257002946279e+00 -9.915214312568039201e-01 -1.030766329209267695e+00 -1.021352195128129692e+00 -1.005008097342678486e+00 -1.006615207737318274e+00
-9.900594108654638958e-01 -9.975376258161035015e-01 -1.020995513765690976e+00 -1.013211479163046658e+00 -1.019091823596514290e+00 -1.016235350640928736e+00 -1.016993919055369400e+00
-1.047282235944950068e+00 -1.038896182579699623e+00 -1.014472489340668471e+00 -1.017846836647229969e+00 -1.006194527104523173e+00 -1.009090998915365578e+00 -1.014783257924735338e+00
-9.971627012488093467e-01 -1.028518372096687727e+00 -1.007519212725501934e+00 -1.010032910027957032e+00 -1.012253643726873209e+00 -1.006127612331715770e+00 -1.010199003983725419e+00
-1.038011160144238110e+00 -1.019233647359689243e+00 -1.042121650369693953e+00 -1.019480270167590241e+00 -1.001977581514548632e+00 -1.013707859379663123e+00 -1.008719767430148462e+00
-1.016118274132203014e+00 -9.969957633835399013e-01 -9.992039718925438407e-01 -1.002493051205233243e+00 -1.008879098952024211e+00 -1.003103921385323005e+00 -1.012774320202912470e+00
-1.061157908185107912e+00 -1.026945656561070175e+00 -1.017911341058955088e+00 -1.014512299402133833e+00 -1.005801213593711774e+00 -1.008281752587915303e+00 -1.008947626343124293e+00
-9.857770010867954458e-01 -9.915476559563802805e-01 -1.002149026066484261e+00 -1.010798639804150412e+00 -1.012462823112809218e+00 -1.005525683364215439e+00 -1.009148278457197012e+00
-9.980719262967041594e-01 -1.026155868477044208e+00 -1.005764517722906648e+00 -1.024203516379879719e+00 -1.009157644015555633e+00 -1.001267126211177860e+00 -1.005575531204701001e+00
-1.022819379398661743e+00 -1.012325568370076923e+00 -1.015181195047090146e+00 -1.008493319757374884e+00 -1.002502566753213475e+00 -1.006513852461165204e+00 -1.004920779952373611e+00
-9.831504764155070131e-01 -1.081297504561734346e+00 -1.023754390339126630e+00 -1.028229019081834394e+00 -1.013520193001042236e+00 -1.008436595695250126e+00 -1.004206549508865898e+00
-1.002122958073121017e+00 -1.023493345881736127e+00 -1.014916247336595578e+00 -1.017603116637563865e+00 -1.001953707871814592e+00 -1.009832030130022762e+00 -1.002626242458215300e+00
-1.038646050884408201e+00 -1.003358987250288603e+00 -9.998580637768437196e-01 -1.009865685701379245e+00 -1.007932292008300035e+00 -1.013696646467995510e+00 -1.005140998481935277e+00
-1.007274259888162993e+00 -9.756996192852903649e-01 -1.012852737013549387e+00 -1.005153867987469862e+00 -1.013502979216880151e+00 -1.014766348765827386e+00 -1.007826300297325339e+00
-1.003559350495270452e+00 -1.072180142145929382e+00 -1.012369759712075767e+00 -1.011448854701128663e+00 -1.005538996727383783e+00 -1.007514706176531938e+00 -1.010806515763380098e+00
