(-1.0102577958654786+0j)
-1.121499541067230377e+00 -1.027579460320847904e+00 -1.009074060769356018e+00 -1.016038940428463544e+00 -1.015730499364703832e+00 -1.016013838136581304e+00 -1.013069768731029496e+00
-1.062552902140392108e+00 -1.043424161388822435e+00 -1.038705201933652233e+00 -1.018784299681328331e+00 -1.007247443527446329e+00 -1.009913598148591607e+00 -1.014114446141139325e+00
-9.867210256261791379e-01 -1.008835221288710171e+00 -1.000613784722436783e+00 -9.963778595396898252e-01 -1.001162088868323696e+00 -1.006845147563383946e+00 -1.009105295885408982e+00
-1.005931316770472650e+00 -1.033324767055582738e+00 -1.008142243230503832e+00 -1.000435311099399760e+00 -9.985430221444173693e-01 -1.007583845116180932e+00 -1.010092622021074193e+00
-1.017883303218919844e+00 -1.035314863701704446e+00 -9.992085485371240416e-01 -1.011266932109871064e+00 -1.009769827408547371e+00 -1.005834481043431428e+00 -1.008781445657588538e+00
-1.092295815067310327e+00 -1.053151562676896358e+00 -1.040319697971383350e+00 -1.005740511113704105e+00 -1.003690240589389049e+00 -1.007619742091098392e+00 -1.009461305952599197e+00
-9.865666342389991517e-01 -1.011923886761989522e+00 -1.000747473775900342e+00 -1.009791506565425045e+00 -1.008110375110388590e+00 -1.010398579338392278e+00 -1.010731016388165315e+00
-1.003784931368779443e+00 -1.049927069516150668e+00 -1.035023584299483046e+00 -1.025961618165246891e+00 -1.018431734759353890e+00 -1.008834388101512936e+00 -1.010869602540795942e+00
-9.824531779968157519e-01 -1.078008890532953901e+00 -1.018439772351297012e+00 -1.013492505085115569e+00 -1.009738390579156375e+00 -1.010474774372008611e+00 -1.009432688463978156e+00
-1.007495862447095325e+00 -1.036665553927874184e+00 -1.019426073653477927e+00 -1.033208882898488223e+00 -1.017010304648699126e+00 -1.010593571175470995e+00 -1.010699699583677669e+00
-1.127109309865638620e+00 -9.840428854874612163e-01 -1.014821927199146767e+00 -1.013469379158802752e+00 -1.008791523041605132e+00 -1.012001718829207642e+00 -1.010000158440379270e+00
-9.935519043455010024e-01 -9.736387065886489278e-01 -9.828647955229359301e-01 -1.015448934665620140e+00 -1.008608944736670843e+00 -1.010618125273099910e+00 -1.010328625559753890e+00
-1.019520450371646403e+00 -1.014952743763442689e+00 -1.040013337685009809e+00 -1.003900247501262388e+00 -1.011485549413548624e+00 -1.009768887215176658e+00 -1.010758992420290436e+00
-1.123136710581323250e+00 -1.031961250253142781e+00 -1.018977812342200862e+00 -1.010144294605090920e+00 -1.005194389319354231e+00 -1.008412529405843472e+00 -1.008842375862087692e+00
-6.904054449643823865e-01 -1.001342468153344711e+00 -9.816850848505388472e-01 -9.979087278681857409e-01 -1.009697310589290575e+00 -1.012793844519478625e+00 -1.010128846220551324e+00
-1.114317018593002917e+00 -1.030073454745426220e+00 -1.032885188916093488e+00 -1.024655588793442984e+00 -1.014463968037640607e+00 -1.013926066981773566e+00 -1.010133730161001608e+00
-1.139690814341236980e+00 -1.038409659403639829e+00 -1.019678453432450338e+00 -1.012744089308645012e+00 -1.011028738859221843e+00 -1.015918955485413555e+00 -1.013179096322217365e+00
-1.022437200003768032e+00 -1.005058099357093004e+00 -1.024487380577807860e+00 -1.008232283994536127e+00 -1.004760976633956027e+00 -1.007169039560169121e+00 -1.009415081597894392e+00
-1.060557299127231845e+00 -1.014172349779237203e+00 -1.018550130194869618e+00 -1.014980169800096643e+00 -1.014981397289981269e+00 -1.013279708714171612e+00 -1.011614455274235436e+00
-1.089033302406975379e+00 -1.015490703093061331e+00 -9.925515504839870218e-01 -9.826578477851546367e-01 -1.006958607504320646e+00 -1.010594960547935184e+00 -1.009809861528295105e+00
