(-0.9151600516933246+0j)
-1.128830156966199372e+00 -9.062252406167059515e-01 -9.175884377729299768e-01 -9.333904052572674637e-01 -9.155682063592132103e-01 -9.137503837897225090e-01 -9.161273985599034386e-01
-1.122249707016918840e+00 -8.866554188883417620e-01 -9.479396443054861621e-01 -9.197058008436811427e-01 -9.213711314865455915e-01 -9.123909932751175234e-01 -9.132959451430080478e-01
-1.120330252767146151e+00 -9.089169303168156411e-01 -9.222305104310932755e-01 -9.178973374307528577e-01 -9.185462940137025800e-01 -9.150066520599171582e-01 -9.221019633840559226e-01
-1.114446023487799309e+00 -9.754735163063370518e-01 -9.051850780364665283e-01 -9.174127084643539654e-01 -9.159958624440598385e-01 -9.116777529821185055e-01 -9.132782220125241768e-01
-1.170518924838883867e+00 -9.551019267939349078e-01 -9.317971504405986316e-01 -9.134436783259451964e-01 -9.114757151743879682e-01 -9.128830349120911070e-01 -9.128820382789373244e-01
-1.180006063069271471e+00 -8.738709119396121938e-01 -9.109524786891869397e-01 -9.279988542765236215e-01 -9.179999847684532366e-01 -9.107557346854933122e-01 -9.183800658687921725e-01
-1.181815315560786006e+00 -8.774759535662384202e-01 -9.012848955373500281e-01 -9.070277534252950691e-01 -9.123917366979346077e-01 -9.167235601675929324e-01 -9.174073110545508669e-01
-1.148567470612758212e+00 -9.052482487217197171e-01 -9.255467286709604391e-01 -9.025256906950227531e-01 -9.132526739172195374e-01 -9.192674726217477943e-01 -9.192243039105467695e-01
-1.147264664648069088e+00 -9.423317113492997166e-01 -9.047328673054464421e-01 -9.135663992872375960e-01 -9.167075862270688269e-01 -9.198311408874766393e-01 -9.147307869446912321e-01
-1.167409628613322203e+00 -9.074020587755449174e-01 -9.198966915555835122e-01 -8.957511192602876093e-01 -9.144019452189462438e-01 -9.155460041604062127e-01 -9.138422894958053710e-01
-1.170463892235279246e+00 -9.236776343439891956e-01 -9.420150532369782059e-01 -9.169844689881263555e-01 -9.188883651234049932e-01 -9.149395546843597238e-01 -9.100249825462369824e-01
-1.153031473778555638e+00 -9.121943312582037056e-01 -9.132124518763680143e-01 -9.248918371648939818e-01 -9.120781419795069844e-01 -9.185051811792468435e-01 -9.117562233389628901e-01
-1.127802363501474003e+00 -9.234283869473725037e-01 -9.110067961535464054e-01 -9.251289838489262785e-01 -9.091517067489101045e-01 -9.131237847587827527e-01 -9.181472689378078478e-01
-1.116697067787735254e+00 -8.979637625775196419e-01 -9.088509879973949435e-01 -9.262821065145596666e-01 -8.980417230462811595e-01 -9.146989376413372508e-01 -9.165000614737979223e-01
-1.156249133960630671e+00 -9.350993622425525231e-01 -8.917283842631331670e-01 -9.107643024085712025e-01 -9.247249521513272175e-01 -9.177620196569451494e-01 -9.049789539922374892e-01
-1.165798516918077787e+00 -8.708336405586294404e-01 -9.124576535684312262e-01 -9.044193424387818592e-01 -9.180175112827781980e-01 -9.191246359101157282e-01 -9.229574477247723951e-01
-1.096391058160847587e+00 -9.571715705380006156e-01 -8.966631178049659923e-01 -9.143680255631290166e-01 -9.115731571677068157e-01 -9.197473851616031482e-01 -9.121275516438382969e-01
-1.131214404126191786e+00 -8.975751859991452086e-01 -9.066702461233313581e-01 -9.211833564420259801e-01 -9.128705228886173639e-01 -9.180036710770371755e-01 -9.180228963813732435e-01
-1.118409385395383149e+00 -9.365896908784023811e-01 -9.426681409721779925e-01 -9.087462382865778565e-01 -9.120280143454337907e-01 -9.159308171885607308e-01 -9.167513868864267668e-01
-1.175476767412001244e+00 -9.000349023087781397e-01 -9.114169199993431558e-01 -9.051068175065986043e-01 -9.105040745472212649e-01 -9.142661047633673377e-01 -9.148599454969255085e-01
