(-0.9151600516933246+0j)
-7.146423759125870578e-01 -8.956294959988200244e-01 -9.132588201004532280e-01 -8.701539605246331188e-01 -9.210309188798913027e-01 -9.243896544683702921e-01 -9.120663996398314932e-01
-6.950228322472986608e-01 -9.062247788631982992e-01 -9.321100371955497454e-01 -8.956870494128692517e-01 -9.179897481826970740e-01 -9.181200768699033787e-01 -9.116724585018198823e-01
-7.031986469232553993e-01 -9.564841752520658602e-01 -9.147030225071601794e-01 -9.117785895392835904e-01 -8.934355096690886899e-01 -9.118356111245773388e-01 -9.197803068235670398e-01
-6.959227493797658370e-01 -8.981408031614024345e-01 -8.773475859113792907e-01 -9.157263784108111704e-01 -9.056229593473452688e-01 -9.157134521735623700e-01 -9.111246887403459116e-01
-7.135681008570697870e-01 -9.012715150483696647e-01 -9.461177330097314542e-01 -9.089882588723297019e-01 -9.289424854718653091e-01 -9.115124899928173097e-01 -9.181806317567620113e-01
-6.959227493797658370e-01 -9.411033235330079627e-01 -9.386871787214228213e-01 -9.379890425860095693e-01 -9.085942175523784581e-01 -9.176880592306411177e-01 -9.116106354977644433e-01
-6.969970071799111988e-01 -9.928485141813667703e-01 -9.316058769298396491e-01 -9.238045124405682706e-01 -9.139331355594209061e-01 -9.238536742337337682e-01 -9.165472750041918637e-01
-6.844790203904340675e-01 -9.411075996909643582e-01 -9.253390642218644047e-01 -9.275194058106670525e-01 -9.129402946525804197e-01 -9.212221226256309681e-01 -9.150303357404367954e-01
-6.928742993916359172e-01 -9.010101548331579391e-01 -9.678035208613158247e-01 -9.459129222416069460e-01 -9.253049673727951063e-01 -9.225629086541156099e-01 -9.153298062005672531e-01
-6.864531953230466055e-01 -8.875330650414212652e-01 -9.071064733584284223e-01 -9.340349660802265142e-01 -9.125023315020885928e-01 -9.192284264798940008e-01 -9.157795606317737924e-01
-7.126681837246024998e-01 -8.703125307218155804e-01 -9.228316004255086025e-01 -9.310625282182389828e-01 -9.260741745387097712e-01 -9.204980795927004689e-01 -9.168963231830928873e-01
-6.948484743242484551e-01 -8.444695202690555291e-01 -9.170999190881814478e-01 -9.167045406711451516e-01 -9.110610154570333297e-01 -9.110888853668728249e-01 -9.127421887876465689e-01
-6.803563126021586749e-01 -8.808105608492724503e-01 -9.468591270120088055e-01 -9.204123699233748290e-01 -9.125452160846294625e-01 -9.137351564715221475e-01 -9.156361916623974029e-01
-7.071469967884804753e-01 -8.900506292729852831e-01 -9.134405794867410666e-01 -8.994771970329384914e-01 -8.998469044451802290e-01 -9.148911851484229363e-01 -9.111765575853503218e-01
-6.959227493797658370e-01 -9.212592278672435686e-01 -9.364138549330542904e-01 -9.107036845908553779e-01 -9.164640030168842433e-01 -9.133794631420935062e-01 -9.164126098009510724e-01
-6.823304875347713239e-01 -8.686641520907238956e-01 -8.939810307126583311e-01 -9.257364823171936319e-01 -9.187855557598310074e-01 -9.175800699591321052e-01 -9.130552747322413509e-01
-7.126681837246024998e-01 -8.445683866071298507e-01 -8.853232934755386196e-01 -9.431182675742666444e-01 -9.187790325124747248e-01 -9.177479329485604964e-01 -9.163028018590921864e-01
-6.978969243123784860e-01 -8.837653893698236285e-01 -9.520418861400434807e-01 -9.111840690407531085e-01 -9.265736445718684156e-01 -9.228767120293062121e-01 -9.140034051304044560e-01
-7.051728218558679373e-01 -9.550218402002956797e-01 -9.079826129672765589e-01 -9.203954543924504073e-01 -9.066714078362294593e-01 -9.177237693678095276e-01 -9.143465937489390072e-01
-7.021243718677379064e-01 -9.350937731791366669e-01 -9.178485915674257090e-01 -9.123597723595786579e-01 -9.030413594360029439e-01 -9.103813669122908792e-01 -9.142276640315110114e-01
