(-0.9151600516933246+0j)
-9.668068264605871320e-01 -8.892322196711142102e-01 -8.666552385899657374e-01 -9.287972476244104048e-01 -9.153811495971038159e-01 -9.145821910348130857e-01 -9.156349740238809432e-01
-8.854811564706472904e-01 -8.116287954632184221e-01 -9.034111837158940173e-01 -8.992288307563107708e-01 -9.176139199514559142e-01 -9.079946698890222212e-01 -9.174441096421146469e-01
-9.617632471339860878e-01 -8.686810187775251269e-01 -9.005632154137424017e-01 -9.192023264384632242e-01 -9.133599419689768517e-01 -9.142686883161277311e-01 -9.156919048754899038e-01
-9.723070589908506811e-01 -9.540531546658921336e-01 -9.310481211643706345e-01 -9.181888009389420624e-01 -9.258503032877065664e-01 -9.179385518726499438e-01 -9.134867986690267117e-01
-9.003647081682288889e-01 -8.936872215586302293e-01 -9.139736125497996966e-01 -9.087658803242850691e-01 -9.102458258708840955e-01 -9.125975307899596434e-01 -9.167268571863507187e-01
-1.032545105267060448e+00 -8.532372085523121097e-01 -9.132740905751211002e-01 -9.162597434158061827e-01 -9.180796634826584590e-01 -9.155776690615948787e-01 -9.188441457374583177e-01
-9.723070589908504591e-01 -9.451472829278519949e-01 -9.289325000731556425e-01 -9.203785429104565097e-01 -9.092007766731562413e-01 -9.106811789372317723e-01 -9.126844722363285367e-01
-9.109085200250939263e-01 -8.705799292563947134e-01 -8.987100770005793660e-01 -9.239280427062730450e-01 -9.196267105640743011e-01 -9.202482629204340459e-01 -9.151265279909261974e-01
-8.396699396668694249e-01 -9.264949925131324981e-01 -9.211709449576428455e-01 -9.267622931588868074e-01 -9.178580342729110164e-01 -9.158951623428992495e-01 -9.190761430532781162e-01
-9.624670866198701269e-01 -9.466475968984946476e-01 -8.974838535415359253e-01 -9.123584259919084172e-01 -9.228892203992229426e-01 -9.196579104920659109e-01 -9.145977192391734345e-01
-7.888152125579774854e-01 -8.755435285480523966e-01 -8.990416777383496427e-01 -9.193120237430447705e-01 -9.193254659335872159e-01 -9.137895945763718775e-01 -9.152382121407072191e-01
-8.694371120835198141e-01 -8.928466746199903437e-01 -8.866621589082162025e-01 -9.191850541402888375e-01 -9.190621411208850233e-01 -9.138994575318242219e-01 -9.144777708920133197e-01
-1.028205365426343665e+00 -8.624768293054005941e-01 -9.046245327741864184e-01 -9.087160587930818156e-01 -9.159899045947439422e-01 -9.144769957313543252e-01 -9.153156581739410047e-01
-9.257920717226753027e-01 -9.360984064347692701e-01 -9.084917043296585337e-01 -9.308493735674434610e-01 -9.207379788477569882e-01 -9.157050066734797600e-01 -9.150074102655232355e-01
-8.185823159531402382e-01 -9.463534225155909585e-01 -9.446304348240737170e-01 -9.142058685322909106e-01 -9.140040516111853641e-01 -9.177036224381887042e-01 -9.153573136642021435e-01
-9.617632471339854217e-01 -9.248516737874474813e-01 -8.906935219717586616e-01 -9.255146110277874261e-01 -9.197292116920932070e-01 -9.149960470156295322e-01 -9.145799064293491654e-01
-7.739316608603959979e-01 -9.425245445454764059e-01 -9.485423369093732848e-01 -9.046596623794587178e-01 -9.225854380868732108e-01 -9.126405452888770586e-01 -9.142516904091002594e-01
-9.363358835795394519e-01 -8.722232479820797302e-01 -9.235903793223898539e-01 -9.208995106677027032e-01 -9.159011006851098813e-01 -9.114501100725691529e-01 -9.150208460998547899e-01
-8.291261278100048315e-01 -9.713940758894237248e-01 -9.156822501547445814e-01 -9.117585137646411209e-01 -9.165202701168684296e-01 -9.156306760936139266e-01 -9.129205085137328535e-01
-9.562630146037225387e-01 -9.535823324133436696e-01 -9.046760498867707501e-01 -9.319560698205144877e-01 -9.114971087831873486e-01 -9.140859847714333242e-01 -9.165992689620756639e-01
