(-0.8712994323588225+0j)
-8.528994149581619055e-01 -8.695530047129167439e-01 -8.757571405175090806e-01 -8.827338851606265635e-01 -8.680733485996499077e-01 -8.614540697209887021e-01 -8.727742083989646904e-01
-8.869170402726922475e-01 -8.494603838181975508e-01 -8.626422497985102300e-01 -8.775742646615276588e-01 -8.670698097673377180e-01 -8.677800234661776635e-01 -8.684700157057181347e-01
-7.650250472507922339e-01 -8.844086826786243805e-01 -8.942553348488544440e-01 -8.641303066397458821e-01 -8.651552550402870079e-01 -8.703137940974352560e-01 -8.690460305629699178e-01
-8.768020302370116426e-01 -8.540369916075796208e-01 -8.706178795710384222e-01 -8.741253718267241180e-01 -8.778672452792559699e-01 -8.683828191540818864e-01 -8.739117807869891674e-01
-9.447377910940253365e-01 -8.501944470609175131e-01 -8.862217738691784419e-01 -8.707083987060955099e-01 -8.819628645829051816e-01 -8.725304287512973822e-01 -8.692729701781607421e-01
-8.887674955119746478e-01 -9.060919673125706897e-01 -8.607180093847819347e-01 -8.749153138834946386e-01 -8.699650351696475159e-01 -8.769377222047280984e-01 -8.619262297935155193e-01
-9.298023815759466348e-01 -8.483886226427344024e-01 -8.577935179872990812e-01 -8.854660555339477490e-01 -8.634592299095869006e-01 -8.626949153195664355e-01 -8.726330391958032617e-01
-8.577359097455192760e-01 -9.345178689375523984e-01 -8.644868652365749195e-01 -8.642705664699876777e-01 -8.666302888831736162e-01 -8.748445493353742553e-01 -8.726534088110515786e-01
-8.550004116118370412e-01 -8.240492468574736051e-01 -8.672348902418627326e-01 -8.906355984307874341e-01 -8.746237855652665427e-01 -8.757509996169918765e-01 -8.660776031573318434e-01
-8.822607713291135134e-01 -9.019599747385991240e-01 -8.589736651790305100e-01 -8.747929768239932624e-01 -8.781515671134954015e-01 -8.711144110599065016e-01 -8.772362714907175896e-01
-8.724679808788955437e-01 -9.081345718875164508e-01 -8.816064499538107668e-01 -8.855576574019168312e-01 -8.684034719960671556e-01 -8.654083554940539269e-01 -8.703885544751983616e-01
-8.950014363262424055e-01 -8.366093883395619990e-01 -8.433568642241784374e-01 -8.679647451840901695e-01 -8.774815998838305653e-01 -8.695394766795423447e-01 -8.703575498535209842e-01
-8.886788893210821882e-01 -8.527945348879213405e-01 -8.663419241024639117e-01 -8.826571871504869105e-01 -8.728710876103003002e-01 -8.657352323486264822e-01 -8.657262172532440569e-01
-8.533543516790880190e-01 -8.800575866228264044e-01 -8.734558389594657690e-01 -8.711201091145068798e-01 -8.710241521310577717e-01 -8.698377855932855063e-01 -8.740981164330661191e-01
-8.612897253598219560e-01 -8.491192524860116109e-01 -8.779256421018541978e-01 -8.992160768589878561e-01 -8.726926082461683443e-01 -8.710692560242117022e-01 -8.736377116507092477e-01
-9.027001949187012375e-01 -8.671155865408504138e-01 -8.643217930322977249e-01 -8.734490493348661122e-01 -8.710169802294118746e-01 -8.723416671031101188e-01 -8.701741957978883502e-01
-8.820804757024600651e-01 -8.866833105094533707e-01 -8.681357423007327601e-01 -8.721217758390191754e-01 -8.711370147920305396e-01 -8.682625694347672063e-01 -8.713299432695038593e-01
-8.675065430229693675e-01 -9.089336737680964173e-01 -8.788791547160279549e-01 -8.631650117236382425e-01 -8.630204178097333756e-01 -8.693660873953676926e-01 -8.699180696173103300e-01
-8.698785377975641886e-01 -8.665040862837807278e-01 -8.900213392353539810e-01 -8.799222679414471227e-01 -8.772888692418050471e-01 -8.692474667460186044e-01 -8.671622336216964211e-01
-7.844045052703401133e-01 -8.625624578757316030e-01 -9.023134885533385940e-01 -8.871474205053306861e-01 -8.684714923203737946e-01 -8.681151505918123235e-01 -8.764758528476013222e-01
