(-0.8712994323588225+0j)
-9.877189078957215873e-01 -8.799111479606085418e-01 -8.884643999892987143e-01 -8.632468322929582882e-01 -8.777007611439748835e-01 -8.713584785839885161e-01 -8.731307682688311811e-01
-1.040380362750073617e+00 -8.942460955950253254e-01 -8.961790253631440883e-01 -8.489597084431195206e-01 -8.460489678158324978e-01 -8.673521883120367537e-01 -8.764105264737460654e-01
-1.024708984948079493e+00 -8.486717031414339196e-01 -8.546942375449382290e-01 -8.706596121603502603e-01 -8.539559262110323345e-01 -8.727577416463747628e-01 -8.704805188578768060e-01
-9.339281228358566889e-01 -8.951303511286097248e-01 -8.709907739310533970e-01 -8.449333526600319999e-01 -8.551304710578977453e-01 -8.667604550249723427e-01 -8.711722336160299118e-01
-1.051192092607815765e+00 -8.595187279478733178e-01 -8.708369731706075978e-01 -8.618086213855100652e-01 -8.759669153853106849e-01 -8.584214307470658945e-01 -8.687620181630244520e-01
-1.048379320863397135e+00 -9.321511674399982628e-01 -8.404889767189565042e-01 -8.498906671942056956e-01 -8.735823878015611665e-01 -8.642873964742430193e-01 -8.749891340624247338e-01
-9.670663671352464075e-01 -8.500352232870240776e-01 -8.651979883428377871e-01 -8.501421953401593345e-01 -8.821743604145435569e-01 -8.769900901610896415e-01 -8.672725086373080927e-01
-9.872615215966671354e-01 -9.102870436446561797e-01 -8.748528899610910070e-01 -8.752121008812177028e-01 -8.486243506431030426e-01 -8.801899773407342309e-01 -8.716039033342819486e-01
-1.004056444187604091e+00 -8.855909371427348464e-01 -8.497353732375054758e-01 -8.468327635235668449e-01 -8.795266602373243980e-01 -8.570180339454673835e-01 -8.692699950272091414e-01
-1.042074232978579040e+00 -7.914769373889429804e-01 -8.176677968386576456e-01 -8.717305744552421576e-01 -8.658926293524451534e-01 -8.671663287822577448e-01 -8.721125244554890354e-01
-1.005718760174829862e+00 -8.750335453006585773e-01 -8.882113541007383706e-01 -8.687231044936765123e-01 -8.491139661854192333e-01 -8.635300593023764737e-01 -8.729014618253692070e-01
-1.025105841218497682e+00 -9.010848972762339759e-01 -8.951214330683103793e-01 -8.887041200738559077e-01 -8.577566564421552631e-01 -8.754110656915066180e-01 -8.712268838563561602e-01
-9.567243196343688805e-01 -9.375878751409107981e-01 -8.953023395873773715e-01 -8.863102307326520268e-01 -8.716548135551458465e-01 -8.800128008116487877e-01 -8.747710878344077123e-01
-9.757145444076185115e-01 -8.255358400983103806e-01 -9.096936234080528205e-01 -8.820006604946437623e-01 -8.755882966164709735e-01 -8.806220993851372469e-01 -8.707855917185696182e-01
-9.482122722866654918e-01 -8.182689868558039592e-01 -8.550052731046846599e-01 -8.888564295283873928e-01 -8.863263338652129786e-01 -8.703572478927144029e-01 -8.711658274694211723e-01
-1.021390137976824208e+00 -8.784451928592438286e-01 -8.405633764005071562e-01 -8.741289190162433442e-01 -8.747305095756705562e-01 -8.819886745760689983e-01 -8.701082745314143718e-01
-9.585543197875430188e-01 -8.468444290002015151e-01 -8.331223476534972416e-01 -8.514456195906325853e-01 -8.887305412559192153e-01 -8.685979138941182232e-01 -8.711842272910479412e-01
-1.106387045349706000e+00 -9.075676935153282887e-01 -9.181774257794981242e-01 -8.677642572771226970e-01 -8.592675464458674472e-01 -8.783540030704062307e-01 -8.699825187574581342e-01
-1.016915050245179808e+00 -9.218746065313403459e-01 -9.076385185118960308e-01 -8.535024577205749807e-01 -8.343131875583813528e-01 -8.738667123116834468e-01 -8.717651899478113808e-01
-1.057361050567965366e+00 -8.699082774243407368e-01 -8.694168991145168057e-01 -8.777449472618761295e-01 -8.798744913479568108e-01 -8.606807566391727615e-01 -8.712297508494220022e-01
