(-0.8311492651726713+0j)
-1.050019781914498962e+00 -7.348030264956769697e-01 -8.251262979966025313e-01 -8.056811713434013367e-01 -8.297737409539993614e-01 -8.333588680822476835e-01 -8.314289017429239426e-01
-4.256046958749628573e-01 -7.301577113443228351e-01 -8.188441544498747948e-01 -8.461048258919527942e-01 -8.279021166943578702e-01 -8.332183969592532602e-01 -8.318292290395228328e-01
-8.954736999045918022e-01 -8.802791390431548013e-01 -8.740993488786927834e-01 -8.622097944913222900e-01 -8.499724602614511237e-01 -8.339770119273133275e-01 -8.329036325373042615e-01
-7.182288602705404479e-01 -8.103436886028589914e-01 -8.018590065806232570e-01 -8.296928852588965064e-01 -8.253842042124526213e-01 -8.292593089079316471e-01 -8.308359034551029421e-01
-8.966760559846473910e-01 -8.415841382222919442e-01 -8.398567194385333501e-01 -8.247956099087130344e-01 -8.296217756077726158e-01 -8.267633256574504763e-01 -8.317756308714325808e-01
-7.716103307937638434e-01 -7.418856472865253959e-01 -8.193696240527434949e-01 -8.554838870432557307e-01 -8.215523714124797205e-01 -8.244537497211024135e-01 -8.305447344637413298e-01
-1.031297535809024835e+00 -1.008856075613254966e+00 -8.243968544732600545e-01 -8.198255881627045660e-01 -8.269478568585217904e-01 -8.366782837168986742e-01 -8.303128649130577799e-01
-8.755563935633210448e-01 -7.752636883035139981e-01 -8.421336382718340730e-01 -8.259562361948609155e-01 -8.405283064155841810e-01 -8.272067619294019014e-01 -8.303244720296056869e-01
-9.654127048665583910e-01 -9.407537514587420713e-01 -8.610194555999903798e-01 -8.395784929558010035e-01 -8.342712869858177616e-01 -8.368079425605483568e-01 -8.340769870117126228e-01
-9.759154743709792523e-01 -8.407897164875990370e-01 -8.428711787831442148e-01 -8.087917140166225316e-01 -8.214666143939639564e-01 -8.312721624034808965e-01 -8.301333729789965865e-01
-1.029100048709942428e+00 -8.663859623674863286e-01 -8.630850584744613752e-01 -8.405831267028238685e-01 -8.366233675985739193e-01 -8.329438784266143259e-01 -8.286532794744430053e-01
-8.791187361560626190e-01 -8.105369091044405394e-01 -8.121357617580660104e-01 -8.251874062966688683e-01 -8.253217437736748430e-01 -8.295352127200332770e-01 -8.318213763124728821e-01
-8.659821873916757617e-01 -8.860829088880044502e-01 -8.071740268817479969e-01 -8.193103042568108396e-01 -8.157307338692227905e-01 -8.256115603433631378e-01 -8.283528768306926970e-01
-9.049107056261112003e-01 -6.715912773604326702e-01 -7.620142440501774805e-01 -7.992636951813919532e-01 -8.393301947366704763e-01 -8.314284382952197294e-01 -8.314584542342329243e-01
-8.312022837984283097e-01 -8.727104458918477636e-01 -8.558296499906261623e-01 -8.146538926120987512e-01 -8.156855173112413926e-01 -8.237440838891609829e-01 -8.285209049109494295e-01
-9.259063759157875051e-01 -7.979979984997568332e-01 -8.444165567703096897e-01 -8.449203506910267780e-01 -8.440341911772133443e-01 -8.384095912811981854e-01 -8.312656879487330119e-01
-9.101026669401981462e-01 -7.415149847575419617e-01 -7.899603504412380239e-01 -8.309001597397938088e-01 -8.285849778888916273e-01 -8.319934283673049435e-01 -8.304919709876488199e-01
-1.027113589168113572e+00 -8.293122875633527347e-01 -8.393736888993312828e-01 -8.418850405112392465e-01 -8.407361536919701894e-01 -8.382911626372457903e-01 -8.310831675175902600e-01
-1.004733725560894353e+00 -8.252002286410511367e-01 -8.477487296609236278e-01 -8.337365373209715269e-01 -8.355648921190261813e-01 -8.305308326135472097e-01 -8.325552475519959472e-01
-1.014352984501639021e+00 -8.143570232789216767e-01 -8.880632371048549079e-01 -8.542706683478427099e-01 -8.383157130666609724e-01 -8.302762993414003478e-01 -8.271567197407945216e-01
