(-0.7960959852784767+0j)
-8.831658723790669629e-01 -8.437558043185084955e-01 -8.254458469112810892e-01 -7.998199905581728775e-01 -7.953943699104868426e-01 -7.895290434615847008e-01 -7.944687444103570861e-01
-9.899546354034136630e-01 -8.359455522712859743e-01 -8.080660346572572372e-01 -7.995922085827653625e-01 -7.943238534073580048e-01 -7.976908314600708039e-01 -7.966707782235378232e-01
-9.216105210862015618e-01 -7.204046070231571175e-01 -7.557710798582617517e-01 -8.173391350693428592e-01 -7.939516369434151954e-01 -7.981528631268737239e-01 -7.951424703519895942e-01
-1.003645012616880772e+00 -8.825859752978248984e-01 -7.965836086675488481e-01 -8.194650750899354907e-01 -8.059150221200008790e-01 -8.039937204518707858e-01 -8.021987240307721923e-01
-8.839875461786346200e-01 -7.888606451086885851e-01 -8.111113930641360437e-01 -8.087666525760111025e-01 -7.970141977148850199e-01 -8.014378627907716712e-01 -7.985580770438809317e-01
-9.192498142700120667e-01 -8.836029106643616959e-01 -7.683901238510018050e-01 -8.002480169965140444e-01 -7.856652442371216960e-01 -7.988057069343414973e-01 -7.985240544947860286e-01
-8.349239723679395819e-01 -7.728386773466422444e-01 -7.798665337390149332e-01 -8.163419659607606960e-01 -8.097901123479129826e-01 -8.061460247572556082e-01 -7.975517568897114717e-01
-7.358826557076143526e-01 -8.032322540655512100e-01 -8.080931819173491348e-01 -8.196266245061851752e-01 -8.015010002388853749e-01 -8.021235342271180180e-01 -7.976974934853726662e-01
-9.282184393734196348e-01 -9.224521208982836562e-01 -8.223156120281909232e-01 -7.705951947342533082e-01 -7.800001204396227461e-01 -7.912380443930537854e-01 -7.953463880405122755e-01
-8.723966955659294698e-01 -8.775060608187292832e-01 -7.690252618845396793e-01 -8.101127595221819799e-01 -8.208528597028674767e-01 -8.010223518488641670e-01 -8.017321383791378153e-01
-3.378669620629113357e-01 -7.250304866399039927e-01 -8.315043546732412416e-01 -8.051509518299568846e-01 -7.978168567659484900e-01 -7.958304647026261947e-01 -7.917966019427238322e-01
-8.364137884698790160e-01 -8.316148134185650243e-01 -8.240686957038403371e-01 -7.975170321644116100e-01 -7.853230341362151812e-01 -7.912131986626433910e-01 -7.977582448342583898e-01
-5.771694890252352383e-01 -6.732961391004439466e-01 -8.101696313574784369e-01 -8.086392066678584900e-01 -8.103245392465545649e-01 -7.958638864957814363e-01 -7.918013911054690990e-01
-7.405590908863115551e-01 -8.812056267517289765e-01 -7.734033163142126632e-01 -8.093655126464387450e-01 -8.109902442943202061e-01 -7.992371611499229367e-01 -7.911567569601309913e-01
-8.313130722136441442e-01 -9.593209227787020676e-01 -8.023982299914265148e-01 -7.810030828607115172e-01 -7.792256311492642418e-01 -7.886779385497206807e-01 -7.926761307632297360e-01
-8.888764586686586089e-01 -8.579134403319772506e-01 -8.356460261637641551e-01 -8.255641914848590446e-01 -8.026329272353336375e-01 -8.004151755244373057e-01 -7.958427333715607510e-01
-9.805192587878661659e-01 -8.886665800682704841e-01 -7.958676257908612328e-01 -8.035220621127796559e-01 -7.964642469279135106e-01 -7.973653776739140220e-01 -7.967307300982777729e-01
-9.828662498305626993e-01 -7.861327029143443390e-01 -7.974034275225834190e-01 -7.854861906544232664e-01 -8.023110813407388076e-01 -7.977697977789002248e-01 -7.948515882772522190e-01
-9.982405353088781297e-01 -7.619655915988918782e-01 -8.028365499353955492e-01 -8.190993482598987185e-01 -7.955950362267047993e-01 -8.016936552325288901e-01 -8.000309043569844292e-01
-8.553905106569901218e-01 -7.501419386784242693e-01 -7.999330428183033526e-01 -7.817841256550259743e-01 -8.000615364694791953e-01 -7.940047880358604981e-01 -7.982741733556735220e-01
