(-1.0351862664342546+0j)
-8.346243334081049348e-01 -1.004042318430774294e+00 -9.379501233585447739e-01 -1.001813807564059911e+00 -1.010673610381468190e+00 -1.025112496434779974e+00 -1.035069846108573888e+00
-1.120284934216589257e+00 -1.154906504808957735e+00 -1.048849675246628532e+00 -1.035944228313595117e+00 -1.039216261890573589e+00 -1.032735203506968347e+00 -1.037982210127751159e+00
-1.045249768985494487e+00 -1.046366130796058780e+00 -1.070508265634698475e+00 -1.041419129939760380e+00 -1.022865203667114198e+00 -1.035932217950498835e+00 -1.036796880883728456e+00
-1.189528075401326213e+00 -1.054874126021473124e+00 -1.077901213408136938e+00 -1.025404706936215327e+00 -1.025659702163620235e+00 -1.038862847948114121e+00 -1.033398020135343209e+00
-1.120284934216589257e+00 -1.121973791318656044e+00 -1.051669875859429393e+00 -1.050006745999599200e+00 -1.044460203684603350e+00 -1.037473553832578999e+00 -1.038403709784057716e+00
-1.189528075401326213e+00 -1.138862362339323475e+00 -1.005855203856961255e+00 -1.003928640394046834e+00 -1.025838479499069367e+00 -1.033700308381719779e+00 -1.034465686344932189e+00
-9.683129454468979436e-01 -1.043890620624729815e+00 -1.002351372595875034e+00 -1.027271020337642504e+00 -1.043152153166011287e+00 -1.039410380777674447e+00 -1.038586452431662810e+00
-1.189528075401326213e+00 -9.929734385797623908e-01 -9.628523471704165670e-01 -1.031568076775448706e+00 -1.053946392770586327e+00 -1.046902958663460836e+00 -1.038247015523585226e+00
-8.577053804696838091e-01 -8.259624120757237398e-01 -9.827746857363718336e-01 -1.047917276882159410e+00 -1.025482569212063932e+00 -1.028358468177029916e+00 -1.031599212131729004e+00
-9.731106157775787358e-01 -9.125163385566449348e-01 -1.058638702461264014e+00 -1.008460268495058987e+00 -1.015560103480015020e+00 -1.029132220935134789e+00 -1.034158886306577818e+00
-9.038674745928416687e-01 -1.074108331906122427e+00 -1.083754373925776449e+00 -1.049372874190253047e+00 -1.032561034673556977e+00 -1.035620345904332940e+00 -1.036690463679050378e+00
-1.112591251862729447e+00 -1.033717950367090133e+00 -1.028772011711037493e+00 -1.033972219627585565e+00 -1.041205666046816303e+00 -1.036952156920239343e+00 -1.035899818208198875e+00
-8.577053804696838091e-01 -1.136264120643835973e+00 -1.100003257114524402e+00 -1.066795000377704472e+00 -1.019172769788259991e+00 -1.036596800593577949e+00 -1.034503311779840118e+00
-1.045249768985494487e+00 -1.047639076357186116e+00 -1.073341871491981570e+00 -1.014054716998568306e+00 -1.035597078049558251e+00 -1.035228970542768412e+00 -1.034238347288248150e+00
-8.346243334081049348e-01 -9.202201766416207018e-01 -1.028583732880639312e+00 -1.054229401799059218e+00 -1.039651013784231193e+00 -1.037440317438551141e+00 -1.032321879554656707e+00
-1.189528075401326213e+00 -1.077241900507158068e+00 -1.033947010588391446e+00 -1.046640315394192555e+00 -1.035830007440767808e+00 -1.037189734105985028e+00 -1.038285198100763029e+00
-1.189528075401326213e+00 -1.109448186858393193e+00 -1.089205589029001331e+00 -1.042840198658542938e+00 -1.043282212635420203e+00 -1.034871853539886422e+00 -1.039499430452826889e+00
-1.126579765233383323e+00 -1.033717950367090133e+00 -9.592879665009416135e-01 -1.031510274303275132e+00 -1.038988025243614111e+00 -1.043511259072017028e+00 -1.034694217899875479e+00
-9.683129454468979436e-01 -1.027495117399664259e+00 -1.042764793353802233e+00 -1.024105733169860644e+00 -1.044728474203258761e+00 -1.032691377241415243e+00 -1.029718004673873200e+00
-1.126579765233383323e+00 -1.036585119213120354e+00 -9.931872568165193149e-01 -1.011550826859939356e+00 -1.034017185189179067e+00 -1.036068768540186813e+00 -1.037461140403140636e+00
-9.731106157775787358e-01 -8.432731973719079788e-01 -9.288891145051245690e-01 -9.872302834178994235e-01 -1.019010682318819416e+00 -1.028315996055990000e+00 -1.033062414364799730e+00
-1.189528075401326213e+00 -9.298300254902908124e-01 -9.827747543827243248e-01 -1.035635054736420813e+00 -1.031007328207285134e+00 -1.037215247621976477e+00 -1.036155854401876519e+00
-1.189528075401326213e+00 -1.140068688840799815e+00 -1.082529644312604011e+00 -1.051895267733298667e+00 -1.034358381233031476e+00 -1.037600486115037191e+00 -1.033555185705739898e+00
-1.189528075401326213e+00 -1.156555151027641948e+00 -1.127460401562319969e+00 -1.018781277495549809e+00 -1.027853289256806413e+00 -1.035546355201891977e+00 -1.039862178407191529e+00
-1.189528075401326213e+00 -1.043890620624729815e+00 -1.031341236922385773e+00 -1.024660950473786247e+00 -1.025191611184594453e+00 -1.026038662588184991e+00 -1.029871967104731167e+00
-9.731106157775787358e-01 -1.051116558573610860e+00 -1.038114304520312725e+00 -1.061266069342174712e+00 -1.047403626709783708e+00 -1.045467394585308352e+00 -1.038871682964324528e+00
-1.120284934216589257e+00 -1.107095764467115551e+00 -1.100003257114524402e+00 -1.045891994647106138e+00 -1.045667542862813493e+00 -1.046471540209458873e+00 -1.038000112195267999e+00
-9.731106157775787358e-01 -1.045249768985494487e+00 -9.982243280721111445e-01 -1.018528876758999946e+00 -1.026785793509533695e+00 -1.036111305167668029e+00 -1.034843374130831606e+00
-1.189528075401326213e+00 -1.074108331906122427e+00 -1.034386800532355988e+00 -1.055969139382255229e+00 -1.038215114774210024e+00 -1.043616484957987200e+00 -1.038507741142727481e+00
-9.947654191085313347e-01 -1.049733928075676559e+00 -1.016399820301080892e+00 -1.014090213862542278e+00 -1.015579960757319711e+00 -1.029632859786334897e+00 -1.033398312011235554e+00
-1.051041793031852301e+00 -1.136264120643835973e+00 -1.094692450974955822e+00 -1.037014801389003704e+00 -1.036235180781472476e+00 -1.032407278483004509e+00 -1.031773601917525207e+00
-1.189528075401326213e+00 -1.169744320777115654e+00 -1.054275323991844981e+00 -1.061666558115792913e+00 -1.034396744083568187e+00 -1.032347591223047756e+00 -1.034333029210647847e+00
-8.346243334081049348e-01 -8.510844395356227388e-01 -9.455066572956418725e-01 -1.017791157192523332e+00 -1.026982296727757316e+00 -1.035318575601618551e+00 -1.034071041743276131e+00
-1.000683144897498211e+00 -9.174753345812755034e-01 -1.013125342907514659e+00 -1.009750374317797128e+00 -1.030416857749279380e+00 -1.031894319039832197e+00 -1.035077582425382836e+00
-1.189528075401326213e+00 -8.778947679642763458e-01 -9.885764671041765705e-01 -1.020901723870150324e+00 -1.027523032965908634e+00 -1.028880589742602547e+00 -1.033394722399185728e+00
-9.731106157775787358e-01 -1.109448186858393193e+00 -1.057310948556889008e+00 -1.025355372421772548e+00 -1.035716401004719955e+00 -1.036147541315666221e+00 -1.029829516489120689e+00
-1.189528075401326213e+00 -1.127694515508827156e+00 -1.026072179385351557e+00 -1.040457335004215667e+00 -1.035613044898170187e+00 -1.040202870573307736e+00 -1.037309884514903136e+00
-7.653811922233679788e-01 -1.045264277172803125e+00 -1.052076721270231996e+00 -1.035941410629382275e+00 -1.018886368347347027e+00 -1.042976636646044675e+00 -1.036756824843701796e+00
-9.947654191085313347e-01 -1.026015563100845185e+00 -1.079241515767808801e+00 -1.076184936151490135e+00 -1.055398886468719377e+00 -1.037877979759664449e+00 -1.039809649164434635e+00
-1.063631455065440878e+00 -1.140068688840799815e+00 -9.638467738239132609e-01 -1.033249307181265397e+00 -1.040305838652292536e+00 -1.034864045240429409e+00 -1.032131881886267699e+00
-1.126579765233383323e+00 -1.009740465813834476e+00 -9.875454103490699520e-01 -1.002834680386671451e+00 -1.021040221208886489e+00 -1.030944344559272752e+00 -1.035601278403146086e+00
-9.731106157775787358e-01 -1.006781357216195882e+00 -1.053501704991300691e+00 -1.072409683465081365e+00 -1.053224075772469792e+00 -1.040664926633299014e+00 -1.034222721881359774e+00
-1.189528075401326213e+00 -1.138862362339323475e+00 -1.067166247884420383e+00 -1.047212276285153898e+00 -1.026161461686964538e+00 -1.029357140772162893e+00 -1.035686966077967508e+00
-1.189528075401326213e+00 -9.490787395622488631e-01 -1.008437025531240927e+00 -1.028506780279059951e+00 -1.016425761553027662e+00 -1.027366424327868177e+00 -1.030876394860574363e+00
-8.240346390310662184e-01 -9.817725371099597087e-01 -1.043136506673636443e+00 -1.054967121365535832e+00 -1.049299176141733403e+00 -1.039265929066502947e+00 -1.034974203036331586e+00
-8.913761219083013998e-01 -1.006781357216195882e+00 -1.027378933793996918e+00 -1.022439427978978799e+00 -1.029764481971365608e+00 -1.032760725820523806e+00 -1.028534519906084466e+00
-9.154079981236311614e-01 -1.028615664264260543e+00 -1.053595907921609953e+00 -1.053697457864290143e+00 -1.033563258248823002e+00 -1.032344526954040553e+00 -1.038246268792148985e+00
-8.346243334081049348e-01 -9.690331706952844959e-01 -1.027223141538876838e+00 -1.001902772204211312e+00 -1.022447390159084701e+00 -1.027930493510949672e+00 -1.031216849224612986e+00
-7.566931561538313700e-01 -1.085650306255642850e+00 -1.056429331554536777e+00 -1.053160870876920452e+00 -1.042027635939629437e+00 -1.035594069334747847e+00 -1.033893342549744077e+00
-1.081319345589452752e+00 -9.613186887615710052e-01 -9.769628704472697045e-01 -1.036230211704170179e+00 -1.023201673829570613e+00 -1.035320393429560948e+00 -1.031623117908123888e+00
