(0.3150858436546712-8.326672684688674e-17j)
2.176477680784606683e+00 -2.294595899208226264e+00
-6.577491870947699937e+00 -2.859090527570783635e+00
5.273139155717796456e+00 1.349201950035374020e+00
2.819692711956912845e+00 1.630675320292580832e-01
8.661312317806395100e+00 2.411058151882206957e+00
-1.763473966959042682e+00 -2.464876866485080920e-01
-3.447908208700543931e+00 1.430557679772417545e+00
1.672663310610277065e+00 -1.269281748415603595e+00
-1.150903450695495156e+00 -4.624536490235266584e+00
-4.971644180096884691e-01 1.826931077691716032e+00
5.697782928279800707e+00 3.951678128575462523e+00
4.818026741181519412e+00 1.121880014000957493e+00
-2.851793879474627147e+00 1.321669770066621341e+00
9.113204353946450453e+00 -9.080351440312742772e-01
5.963442793071669357e+00 -7.671938112335520144e-01
5.859752711064344366e-01 -1.709176382213549950e+00
-6.243930495602140196e-01 1.910015267289562280e+00
-1.112102373451876902e+00 -1.013377734062422375e+00
1.909618188663469773e+00 -5.724589736313704158e+00
-7.229558821120537715e+00 3.776044790057231815e+00
