(0.3150858436546712-8.326672684688674e-17j)
-1.806764454683166043e+00 -4.294437872382818044e-01
1.199427990450768089e+00 -1.893550585020060961e-01
2.265189808216648282e-01 4.889801610885620153e-01
2.733822012798833523e+00 8.061277359801847231e-01
7.004398078760200042e-01 8.931240480618410915e-01
2.933253630402988810e-01 2.749171968414726441e-01
1.576378160938423534e+00 -3.890080026756381759e-01
-1.492825456780434434e+00 7.799763244329959155e-01
-5.085383674696619671e-01 1.593143479709572485e+00
1.563272296567686404e+00 -4.450511913103547545e-01
-7.652839847879883139e-01 -3.660922980970933160e-01
2.301357051435749757e+00 -3.573675333421265643e-01
-2.358002403687482929e+00 1.985702762635876528e+00
3.195802774520447809e+00 -7.813013721038443160e-01
-2.831893777278442492e-01 3.646679464682271998e-01
-5.352333252242198469e-01 5.862232873066357541e-01
2.725470140354851356e+00 9.073591244690253355e-01
6.728504885193251073e-02 1.475460417172245409e+00
1.790166288628918911e+00 4.749664945731317811e-01
-6.009511791590591567e-01 5.954097469522182662e-01
