(0.3150858436546712-8.326672684688674e-17j)
3.398847936822130933e+00 6.944863658802320483e-01
-1.207942445891740713e+00 -1.097311176401031485e+00
-1.470572049939769865e+00 1.299071655474888232e+00
-2.151248507910157759e+00 5.890951824390656261e-02
8.746601266092647320e-01 -2.413923799415332305e-02
-2.099606395554164173e+00 1.228481851590606660e-01
-2.558770891866372743e+00 -8.273636189184693790e-02
-5.472183650181768888e-01 -7.900701312187508041e-01
5.628123970879164717e-02 9.699401110268532911e-01
1.210960922932636574e+00 8.410125966618782201e-01
-3.497362419758569541e-01 1.542669576862502723e+00
-1.269895528998838952e+00 6.650650786783308954e-02
3.969501668836520558e+00 1.470273832348545362e+00
9.212912263710352212e-01 -2.689981176513021044e-01
1.790500325844215368e+00 8.273304288658545058e-01
-1.708069724603436867e+00 -1.671238915379740508e-01
1.110249031360421190e+00 2.257917513216670446e+00
-3.550205873584154626e-01 2.499272847242122730e-01
1.292458577916078433e+00 9.520038607613747761e-01
-1.813410684986397126e+00 8.404980544325796332e-01
