(0.3150858436546712-8.326672684688674e-17j)
-2.894538652297027781e+00 -2.114059533441562666e-01
3.894597484490482930e-01 -5.939572772052889582e-02
-2.478739532508510146e-01 1.121729783722318796e+00
2.492394570805722409e-01 -1.413065795795239721e+00
1.084059227307247575e+00 -6.249219756442750962e-01
-2.809007596823103192e-01 1.281638323780018407e+00
2.269174656332462459e-01 4.196346570844619039e-01
4.698714893072769350e+00 2.131455124925158151e-01
1.941535294526156807e+00 2.123929112805826414e+00
-1.315822113102541158e+00 9.563351742039966075e-02
-1.714690708143487452e+00 -1.052732009157459014e+00
8.282096076541764496e-02 1.616206419570159980e+00
-1.755689613356674394e+00 6.357019782350411541e-01
1.892078729171198903e+00 -5.239174488227728022e-01
-1.196474138296525380e+00 -2.340285702479144303e-01
2.882520867767668360e+00 -3.220517516028440941e+00
2.861648146489053079e+00 1.395620591492401918e-01
5.902151921454788841e+00 2.099681171613995978e-01
-5.101998243128232247e+00 3.082827826221465894e-01
6.136748502476435441e+00 1.776227718144403722e+00
