(-1.8667754888683117+0j)
-1.488730517642721463e+00 -2.335255780469357667e+00 -1.779843306654584012e+00 -1.792414148127613682e+00 -1.963396990070135129e+00 -1.863171320487836402e+00 -1.861890097419770740e+00
-1.758691262981722625e+00 -1.853170602025735914e+00 -1.727422568574659811e+00 -1.836805215527786528e+00 -1.885785404517752450e+00 -1.870672974984738390e+00 -1.868421100403332424e+00
-1.219229470135762883e+00 -1.711238616209879604e+00 -1.713006294755432979e+00 -1.874320404316917044e+00 -1.883038294434049131e+00 -1.860521565309141145e+00 -1.871809374186466979e+00
-1.493519462311579726e+00 -2.040757760285609734e+00 -1.810863764528778175e+00 -1.890442564327894814e+00 -1.789787030437073545e+00 -1.862566286289206730e+00 -1.868802972846181909e+00
-1.663091894440383189e+00 -1.814291702294492659e+00 -1.830771312850326460e+00 -1.964709415344198185e+00 -1.883435444417457028e+00 -1.888445284545412051e+00 -1.860563984843293106e+00
-1.394439230522491080e+00 -2.181533993491041379e+00 -1.869935928713714279e+00 -1.864329859724599636e+00 -1.803819343233364014e+00 -1.842474620984639433e+00 -1.869495463987987272e+00
-1.574940267911494107e+00 -1.775569196968877161e+00 -1.966109312627527306e+00 -1.847496641746141144e+00 -1.872588029181933900e+00 -1.868792880867927941e+00 -1.862374417284315298e+00
-1.272178575160232805e+00 -1.633696907135072651e+00 -1.992998203829834392e+00 -1.943916979646446164e+00 -1.877655717041384564e+00 -1.865653555480684123e+00 -1.871235673091070195e+00
-1.125231555198298317e+00 -1.681594922425305061e+00 -2.022493756797963727e+00 -1.780651092142596426e+00 -1.828455821980213836e+00 -1.849181036799947275e+00 -1.876016682321874907e+00
-8.707307386363831725e-01 -1.584150286202694602e+00 -2.002035875502464091e+00 -1.913286563187039713e+00 -1.825716386986682149e+00 -1.865157142274202151e+00 -1.872671676975856681e+00
-1.615688262760773597e+00 -2.124248248459472244e+00 -1.798914026016370959e+00 -1.868060386934795369e+00 -1.866394146338542726e+00 -1.918614593035547822e+00 -1.866386919679129397e+00
-1.564169271218926571e+00 -2.115543358469680335e+00 -1.786568231550627495e+00 -1.848967388589062733e+00 -1.870171773042740071e+00 -1.882405057289001427e+00 -1.860489894039675018e+00
-1.538990563711621462e+00 -2.079152403972342356e+00 -1.810037335715411810e+00 -1.790933159186755219e+00 -1.891970367744902237e+00 -1.857934810763445466e+00 -1.872124760227487084e+00
-1.081517441053685635e+00 -1.618084307829444235e+00 -1.745973339468396945e+00 -2.095094473993227346e+00 -1.865271953719073172e+00 -1.852465952301971752e+00 -1.857541050872784094e+00
-6.996158398139937784e-01 -1.803853579889676206e+00 -1.762817053548384028e+00 -1.897291266114049302e+00 -1.841415364844707359e+00 -1.839517188038281237e+00 -1.878256541999342222e+00
-1.020068648757583629e+00 -1.811826850494538732e+00 -1.927095895042207019e+00 -1.886811494744319972e+00 -1.905485274495538395e+00 -1.863699599571820409e+00 -1.854601571256574877e+00
-1.283377415196172322e+00 -1.793208688728490818e+00 -1.789312815463467210e+00 -1.715347767581718585e+00 -1.875377683519201977e+00 -1.895055747694146975e+00 -1.860617274371717311e+00
-1.355505251915765541e+00 -1.776041994636256893e+00 -1.886247870155014272e+00 -1.794841812623167332e+00 -1.873151516597530986e+00 -1.858151501578506615e+00 -1.885572327409306359e+00
-1.562764049606807815e+00 -1.705956869103024909e+00 -1.848208453630768355e+00 -1.799939947021532483e+00 -1.869199457559577837e+00 -1.907018405460141786e+00 -1.853985367942396767e+00
-1.566007246935980923e+00 -1.399938451237875414e+00 -2.034214896308683684e+00 -1.867030698921557264e+00 -1.826709915105378723e+00 -1.856028396307955131e+00 -1.869438122396344104e+00
-9.467420380004930580e-01 -1.858826494475680935e+00 -1.944650433434117254e+00 -1.778871548050145135e+00 -1.834924935745464003e+00 -1.861634427410529868e+00 -1.877438796497250983e+00
-1.403475451962110210e+00 -1.271620784707224727e+00 -1.831296834811037222e+00 -1.818767577715493688e+00 -1.896841995584107377e+00 -1.881923806493871476e+00 -1.846740206822059971e+00
-1.253583512033397129e+00 -2.011392457882002383e+00 -1.981683518445163772e+00 -2.008533600585227674e+00 -1.877978204356299141e+00 -1.849452246400130173e+00 -1.876681751834041956e+00
-9.090655163484951951e-01 -1.426166475073116668e+00 -1.724206913235075689e+00 -1.893175583729848288e+00 -1.837440460908482009e+00 -1.874228204850478141e+00 -1.872863894079782598e+00
-1.292362274513578324e+00 -2.006008204149792196e+00 -1.911396366398500746e+00 -1.790854424936648481e+00 -1.923253883858742963e+00 -1.900575106566720462e+00 -1.853552458029639638e+00
-9.104303726561837617e-01 -1.941873088951872717e+00 -1.909220231286266944e+00 -1.897165153670999249e+00 -1.789340819166251428e+00 -1.853961275426611044e+00 -1.887506581540259409e+00
-1.507738035340190574e+00 -2.091698489070299871e+00 -2.006310295104354324e+00 -1.906148428116440252e+00 -1.841561903790269739e+00 -1.862318972733962852e+00 -1.869438261563904469e+00
-1.340770711044902086e+00 -1.993094140308329765e+00 -1.903075662229429366e+00 -1.778353128172281306e+00 -1.825130487688614522e+00 -1.839123316506085626e+00 -1.851528280962950079e+00
-1.277213043788073099e+00 -1.895840823129793407e+00 -1.745608410908214836e+00 -1.912652974646136039e+00 -1.803362409205018668e+00 -1.866674494701666687e+00 -1.878088163303278435e+00
-1.319875342849949673e+00 -1.194154320432134764e+00 -1.868050254319951531e+00 -1.989248569368192943e+00 -1.853671246697874420e+00 -1.864451741737772839e+00 -1.879077024352783454e+00
-1.119085196032310492e+00 -2.122578011869450165e+00 -1.883657867156931065e+00 -1.746767604420334408e+00 -1.792534407664809093e+00 -1.890212228069893419e+00 -1.850758601448816876e+00
-1.299645938953331914e+00 -1.756716918675873318e+00 -1.817950439634493875e+00 -1.734586506565721553e+00 -1.819494059387166907e+00 -1.851602616581700778e+00 -1.870367380318950001e+00
-1.481779402133988066e+00 -1.603893731854678872e+00 -1.913938259184726709e+00 -1.845637597723968737e+00 -1.882295391178376409e+00 -1.881430193819520591e+00 -1.874139370221400647e+00
-1.189741659191183576e+00 -1.663941762301325733e+00 -2.159158299917370627e+00 -1.952680194706122752e+00 -1.844447350507433470e+00 -1.808877379838872201e+00 -1.866242526472404073e+00
-1.457691367416462658e+00 -1.623496504818682462e+00 -2.024355042531624793e+00 -1.752929256002035086e+00 -1.871302295087069467e+00 -1.897982762536090551e+00 -1.867179710040526741e+00
-1.270601863558863620e+00 -1.893385844614060787e+00 -1.879567411963150469e+00 -1.950406551602808403e+00 -1.896742649535945624e+00 -1.873443020202924636e+00 -1.874065372809273988e+00
-1.101020614961100152e+00 -1.469191248833166430e+00 -1.810784810747172013e+00 -1.844251813123538586e+00 -1.888499119562762951e+00 -1.833829358963789291e+00 -1.870496420213124233e+00
-1.327313162142697678e+00 -2.021811593763291448e+00 -1.908440490416670965e+00 -2.040620580063897016e+00 -1.880287053887760074e+00 -1.892650848390641016e+00 -1.862846898340551061e+00
-1.302859287530502952e+00 -1.771174859773625876e+00 -1.756187318199169178e+00 -1.846679067768772331e+00 -1.810715198790487479e+00 -1.885433103834680102e+00 -1.867430536460390700e+00
-8.458561695230459865e-01 -2.187049451665497024e+00 -1.906074753818877365e+00 -1.722014162783935598e+00 -1.903707557692414731e+00 -1.850994437942498072e+00 -1.852731393838417784e+00
-1.172015457093522173e+00 -2.179929989010776836e+00 -2.084336966986195527e+00 -2.059052808757132702e+00 -1.902906989974035401e+00 -1.872684648878427005e+00 -1.847940874622507001e+00
-1.434270990366502740e+00 -2.078138048327433207e+00 -1.909866316570664413e+00 -1.878206499657068873e+00 -1.801703201586202674e+00 -1.875549082843265714e+00 -1.889657477646450534e+00
-1.144643299154145533e+00 -2.177982705219458026e+00 -1.850495345723969676e+00 -1.879485612266359906e+00 -1.821789661951274120e+00 -1.875139875786120625e+00 -1.866358720052690989e+00
-1.042577216510881088e+00 -1.288472551278305289e+00 -1.545400392249119514e+00 -1.963558286801221353e+00 -1.885573628695654147e+00 -1.831513213761370773e+00 -1.851352264423985261e+00
-1.776372457068958965e+00 -1.907082448991087587e+00 -1.941027359519990725e+00 -1.794146964068200845e+00 -1.859071078192749971e+00 -1.824941813526817391e+00 -1.853936283606987701e+00
-1.186822658205263004e+00 -1.472207187294474640e+00 -2.069000598084322462e+00 -1.862161182735486031e+00 -1.881019659403911914e+00 -1.865168998642649401e+00 -1.857850860002545845e+00
-1.579952345483878418e+00 -2.094844301784936302e+00 -1.830511858143272441e+00 -1.765058222598944848e+00 -1.785890076637192125e+00 -1.871552889309620937e+00 -1.856027952151748428e+00
-1.418650224293448225e+00 -1.548633557957120654e+00 -2.116836286138393142e+00 -2.028273369652432656e+00 -1.918715993825302002e+00 -1.877126084416815832e+00 -1.881207870059426357e+00
-1.561623636880200561e+00 -1.824700776184119411e+00 -1.688145467056871185e+00 -1.794360742343125370e+00 -1.887689278943044169e+00 -1.889245298028417341e+00 -1.861367794768928441e+00
-1.044957066661590162e+00 -1.776574128179752243e+00 -1.539806648342567641e+00 -1.863061195318176821e+00 -1.875243070268907797e+00 -1.878433263663431330e+00 -1.878921229533723203e+00
