(-1.8667754888683117+0j)
-1.251699475201247358e+00 -1.281028783749351918e+00 -1.567595648124253005e+00 -1.840419277998298853e+00 -1.919995096226926989e+00 -1.889666899100364228e+00 -1.879157842613771834e+00
-1.219071875202781596e+00 -1.274680341644660597e+00 -1.380729108930295546e+00 -1.558402880783446243e+00 -1.789989416405364686e+00 -1.842229187394376799e+00 -1.865531431800847351e+00
-1.364073501232544672e+00 -1.325000331727760772e+00 -1.386650249065670915e+00 -1.471167020306733964e+00 -1.743589809525696310e+00 -1.915318285943962806e+00 -1.870296886837939709e+00
-1.250490959950964820e+00 -1.265814441321319705e+00 -1.431367062523529521e+00 -1.754510571798188590e+00 -2.000294177858791489e+00 -1.928564877749300521e+00 -1.851278971250597927e+00
-1.310507020075006190e+00 -1.271547163331550045e+00 -1.595053009324989057e+00 -2.054587983207851742e+00 -1.902173336872371001e+00 -1.917690817635647527e+00 -1.889107342925608224e+00
-1.327700001479975800e+00 -1.294823526576744266e+00 -1.289965008955662906e+00 -1.597886548832753606e+00 -1.854273929860456471e+00 -1.969353162428641557e+00 -1.904181550240902743e+00
-1.246873649137716145e+00 -1.089711625457632449e+00 -1.375601461164305039e+00 -1.791612544443163868e+00 -1.928103341786080671e+00 -1.895343059979632594e+00 -1.901358818690374264e+00
-1.060238583336512885e+00 -1.124047507023088199e+00 -1.294166068533970204e+00 -1.698310370174011430e+00 -1.878204659915189367e+00 -1.977391134771255388e+00 -1.869224496201773666e+00
-1.295481359700576318e+00 -1.176000124801094504e+00 -1.386602854672828400e+00 -1.787168923204725202e+00 -1.668608691338126615e+00 -1.813368940831919351e+00 -1.879463765790731156e+00
-1.169470927437436636e+00 -1.205860622553204697e+00 -1.344394331894643191e+00 -1.230766999112497651e+00 -1.658899473206562281e+00 -1.846572022346094633e+00 -1.844995348031489346e+00
-1.094517144088966720e+00 -1.290454760862151051e+00 -1.448026064929849532e+00 -1.776205306199158507e+00 -1.915549266014138441e+00 -1.980650999576108795e+00 -1.852358380989694631e+00
-1.063663162902410031e+00 -9.822105831316573221e-01 -1.327931630326277146e+00 -1.815779125714924058e+00 -1.875025491952882151e+00 -1.969188117129387905e+00 -1.877429912769366105e+00
-1.342448840784178588e+00 -1.394759438623055958e+00 -1.447026114967344901e+00 -1.655555685528772969e+00 -1.764812508222300513e+00 -1.838643732443948853e+00 -1.861692530356888753e+00
-1.098667042700337548e+00 -1.139441234132247294e+00 -1.449156591074441724e+00 -1.701353691666627199e+00 -1.823187103453306257e+00 -1.858561601732724000e+00 -1.836950796117044149e+00
-1.454861927664430565e+00 -1.357635190490205979e+00 -1.461735710832456014e+00 -1.759050200943404585e+00 -1.801828013050947863e+00 -1.753533393426549791e+00 -1.855819698164548281e+00
-1.101265722500102573e+00 -1.293664449526820137e+00 -1.440108630362458175e+00 -1.621733195553849205e+00 -1.957925945817347690e+00 -1.886262662599484496e+00 -1.878300344089103513e+00
-1.129582819782655845e+00 -1.043205920227927352e+00 -1.381160151998120700e+00 -1.608237411703860031e+00 -1.606932878654592667e+00 -1.806677119575923474e+00 -1.848946701343722188e+00
-1.172619523158275445e+00 -1.283534314425515799e+00 -1.539224759898187411e+00 -1.821466289319269016e+00 -1.915889601268674358e+00 -1.883389909315206001e+00 -1.924859727330509251e+00
-1.246775452127044659e+00 -1.404400240160105229e+00 -1.597277458668771466e+00 -1.537583400372632969e+00 -1.886894245996172836e+00 -1.957268574342042156e+00 -1.902206498538983714e+00
-1.381296749957734438e+00 -1.422046949906226043e+00 -1.462954245390791330e+00 -1.620746824243564976e+00 -1.739882334213222581e+00 -1.826404063341003248e+00 -1.857699298541938715e+00
-1.332686691283931912e+00 -1.246654872819346282e+00 -1.341390686038897329e+00 -1.797605472667890059e+00 -1.840018709160755606e+00 -1.884791340147219607e+00 -1.849397983390639100e+00
-1.266493065046145228e+00 -1.153187094691700887e+00 -1.559357723595507395e+00 -1.883100101124146608e+00 -1.733246938006331561e+00 -1.839761273533430108e+00 -1.872864115361795978e+00
-1.213070189407440269e+00 -1.531160731165648770e+00 -1.433676792158098623e+00 -1.568050067404089365e+00 -1.984420995747646854e+00 -1.857491950609081233e+00 -1.835197154928833729e+00
-1.125214482766404123e+00 -1.352083391335284990e+00 -1.377025162728452212e+00 -1.454037448301459090e+00 -1.716931635933648170e+00 -1.818461153635762217e+00 -1.875904078652012696e+00
-1.292781599785086222e+00 -1.374221456375058548e+00 -1.505591385812851346e+00 -1.952069685992540826e+00 -2.032336785068689977e+00 -1.876237234558144618e+00 -1.860082959103263267e+00
-1.583373859835359720e+00 -1.423000839169560772e+00 -1.290657482178182658e+00 -1.438497825176313860e+00 -1.902313863001046546e+00 -1.823280590897722320e+00 -1.794280461806694316e+00
-1.191467572461613056e+00 -1.453251399828961787e+00 -1.647276550989229982e+00 -1.730530855997731488e+00 -2.033040513711046327e+00 -1.946282591170886977e+00 -1.859268773470458047e+00
-1.326454544865726781e+00 -1.310732205114911286e+00 -1.544827358590041388e+00 -1.421134246702728809e+00 -1.765457379923169423e+00 -1.847821141931749844e+00 -1.868673450974529082e+00
-1.286130407746699511e+00 -1.224053472092309303e+00 -1.555080143484310895e+00 -1.505394293542293704e+00 -1.759449137828982268e+00 -1.971406191999400148e+00 -1.924164162401346800e+00
-1.086138513398737127e+00 -1.220015320137859183e+00 -1.391328706050425801e+00 -1.741265072935984648e+00 -1.914857117174823431e+00 -1.929614476646043020e+00 -1.860498638540234229e+00
-1.203226734085185434e+00 -1.152061541433069713e+00 -1.297795188786080356e+00 -1.814387681778928174e+00 -1.962122450858499123e+00 -1.934359378568417442e+00 -1.885652446266575577e+00
-1.309585903125842554e+00 -1.281952670558887286e+00 -1.547470411166703252e+00 -1.645816609651017615e+00 -1.931427705906866743e+00 -1.873675817276732491e+00 -1.867827049023066621e+00
-1.365396138262606307e+00 -1.440915836219504254e+00 -1.563068047208814981e+00 -1.617552711357816975e+00 -1.930009615595850159e+00 -1.944649512731510210e+00 -1.906594154721344525e+00
-1.296098574577990048e+00 -1.311725318717074984e+00 -1.468353902043687320e+00 -1.670275765264267243e+00 -1.685492029985194540e+00 -1.854514365174259716e+00 -1.878037177588389506e+00
-1.302454771217389506e+00 -1.316475995837971924e+00 -1.468019008927637037e+00 -1.850887273735664529e+00 -2.217230617399849280e+00 -1.948728176310352778e+00 -1.870657023621849380e+00
-1.255128076235222156e+00 -1.327015781048249243e+00 -1.509838614812827995e+00 -1.826192282790318089e+00 -2.019113426785231979e+00 -1.920838878359364177e+00 -1.919869735683688905e+00
-1.230193380585816509e+00 -1.098454242373194667e+00 -1.246455985013624090e+00 -1.776256925443416845e+00 -1.865442650337690855e+00 -1.897873315885890033e+00 -1.891126905384044044e+00
-1.272530731156587658e+00 -1.373208110427645234e+00 -1.220028256344829476e+00 -1.435694418495413904e+00 -1.696587350813462791e+00 -1.896881197780248662e+00 -1.939001807572034330e+00
-1.286173374166200034e+00 -1.393285019735810648e+00 -1.597002651566083786e+00 -1.635774456274212918e+00 -1.721299002732075589e+00 -1.797526467822880392e+00 -1.886581813927783902e+00
-1.132674933857941602e+00 -1.251276936715703281e+00 -1.608655806512074182e+00 -1.740075484753381474e+00 -1.936332030418807637e+00 -1.878573589328272231e+00 -1.860580198535648044e+00
-1.331916012154445106e+00 -1.393124582779729170e+00 -1.550002111719703368e+00 -1.670205536361492049e+00 -1.813082111053895273e+00 -1.983746192139141273e+00 -1.877383745976315632e+00
-1.108035840285654272e+00 -1.276788957487744458e+00 -1.401129164859515219e+00 -1.765673597168985198e+00 -1.797162898457685953e+00 -1.886283019032483965e+00 -1.867043656145725539e+00
-1.425716353613052156e+00 -1.388629510302737513e+00 -1.426029647695013836e+00 -1.544954805501645767e+00 -1.519661699104428498e+00 -1.890086614815653654e+00 -1.856562630623940002e+00
-1.161436326535688179e+00 -1.087592426877070917e+00 -1.492396265306926928e+00 -1.285489582665787278e+00 -1.668478983922940806e+00 -1.774772727737834010e+00 -1.868041766801332715e+00
-1.155313694077110265e+00 -1.276647999077425544e+00 -1.433732190897907710e+00 -1.871797469096729172e+00 -1.990128110098797976e+00 -1.936343290462360756e+00 -1.856250675186172039e+00
-1.306041191149527325e+00 -1.371836577555743730e+00 -1.571785570403365639e+00 -1.672545435972785155e+00 -1.810288949662553160e+00 -1.893362745330549490e+00 -1.914738655451980742e+00
-1.290579883233279768e+00 -1.408966724076909927e+00 -1.563359186996845285e+00 -1.659442920837423285e+00 -1.765006413991383472e+00 -1.840626803032439529e+00 -1.880246473619450187e+00
-1.282389051301468852e+00 -1.391366131481267754e+00 -1.229485475073376799e+00 -1.452136261031738762e+00 -2.053726225705899466e+00 -1.836652087545984413e+00 -1.847130719034886237e+00
-1.328376454267146123e+00 -1.352490869458768064e+00 -1.210001471140073281e+00 -1.548009690621406920e+00 -1.888512425108756165e+00 -1.816568955847231770e+00 -1.906859889365600136e+00
-1.296229563000897533e+00 -1.450117140074516975e+00 -1.641472755079982360e+00 -1.522859386786469482e+00 -1.961446252787489852e+00 -1.917032462223791534e+00 -1.872863564402207359e+00
