(-1.8667754888683117+0j)
-1.345130269889813324e+00 -1.765936714431422860e+00 -1.920255012068604605e+00 -1.923698638815466211e+00 -1.850028527726122141e+00 -1.836175747125831315e+00 -1.853765925433350947e+00
-1.161549447853760020e+00 -1.673573611526368410e+00 -1.733715915768934135e+00 -1.745216811766979959e+00 -1.847011554448408255e+00 -1.848786849596003146e+00 -1.855921930893352334e+00
-1.493071141990577111e+00 -1.833740028034743119e+00 -2.061495443491869750e+00 -1.998932601909446660e+00 -1.898709274409462688e+00 -1.866012512244463295e+00 -1.868092505955048832e+00
-1.046408433844142838e+00 -1.453831602551368674e+00 -1.865288466205022866e+00 -1.909444090138275429e+00 -1.872442635850152026e+00 -1.855081619872838372e+00 -1.872046751363239281e+00
-1.224055338112320701e+00 -1.759986926813684072e+00 -1.896328740041743011e+00 -1.936650124159410735e+00 -1.822200566715879821e+00 -1.860032722190858134e+00 -1.864271339500641833e+00
-1.587395975022319439e+00 -1.590951685089128098e+00 -1.598123153692263099e+00 -1.946410382715618725e+00 -1.866986710035527963e+00 -1.860387460429954842e+00 -1.858980308169347673e+00
-1.479748596822549667e+00 -1.956887679361940080e+00 -1.999643898288401944e+00 -1.914799504680755549e+00 -1.886490472362755133e+00 -1.874470784273992496e+00 -1.876652565913935256e+00
-1.389141909323388102e+00 -1.927414680170985717e+00 -1.970833999613283982e+00 -1.861821792035428080e+00 -1.870937860066251623e+00 -1.866164666205123890e+00 -1.874049993682385340e+00
-1.261426068644869725e+00 -1.518582145116944337e+00 -1.774585832790581685e+00 -1.777085118101839001e+00 -1.880706919574164138e+00 -1.881711157538177748e+00 -1.861889748783215115e+00
-1.315606187549870354e+00 -1.471785101772948856e+00 -1.762786782758095860e+00 -1.872772651299206448e+00 -1.838623226202789063e+00 -1.829986440685865468e+00 -1.854618690107010082e+00
-1.595059876100227703e+00 -1.853775517178948284e+00 -1.878499501927079374e+00 -2.006605614975929708e+00 -1.924180885164090249e+00 -1.885774703808837938e+00 -1.872505526445319202e+00
-1.098966542789521883e+00 -1.460676832539836933e+00 -1.844836634218900207e+00 -1.840787877694639363e+00 -1.850597398884935796e+00 -1.882133766692310584e+00 -1.882543091387255174e+00
-1.123303683561946764e+00 -1.385604384209656814e+00 -1.710404744043678260e+00 -1.766696609268072260e+00 -1.816763261139131780e+00 -1.861184632777558967e+00 -1.854361590693599515e+00
-1.374967070888559295e+00 -1.543888882720607647e+00 -2.004601721207838416e+00 -1.854010626789406535e+00 -1.892624951396810529e+00 -1.909852692152016029e+00 -1.883416396232629797e+00
-1.350734649843377433e+00 -1.871662945782520460e+00 -1.982381993465351044e+00 -1.876993418454313112e+00 -1.852527227406211674e+00 -1.862489650784262540e+00 -1.862175274864894980e+00
-1.063370126100275481e+00 -1.683433702837156654e+00 -1.920728975179209597e+00 -1.818285446802228922e+00 -1.846676790576114779e+00 -1.869986316302020057e+00 -1.873493018245343977e+00
-1.285676628109856834e+00 -1.623904650184651022e+00 -1.776534084908020450e+00 -1.893959984341749614e+00 -1.889418552354112713e+00 -1.885547619267671671e+00 -1.874537626814006597e+00
-1.460602207391695107e+00 -1.534205961647564953e+00 -1.939631908225996737e+00 -1.797307403040583340e+00 -1.894546341243611876e+00 -1.883931204260053782e+00 -1.869819345415439926e+00
-1.344828253002979146e+00 -1.369619684506580892e+00 -1.739257453483707083e+00 -1.913589248981719670e+00 -1.922402549454664600e+00 -1.874737194007253249e+00 -1.868140532624919192e+00
-7.750054170676681231e-01 -1.591541116992543081e+00 -1.762759496052694219e+00 -1.955533894515472992e+00 -1.901297969857499659e+00 -1.899084594316307939e+00 -1.875229697117672512e+00
-1.387089329294892259e+00 -1.441968037763474930e+00 -1.760077411727616115e+00 -2.009680646867431975e+00 -1.935727347285628230e+00 -1.879150426179068800e+00 -1.868329701691140432e+00
-1.631285402913162930e+00 -1.984453501024649791e+00 -1.933557705188901910e+00 -1.808924484670247690e+00 -1.823731104149265203e+00 -1.852911904963738587e+00 -1.868808056471041867e+00
-1.091828419589991883e+00 -1.409393566576315315e+00 -1.540704847732235816e+00 -1.780263529596443739e+00 -1.811839934977274247e+00 -1.854837137573857930e+00 -1.864499262676811098e+00
-1.322172176788897868e+00 -1.651126528502514734e+00 -1.962426501651869160e+00 -1.835808696836783493e+00 -1.812710271339640800e+00 -1.845017478338537797e+00 -1.864595390928654783e+00
-9.693180668755074780e-01 -1.317135240258333395e+00 -1.693662630107478861e+00 -1.820878705506916884e+00 -1.910151523622509728e+00 -1.885710834729021679e+00 -1.867478281726123734e+00
-1.293562058741017706e+00 -1.699557790507202348e+00 -1.913322852897124227e+00 -1.945102845349115483e+00 -1.923270914594219283e+00 -1.848510665600987757e+00 -1.861395367435489501e+00
-1.033152658334061558e+00 -1.409026559649357413e+00 -1.809206940501444816e+00 -1.799348101066059913e+00 -1.826935520424868065e+00 -1.856280981675352049e+00 -1.866983475254274438e+00
-1.690955200580232631e+00 -1.925464161592536527e+00 -1.763051988600186526e+00 -1.799186638175073627e+00 -1.815979112793440597e+00 -1.846808899101008539e+00 -1.854117151979449485e+00
-1.297198430592560126e+00 -1.807613575810573137e+00 -1.665527773255044197e+00 -1.980033810372947345e+00 -1.945577055792465870e+00 -1.894849725282625297e+00 -1.873658421281926501e+00
-1.201465659603638381e+00 -1.913691157292852552e+00 -1.799458337370236638e+00 -1.824708669524282456e+00 -1.867809080140630851e+00 -1.873954337918671165e+00 -1.854684851258076472e+00
-1.195710153871987202e+00 -1.651043074395843746e+00 -1.928918313318553013e+00 -2.000315586951773916e+00 -1.898511308272917253e+00 -1.890393302811980147e+00 -1.873056089661568224e+00
-1.431986325541728666e+00 -1.526309331850719930e+00 -1.908246665786676566e+00 -1.929210189397364550e+00 -1.877177251775818512e+00 -1.861279245897692780e+00 -1.867473444266317228e+00
-1.419192932453768208e+00 -1.582377057613113092e+00 -1.933528173494209579e+00 -1.848274655888025642e+00 -1.939209733327758478e+00 -1.903195054181443968e+00 -1.868172511053545870e+00
-1.293790217813742371e+00 -1.992316688768845045e+00 -1.802404091541530473e+00 -1.831789861822653576e+00 -1.867611059779049620e+00 -1.878434221800963311e+00 -1.873135250040288025e+00
-1.619918828819060019e+00 -1.680477824683858756e+00 -1.726916111255342834e+00 -1.941801806458250290e+00 -1.872754364282781969e+00 -1.885141043249280113e+00 -1.887501217686106791e+00
-1.653574715694266395e+00 -1.801756919928423128e+00 -1.889981606382336699e+00 -1.783034165368579949e+00 -1.841052490188026081e+00 -1.857927888149704110e+00 -1.872985664919722293e+00
-1.386088659508494914e+00 -1.525194533587111989e+00 -1.714794791302894250e+00 -1.810348012260568407e+00 -1.820359833757317469e+00 -1.868114915123014530e+00 -1.859959228903618644e+00
-1.553054993573278475e+00 -1.700601173932215548e+00 -1.893735226161384455e+00 -1.873919054226987679e+00 -1.919864942296274357e+00 -1.876717813727817985e+00 -1.858677787275808679e+00
-1.384899052457852164e+00 -1.756701492554420874e+00 -1.826210574734781211e+00 -1.894703171102860795e+00 -1.862515403679915416e+00 -1.848790788483507530e+00 -1.865967377251693149e+00
-1.008228346323000402e+00 -1.413242401033547813e+00 -1.878503544878276976e+00 -1.822386643129680461e+00 -1.840874769984347736e+00 -1.867432432681744636e+00 -1.869798972237331380e+00
-1.561098009676870513e+00 -2.174693067803060487e+00 -2.130165818946067269e+00 -1.896094983677532486e+00 -1.942575960748358366e+00 -1.884266579052031876e+00 -1.892585138872923567e+00
-1.349853854877341552e+00 -1.794308978878819794e+00 -1.955827442877708044e+00 -1.898973872277237351e+00 -1.870336106220104710e+00 -1.867308912264584952e+00 -1.850592632634527002e+00
-1.316259098187156695e+00 -1.743750995157069772e+00 -1.865331981780640191e+00 -1.971964275839166447e+00 -1.878951304644754128e+00 -1.885770214045089599e+00 -1.874702633749247394e+00
-1.532327244620056872e+00 -1.789608016305372695e+00 -1.862496712668280763e+00 -1.918071408332089778e+00 -1.886980086965155623e+00 -1.884858301474260367e+00 -1.869686197855936260e+00
-9.839032691899198824e-01 -1.572343682223135364e+00 -1.946883608676172051e+00 -1.847468075434274049e+00 -1.834000528969680133e+00 -1.859764294840907883e+00 -1.880574201289160197e+00
-1.657303377259155663e+00 -1.546463016370821508e+00 -1.747794302055504900e+00 -1.925460669522676138e+00 -1.897536051258017498e+00 -1.881863669777078973e+00 -1.859250441544321841e+00
-1.314640872436221963e+00 -1.151810067976686502e+00 -1.795543052463379308e+00 -1.924881299539309865e+00 -1.908718091305096287e+00 -1.873988262131257132e+00 -1.856572608621562148e+00
-1.368471439988830474e+00 -1.936918549764613751e+00 -2.041516200130880421e+00 -1.945728346858733193e+00 -1.881280158979068418e+00 -1.881412542558000833e+00 -1.865749098413794105e+00
-1.428801677582247631e+00 -1.420876850489890542e+00 -1.845783172917609072e+00 -1.828757558686374018e+00 -1.845814639952084057e+00 -1.843688022852835173e+00 -1.847419702467187452e+00
-1.187030646334193085e+00 -1.770309081264575202e+00 -1.939358761243288765e+00 -1.859707277426598804e+00 -1.824419905956579324e+00 -1.814960425043459669e+00 -1.843573548294064723e+00
