(-1.8667754888683117+0j)
-1.385277360064799179e+00 -1.648747177216036697e+00 -1.655521119125395346e+00 -1.864063270198934363e+00 -1.859391058390881479e+00 -1.889204881105374767e+00 -1.871923332752327251e+00
-1.906243611823630335e+00 -1.722987248336540045e+00 -1.808220572768233225e+00 -1.847174685803253169e+00 -1.911886043595136808e+00 -1.859394398798396963e+00 -1.879700017301506598e+00
-1.391526726930052416e+00 -1.622335114200239570e+00 -1.774898387789194176e+00 -1.851171318188594039e+00 -1.875507599002278036e+00 -1.905508876571907706e+00 -1.859356795046994693e+00
-1.191472235704566174e+00 -1.771604993335472500e+00 -1.893360127513080471e+00 -1.934389614147504988e+00 -1.917842832751090576e+00 -1.848508493179352730e+00 -1.847434918497828482e+00
-1.490179817846887023e+00 -1.502595790681629406e+00 -1.989180881685095770e+00 -1.932168008702034978e+00 -1.867395208594278211e+00 -1.857993901657365221e+00 -1.871637265413415907e+00
-1.774429077113651276e+00 -1.799856194303596668e+00 -1.961820417759070789e+00 -1.892439854004887234e+00 -1.834914685581414240e+00 -1.869203997787599159e+00 -1.867925089691039764e+00
-1.948088547026696649e+00 -1.620613935113608850e+00 -2.023124721945952942e+00 -1.936720517367034322e+00 -1.907798465892142303e+00 -1.859206307814706527e+00 -1.860440195015878206e+00
-1.876281508196418590e+00 -1.366202098811139631e+00 -1.555405909224570227e+00 -1.893383667766394662e+00 -1.870705611047352113e+00 -1.867852620359875093e+00 -1.868085725410324027e+00
-1.471350461660543729e+00 -1.646664404537117488e+00 -1.897087796009632399e+00 -1.881618400677217862e+00 -1.891646853371835579e+00 -1.864989225231771020e+00 -1.872600908571837586e+00
-1.597393872761888378e+00 -1.321625500325758207e+00 -1.862851497523549948e+00 -1.895509050402819806e+00 -1.914450095258380724e+00 -1.909320476284793955e+00 -1.875824322724759741e+00
-1.635741442663575018e+00 -1.944560493398503453e+00 -1.858109555401900703e+00 -1.854378566363473091e+00 -1.892361414701450251e+00 -1.853627301676832095e+00 -1.880168339804191069e+00
-1.432856474452205653e+00 -1.685711773198901087e+00 -1.893268318997976651e+00 -1.790226991607395179e+00 -1.792303757132267306e+00 -1.891774402339176930e+00 -1.876166609152145393e+00
-1.283686935842769383e+00 -1.886460011643621648e+00 -1.970616312166418638e+00 -1.914449545156251098e+00 -1.866773819468117823e+00 -1.862232718051801905e+00 -1.879677683074609584e+00
-1.856065660468865897e+00 -1.826746324528422116e+00 -1.950300499991142189e+00 -1.868271305510244007e+00 -1.895121093260238698e+00 -1.876879202969081062e+00 -1.875270615609454294e+00
-1.766829649866399787e+00 -2.001864339520129210e+00 -2.006002267132991790e+00 -1.786405365682451007e+00 -1.831556389033576426e+00 -1.908229654253950969e+00 -1.862448078217620928e+00
-1.387785919302346738e+00 -1.651755625664369953e+00 -1.855968186923204977e+00 -1.812407929609852086e+00 -1.873354740618212055e+00 -1.850698638351153891e+00 -1.861463346795894758e+00
-1.819279702411627841e+00 -1.424189934953158598e+00 -1.791218065808967808e+00 -1.957779090956537349e+00 -1.873969904230994965e+00 -1.874541158349780190e+00 -1.869823355596743397e+00
-1.902343967694364313e+00 -1.918427417858371120e+00 -1.837699474712797265e+00 -1.828458893313774869e+00 -1.867774900652849013e+00 -1.853388274720502826e+00 -1.865502444079166988e+00
-1.382771068492381739e+00 -1.546713045834966493e+00 -2.045609723410103165e+00 -1.930236745741339188e+00 -1.907951885032535655e+00 -1.849417585707331613e+00 -1.848868588852972117e+00
-1.705170565916104719e+00 -1.601504359851298132e+00 -1.980762580629592540e+00 -1.839169081898846869e+00 -1.912371774347303877e+00 -1.858294515788152745e+00 -1.874074220529004853e+00
-1.911555946239740011e+00 -1.725018557087825810e+00 -2.140659294528500567e+00 -1.914044669249838293e+00 -1.869996450655227349e+00 -1.880322955925670669e+00 -1.856785165960639361e+00
-1.345052058066607437e+00 -2.008399994235309016e+00 -1.804260570436951205e+00 -2.001298351369954265e+00 -1.838910568732217810e+00 -1.882723857198602468e+00 -1.861275836296534258e+00
-1.258600105476307185e+00 -1.419217661412033316e+00 -1.787365240570483849e+00 -1.992066391291028804e+00 -1.821071199218128100e+00 -1.861990645751297579e+00 -1.879000306924619501e+00
-1.397033970141023262e+00 -1.557891731745030039e+00 -1.885078460292004321e+00 -1.917513286287610086e+00 -1.840358574554318505e+00 -1.863343387713569665e+00 -1.867431980197550523e+00
-1.392232929596381341e+00 -1.427950320497260339e+00 -1.948076547895901900e+00 -1.893470956385836290e+00 -1.893196372306468422e+00 -1.881548414778756673e+00 -1.857627668820295508e+00
-1.554322411265393278e+00 -1.664108875827463363e+00 -1.977571176161844413e+00 -1.796830122238225691e+00 -1.840954190161565807e+00 -1.909022369533101671e+00 -1.867326872781681857e+00
-1.256184952229543406e+00 -1.829578371455442554e+00 -1.787922605469945969e+00 -1.769233781472044464e+00 -1.879339963470312735e+00 -1.877992714120660267e+00 -1.871461366267189730e+00
-1.571751233138164228e+00 -1.682321966300450722e+00 -1.752683051569503547e+00 -1.903220574884169736e+00 -1.905404594743520752e+00 -1.899678796753131227e+00 -1.873208898650652987e+00
-1.338624645889267883e+00 -1.791758295365392772e+00 -2.002914435042369767e+00 -1.815755165932514181e+00 -1.869471920516372565e+00 -1.903974665348117767e+00 -1.857775751282475962e+00
-1.077024732038867727e+00 -1.547941312624350640e+00 -1.876438024893740453e+00 -1.888614823323794267e+00 -1.819697977875116335e+00 -1.873822848965001286e+00 -1.876594467028641855e+00
-1.260655298720578577e+00 -1.706048465985814611e+00 -1.917477152627574233e+00 -1.897588671748902556e+00 -1.850134026172238322e+00 -1.868807563954901108e+00 -1.863664738764138296e+00
-1.410156759674108251e+00 -1.782495919923502647e+00 -1.843887900335934305e+00 -1.720162783861141076e+00 -1.897468493601228268e+00 -1.859267773086101361e+00 -1.876860258939518245e+00
-1.136880741064963729e+00 -1.781109465944994641e+00 -1.949158577991379149e+00 -1.931325703028082375e+00 -1.904302157866551548e+00 -1.859652026446579232e+00 -1.868663505378054257e+00
-1.125588188330488126e+00 -1.514193268577495477e+00 -1.880085836370469554e+00 -1.869332178642797215e+00 -1.917785896378989108e+00 -1.853207838346966785e+00 -1.860720989526462699e+00
-9.389702091700579123e-01 -1.408153956675305185e+00 -1.875338698996689590e+00 -1.810744295601838694e+00 -1.867644780401368054e+00 -1.858989656635883447e+00 -1.870601808257764009e+00
-1.034069233554743228e+00 -1.456486464516477453e+00 -1.932856680128771654e+00 -1.829468586451179268e+00 -1.890651557877285338e+00 -1.896382193157432727e+00 -1.865554959845693084e+00
-1.321084403760655723e+00 -1.729138080432383040e+00 -2.019408837357331787e+00 -1.825451574338827765e+00 -1.854002702338385822e+00 -1.842634803692954737e+00 -1.893817602868948846e+00
-1.803964512264701447e+00 -1.254750707737807724e+00 -1.733842530900621126e+00 -1.983681334836138177e+00 -1.859697379569702713e+00 -1.909363199404538580e+00 -1.873062296422239426e+00
-1.353525661154272308e+00 -1.635411422530734571e+00 -1.842210912973313075e+00 -1.803270668947126509e+00 -1.841777262228766698e+00 -1.882223359389904482e+00 -1.871087171903888624e+00
-1.607826223963031431e+00 -1.800622229987858258e+00 -2.177375104500509195e+00 -1.848531963454242977e+00 -1.886284398479704416e+00 -1.897402313645170313e+00 -1.877986602738090038e+00
-1.787895152461834503e+00 -1.655195083805878431e+00 -1.996346134065622557e+00 -1.864232017934115859e+00 -1.821731424886073647e+00 -1.882523881443915581e+00 -1.881721654582395153e+00
-1.716623712352050024e+00 -1.357816817376540364e+00 -1.719933076356151780e+00 -1.806092851802040267e+00 -1.800818193906290166e+00 -1.875085471387753611e+00 -1.870123845567455145e+00
-1.291072785554447044e+00 -1.597563106012782397e+00 -2.121360877294215186e+00 -2.025518449828227485e+00 -1.836262327998649857e+00 -1.888872108344927359e+00 -1.863797399667210586e+00
-9.846788978043722329e-01 -1.652853518338681660e+00 -1.951323688636254161e+00 -1.902821102336853087e+00 -1.869044413410407390e+00 -1.851199636186418029e+00 -1.878540559914241737e+00
-1.211938215041079348e+00 -1.743370417077251489e+00 -1.875138432903780128e+00 -1.949279355560955773e+00 -1.889036937659931192e+00 -1.884336694517356303e+00 -1.854600994437234363e+00
-1.253998209243938122e+00 -1.421019559580446900e+00 -1.788272387587958701e+00 -1.902948516042932248e+00 -1.812099936822491486e+00 -1.879753448252604375e+00 -1.879210619353821166e+00
-1.318751168573767174e+00 -1.896797943174414858e+00 -1.823623073720171961e+00 -1.846350851456922459e+00 -1.855124148398618722e+00 -1.856180132073891986e+00 -1.881866952112843272e+00
-1.428432094895801363e+00 -1.581693056114451990e+00 -1.742770008633945489e+00 -1.824082533953062857e+00 -1.906798431777995795e+00 -1.847229854413699801e+00 -1.863637758102139941e+00
-1.335448808966472001e+00 -1.293906105052897271e+00 -1.981622302645979161e+00 -1.942365070086812473e+00 -1.804629649268240987e+00 -1.872993542269045575e+00 -1.875261307825379475e+00
-1.757083310777332708e+00 -1.469323022128538936e+00 -1.885070328774044235e+00 -1.921531705386259947e+00 -1.869853388132575844e+00 -1.864639750372877547e+00 -1.867740937600524065e+00
