(-1.8667754888683117+0j)
-1.121667714189485299e+00 -1.195566928694703046e+00 -1.419128506157386393e+00 -1.414449560056652677e+00 -1.512776804482044435e+00 -1.879635498115592718e+00 -1.799494786694297410e+00
-1.214273571000706431e+00 -1.449952976198925381e+00 -1.144455954597231484e+00 -1.286491151755820184e+00 -1.655109672514340380e+00 -1.902078199291884930e+00 -1.866711840776711373e+00
-1.255209323144519162e+00 -1.407818853456495267e+00 -1.387350108194597365e+00 -1.724637076960784610e+00 -1.754481397369848761e+00 -1.955402628707125556e+00 -1.867463217031582579e+00
-1.432421683931660139e+00 -1.407584843342617464e+00 -1.425341278945156720e+00 -1.234547534958719606e+00 -1.854922714544803064e+00 -1.893557687315594595e+00 -1.927242919554185807e+00
-8.355427623482005739e-01 -1.047759536729063745e+00 -1.271540360190325236e+00 -1.410325173939271481e+00 -1.756506713725499935e+00 -1.893517404947847149e+00 -1.905444635337154358e+00
-1.452031013890411337e+00 -1.164459047787887780e+00 -1.302693004283315803e+00 -1.372433894068209481e+00 -2.007974930909537825e+00 -1.846030977616905266e+00 -1.929325345378528178e+00
-1.162443515317304499e+00 -1.109617416479180774e+00 -1.523915019654138447e+00 -1.694848290382531708e+00 -1.891087128986745025e+00 -1.826846177515529135e+00 -1.850382488963070227e+00
-1.279603094223475068e+00 -1.238054826439119571e+00 -1.495244235572546820e+00 -1.748009238427461032e+00 -1.652138020890037140e+00 -1.909699696216338172e+00 -1.859861025887195929e+00
-1.083632174864900710e+00 -1.067255674202108429e+00 -1.499106924172426192e+00 -1.676550054665423506e+00 -1.735883244394289981e+00 -1.891695784679530590e+00 -1.835286401228219288e+00
-1.078520861708850420e+00 -1.255273894974564541e+00 -1.390027270088819655e+00 -1.704253728171212678e+00 -1.768003609295227818e+00 -1.870071498298957691e+00 -1.919585151029720604e+00
-1.162672151591664704e+00 -1.337895658359298912e+00 -8.949640796921727315e-01 -1.757955162782474323e+00 -2.036017206876228780e+00 -1.935650216089285447e+00 -1.833719810683827056e+00
-1.070746984260653623e+00 -1.320327810495612875e+00 -1.400736551641484917e+00 -1.573599247392895251e+00 -1.713086649326200694e+00 -1.905912826571747543e+00 -1.856682857476372517e+00
-1.399628428656151558e+00 -1.211510248576582738e+00 -1.622748489027185048e+00 -1.623773889551554550e+00 -1.805690166832362165e+00 -1.843330030580114798e+00 -1.854761510750044140e+00
-9.606910036058005087e-01 -1.062563888719185945e+00 -1.637115018053502347e+00 -1.570617876549277980e+00 -1.971814278144973676e+00 -1.874149069939702317e+00 -1.895463914130728789e+00
-1.093280371828619701e+00 -1.359469494204638806e+00 -1.474130350226282360e+00 -1.576519525274654221e+00 -1.815538519434030995e+00 -1.884627743829351720e+00 -1.907597467106787903e+00
-9.220764827755395521e-01 -1.316094511202296147e+00 -1.698226860464757682e+00 -1.343048994903887738e+00 -1.694259384515825140e+00 -1.873463671683517573e+00 -1.874501877036073738e+00
-1.185795064689636025e+00 -1.128019617394690588e+00 -1.456197238957063433e+00 -1.640562730679276715e+00 -1.773320033580781718e+00 -1.887201240465306906e+00 -1.889892728214638939e+00
-1.227466055185086891e+00 -1.002464999585285899e+00 -1.673510846338059910e+00 -1.696200120358351437e+00 -1.758637060172144384e+00 -1.857753013528913977e+00 -1.907080370651164758e+00
-1.165124605234160837e+00 -1.310914026546311950e+00 -1.443525002344383967e+00 -1.544068177064314540e+00 -1.835647103987641193e+00 -1.655289220569625463e+00 -1.811370261818552096e+00
-1.038343419221204433e+00 -1.417791324698408628e+00 -1.495183205120523606e+00 -1.417268159314266196e+00 -2.000003489587543370e+00 -1.832102789348722949e+00 -1.952873328912926976e+00
-1.129213837165500944e+00 -1.365745414646289957e+00 -1.404819345555863519e+00 -1.493255203477195980e+00 -1.736530179233643612e+00 -1.815925452189627531e+00 -1.819070930956608434e+00
-1.557245460393762437e+00 -1.154257082065983209e+00 -1.583983741262287248e+00 -1.719485796920909415e+00 -1.729437883558864186e+00 -1.752178118137461382e+00 -1.878323423381452972e+00
-1.084460389043754525e+00 -1.551816933734494253e+00 -1.424723159022977859e+00 -1.336714806057943017e+00 -2.011869690077209061e+00 -1.934962910031987171e+00 -1.898124396727981278e+00
-1.257338750949544171e+00 -1.294424130351091495e+00 -1.480133999786022114e+00 -1.699168508718888582e+00 -1.884208816474395753e+00 -1.967866514686891222e+00 -1.900302074023149324e+00
-1.111139104944352196e+00 -1.233608078408696684e+00 -1.314277099066467613e+00 -1.730171761358967109e+00 -1.766143147844103201e+00 -1.869385471472427618e+00 -1.927125230216942597e+00
-9.176129005715448761e-01 -1.355139570917759162e+00 -1.409056728792561497e+00 -1.528277139022145681e+00 -1.795146970199324565e+00 -1.838319885632660355e+00 -1.829243451948343591e+00
-1.157630350432008459e+00 -1.283987400763063391e+00 -1.390250215459695182e+00 -1.257984988793693581e+00 -1.959387329316989446e+00 -1.839594350657497879e+00 -1.870590474059014241e+00
-1.309512751146703291e+00 -1.412211320258581093e+00 -1.438837492853474842e+00 -1.481971706789504850e+00 -1.756136296269694252e+00 -1.829912783032255241e+00 -1.880530024516457566e+00
-1.531629447923849696e+00 -1.243713477814514690e+00 -1.230684554157473132e+00 -1.510999494510937069e+00 -1.889738704786273260e+00 -1.727192116000988209e+00 -1.822310812335696584e+00
-1.194957410551531485e+00 -1.510781766631069445e+00 -1.559696194488955134e+00 -1.489886989876498813e+00 -1.755668670616277183e+00 -1.760117796114518018e+00 -1.821450195556332474e+00
-1.104658652335961389e+00 -1.257938248145240134e+00 -1.414273250871928900e+00 -1.769944360492376134e+00 -1.936231036552141127e+00 -1.877991070226348702e+00 -1.897732685994833801e+00
-9.260606086519838076e-01 -1.363994781591893801e+00 -1.506679910130082956e+00 -1.686284860975181488e+00 -1.745394948232560806e+00 -1.857488177852278710e+00 -1.850930360565888888e+00
-1.357166691310700779e+00 -1.186736971249125583e+00 -1.310401751917624091e+00 -1.346554506230166925e+00 -1.700546921148119672e+00 -1.782625955297871823e+00 -1.857024312102553365e+00
-1.054558061811180947e+00 -1.252464824379786901e+00 -1.340199810647851209e+00 -1.721393303153969434e+00 -1.724470367636138590e+00 -1.995371810452702732e+00 -1.836359106989715606e+00
-1.176952724995786070e+00 -1.367196108233328822e+00 -1.317974711494996898e+00 -1.567763374721059311e+00 -1.794698886633502521e+00 -1.698143195769444613e+00 -1.926336120868666679e+00
-1.081227202020083711e+00 -1.458795978088459844e+00 -1.181559394666815699e+00 -1.567110153029291908e+00 -2.000181966672012202e+00 -1.858860189277877550e+00 -1.890687565900851741e+00
-1.182877401600267220e+00 -1.511030512488557243e+00 -1.443393408238017983e+00 -1.700391577131217025e+00 -1.834936636788440989e+00 -1.823047532701714379e+00 -1.943205065227238570e+00
-1.149565111925596073e+00 -1.419390936462778807e+00 -1.681174844454883077e+00 -1.589345216451571119e+00 -1.625977059364148936e+00 -1.804577587129110094e+00 -1.890466832398304931e+00
-1.202705909422492780e+00 -1.468420728875654335e+00 -1.502626146026855514e+00 -1.796240142940916273e+00 -1.807861832695728754e+00 -1.928192721529550679e+00 -1.937122119554361088e+00
-1.121044395770731894e+00 -1.239365579883838331e+00 -1.287378013225108031e+00 -1.322172950665837732e+00 -1.727349355024673461e+00 -1.841677112260210247e+00 -1.961577757145474887e+00
-1.210120996399463245e+00 -1.212844835480276773e+00 -1.586806086469872978e+00 -1.572455963346200969e+00 -2.113027861461903356e+00 -1.857501179067262420e+00 -1.911520490719789356e+00
-1.278479976416166508e+00 -1.163017672740258135e+00 -1.511703710123385669e+00 -1.441516568319107572e+00 -1.843131850515885795e+00 -1.923740952851112018e+00 -1.804981985863889360e+00
-1.406157842852438389e+00 -1.393685463051128615e+00 -1.307931206357529241e+00 -1.857194537918067434e+00 -1.745108159392547265e+00 -1.865007587389290622e+00 -1.864678161698343661e+00
-1.301797708440511681e+00 -1.274603321242684162e+00 -1.550404616040673034e+00 -1.611986856962194903e+00 -1.952297777745016338e+00 -1.925529153726397213e+00 -1.872231185997056180e+00
-9.857580901263461870e-01 -1.260424084523113608e+00 -1.278738428762567603e+00 -1.352035892540588646e+00 -1.678135029744365792e+00 -1.772010548578255573e+00 -1.849009061377222096e+00
-1.157457624459983014e+00 -1.393376550762861044e+00 -1.634739211122461011e+00 -1.460844216694708875e+00 -1.663362800805767039e+00 -1.875790328848513155e+00 -1.901115974740272385e+00
-9.186388279204813490e-01 -1.493562888761227558e+00 -1.363881115237424835e+00 -1.619933961648777343e+00 -1.868835412842954735e+00 -1.847818274879637235e+00 -1.885759179214405723e+00
-1.000232923249079864e+00 -1.320751419598167109e+00 -1.459263275656120573e+00 -1.514461453046614947e+00 -1.800082134521805877e+00 -1.818854558900147467e+00 -1.893546399311754058e+00
-1.289117010700201238e+00 -1.208536297677702986e+00 -1.593665760849290791e+00 -1.711765112732246408e+00 -1.778457709754209581e+00 -1.841283411793752212e+00 -1.889357290504706022e+00
-1.224800877595751292e+00 -1.106732141021733451e+00 -1.361973757747290348e+00 -1.591762168534802235e+00 -1.927088796088357148e+00 -1.830716708885608224e+00 -1.759422186406923050e+00
