(-1.8667754888683117+0j)
-1.311956919530602228e+00 -2.053011694515301411e+00 -1.837435725044879842e+00 -1.914623679875992801e+00 -1.798943598941145305e+00 -1.848799765972768849e+00 -1.857935253702521106e+00
-1.122101265632388989e+00 -1.726675791560740025e+00 -1.815426413352413615e+00 -1.910138567327874792e+00 -1.847830067623653649e+00 -1.910387070917042074e+00 -1.868995531824819700e+00
-1.767271919437108263e+00 -1.883075452846704412e+00 -2.004674508358815554e+00 -1.859120759765048758e+00 -1.894434914688266192e+00 -1.868943153124425161e+00 -1.864801619617561634e+00
-1.667187687337979396e+00 -1.711009092034984302e+00 -2.005237025553302743e+00 -1.962577182961871225e+00 -1.899368199562496695e+00 -1.886208733695267314e+00 -1.853379539827413325e+00
-1.641806561653852636e+00 -1.504713193490491152e+00 -1.767181897283786718e+00 -1.938052394266069900e+00 -1.896244648644706210e+00 -1.863376723517041533e+00 -1.869723536944908560e+00
-8.581461646992483150e-01 -1.234190118499477462e+00 -1.784654100022233347e+00 -1.905340778398638246e+00 -1.861333336220634127e+00 -1.878769156278611074e+00 -1.888231124795022975e+00
-1.521968968376610887e+00 -1.702405417148651567e+00 -1.784654870841592356e+00 -1.824387188090985656e+00 -1.783969668052249657e+00 -1.870874126221734324e+00 -1.846908701450165946e+00
-1.350792569863569881e+00 -1.631765640375876902e+00 -1.794351426846721775e+00 -1.922008326435816983e+00 -1.896261368633198163e+00 -1.887533005040868073e+00 -1.860914302335462622e+00
-1.449344642315716580e+00 -1.893529294234925553e+00 -1.672664535264971608e+00 -1.775235769208001635e+00 -1.925140788780025369e+00 -1.867695734116837425e+00 -1.887727739482250255e+00
-1.204153225032490671e+00 -1.038936465136432785e+00 -1.843294816657793600e+00 -1.875598435578905931e+00 -1.862663728819373476e+00 -1.875570458481455427e+00 -1.874256505441153076e+00
-1.055610900708629174e+00 -1.921972515118847813e+00 -1.876275239605857292e+00 -1.821835399059934524e+00 -1.873531158195024027e+00 -1.897995589100352154e+00 -1.860677009158523187e+00
-1.604021469285930701e+00 -2.001929308980531452e+00 -1.888222986324655572e+00 -1.904745753237731654e+00 -1.881927535616785274e+00 -1.839490771316732776e+00 -1.854699700590590750e+00
-1.034932861271501414e+00 -1.870442588011707485e+00 -2.036737844415009491e+00 -1.930972066503907847e+00 -1.807114996388716754e+00 -1.860007337217549184e+00 -1.852101429949092104e+00
-1.883722587611430965e+00 -1.392970085236413080e+00 -1.913188570550547807e+00 -1.862461684578057053e+00 -1.851909551983009106e+00 -1.873475529906473369e+00 -1.866995872080000618e+00
-1.470574056418340270e+00 -1.890092885774593556e+00 -1.874759649937363548e+00 -1.755010877794772828e+00 -1.889393913820617943e+00 -1.874732409083965434e+00 -1.877703313000900653e+00
-1.101236189610174554e+00 -1.925096863187881979e+00 -1.778284783678511172e+00 -1.891221535102018070e+00 -1.823493073608104087e+00 -1.871304768760404080e+00 -1.865138292944771514e+00
-1.541115104682207582e+00 -1.898147611902785581e+00 -1.688463307882453801e+00 -1.885098514499170097e+00 -1.817578281695210851e+00 -1.886718362600569021e+00 -1.881844022190544807e+00
-1.331295806109286772e+00 -1.911913320515428394e+00 -1.869844581498683045e+00 -1.711055108041734663e+00 -1.866844318487077770e+00 -1.859343180668930673e+00 -1.870408421311247071e+00
-1.236391593300848024e+00 -1.898190874460135014e+00 -1.999434079822341115e+00 -1.894322461720144180e+00 -1.915616972922293826e+00 -1.874455811479803558e+00 -1.865938167389310065e+00
-1.114082450733468566e+00 -1.868930644025752486e+00 -2.035366066406156804e+00 -1.826638098806557142e+00 -1.872402830024474607e+00 -1.892861426020963300e+00 -1.872815540565781145e+00
-1.078895589676077016e+00 -2.107208040508326441e+00 -1.943145033179265457e+00 -1.896734087050094830e+00 -1.807870155788754651e+00 -1.886208748699317539e+00 -1.848551715068544432e+00
-1.606628329119979215e+00 -1.700202462949489179e+00 -1.923697675921055339e+00 -1.973751655550599615e+00 -1.790676287100872122e+00 -1.841555022037639544e+00 -1.864505675997954359e+00
-1.711779440093231131e+00 -1.881682465303850416e+00 -1.926043157103397352e+00 -1.862821895774443348e+00 -1.821757507055848935e+00 -1.878767631241148539e+00 -1.852852711560977195e+00
-1.283220000602454558e+00 -1.659115449566040734e+00 -1.927628760217124704e+00 -1.825214323213354195e+00 -1.858534203444626609e+00 -1.868385501851369757e+00 -1.862601762799906524e+00
-1.264083647706307545e+00 -1.818359499055460349e+00 -2.147306963327217488e+00 -1.849924946105341306e+00 -1.928737106471283491e+00 -1.890639574702048797e+00 -1.870601772839949106e+00
-1.322781857644963033e+00 -1.993252081355190608e+00 -2.160184663012696404e+00 -1.773519400881909736e+00 -1.865973321006581198e+00 -1.864737835119920417e+00 -1.855285940130159572e+00
-1.414290019619708794e+00 -2.007850657755402501e+00 -1.718611183886431526e+00 -1.731599668975676076e+00 -1.834851902364420528e+00 -1.880881724433526747e+00 -1.859132936249896284e+00
-1.632193832352632823e+00 -1.424328336002340434e+00 -1.898445460148042940e+00 -1.846399996084834738e+00 -1.801642438865779461e+00 -1.873873315755284708e+00 -1.880507735389892243e+00
-1.183645992274965586e+00 -2.083059832772236941e+00 -2.034310232977857957e+00 -1.924935208410867293e+00 -1.888835287459333045e+00 -1.854483857758574716e+00 -1.863910202234226876e+00
-1.270830832509315167e+00 -1.688459700144975706e+00 -1.744993778937159012e+00 -1.921463914860827682e+00 -1.862346476909776394e+00 -1.829706865670510663e+00 -1.861458869479063694e+00
-1.052958312155967580e+00 -1.858554064465282263e+00 -1.821366003686131219e+00 -1.898797876737985391e+00 -1.855871788825852908e+00 -1.882449626060638703e+00 -1.862823985052388220e+00
-1.387088067119601531e+00 -1.919863227529395644e+00 -1.823915567680105543e+00 -1.869578484473931379e+00 -1.870906936988706804e+00 -1.822650811097995760e+00 -1.878769052008745666e+00
-1.702586103931758243e+00 -1.823485350778711656e+00 -1.871927858872439288e+00 -1.770698470946215686e+00 -1.787530902819960188e+00 -1.885720126068903824e+00 -1.883744553294373514e+00
-1.559766560007621816e+00 -2.039223121063489685e+00 -1.787444170456461867e+00 -1.950042789206549276e+00 -1.877288038044744978e+00 -1.883965028585784518e+00 -1.870210808440182060e+00
-1.340392149799873645e+00 -1.890246812569104318e+00 -1.861005118071433762e+00 -1.856879236132440658e+00 -1.890490530595726693e+00 -1.860059590677973773e+00 -1.878818046573661915e+00
-1.110264828474868626e+00 -2.226293728424521667e+00 -2.023679812099064446e+00 -1.919659169677693455e+00 -1.874090642233892323e+00 -1.842548255427864934e+00 -1.861140133110910089e+00
-1.228178921943096746e+00 -2.018787823341268606e+00 -1.700040264579167459e+00 -1.809981510629326440e+00 -1.857209277467068764e+00 -1.880101902597544505e+00 -1.868129112146715176e+00
-1.106639182563227131e+00 -1.498088474496727773e+00 -1.989073080012718098e+00 -1.902942336056324457e+00 -1.940641122579641609e+00 -1.856306400547470759e+00 -1.846051590671901277e+00
-1.382881621195306554e+00 -1.718453871806771671e+00 -2.103157993898636668e+00 -1.827511142946293798e+00 -1.830401173578445784e+00 -1.860641222221171232e+00 -1.878768583306559492e+00
-1.413534092561840705e+00 -2.035521727866153263e+00 -2.106026897525993036e+00 -1.884436907922208526e+00 -1.839185786410887591e+00 -1.859615217679958299e+00 -1.874130163625841394e+00
-1.242851125491758024e+00 -1.813688018363344590e+00 -1.656766405626436622e+00 -1.911235005823721300e+00 -1.907515079762627019e+00 -1.842317037453233386e+00 -1.862073024986601988e+00
-1.419702577021441980e+00 -1.784644718288277421e+00 -2.254010871627180279e+00 -1.982933446622968887e+00 -1.933762170820250370e+00 -1.850211263755607849e+00 -1.866267010158034312e+00
-1.130230581789754440e+00 -2.031944898386530696e+00 -1.892568406914961310e+00 -1.844879030489149807e+00 -1.923513952697339491e+00 -1.870711636342975215e+00 -1.865662124456360038e+00
-1.293510405356886217e+00 -1.867472926542714573e+00 -2.124260238316179716e+00 -1.728369973381919555e+00 -1.870965116085429703e+00 -1.867410937017929484e+00 -1.865876632816565905e+00
-1.626774983562259358e+00 -1.696761445740211371e+00 -1.587007716136664692e+00 -1.823668450209972036e+00 -1.900653159110151202e+00 -1.852214961052880415e+00 -1.856653558881274257e+00
-1.283364990758323110e+00 -1.636134130296456268e+00 -1.703113703318278382e+00 -1.847781932965949059e+00 -1.841025121421007160e+00 -1.850507352277599216e+00 -1.875018634532590323e+00
-9.375705758978438720e-01 -2.060651778895543185e+00 -1.931693543837417870e+00 -1.796643905462859792e+00 -1.915110264773260296e+00 -1.846996744915226474e+00 -1.852650345969028667e+00
-1.343113662703919076e+00 -1.726623897694758547e+00 -1.844872453689906155e+00 -1.864494347801136431e+00 -1.952818654207399973e+00 -1.857683610149152731e+00 -1.878139600283113886e+00
-9.355989762474169469e-01 -1.647759628983173075e+00 -1.757354694728837208e+00 -1.835488682883571698e+00 -1.900969857780091532e+00 -1.857927368730298179e+00 -1.866737818355105549e+00
-1.765615532530219856e+00 -2.016419133037809175e+00 -1.772858858549541505e+00 -1.714827752123037730e+00 -1.852623516162532180e+00 -1.893824619408908116e+00 -1.865335853824266144e+00
