(-1.1588369968952508+0j)
-1.167415421110940432e+00 -1.201853031475886624e+00 -1.144976528985096387e+00 -1.159925426988341668e+00 -1.157588821019912562e+00 -1.158464622578856851e+00 -1.157713288859898437e+00
-1.138729593357730607e+00 -1.143402077835431463e+00 -1.147843767889741518e+00 -1.171930824939999560e+00 -1.160634194498698868e+00 -1.153349061742843684e+00 -1.163960108028765150e+00
-1.187939251236999505e+00 -1.152772726671545289e+00 -1.165711888367340521e+00 -1.146262607771986630e+00 -1.153320669713842506e+00 -1.158860544279269433e+00 -1.160115174762599732e+00
-1.159811740515584111e+00 -1.199223563486510047e+00 -1.154675637667751387e+00 -1.168018827053050490e+00 -1.155573240555360925e+00 -1.153862776191759476e+00 -1.159516194011577461e+00
-1.184110158053144346e+00 -1.167960631641088209e+00 -1.178254758469886365e+00 -1.150584147056732398e+00 -1.167877210248890130e+00 -1.154042552576233227e+00 -1.163117332649308056e+00
-1.186397582151655250e+00 -1.164871654344262986e+00 -1.171089276820011182e+00 -1.159716502105725411e+00 -1.166749343817327311e+00 -1.160469793004867523e+00 -1.159540342972307680e+00
-1.183824453359697104e+00 -1.143081156063909809e+00 -1.157796278593494321e+00 -1.162144970431596036e+00 -1.153436597666464891e+00 -1.163221857005397153e+00 -1.164179064339708525e+00
-1.221992362716689984e+00 -1.131770417546325458e+00 -1.148883882957878466e+00 -1.164541041140527255e+00 -1.158533398250666036e+00 -1.156827657299872136e+00 -1.153741423985110703e+00
-1.188909773201414888e+00 -1.146620158873454143e+00 -1.157549049130938146e+00 -1.156323807022265227e+00 -1.155049650298989317e+00 -1.157728981959223136e+00 -1.160274562130382492e+00
-1.122121261408415727e+00 -1.141651738644501757e+00 -1.127135485641126422e+00 -1.159564041731192763e+00 -1.156543533877867791e+00 -1.161348231090477245e+00 -1.163275091794564453e+00
-1.156037734578232001e+00 -1.153717805499175020e+00 -1.153400217851510590e+00 -1.154608578138189401e+00 -1.162364786718938170e+00 -1.159361427759071805e+00 -1.159182729461352146e+00
-1.201604321910608286e+00 -1.175930434012810721e+00 -1.156373680409978011e+00 -1.171740794802733188e+00 -1.160500630520779453e+00 -1.158479599749586919e+00 -1.162304818256569838e+00
-1.159578191251030121e+00 -1.153925192125994981e+00 -1.184755231732853353e+00 -1.151708848448975697e+00 -1.151550543414380456e+00 -1.161450736306033793e+00 -1.160092110378796892e+00
-1.185745031610270672e+00 -1.184649221904133132e+00 -1.146870355979965783e+00 -1.159754083747640552e+00 -1.157415581827355044e+00 -1.156476817345186703e+00 -1.157055780736783168e+00
-1.180463871489354943e+00 -1.138679213221344799e+00 -1.150264328057553298e+00 -1.164372706023256043e+00 -1.154280718340983114e+00 -1.159492268771617374e+00 -1.158754984830753898e+00
-1.191224817854036999e+00 -1.113350873058911006e+00 -1.160574838135687514e+00 -1.158881741890355865e+00 -1.154883871586241728e+00 -1.157627699053133119e+00 -1.160346275246072700e+00
-1.153358466432082841e+00 -1.199570609262156529e+00 -1.154231266227713437e+00 -1.155783984136182330e+00 -1.153912644296942958e+00 -1.152685147879336736e+00 -1.161088963338091862e+00
-1.172708048058580754e+00 -1.169789034190410915e+00 -1.146538665263828971e+00 -1.166409827201963401e+00 -1.165818652913803266e+00 -1.161295107325824860e+00 -1.159814205143114396e+00
-1.152201335147984729e+00 -1.179732983339234043e+00 -1.166213801048045617e+00 -1.158250021505620619e+00 -1.154510843508451234e+00 -1.158043361943488225e+00 -1.155199623429786993e+00
-1.185875324920727891e+00 -1.148859293861351549e+00 -1.170730169809831134e+00 -1.154127889925648631e+00 -1.159163787235765186e+00 -1.157061959851868327e+00 -1.159283681421242607e+00
