(-1.1588369968952508+0j)
-1.171945128987665452e+00 -1.179469955338220188e+00 -1.168224012105964604e+00 -1.153911204805974755e+00
-1.163160119289356587e+00 -1.179678700250112788e+00 -1.171306854461952041e+00 -1.173458907081176728e+00
-1.295680895748404504e+00 -1.164456410772050088e+00 -1.176311470715529550e+00 -1.161572020995759624e+00
-1.194225384237394660e+00 -1.180755621055211257e+00 -1.171251802852387947e+00 -1.148442738872855529e+00
-1.205582586451380278e+00 -1.184076578442585959e+00 -1.166977510577434929e+00 -1.165580375163837612e+00
-1.161786636394499972e+00 -1.163410534249915251e+00 -1.147318627146463044e+00 -1.138105946836705629e+00
-1.131802107801243240e+00 -1.174689568914415450e+00 -1.153796037458036938e+00 -1.152121881474328813e+00
-1.163013785976929615e+00 -1.161629033349111273e+00 -1.161484706502173836e+00 -1.158403357648873033e+00
-1.167227854056075875e+00 -1.180651416841726142e+00 -1.170958691034856836e+00 -1.160666629851683895e+00
-1.255703581749716857e+00 -1.147842496990093997e+00 -1.160778318973691770e+00 -1.167550147797790538e+00
-1.127387042763952296e+00 -1.171692056694920714e+00 -1.178865296849546329e+00 -1.161636276981012905e+00
-1.161412500894366984e+00 -1.166545798542232282e+00 -1.163528707549154717e+00 -1.157913562955010356e+00
-1.093166994256020708e+00 -1.119658857821332010e+00 -1.158852065673378728e+00 -1.158976752012200295e+00
-1.148516662334511995e+00 -1.094925190963660588e+00 -1.149895115858761363e+00 -1.165883456701848342e+00
-7.567096366617831471e-01 -1.179419107360813790e+00 -1.185868338679346490e+00 -1.167621143572220355e+00
-1.186360756523119120e+00 -1.173904636896928366e+00 -1.177214247373407296e+00 -1.160512104154019841e+00
-1.290560757441606921e+00 -1.184541088861059466e+00 -1.186334018215780439e+00 -1.170194609451276291e+00
-1.170852134966680502e+00 -1.180811791261738852e+00 -1.161696017488701216e+00 -1.162098783971756699e+00
-1.256535299311192455e+00 -1.229363900089385009e+00 -1.196479931577996147e+00 -1.157497683493381224e+00
-1.202063733227145104e+00 -1.165292166354059189e+00 -1.151900040708217610e+00 -1.156580968919590502e+00
