(-1.1419864346334356+0j)
-1.146028718077332087e+00 -1.144718238881120342e+00 -1.140918289704230482e+00 -1.144838377865136092e+00
-1.226823085188946560e+00 -1.153202089197352898e+00 -1.138004089498031224e+00 -1.143991356065037213e+00
-1.150479085069732399e+00 -1.162244397043828759e+00 -1.171952727580755305e+00 -1.149018246802020471e+00
-1.042023826078869231e+00 -1.077747490273772035e+00 -1.129046872804451374e+00 -1.148681570270600805e+00
-1.168333702263954166e+00 -1.127195998684458189e+00 -1.147180565128059104e+00 -1.141349939965981664e+00
-1.103353671177351281e+00 -1.135722087529451585e+00 -1.158364747547749651e+00 -1.140541045442144075e+00
-1.144516066792816922e+00 -1.130405132860702544e+00 -1.119900155171338341e+00 -1.141353352756438788e+00
-1.151418476946303837e+00 -1.153397653561143876e+00 -1.149638096701868673e+00 -1.151713600993813813e+00
-1.122756951668819614e+00 -1.107634044532154860e+00 -1.131750262774799509e+00 -1.138475871540924000e+00
-7.415600799332776605e-01 -1.145898648512393869e+00 -1.150114519114747935e+00 -1.144737823583763969e+00
-1.140865818873247228e+00 -1.144036581973437050e+00 -1.137814826392058887e+00 -1.136827690114809553e+00
-1.156354516485502248e+00 -1.142719095752686043e+00 -1.166886495523294265e+00 -1.140256513717295972e+00
-1.194948255425762218e+00 -1.160735560868439542e+00 -1.155781782280508097e+00 -1.138687444728657683e+00
-1.191254214075619489e+00 -1.157335041630601413e+00 -1.152323217070314598e+00 -1.147443282733928482e+00
-1.154425234967294323e+00 -1.169825275272994514e+00 -1.159975788146293318e+00 -1.150881087865773145e+00
-1.079306810513477988e+00 -1.095645540847933530e+00 -1.108928210702261996e+00 -1.122971259468921179e+00
-1.146028718077332087e+00 -1.141893228156678930e+00 -1.132448971633919221e+00 -1.143392365559215307e+00
-1.221241426312293044e+00 -1.167343133093873497e+00 -1.148815417710589148e+00 -1.134714533523658364e+00
-1.279467866581754709e+00 -1.097212650438516235e+00 -1.081426933813723679e+00 -1.151741751271997405e+00
-1.126089653472676755e+00 -1.113911875553629915e+00 -1.125050875543902595e+00 -1.123598607461057330e+00
