(-1.1047572895025908+0j)
-1.087383935198505736e+00 -1.058974941876521303e+00 -1.080930791409449032e+00 -1.105268235564371926e+00 -1.109759781742509999e+00 -1.106569800848399954e+00 -1.107578324752453103e+00
-1.140631293545283587e+00 -1.128286611695164421e+00 -1.079668249450714601e+00 -1.112700991763888370e+00 -1.099952482615255800e+00 -1.101519029415560569e+00 -1.097797902019141070e+00
-1.097925764097988477e+00 -1.111842280499579783e+00 -1.121026515601115214e+00 -1.106537012784569285e+00 -1.104610908933989499e+00 -1.103637611231978788e+00 -1.102939337488663130e+00
-1.105231237182052517e+00 -1.090919095078948686e+00 -1.113434242466561752e+00 -1.100457192135841700e+00 -1.103186405502688316e+00 -1.104471919886485631e+00 -1.109111649850027081e+00
-1.093713821225404725e+00 -1.119773272811188214e+00 -1.113480025686873987e+00 -1.104608194211583516e+00 -1.103600305171815510e+00 -1.098437949319446050e+00 -1.109528636924937306e+00
-1.085811255425815691e+00 -1.118204659548192481e+00 -1.111207617975812134e+00 -1.096753215121903047e+00 -1.102223266496503706e+00 -1.100781250178109349e+00 -1.111971824574586432e+00
-1.112247242457206742e+00 -1.164839657102526793e+00 -1.113101330290388713e+00 -1.093969515706148421e+00 -1.103981558176311051e+00 -1.105321503347270529e+00 -1.111740632821024199e+00
-1.162701520816764145e+00 -1.098574796642227014e+00 -1.096406189730234626e+00 -1.111442818114630526e+00 -1.104627239764743862e+00 -1.101979068585390964e+00 -1.100030864587832280e+00
-1.115583260246048702e+00 -1.003494752491204345e+00 -1.100228939365023972e+00 -1.102502154431907799e+00 -1.102877172685270413e+00 -1.098613965684635430e+00 -1.106808388971343371e+00
-1.190214551666913145e+00 -1.085674964771073281e+00 -1.126723128208300562e+00 -1.108505483713289941e+00 -1.106292964424516523e+00 -1.109241931419698179e+00 -1.105855824731100112e+00
-1.111950088338906628e+00 -1.120379999717535657e+00 -1.111236604043114085e+00 -1.093342950416399173e+00 -1.105305256257878677e+00 -1.104489438190731754e+00 -1.101467474558105675e+00
-1.118681758943949056e+00 -1.097952690706938572e+00 -1.095111254088846575e+00 -1.115963728665736676e+00 -1.098082441562328038e+00 -1.111223973641538798e+00 -1.108789965039337133e+00
-1.072509813246921073e+00 -1.094716607125964192e+00 -1.085687898625085523e+00 -1.115723455034842271e+00 -1.103324289446754758e+00 -1.105839759896259267e+00 -1.098843657186236999e+00
-1.086224841840126576e+00 -1.100327158132288208e+00 -1.120564284446935233e+00 -1.096808799024957981e+00 -1.109600827082041885e+00 -1.101035574111994375e+00 -1.106939611024056358e+00
-1.110531079007533339e+00 -1.118960894925253413e+00 -1.104250527968261508e+00 -1.116787468938268857e+00 -1.110443125521320074e+00 -1.111363663485539721e+00 -1.105988429074941104e+00
-1.096917802791123275e+00 -1.115058327667761695e+00 -1.102424287656725621e+00 -1.099567450846540728e+00 -1.096740694638590696e+00 -1.107850837548306711e+00 -1.104860835785610895e+00
-1.083518496544895182e+00 -1.078045509967447302e+00 -1.110948473615265275e+00 -1.118013869321984100e+00 -1.111086892960084116e+00 -1.101079004332628841e+00 -1.102610293821574494e+00
-1.125987295668618771e+00 -1.113483012536687244e+00 -1.112340195190111736e+00 -1.102752701093524745e+00 -1.100929672818869554e+00 -1.103119989776543353e+00 -1.102804477600602961e+00
-1.086461572163698541e+00 -1.113008743826762625e+00 -1.110645684075995732e+00 -1.106514316752324811e+00 -1.095939589030533678e+00 -1.109406534128789756e+00 -1.099159607346500200e+00
-1.146939033037023492e+00 -1.110038805074274215e+00 -1.086514126615704345e+00 -1.108182911353826849e+00 -1.111558535060971131e+00 -1.100506340104189018e+00 -1.099778579027566927e+00
