(-1.0589070383501331+0j)
-1.211269258479853894e+00 -1.053765474655389500e+00 -1.102722048743348227e+00 -1.074603775482043000e+00 -1.085548969010089904e+00 -1.055990780479096891e+00 -1.054766983576641337e+00
-1.211269258479853894e+00 -1.026418570990045076e+00 -1.041131077812243788e+00 -1.054952133199878128e+00 -1.055870338202198777e+00 -1.060059227048137931e+00 -1.053368963221832821e+00
-1.211269258479853894e+00 -1.039312912295883740e+00 -1.060149508653602357e+00 -1.050709870550662117e+00 -1.089679091748676720e+00 -1.058038317925673821e+00 -1.061339114405470019e+00
-1.193734144865930658e+00 -1.027529322213438956e+00 -1.057231416907051136e+00 -1.073666422847985746e+00 -1.047232857443272547e+00 -1.057667665716143457e+00 -1.057371977436993404e+00
-1.199188783093781518e+00 -1.031259274752844624e+00 -1.071979456887653503e+00 -1.069451247052078280e+00 -1.053876422275944913e+00 -1.060035522272213093e+00 -1.057793252451946664e+00
-1.211269258479853894e+00 -1.021284214898983356e+00 -1.058632935369295369e+00 -1.040907511627651383e+00 -1.071141957792303812e+00 -1.064873702716440551e+00 -1.057791624843312350e+00
-1.205814620252003033e+00 -1.075253189382975982e+00 -1.035333347344490340e+00 -1.018661320256161407e+00 -1.040450638638860781e+00 -1.066221871096256768e+00 -1.060152710876721471e+00
-1.211269258479853894e+00 -1.038392506813533567e+00 -1.049737535694321267e+00 -1.050163973891670821e+00 -1.053082342820080619e+00 -1.059643280487583494e+00 -1.057330555099691871e+00
-1.211269258479853894e+00 -1.070032888857139541e+00 -1.088727483661664053e+00 -1.036561115654415000e+00 -1.062236257781105531e+00 -1.060460886573789452e+00 -1.057842618305684823e+00
-1.193734144865930658e+00 -1.021225232928774540e+00 -1.087943966017026254e+00 -1.060695112367832760e+00 -1.048127975205253026e+00 -1.056258535151783695e+00 -1.056594914361504767e+00
-1.205814620252003033e+00 -1.045295635605574924e+00 -1.022254608286342403e+00 -1.037117796453272511e+00 -1.069766849270938902e+00 -1.065021129695313151e+00 -1.058091451975133213e+00
-1.205814620252003033e+00 -1.067930693585951385e+00 -1.071385709237919537e+00 -1.062227962729287878e+00 -1.049472514982543458e+00 -1.065375662690899006e+00 -1.056138668685263404e+00
-1.211269258479853894e+00 -1.041262446814750442e+00 -1.009049946456349600e+00 -1.056766128111275904e+00 -1.039122356944990777e+00 -1.059788168228653849e+00 -1.057993575869918379e+00
-1.205814620252003033e+00 -1.044032163389735146e+00 -1.054900277538943110e+00 -1.051449197722815310e+00 -1.061159846467717438e+00 -1.052081221648134113e+00 -1.058716084920078071e+00
-1.199188783093781518e+00 -1.066737223666114787e+00 -1.064630050999783029e+00 -1.072165580308640731e+00 -1.053232767246715884e+00 -1.057594914538293907e+00 -1.060464064826701414e+00
-1.211269258479853894e+00 -1.087293889049793183e+00 -1.050639174393261044e+00 -1.095474145234727192e+00 -1.044869043470943337e+00 -1.063565464611118117e+00 -1.063453666286815924e+00
-1.211269258479853894e+00 -1.059439590481981330e+00 -1.006146780095622750e+00 -1.029068495999188704e+00 -1.070725606728622159e+00 -1.059973781013626937e+00 -1.061682732079066938e+00
-1.193734144865930658e+00 -1.026563059492072716e+00 -1.045139355983672802e+00 -1.079994588150094303e+00 -1.049617584977101448e+00 -1.060591429392541363e+00 -1.057454188046964783e+00
-1.193734144865930658e+00 -1.078814466076821743e+00 -1.053432897712428318e+00 -1.016932730737459822e+00 -1.050992580784864350e+00 -1.066168776775837657e+00 -1.064293654259266475e+00
-1.199188783093781518e+00 -1.032049773173579821e+00 -1.075408054510109901e+00 -1.068057353329093351e+00 -1.070166207528449709e+00 -1.058984803738699521e+00 -1.064111431028634813e+00
