(-1.0589070383501331+0j)
-1.027453213223065376e+00 -1.055967372050414799e+00 -1.051242475593278769e+00 -1.044345672417563931e+00 -1.055860001471167209e+00 -1.059179158966439882e+00 -1.060344920466864904e+00
-1.169844065597809957e+00 -9.958555253328162937e-01 -1.014295702390466181e+00 -1.066045451835124780e+00 -1.060008679402309362e+00 -1.062293156879313916e+00 -1.059227729094534887e+00
-1.051324253371249018e+00 -1.105361967099655507e+00 -1.046386329359660916e+00 -1.059060600987695722e+00 -1.055471424565589622e+00 -1.060682991684449128e+00 -1.060501894336691064e+00
-1.088085535134965864e+00 -1.064931811375352977e+00 -1.073622104935436417e+00 -1.067254567640245178e+00 -1.056602722809644845e+00 -1.059751709931582742e+00 -1.058658468572426514e+00
-1.053167936772692714e+00 -1.106257510086046114e+00 -1.074940573930199372e+00 -1.077280752290352694e+00 -1.063697056770150029e+00 -1.060515601849363776e+00 -1.059542568942376306e+00
-1.045627571099741804e+00 -1.109093020542451624e+00 -1.084838077597990669e+00 -1.073343936524324249e+00 -1.063117742785453901e+00 -1.057486887429088807e+00 -1.057599237772027578e+00
-1.062537006240508397e+00 -1.087617782207616290e+00 -1.052950198364925205e+00 -1.060821749786798440e+00 -1.059862890169943173e+00 -1.061207057729835146e+00 -1.059625353240164047e+00
-1.041121990314072709e+00 -1.095864346964954272e+00 -1.051709642050290938e+00 -1.065434470090706798e+00 -1.062664918362874689e+00 -1.060967708739159798e+00 -1.061837695312626728e+00
-1.070916455087415287e+00 -1.079655059244502890e+00 -1.081037515186773934e+00 -1.073496338519800197e+00 -1.065441585272448588e+00 -1.062022457234854222e+00 -1.059265516356706627e+00
-1.087420756514285713e+00 -1.085606250421346619e+00 -1.093419950886910685e+00 -1.081217489286568689e+00 -1.063715982289951123e+00 -1.058018359392039365e+00 -1.059374836906672002e+00
-1.121723793742744224e+00 -1.076840905950781080e+00 -1.025860068865364516e+00 -1.055592141210465629e+00 -1.052816683139558451e+00 -1.059124658221579418e+00 -1.060363794409322935e+00
-1.040698527657508698e+00 -1.048981986004295042e+00 -1.024690585973244916e+00 -1.055764552495906061e+00 -1.059705426322123056e+00 -1.058434490740465028e+00 -1.060215638780324543e+00
-1.085884353679749115e+00 -1.064347566310737125e+00 -1.081093694799157845e+00 -1.064566739664738027e+00 -1.065443387606171743e+00 -1.062915021759395451e+00 -1.060747896353701814e+00
-1.209569514820422409e+00 -1.108659835590614318e+00 -1.104099938824567806e+00 -1.064873110642721388e+00 -1.057166059380184375e+00 -1.057122311862977559e+00 -1.059183425091460684e+00
-1.010117938520344705e+00 -1.069354943509446043e+00 -1.052549610985970441e+00 -1.061564005109244979e+00 -1.055804833533099840e+00 -1.061720441122946612e+00 -1.057408786304861792e+00
-1.065660029396447106e+00 -1.074581844231584871e+00 -1.052999034470148754e+00 -1.061610980040404995e+00 -1.062526392425454214e+00 -1.059969668202220827e+00 -1.057861956407490922e+00
-1.203945551523786683e+00 -1.020623701941224759e+00 -1.070651501214102908e+00 -1.051332493490789721e+00 -1.056051247454996345e+00 -1.056771927002156497e+00 -1.058214868356710747e+00
-1.265583061679854016e+00 -1.105536812434675387e+00 -1.070632598241164635e+00 -1.059543396184929875e+00 -1.056665473515428610e+00 -1.062033503027412618e+00 -1.059262256933716673e+00
-1.099298288004225466e+00 -1.059978652444741876e+00 -1.018259820666625126e+00 -1.058861074418026682e+00 -1.056491710586208832e+00 -1.057141813915238870e+00 -1.058082166980776506e+00
-1.046624739030761919e+00 -1.058814400130393851e+00 -1.080278789787682436e+00 -1.070067132012174849e+00 -1.066029298158463146e+00 -1.062227321267780855e+00 -1.059270912401041098e+00
