(-1.0102577958654786+0j)
-1.065880683437697929e+00 -9.882532302873118235e-01 -9.881716130684755628e-01 -1.033526119468568982e+00 -1.019081380337665266e+00 -1.014826939371544334e+00 -1.011730540930065647e+00
-1.060512255942044346e+00 -9.915634614922372858e-01 -9.966914885568441962e-01 -1.001129686517929773e+00 -1.014093031259649891e+00 -1.017102949128820821e+00 -1.006199501112621242e+00
-1.065166995733187072e+00 -9.890844024193631290e-01 -9.852883779282143317e-01 -1.004332031716188123e+00 -1.002162637456366134e+00 -1.010214290229051404e+00 -1.005305553931791884e+00
-1.087876975861342910e+00 -1.030553009906507445e+00 -1.045372956933644515e+00 -1.015973093318876419e+00 -1.033900443710344508e+00 -1.010179294375625592e+00 -1.007373325558965416e+00
-1.101238547951857605e+00 -1.036383623594971493e+00 -1.002113013840094879e+00 -1.011745627975574990e+00 -1.004482154277440920e+00 -1.010134256938045150e+00 -1.013318615420556235e+00
-1.090115180417884133e+00 -9.895177151064648013e-01 -1.018029462978735866e+00 -1.020221180151143603e+00 -1.019524952204386992e+00 -1.014093913676191727e+00 -1.008951292443060366e+00
-1.077556208371185820e+00 -1.009100115278145804e+00 -9.964213560608874420e-01 -9.971417213115346678e-01 -1.016696338503753960e+00 -9.972345590367733825e-01 -1.014202134457146132e+00
-1.095781208116898053e+00 -1.020957719573225564e+00 -1.042914295769658661e+00 -1.001552563111952177e+00 -1.014615960510295789e+00 -1.001790496540631681e+00 -1.009926173086265422e+00
-1.075487763223343940e+00 -9.874429264027451136e-01 -9.959679955215755554e-01 -9.851797645109042767e-01 -1.010503793254797777e+00 -1.014537709713553948e+00 -1.010912005758135113e+00
-1.083896995319355350e+00 -1.030386671399407428e+00 -9.760732461435693841e-01 -1.021348669017223765e+00 -1.024132105432101314e+00 -1.002590621269768167e+00 -1.006488434493884032e+00
-1.056112073347055258e+00 -1.000105182166312501e+00 -9.961967235415347677e-01 -9.959658998860728696e-01 -9.997161317420173443e-01 -1.013124309304175075e+00 -1.005901027731590069e+00
-1.094217762809512440e+00 -1.006017587588246442e+00 -1.028208066184554070e+00 -1.011186579256869500e+00 -9.920427848468277299e-01 -1.018583114753205399e+00 -1.015098154195777314e+00
-1.105893287743000331e+00 -1.043955100488859200e+00 -9.840817488251877299e-01 -9.875614288048957246e-01 -9.854994915481484208e-01 -1.010882672754499279e+00 -1.011906357728362904e+00
-1.077556208371185820e+00 -1.037919583418709824e+00 -9.823175984098636571e-01 -1.031022185323573925e+00 -1.010918920413106381e+00 -1.005955386382470618e+00 -1.009335903373113963e+00
-1.094769920209026859e+00 -1.005962866561864288e+00 -1.009619509895605560e+00 -1.002051919526209200e+00 -1.014955335951343240e+00 -1.005419315728998342e+00 -1.010422079302356391e+00
-1.105090687699183727e+00 -1.035373516988707721e+00 -9.975019882794005088e-01 -9.890597196728359020e-01 -1.015551760919073843e+00 -1.007747635064397240e+00 -1.011335988228994509e+00
-1.065880683437697929e+00 -9.896541950536518195e-01 -1.013699657763051487e+00 -1.014045561993830447e+00 -1.007491282715420988e+00 -1.016239787863258304e+00 -1.012113449015723088e+00
-1.125982665323799869e+00 -9.574567632878517864e-01 -1.025469866124587792e+00 -9.951420020043529879e-01 -1.015931661094300553e+00 -1.003950186956099166e+00 -1.009217558526433134e+00
-1.099883790508526582e+00 -9.915120907585132093e-01 -9.941085834599907578e-01 -9.961446352397378412e-01 -1.001886156190843202e+00 -1.002420826845189739e+00 -1.017274131820332217e+00
-1.050191488451887256e+00 -1.001964588365943598e+00 -1.022004043433004661e+00 -1.035481980125025459e+00 -1.000196468507656533e+00 -1.013312757597317315e+00 -1.013078389784767719e+00
