(-0.9618072819282768+0j)
-1.015311406052300747e+00 -1.014955026959294182e+00 -9.591765760243810002e-01 -9.487493849301408266e-01 -9.553679269755223080e-01 -9.631603647854480865e-01 -9.567524527109937393e-01
-9.470761380093171145e-01 -9.274284912582383411e-01 -9.822788903989080334e-01 -9.599598728813805160e-01 -9.585251343216969477e-01 -9.549467483615193819e-01 -9.557113811673354498e-01
-9.657403394326480317e-01 -9.708191928250891056e-01 -9.520819448739025193e-01 -9.631571995348415793e-01 -9.595051212646985572e-01 -9.614577689443282171e-01 -9.649028361451099656e-01
-9.885426006296267332e-01 -9.512850028713184525e-01 -9.740964224118642267e-01 -9.736806712113708073e-01 -9.639415771203769800e-01 -9.606742419966022295e-01 -9.675282967278123758e-01
-9.007461107740749595e-01 -1.006007607682991800e+00 -9.722263616988057189e-01 -9.528484912490613468e-01 -9.556446316068285540e-01 -9.636135537780059490e-01 -9.517380061084879106e-01
-9.262969640018625661e-01 -9.538504137775312142e-01 -9.583615898203768912e-01 -9.549810787289562120e-01 -9.597907832679442031e-01 -9.621303249255921397e-01 -9.613773081246727026e-01
-9.525887983928125191e-01 -9.874618004752988565e-01 -9.868402491787290343e-01 -9.481776594821165194e-01 -9.585860955864216049e-01 -9.620952863930032350e-01 -9.674909786907315290e-01
-8.919903016238195370e-01 -9.043910747895170799e-01 -9.436870686715147505e-01 -9.636542576797393345e-01 -9.668015373825713521e-01 -9.690814570476933287e-01 -9.607938632552008862e-01
-9.322560489978803933e-01 -9.605300953058686364e-01 -9.677237257471651422e-01 -9.601772015505383173e-01 -9.704613466963344370e-01 -9.639408054110749635e-01 -9.613530416433082593e-01
-1.033836062368310715e+00 -9.962146432359932913e-01 -9.527359023741535093e-01 -9.658043494824668507e-01 -9.586066603038487788e-01 -9.637590335614554249e-01 -9.641916329483622983e-01
-8.797083901258615501e-01 -9.024692018079271127e-01 -9.939151339757843484e-01 -9.790260493094629091e-01 -9.630894067547665083e-01 -9.647537132669564697e-01 -9.633152581381996260e-01
-9.170311913372570789e-01 -9.655433635389572000e-01 -9.733053637610132869e-01 -9.508999999995840779e-01 -9.557065904928850886e-01 -9.612127563530892260e-01 -9.682155500718669927e-01
-9.262465466556784044e-01 -9.561806225992386388e-01 -9.519476766546699498e-01 -9.696622048360350465e-01 -9.594069603162147519e-01 -9.598100680195960077e-01 -9.586226569628637506e-01
-1.025631865139070120e+00 -9.661004966528996540e-01 -9.526696771084424142e-01 -9.805752980026596344e-01 -9.615740639273153700e-01 -9.639944497243425614e-01 -9.606950276656963661e-01
-9.042226344205104294e-01 -8.993538220201180433e-01 -9.716230663134340917e-01 -9.658892833090471086e-01 -9.588057979226394245e-01 -9.607670629432660814e-01 -9.572302890097756922e-01
-9.295626155853142780e-01 -9.450775929543164811e-01 -9.545085030030949769e-01 -9.653423500111738553e-01 -9.577182511497353001e-01 -9.650918045414532687e-01 -9.621623803512895368e-01
-9.489806264829567795e-01 -9.671125967063662898e-01 -9.708927020346240777e-01 -9.685635867823669809e-01 -9.669823871300553542e-01 -9.639658008892317831e-01 -9.620968283699476986e-01
-9.427670778315706546e-01 -9.675082024259020752e-01 -9.815131691866193497e-01 -9.451147234101411332e-01 -9.636521592603529696e-01 -9.588452170401505770e-01 -9.605491863874258129e-01
-9.621411091843292684e-01 -1.019330960226835892e+00 -9.590108632496635588e-01 -9.626120644775137958e-01 -9.554271975632896430e-01 -9.531360499939429687e-01 -9.599215853207615501e-01
-8.924088933105878141e-01 -9.753335752845679885e-01 -9.329803996607937133e-01 -9.658302064838040213e-01 -9.620332896610472861e-01 -9.622490485751253875e-01 -9.572348368394432150e-01
