(-0.9618072819282768+0j)
-8.707084370720500344e-01 -9.703923025137279890e-01 -9.416746925903635157e-01 -9.600164206675670941e-01 -9.691225316737807072e-01 -9.671390200970769735e-01 -9.612151603093799235e-01
-8.631194057293184452e-01 -9.641998002749129215e-01 -9.544572945497160621e-01 -9.586167250934812811e-01 -9.599304290971995002e-01 -9.570411584704029417e-01 -9.633092694834057834e-01
-7.562770973596104618e-01 -9.833313071036766662e-01 -9.622681460482632732e-01 -9.602921144748681748e-01 -9.626159924480591767e-01 -9.606319307523247808e-01 -9.641939065308968715e-01
-8.531503085703395772e-01 -9.758962248182592170e-01 -9.644333342802393627e-01 -9.453458934890690557e-01 -9.573351929360208734e-01 -9.547112179700547596e-01 -9.595970800160025238e-01
-8.531503085703395772e-01 -9.540918823784585445e-01 -9.425652849154740887e-01 -9.805178830481101615e-01 -9.482276259355936210e-01 -9.565527561346754970e-01 -9.546495441422344630e-01
-8.825080148472712605e-01 -9.315551079334302154e-01 -9.916370685947333286e-01 -9.982964353363360521e-01 -9.771624712527786638e-01 -9.674731874081690108e-01 -9.652443013979713493e-01
-8.690271898030780262e-01 -9.415632891862726339e-01 -9.828809501863909892e-01 -9.467048765886731942e-01 -9.502643318353833912e-01 -9.724537952226749438e-01 -9.642475220708135453e-01
-8.754020727738784924e-01 -9.456072337325973631e-01 -9.494962626032669162e-01 -9.431967839051114133e-01 -9.531277558383025594e-01 -9.578873255266443509e-01 -9.598754637477147078e-01
-8.687110284947734407e-01 -9.611682032446975388e-01 -9.799064626027941260e-01 -9.519991375694422109e-01 -9.808618774958386410e-01 -9.658876759539283263e-01 -9.636203695938584390e-01
-7.803538340686984043e-01 -9.966932006681445966e-01 -9.223670565880789374e-01 -9.910260328698248244e-01 -9.625471471432637260e-01 -9.611394008890467022e-01 -9.673257926917968597e-01
-8.809936955393334879e-01 -9.917353217501652107e-01 -9.079677996001435103e-01 -9.438561021458233835e-01 -9.673991561369973402e-01 -9.569174596872503935e-01 -9.579374286218765855e-01
-8.529500070871521844e-01 -9.692469809792148006e-01 -9.257744177284706888e-01 -9.713953250452064259e-01 -9.606182119767824323e-01 -9.595143092097945248e-01 -9.635408587943051772e-01
-8.631194057293184452e-01 -9.972105740335757140e-01 -9.685047791104939297e-01 -9.510883936146270479e-01 -9.614317236485800944e-01 -9.617179215613055332e-01 -9.643380509105915488e-01
-8.531503085703395772e-01 -9.661125036848620118e-01 -9.576529548191703434e-01 -9.660768509248536251e-01 -9.634940571972903101e-01 -9.648187782850544680e-01 -9.604549713478658379e-01
-8.754020727738784924e-01 -9.310165114543186293e-01 -9.675647005271129641e-01 -9.534724462247116117e-01 -9.469520479103255006e-01 -9.573239712327706874e-01 -9.645841647907051897e-01
-8.689113299779608335e-01 -9.520653191720267472e-01 -9.696123878850632094e-01 -9.760681834555529068e-01 -9.734143152794276777e-01 -9.630895287629536172e-01 -9.614833858635388752e-01
-8.669139214006842398e-01 -9.348561000614554750e-01 -9.311980240366859451e-01 -9.591929059499055832e-01 -9.521049285629936687e-01 -9.609807430470370671e-01 -9.615805784033369941e-01
-8.809936955393334879e-01 -9.465490640855906967e-01 -9.466584560043588281e-01 -9.811976556625914281e-01 -9.602118021941998816e-01 -9.579964229034014789e-01 -9.621033348425748200e-01
-8.426647486198687309e-01 -9.606853806430599718e-01 -9.718845749749738250e-01 -9.727794714356444716e-01 -9.670071973965426171e-01 -9.610136972644831577e-01 -9.649764887030136684e-01
-8.566286629334007863e-01 -9.748862391062320665e-01 -9.652278082912680857e-01 -9.755501882368068367e-01 -9.568186461152238254e-01 -9.660394016575792886e-01 -9.656564510467113838e-01
