(-0.9618072819282768+0j)
-9.658720545100287769e-01 -8.825002158101360461e-01 -9.557726247128848218e-01 -9.522967215687272446e-01 -9.599755366163497117e-01 -9.621945954852151317e-01 -9.610922630277692891e-01
-9.532852438870347278e-01 -1.017611801808469441e+00 -9.911157087302782109e-01 -9.770999283012407055e-01 -9.629355506938114262e-01 -9.667316385617624741e-01 -9.639286326478199163e-01
-9.216330992863832616e-01 -9.756178599475884283e-01 -9.846837989725982787e-01 -9.828435250603364537e-01 -9.709154124174032008e-01 -9.624202447798267945e-01 -9.611903833816652920e-01
-8.536767651861444373e-01 -9.162192130042129401e-01 -9.663783170011805979e-01 -9.706849272991735500e-01 -9.569882255913793045e-01 -9.596378061100963031e-01 -9.597648948827691706e-01
-1.074662821688925796e+00 -9.892996205972006685e-01 -9.845725988024376374e-01 -9.771665477810999034e-01 -9.674231440573716201e-01 -9.640366781793096029e-01 -9.615891970345754602e-01
-1.020851605237513615e+00 -1.021602844951227995e+00 -9.689122943623735829e-01 -9.571193800413724251e-01 -9.591553775147632077e-01 -9.594295250320066248e-01 -9.627342791682601542e-01
-9.187508343572257097e-01 -1.020427377538014380e+00 -9.382518328031950183e-01 -9.507371918240552500e-01 -9.546730224266162246e-01 -9.614743751965454388e-01 -9.638024496334669511e-01
-1.133599978125292562e+00 -9.346996796573399102e-01 -9.524848446159048798e-01 -9.562411395483048082e-01 -9.638975028693559377e-01 -9.613063955429814733e-01 -9.615114294757677316e-01
-9.937241721064842270e-01 -1.005415008065507987e+00 -9.740270322840529627e-01 -9.729904416746557594e-01 -9.632263732354381380e-01 -9.608816691011747846e-01 -9.608286898059813508e-01
-1.083096101586385807e+00 -1.005792239872033145e+00 -9.984614264154545449e-01 -9.736137180171209327e-01 -9.544137395931759915e-01 -9.614711617254176890e-01 -9.629203886230097709e-01
-1.122202624864951925e+00 -1.028856770628905792e+00 -9.559324523894767722e-01 -9.752912222054281877e-01 -9.618904649249329086e-01 -9.618853282430311902e-01 -9.610831363461738164e-01
-1.006076736088587165e+00 -9.197095573129379087e-01 -9.508340883202561766e-01 -9.622581581794891203e-01 -9.629942874586981949e-01 -9.597143124249326585e-01 -9.604145827069874297e-01
-5.201190073710351136e-01 -1.010196912967139315e+00 -9.504613412320637167e-01 -9.518627223399642734e-01 -9.649852458266469091e-01 -9.646619665047285741e-01 -9.617091698318963600e-01
-1.126490842511968848e+00 -1.002872088362626979e+00 -9.602549598084566540e-01 -9.595486850529042488e-01 -9.699566796138267000e-01 -9.661454881915947368e-01 -9.649138718293788219e-01
-9.313607434222890280e-01 -9.561934761738919430e-01 -9.657030129287147435e-01 -9.531331945991932120e-01 -9.518105842055092358e-01 -9.521046611533290349e-01 -9.554242194991352521e-01
-1.101549109274781557e+00 -1.001197578125930354e+00 -9.727150690207686523e-01 -9.547572858658963657e-01 -9.564919098313486856e-01 -9.630319415139445560e-01 -9.617439705840608033e-01
-9.881184338337749562e-01 -9.044652877217371767e-01 -9.000604536489316132e-01 -9.501484067486003493e-01 -9.486976900869669160e-01 -9.637496394542819367e-01 -9.611365121637616138e-01
-9.450502012322994361e-01 -9.898739876091835477e-01 -9.702221720055836940e-01 -9.742350525136969086e-01 -9.701249455360343443e-01 -9.588472643153356234e-01 -9.608250315071088510e-01
-5.298466515069408800e-01 -9.789686644554664863e-01 -9.575819698892591436e-01 -9.647134969305931618e-01 -9.632615162840303391e-01 -9.611997996463663707e-01 -9.608476197628027515e-01
-9.813716081243816225e-01 -1.008713556061818339e+00 -9.542943404328845247e-01 -9.698840993977668745e-01 -9.640102014870878255e-01 -9.587873040555832116e-01 -9.608529081391696813e-01
