(-0.8712994323588225+0j)
-8.869766062326367440e-01 -8.649009977979207342e-01 -8.600700109301504526e-01 -8.880622076120170405e-01 -8.717487830085037803e-01 -8.738879233656955403e-01 -8.720879387053173115e-01
-7.210191395576479589e-01 -9.064212655588097522e-01 -8.635812810403085127e-01 -8.777173994433919990e-01 -8.695426125649889926e-01 -8.720452092400743371e-01 -8.702089551554395008e-01
-8.694336594383069716e-01 -8.528813993041701735e-01 -8.465220431033781967e-01 -8.750059148758302374e-01 -8.748191558106057641e-01 -8.700952447669787482e-01 -8.708454584917484365e-01
-7.665314822112812010e-01 -9.166530751083030726e-01 -9.071970978743824077e-01 -8.655769845818075403e-01 -8.653329779667151556e-01 -8.748869350388686073e-01 -8.734694323145206774e-01
-8.798601085032788927e-01 -8.867017765690821118e-01 -8.490210013774546205e-01 -8.789604279273106613e-01 -8.701659025985479801e-01 -8.758388316945373564e-01 -8.700248405339294777e-01
-6.793133432977582764e-01 -8.167948216328184685e-01 -8.776827137170546411e-01 -8.684579789409661021e-01 -8.721284333706733616e-01 -8.754670684728691477e-01 -8.723516602657244157e-01
-7.911909267349699348e-01 -9.242005930757670740e-01 -8.733993444944081475e-01 -8.528499682030721285e-01 -8.808993205162816142e-01 -8.759505152515028037e-01 -8.675096557914829809e-01
-7.456785840813366928e-01 -9.038260987034871796e-01 -8.985856985681091036e-01 -8.720880018843233383e-01 -8.748130389853085997e-01 -8.694020073839345830e-01 -8.716756785360026960e-01
-8.694336594383063055e-01 -8.244228386853553747e-01 -8.808451262119043612e-01 -8.724640047234961671e-01 -8.731445786199225623e-01 -8.786587640760692430e-01 -8.706498924403414108e-01
-9.917376919404905511e-01 -9.012446684747159598e-01 -8.599632479751566638e-01 -8.678022765555724050e-01 -8.662659230213056727e-01 -8.752798966645629619e-01 -8.699849416861040741e-01
-8.283156818662305021e-01 -9.135213599739095969e-01 -8.572207784317746881e-01 -8.792840020450547467e-01 -8.715981621404478297e-01 -8.723283400383550212e-01 -8.673547058549533340e-01
-9.623172993679296461e-01 -8.640748184169138035e-01 -8.443016909415601567e-01 -8.827726621436071675e-01 -8.661276128303894151e-01 -8.698254019860460762e-01 -8.725856462156043047e-01
-8.608661188541624210e-01 -8.163414866583467155e-01 -8.446486536632460407e-01 -8.703564016659752767e-01 -8.638261590475320162e-01 -8.709173265383203244e-01 -8.704860569608896537e-01
-9.694337970972879415e-01 -8.698205018765716723e-01 -8.769749977798977358e-01 -8.852146479123705891e-01 -8.699027639449350424e-01 -8.789742080814366698e-01 -8.717111993378197088e-01
-8.623171617089480101e-01 -9.228464910573224156e-01 -8.876371289989317681e-01 -8.772634572424877764e-01 -8.672788759236942369e-01 -8.753747393037052404e-01 -8.705520001197912805e-01
-7.177091882220336672e-01 -8.277311477401188000e-01 -8.600285205707776104e-01 -8.752722061832047817e-01 -8.722759595678055700e-01 -8.722943994175329507e-01 -8.685542822663889773e-01
-9.253724511569128008e-01 -7.985731815484142793e-01 -8.903766097121421641e-01 -8.677974296854287228e-01 -8.729182664342194364e-01 -8.708307012226066401e-01 -8.705063599033515676e-01
-9.462253492868575311e-01 -9.110118031885778844e-01 -8.476657157369007489e-01 -8.587471094253713577e-01 -8.630731750586708717e-01 -8.696959246192470516e-01 -8.733856024101720461e-01
-9.078295043625816962e-01 -8.406628446218649131e-01 -8.900151262209163860e-01 -8.547906065957202593e-01 -8.749635934265951320e-01 -8.734876117937953044e-01 -8.713243751288217709e-01
-8.974030552976097752e-01 -8.580579963882641881e-01 -7.936210449835534586e-01 -8.873309925613774851e-01 -8.755779830761034610e-01 -8.732306505842684086e-01 -8.723459502420729539e-01
