(-0.8311492651726713+0j)
-6.323858492448972690e-01 -8.240092272511587712e-01 -7.776210445373747948e-01 -8.378588357041463208e-01 -8.454850845617432054e-01 -8.295615492733261487e-01 -8.275273948838091087e-01
-6.901884819821608730e-01 -8.239920996408156562e-01 -8.409679139945172022e-01 -8.048536907857861689e-01 -8.278415075934673073e-01 -8.331145843268488171e-01 -8.330514023641568677e-01
-6.323858492448972690e-01 -8.110451174391637430e-01 -8.645261458814006428e-01 -8.577201390504232137e-01 -8.268274726571120947e-01 -8.290704225452307785e-01 -8.299244474837526031e-01
-6.251439587333884607e-01 -8.561242791470082825e-01 -8.451991023855445206e-01 -8.454440052329286193e-01 -8.447974182488040551e-01 -8.251331671627331055e-01 -8.262151636220003148e-01
-9.004497721798820908e-01 -7.901231410154393453e-01 -7.067844214972398564e-01 -8.522812832547468354e-01 -8.283622512325670151e-01 -8.343341871641001273e-01 -8.352974029253041888e-01
-6.746146011316427327e-01 -8.159817643431703793e-01 -8.197896787703942145e-01 -8.200416664819258905e-01 -8.358277863229042204e-01 -8.341051629459783623e-01 -8.315866001390936901e-01
-7.324172338689064476e-01 -8.318786934481765538e-01 -8.175885203776502852e-01 -8.229497543629704648e-01 -8.346243358266685064e-01 -8.291068913648658167e-01 -8.349869823582651840e-01
-6.545009905074509193e-01 -8.125211716849343180e-01 -8.104462214511181095e-01 -7.914768504815241634e-01 -8.171114332189357565e-01 -8.332045951012532203e-01 -8.269387659988038930e-01
-6.122722386207053447e-01 -8.295413572319141338e-01 -8.356294408107118876e-01 -8.607337496036269187e-01 -8.400697781101629236e-01 -8.248255155071257949e-01 -8.282633964736629828e-01
-6.213040058005228072e-01 -7.951976615364960699e-01 -8.536512320382791952e-01 -8.450880710651791361e-01 -8.460668359270708816e-01 -8.413096279307312741e-01 -8.300303957552050971e-01
-6.251439587333884607e-01 -8.030042500165723851e-01 -8.388950638889811628e-01 -8.437554703265259803e-01 -8.279744626036096289e-01 -8.336511694680845963e-01 -8.269051347894631476e-01
-6.700748713579690596e-01 -8.061498538744014120e-01 -8.156002644108948374e-01 -8.506829639311292990e-01 -8.382496535376442459e-01 -8.312064718557610199e-01 -8.325244308532884219e-01
-6.122722386207053447e-01 -8.228285760275897420e-01 -8.557892662194921396e-01 -7.995864254905720170e-01 -8.091586299214010847e-01 -8.281082380238102836e-01 -8.335255254418889592e-01
-6.452575693575802740e-01 -8.049639759339692890e-01 -8.612318063392574441e-01 -8.417345697096443313e-01 -8.336273545320251888e-01 -8.384775392931376192e-01 -8.275429923869699333e-01
-7.123036232447144123e-01 -7.988003365486537888e-01 -8.543426048839890541e-01 -8.023961734575335569e-01 -8.112963460146935812e-01 -8.378746214252348334e-01 -8.317322210614859213e-01
-6.138897001834213718e-01 -8.232737369623051027e-01 -8.231008025726513910e-01 -8.389693633361190450e-01 -8.311604932246263733e-01 -8.321677821188964153e-01 -8.324836720646042743e-01
-6.452575693575802740e-01 -8.425312764987582526e-01 -8.687275569865353653e-01 -8.545483129001225642e-01 -8.182178172421810114e-01 -8.258308511821064180e-01 -8.325388905745800816e-01
-6.122722386207053447e-01 -8.349724878289215280e-01 -8.847769545498618271e-01 -8.287634562645569414e-01 -8.063074527861242569e-01 -8.336882353167847093e-01 -8.355634845071810979e-01
-6.994319031320315183e-01 -8.730721536472891842e-01 -8.487667807671657183e-01 -8.285793558988183705e-01 -8.322190900245025613e-01 -8.192742001536679197e-01 -8.314275683140530671e-01
-6.746146011316427327e-01 -8.132536947621802348e-01 -9.007923142502496372e-01 -8.294978576425939831e-01 -8.314666213875485656e-01 -8.377650607003395145e-01 -8.297249381695268600e-01
