(-0.8311492651726713+0j)
-9.263012717773304594e-01 -8.152865757974057104e-01 -8.248953191277792474e-01 -8.397671652747176196e-01 -8.380623289559936406e-01 -8.351802211887144889e-01 -8.272382058293652474e-01
-8.902519626097844530e-01 -8.417560079474279977e-01 -8.197399853397171476e-01 -8.294817505831824089e-01 -8.261776434996204177e-01 -8.335083417371778047e-01 -8.269433334482387821e-01
-8.589220927975360631e-01 -8.749586785797647259e-01 -8.038909850113615807e-01 -8.223599211834671241e-01 -8.180332934037526371e-01 -8.307960518314552179e-01 -8.334137981758724667e-01
-9.024508602866916362e-01 -8.104660108887684622e-01 -8.847150235508680627e-01 -8.217589593813279247e-01 -8.303481557265977031e-01 -8.332900289397973115e-01 -8.362642448274277829e-01
-8.422880813136919276e-01 -7.990263227376753763e-01 -8.269151376871413106e-01 -8.359735693387773114e-01 -8.312265872469892791e-01 -8.373793836481149278e-01 -8.333232328014910095e-01
-8.553453440935332441e-01 -7.930899519171603629e-01 -8.313298535042288329e-01 -8.426044440517594936e-01 -8.223294138237391415e-01 -8.348776772263180046e-01 -8.255406799331730383e-01
-9.943251707609952472e-01 -8.521794973947978136e-01 -8.614251263833203609e-01 -8.168405178854123427e-01 -8.310320443331704610e-01 -8.332314585396332074e-01 -8.313393228097858412e-01
-8.818788325766659941e-01 -8.438987871475400748e-01 -8.379199709756555148e-01 -8.261970827098210624e-01 -8.255444610844433484e-01 -8.337311458029774691e-01 -8.302834910240035615e-01
-9.782113515315873364e-01 -8.156702307233334448e-01 -7.745452209443199898e-01 -8.155078103640696074e-01 -8.282243768258465977e-01 -8.242387497600607293e-01 -8.347521715410084475e-01
-1.024124195441947993e+00 -8.406580944989892057e-01 -8.488230773097165116e-01 -8.311096965006001813e-01 -8.307037998206268092e-01 -8.265855833720516799e-01 -8.281733286789483284e-01
-9.723911774174562872e-01 -8.117791220629821947e-01 -8.268211366377844485e-01 -8.221135464239033297e-01 -8.325763921991735650e-01 -8.314036924492280711e-01 -8.222993046304842846e-01
-8.894734408254627578e-01 -8.708311455830866077e-01 -8.651730982552696680e-01 -8.143285065352612317e-01 -8.311663888588269877e-01 -8.187200363275979331e-01 -8.276923068260746419e-01
-9.295500277352246599e-01 -8.228294039074011135e-01 -8.474992958190616932e-01 -8.535930444384391969e-01 -8.394757384385789223e-01 -8.306090497883247270e-01 -8.355859815878086128e-01
-9.441373475900642909e-01 -8.179855722245379379e-01 -8.135727215540959900e-01 -8.083678579745052772e-01 -8.361366537727308312e-01 -8.293288404040941586e-01 -8.377725431572444759e-01
-9.578178170630289312e-01 -7.616363604476824589e-01 -8.240662118868880004e-01 -8.215548480493870542e-01 -8.294027414856091074e-01 -8.328723334055512240e-01 -8.266953837723172160e-01
-9.953913459549723619e-01 -7.744364485528852926e-01 -8.299537060124255738e-01 -8.146123473606774468e-01 -8.284602690226692268e-01 -8.372599758344967391e-01 -8.298363435508278041e-01
-9.969605260951126535e-01 -8.510848579010861226e-01 -8.175775573864692003e-01 -8.321318672803699190e-01 -8.327893598556006527e-01 -8.287837789428025292e-01 -8.274272201883341449e-01
-9.563455066450041731e-01 -8.437447790410990134e-01 -8.373865615419484598e-01 -8.176569177532737598e-01 -8.271653696666805278e-01 -8.253837902832663609e-01 -8.333356632453914337e-01
-8.852440208295815349e-01 -8.600666886629773078e-01 -8.410042178696848225e-01 -8.328839052533465459e-01 -8.247577010114142126e-01 -8.246431617142702120e-01 -8.283016440442867445e-01
-9.386380927917381545e-01 -7.689594635862401217e-01 -8.381374923487623363e-01 -8.389633601578434519e-01 -8.315133263713760936e-01 -8.380430999194159458e-01 -8.337229518157571739e-01
