(-0.7393280742094857+0j)
-5.966369667507422925e-01 -7.343367152402026088e-01 -7.419886065686991383e-01 -6.966545787588730443e-01 -7.344836210663618914e-01 -7.348155067299266818e-01 -7.391358559000642536e-01
-3.159100284213516852e-01 -5.690043557497375115e-01 -7.414087426436319905e-01 -7.607283800171270594e-01 -7.651094361992797355e-01 -7.394869152878891239e-01 -7.329479949249129156e-01
-7.984390400342769034e-01 -6.640646739900276652e-01 -7.607680631680445726e-01 -7.502158947912624942e-01 -7.244853736873020367e-01 -7.369797691266821715e-01 -7.416539683758788248e-01
-1.253866329880682695e+00 -9.723135039838349813e-01 -7.230695584044134483e-01 -7.469011367759393893e-01 -7.375632580825236539e-01 -7.553928827255976808e-01 -7.451572561073872558e-01
-3.678914818452625468e-01 -6.810978840133750101e-01 -8.043953247002851858e-01 -7.371317512059996080e-01 -7.242745391062757054e-01 -7.457598698209855215e-01 -7.398838662258425680e-01
-1.051650435741279033e+00 -7.949343758578850672e-01 -7.679510874653208141e-01 -7.932641558371082979e-01 -7.650690439909282325e-01 -7.531982090995616996e-01 -7.370276830346003116e-01
2.590118270164806225e-01 -5.394626862284117585e-01 -8.122031329692666057e-01 -7.924656584353259037e-01 -7.368675526111823082e-01 -7.406704758075277617e-01 -7.373113137411335671e-01
-5.011574009707963073e-01 -5.306066738075767564e-01 -6.414517231539507147e-01 -7.183674243215223409e-01 -7.218249563555680925e-01 -7.336878397286709097e-01 -7.367655629358667024e-01
-1.330043648380176524e+00 -8.968561863070808604e-01 -7.674046619060017616e-01 -7.429873644869020577e-01 -7.255136626684010048e-01 -7.425585975985304898e-01 -7.412404753410593017e-01
-6.719801090052107684e-01 -6.361094343052198230e-01 -7.165717791137382608e-01 -7.625910034873674137e-01 -7.417720415424442493e-01 -7.393598541264292390e-01 -7.346915018545273623e-01
-8.127155279956911338e-01 -8.115223947271534843e-01 -8.330718485902659509e-01 -7.785056424085066151e-01 -7.116312954845487315e-01 -7.357817168001088426e-01 -7.357389576986999025e-01
-4.168807523019830708e-01 -4.429292893281265853e-01 -6.678315453863717943e-01 -6.624297719876175439e-01 -7.288582875546407713e-01 -7.188419544971100805e-01 -7.295929064255910479e-01
-9.625954977321747874e-01 -1.122920071604761372e+00 -9.238026341944008957e-01 -7.621033011601767715e-01 -7.388579606679482881e-01 -7.456877166255733158e-01 -7.476409513369015603e-01
-5.518658031628609351e-01 -6.693206882906701516e-01 -7.871022917236247807e-01 -8.246682437453342063e-01 -7.786167146982539977e-01 -7.573043053748822473e-01 -7.455428553896275012e-01
-9.008623976242062792e-01 -7.509346150820555010e-01 -8.614894153254850639e-01 -8.006477292298660453e-01 -7.371469214915873369e-01 -7.407838309810116373e-01 -7.383127521199115417e-01
-8.914385416495661518e-01 -7.975119124059285580e-01 -6.874839712261858748e-01 -6.944955927291130982e-01 -7.212166214373509909e-01 -7.273856175687605230e-01 -7.314507243803365366e-01
-8.712339461940648011e-01 -5.013788333626711946e-01 -6.195486094380433517e-01 -6.487126491495315284e-01 -6.980573751027107088e-01 -7.226710658228232553e-01 -7.293716455635166351e-01
-6.286913364057131748e-01 -6.396066961981030641e-01 -6.873166290596337547e-01 -7.426993955439697981e-01 -7.120253089720696149e-01 -7.371436366358155023e-01 -7.369825922359682924e-01
-9.827025666365657441e-01 -8.475002366863764180e-01 -8.197093893973987910e-01 -7.789257718501103600e-01 -7.357188906099965120e-01 -7.579168019972429837e-01 -7.458021143734001601e-01
-5.367594981974219692e-01 -4.786853280989020742e-01 -6.764026288262837694e-01 -6.851357912309992138e-01 -7.251210888486183670e-01 -7.406263170577385146e-01 -7.458127887222927299e-01
