(-0.7393280742094857+0j)
-1.187337100038639681e+00 -8.370443449467248609e-01 -6.737441676507678334e-01 -7.707974821321513792e-01 -7.813022504886416586e-01 -7.418055329304333867e-01 -7.385666735593008347e-01
-8.451636894666543220e-01 -7.189054319348284761e-01 -7.175152109288943647e-01 -7.134108596469128649e-01 -7.230700745114104766e-01 -7.310309139087792785e-01 -7.343634907347800223e-01
-3.997691069458111923e-01 -7.256286221193066766e-01 -7.788134342579323688e-01 -7.151961524419363503e-01 -7.174997171184973599e-01 -7.471029027195159600e-01 -7.355068868853764652e-01
-8.733057787433662345e-01 -6.075574681762179186e-01 -7.424746431910180799e-01 -6.859398939092954395e-01 -7.418660242424424123e-01 -7.292975777404436810e-01 -7.412262642327135387e-01
-1.080766363385310402e+00 -6.717480561145209306e-01 -7.796740580988097413e-01 -7.011207497185492077e-01 -7.551112600825485854e-01 -7.439218967902976321e-01 -7.458863031777669406e-01
-8.666300654755352273e-01 -7.676912117759167042e-01 -8.137049555797134515e-01 -7.612190407973832285e-01 -7.432938927984922284e-01 -7.456140463072193914e-01 -7.336209606141970152e-01
-3.574185651986850898e-01 -7.452730025996971985e-01 -7.326428184878026606e-01 -6.970444667773840752e-01 -7.197934675633184121e-01 -7.442723923629650518e-01 -7.381151802000012196e-01
-8.654081658458050441e-01 -7.784905331757840941e-01 -7.606622919187234766e-01 -7.286095408015671460e-01 -7.286248980554830279e-01 -7.520881120887812354e-01 -7.420293357248659571e-01
-1.122765055413031732e+00 -6.241425296328896311e-01 -6.719087027473420459e-01 -6.795633714917850288e-01 -7.365919675520957721e-01 -7.417540383545003779e-01 -7.471020397336602947e-01
-7.843047399178338930e-01 -7.185750269016302205e-01 -6.431716597736507612e-01 -7.867275942662240729e-01 -7.068363380973845533e-01 -7.444447988579594444e-01 -7.335330033736968680e-01
-5.459230309124303293e-01 -5.946594105670953700e-01 -7.853241593424060696e-01 -7.875459286798099923e-01 -7.161011997563146991e-01 -7.387872260291892257e-01 -7.421139691158861185e-01
-5.869111159538752398e-01 -8.057014771231845174e-01 -8.098618361195847326e-01 -7.264041598293518032e-01 -7.623459927052059770e-01 -7.453634461999252281e-01 -7.417777476812008608e-01
-2.818375737108562151e-01 -8.722013436684168397e-01 -7.433186681616086311e-01 -6.799909846211894537e-01 -7.534304024513315268e-01 -7.456708320098845988e-01 -7.411408225408119277e-01
-7.343681421454891778e-01 -8.031383042420380258e-01 -6.764245561447030930e-01 -7.189543221937169104e-01 -7.503480378738375256e-01 -7.481003766185563286e-01 -7.303192583692468265e-01
-6.734914856113363157e-01 -8.166240158376820713e-01 -7.864152463534865856e-01 -7.607666197689350041e-01 -7.466257349348813799e-01 -7.304636990373194472e-01 -7.467013242049054256e-01
-3.764340386075704092e-01 -7.448630718041835408e-01 -8.139519826049552709e-01 -7.352806886784666318e-01 -7.560205615277215685e-01 -7.311615317150891302e-01 -7.387294067421802390e-01
-7.974154485731802522e-01 -5.637908596785945470e-01 -7.468772629579059075e-01 -7.203415266308432763e-01 -7.109821871825412476e-01 -7.230401555468430885e-01 -7.364729544910149084e-01
-7.390313773447051426e-01 -8.704792598700804573e-01 -6.930435033362192243e-01 -7.495215768249539057e-01 -7.507413074425518529e-01 -7.366103125495022663e-01 -7.341081272254252887e-01
-7.424561183120201857e-01 -6.979411660278808105e-01 -7.966199788419533467e-01 -7.113155632970754594e-01 -7.778724534358261167e-01 -7.319424548679167586e-01 -7.373756354146451253e-01
-9.864583254070165008e-01 -8.531994209847044708e-01 -7.098140348797309374e-01 -7.147688119656423478e-01 -7.358033872512144136e-01 -7.386580455415778790e-01 -7.440091203571872480e-01
