(-0.7433837767768509+0j)
-6.723777378131814420e-01 -7.433837767768500804e-01 -7.433837767768500804e-01 -7.433837767768500804e-01 -7.433837767768500804e-01 -7.433837767768500804e-01 -7.433837767768500804e-01
-7.433837767768500804e-01 -7.433837767768500804e-01 -7.433837767768500804e-01 -7.433837767768500804e-01 -7.433837767768500804e-01 -7.433837767768503024e-01 -7.433837767768503024e-01
-4.792700715514324195e-01 -7.433837767768503024e-01 -7.433837767768500804e-01 -7.433837767768500804e-01 -7.433837767768500804e-01 -7.433837767768500804e-01 -7.433837767768500804e-01
-7.433837767768500804e-01 -7.433837767768500804e-01 -7.433837767768500804e-01 -7.433837767768500804e-01 -7.433837767768500804e-01 -7.433837767768500804e-01 -7.433837767768503024e-01
-6.723777378131816640e-01 -7.433837767768500804e-01 -7.433837767768500804e-01 -7.433837767768500804e-01 -7.433837767768500804e-01 -7.433837767768503024e-01 -7.433837767768500804e-01
-7.433837767768500804e-01 -7.433837767768500804e-01 -7.433837767768500804e-01 -7.433837767768500804e-01 -7.433837767768500804e-01 -7.433837767768500804e-01 -7.433837767768503024e-01
-6.723777378131816640e-01 -7.433837767768500804e-01 -7.433837767768500804e-01 -7.433837767768500804e-01 -7.433837767768500804e-01 -7.433837767768500804e-01 -7.433837767768500804e-01
-7.433837767768500804e-01 -7.433837767768500804e-01 -7.433837767768500804e-01 -7.433837767768500804e-01 -7.433837767768500804e-01 -7.433837767768500804e-01 -7.433837767768500804e-01
-6.607213920290073705e-01 -7.433837767768500804e-01 -7.433837767768500804e-01 -7.433837767768500804e-01 -7.433837767768500804e-01 -7.433837767768503024e-01 -7.433837767768500804e-01
-6.723777378131814420e-01 -7.433837767768500804e-01 -7.433837767768500804e-01 -7.433837767768500804e-01 -7.433837767768500804e-01 -7.433837767768500804e-01 -7.433837767768500804e-01
-6.751292905211361273e-01 -7.433837767768503024e-01 -7.433837767768503024e-01 -7.433837767768500804e-01 -7.433837767768500804e-01 -7.433837767768500804e-01 -7.433837767768500804e-01
-6.723777378131816640e-01 -7.433837767768503024e-01 -7.433837767768500804e-01 -7.433837767768500804e-01 -7.433837767768500804e-01 -7.433837767768500804e-01 -7.433837767768503024e-01
-7.433837767768500804e-01 -7.433837767768500804e-01 -7.433837767768500804e-01 -7.433837767768500804e-01 -7.433837767768500804e-01 -7.433837767768500804e-01 -7.433837767768500804e-01
-7.433837767768503024e-01 -7.433837767768500804e-01 -7.433837767768500804e-01 -7.433837767768500804e-01 -7.433837767768500804e-01 -7.433837767768500804e-01 -7.433837767768503024e-01
-6.751292905211361273e-01 -7.433837767768500804e-01 -7.433837767768500804e-01 -7.433837767768500804e-01 -7.433837767768500804e-01 -7.433837767768500804e-01 -7.433837767768500804e-01
-6.041232515574677109e-01 -7.433837767768500804e-01 -7.433837767768503024e-01 -7.433837767768500804e-01 -7.433837767768500804e-01 -7.433837767768500804e-01 -7.433837767768500804e-01
-6.723777378131816640e-01 -7.433837767768500804e-01 -7.433837767768503024e-01 -7.433837767768500804e-01 -7.433837767768500804e-01 -7.433837767768500804e-01 -7.433837767768503024e-01
-6.723777378131814420e-01 -7.433837767768500804e-01 -7.433837767768500804e-01 -7.433837767768503024e-01 -7.433837767768500804e-01 -7.433837767768500804e-01 -7.433837767768500804e-01
-6.041232515574675999e-01 -7.433837767768503024e-01 -7.433837767768500804e-01 -7.433837767768500804e-01 -7.433837767768500804e-01 -7.433837767768500804e-01 -7.433837767768500804e-01
-6.751292905211361273e-01 -7.433837767768503024e-01 -7.433837767768503024e-01 -7.433837767768500804e-01 -7.433837767768500804e-01 -7.433837767768500804e-01 -7.433837767768500804e-01
