(0.47913018916467026+2.7755575615628914e-17j)
1.436793931110915024e+00 2.135499419006541832e-01 3.300743340836722606e-01 -2.249795741937949678e-01 5.224753211927684049e-01 5.077806248453863303e-01
5.679467050698997488e-01 2.930690621304311017e-01 4.494717738370406779e-01 2.928219594906131262e-01 -1.890495634247005979e-02 4.065199318154814612e-01
1.056985860589116477e+00 4.799960533909679583e-01 5.869995743877270966e-01 8.945606300664411537e-01 3.204594642660191228e-01 4.427880759807565347e-01
1.078830719383763403e+00 -9.888595824082574426e-02 6.683885586083980757e-01 5.815316344338324894e-01 2.119322303279585762e-01 1.562255896272009559e-01
2.099328369073000244e-01 1.062707486702928250e+00 1.346214796741744546e-02 4.078431004441445129e-01 5.242481263017086945e-01 2.069104576051244426e-01
5.000027873721887284e-01 7.825191426951967344e-01 -1.620715951315644665e-01 6.958656917700107858e-01 4.485238316291197402e-01 5.587219576100975749e-01
8.754705683251210457e-01 4.480080409841474265e-01 6.783582568490582609e-01 5.809158381101278135e-01 5.339319101744844920e-01 3.848347893634110894e-01
-1.555955891081220788e+00 1.596382034940110328e-01 7.269735792578244093e-02 2.011070990959540061e-01 1.345087186729844175e-01 5.384443143273079935e-01
1.228693162897591895e+00 1.465830017248432204e+00 4.666238933934412914e-01 6.811375335427257705e-01 5.051195250550856164e-01 2.866480496914863285e-01
1.346963259900625154e+00 6.670287919293495238e-02 3.462036937262519265e-03 1.139750244737711554e-01 4.257377115377947718e-01 3.318979648238342683e-01
2.289293630249965017e-01 3.969690129531622813e-01 -2.236622226326950569e-01 1.193049999509077086e+00 6.627606633671734304e-01 5.556660067298161421e-01
1.625699479616024901e+00 1.376479345158562850e+00 -3.511090507412590878e-01 5.173026666263557116e-01 5.470316700470206905e-01 3.725541398299954121e-01
4.120681928040846875e-01 1.006768597767363715e+00 3.892345302625351278e-01 9.035073523812701124e-01 3.917116509908434852e-01 2.972153092836487542e-01
3.903174558411862810e-02 1.285532235650375332e+00 -2.192232819256656751e-01 4.574404674522108416e-01 3.945890132335810874e-01 4.528537306701619913e-01
1.722957293768769382e+00 4.829285263717885135e-01 3.004458479401508897e-01 7.215203132115081130e-01 4.395163005500555276e-01 3.065306969566005124e-01
1.774710504344466422e+00 1.232567569254037654e+00 4.706777250338287644e-01 3.333399041310844413e-01 4.574832008456736765e-01 4.860901169293420088e-01
1.164947361252270275e+00 -2.285525406545144411e-01 7.277718651973910102e-01 6.568899863603376854e-01 6.261368949647793114e-01 5.848726869687587149e-01
-6.932215273544581891e-01 6.812899065878778027e-01 -2.691059828108153806e-01 3.699087656736677610e-01 2.207352645032428229e-01 6.065080367093121927e-01
4.951417391645155930e-01 1.260080107881322409e+00 8.054460082058400028e-01 6.643147822342853059e-01 5.920581204633592609e-01 7.196665633578057664e-01
-5.883030485088681927e-02 -2.137185019160121324e-01 3.380410008534055488e-01 5.297605036762196296e-01 5.003015672974909789e-01 6.735675344071497817e-01
