(-1.1588369968952508+0j)
-1.171560621445372874e+00 -1.169824494187585939e+00 -1.172654729230786508e+00 -1.137100136131925288e+00 -1.149220377861523534e+00 -1.158132711731223896e+00 -1.159045950575689155e+00
-1.157125593217973591e+00 -1.134572008701541179e+00 -1.168481542383006611e+00 -1.164997852489472852e+00 -1.154128396404596302e+00 -1.159357057433924698e+00 -1.158248346702011711e+00
-1.173583076231164091e+00 -1.164291332846866922e+00 -1.171669788279392943e+00 -1.155802428116222691e+00 -1.155664732345329737e+00 -1.160532110876949741e+00 -1.158323874237463968e+00
-1.208638213069413103e+00 -1.181818084595065432e+00 -1.167625226402751570e+00 -1.152134016581757958e+00 -1.147618595624314120e+00 -1.152605526024570448e+00 -1.156418204661934013e+00
-1.162886850548888296e+00 -1.125003315849883112e+00 -1.145058777704929920e+00 -1.149654321123041445e+00 -1.153624362811132009e+00 -1.162355537836203379e+00 -1.160623189279268219e+00
-1.165180754469305136e+00 -1.177803434296987417e+00 -1.189024705497404355e+00 -1.159480119245484886e+00 -1.147712114736221700e+00 -1.153688170552701342e+00 -1.157727953802840215e+00
-1.152687805909030416e+00 -1.173472528028630668e+00 -1.146083482801918407e+00 -1.146015454672795864e+00 -1.155537874154063616e+00 -1.160624410114220018e+00 -1.158697109805643777e+00
-1.149833358680463657e+00 -1.151834266983141841e+00 -1.164754876997261324e+00 -1.163795820144934545e+00 -1.166477108259780904e+00 -1.165698650245857948e+00 -1.161592311249599607e+00
-1.162406720979382690e+00 -1.158611673945102449e+00 -1.176205586684385462e+00 -1.180990308520976750e+00 -1.161948941831240534e+00 -1.161116583994308948e+00 -1.158645699779577320e+00
-1.166201787992468653e+00 -1.122180220311951970e+00 -1.108795171606680841e+00 -1.130951777858395957e+00 -1.154324079174048112e+00 -1.159124733183976907e+00 -1.159014475853080706e+00
-1.143998224991985113e+00 -1.174908002991312816e+00 -1.197102017258611983e+00 -1.153897785119461838e+00 -1.158768708856319662e+00 -1.159543164897104406e+00 -1.157863452733968845e+00
-1.168648067922192224e+00 -1.151623296677644515e+00 -1.178518692209640673e+00 -1.160323985870109098e+00 -1.153683727558455718e+00 -1.156496641262002800e+00 -1.157467493943533432e+00
-1.150781817924834360e+00 -1.149084715202771667e+00 -1.166765186379931318e+00 -1.157074895387475877e+00 -1.156737849515088623e+00 -1.159655081189306935e+00 -1.161567472734696294e+00
-1.173328721383246176e+00 -1.170433948594129525e+00 -1.147216170247816525e+00 -1.152082321494604766e+00 -1.161648951673957209e+00 -1.162001706382719490e+00 -1.159662615448322942e+00
-1.163710077951617627e+00 -1.183329012969901894e+00 -1.161809277154883802e+00 -1.152201734194351568e+00 -1.154860875803734865e+00 -1.156493101682425362e+00 -1.157617734222550876e+00
-1.175363792899061455e+00 -1.183695984209439223e+00 -1.178754644130307616e+00 -1.162515454523546321e+00 -1.158771255084901197e+00 -1.158059679513209428e+00 -1.156342253673709131e+00
-1.162371155330010897e+00 -1.200901052068075403e+00 -1.155282359126547087e+00 -1.172622602254261182e+00 -1.156282112152335895e+00 -1.156622473982816590e+00 -1.158082937096244436e+00
-1.168572652469195283e+00 -1.161247750062146977e+00 -1.122235268644622863e+00 -1.148611279871095459e+00 -1.162048770802008191e+00 -1.160815992001674068e+00 -1.159988866828278287e+00
-1.166739369517615810e+00 -1.173151202065398024e+00 -1.170774128384166168e+00 -1.173564104671894981e+00 -1.165978338668190784e+00 -1.156804248101248600e+00 -1.157221865868542032e+00
-1.180661849594582202e+00 -1.183425281309019139e+00 -1.202486229607218293e+00 -1.168240521457641012e+00 -1.162788913927891077e+00 -1.161901040562597798e+00 -1.162159478797913259e+00
-1.174278874837819009e+00 -1.171361259845822955e+00 -1.169241276025402954e+00 -1.173314110694581247e+00 -1.160822762107799111e+00 -1.160192423881538426e+00 -1.157319529659255997e+00
-1.157577364611023008e+00 -1.164548169844161318e+00 -1.196645511443898080e+00 -1.188627859524590047e+00 -1.166625130119467890e+00 -1.161603621316582124e+00 -1.160680808884843040e+00
-1.151816127258913580e+00 -1.124158413919305932e+00 -1.147465303238678569e+00 -1.163829141053767113e+00 -1.161911981009140504e+00 -1.162524305451873019e+00 -1.161341792363542735e+00
-1.138332127632996515e+00 -1.173259929700586568e+00 -1.163901274986566925e+00 -1.169754217117457085e+00 -1.165296916167178676e+00 -1.157964049505652238e+00 -1.156872528102917963e+00
-1.170821607132953801e+00 -1.155550339972625462e+00 -1.142486952507062448e+00 -1.152845755159703334e+00 -1.164096486920402462e+00 -1.158185567149231154e+00 -1.160653906839431704e+00
-1.180193239190113097e+00 -1.191165726149935544e+00 -1.164797312949206631e+00 -1.188072446641236457e+00 -1.160873524243380306e+00 -1.161518311931149183e+00 -1.159985386522049078e+00
-1.166201787992468430e+00 -1.167675415122059190e+00 -1.175615169883212463e+00 -1.179667966829725634e+00 -1.157538183828366485e+00 -1.156184962122816628e+00 -1.158480997536309731e+00
-1.154593793893226472e+00 -1.157523979692026028e+00 -1.175374020425353994e+00 -1.158474176714282544e+00 -1.160654746555721317e+00 -1.165124689506954692e+00 -1.161057130298047468e+00
-1.157577364611023008e+00 -1.134829441481647772e+00 -1.119220193032341992e+00 -1.139777495448173417e+00 -1.154214289705527641e+00 -1.158607845512052537e+00 -1.158492381628621448e+00
-1.153228117833363431e+00 -1.167033092978274400e+00 -1.165314878407607502e+00 -1.168509894896769596e+00 -1.159418669300283478e+00 -1.160535485163116887e+00 -1.158756419617388733e+00
-1.138887927168546588e+00 -1.175736667675728153e+00 -1.167637135507223256e+00 -1.161865935337129230e+00 -1.152078031610446862e+00 -1.160242718758332181e+00 -1.159245515608374077e+00
-1.145376965455628726e+00 -1.129921130049120315e+00 -1.150095628512326495e+00 -1.163371006935263630e+00 -1.162158567366818662e+00 -1.159780920843628271e+00 -1.161174731417038863e+00
-1.137978567944462283e+00 -1.132052157700183637e+00 -1.144098990895273449e+00 -1.173864677801092604e+00 -1.161720987900280555e+00 -1.164052257106710231e+00 -1.158092256201693981e+00
-1.171031144360828335e+00 -1.147123038419201713e+00 -1.142222714733867939e+00 -1.159665727280972281e+00 -1.165042053028118474e+00 -1.158214428838891585e+00 -1.157954112770787747e+00
-1.163338621941937934e+00 -1.192832844857482089e+00 -1.181584078363420165e+00 -1.155252482065005859e+00 -1.169176364189418393e+00 -1.157609697055903997e+00 -1.158505184583292991e+00
-1.146054889906804153e+00 -1.135361771988283142e+00 -1.163393618340364810e+00 -1.155109913693780577e+00 -1.158025319058726632e+00 -1.161615772230899069e+00 -1.158536134836103848e+00
-1.146519344788735406e+00 -1.146430147018322465e+00 -1.162576281668294742e+00 -1.140488508907213427e+00 -1.154059054844079002e+00 -1.152809189330411321e+00 -1.158709617131830516e+00
-1.116537598792923802e+00 -1.141857920194549347e+00 -1.158908811447538767e+00 -1.163998102775635868e+00 -1.158978255990620543e+00 -1.159895848450081424e+00 -1.158716997651302982e+00
-1.175750934849828955e+00 -1.164299901350556166e+00 -1.101427665317553650e+00 -1.136604048120864796e+00 -1.152631598755970987e+00 -1.158775250215711816e+00 -1.158579133113567083e+00
-1.132381302505616194e+00 -1.151873961559587212e+00 -1.152344800646721623e+00 -1.157350632180602190e+00 -1.153934054097933481e+00 -1.156408862361520296e+00 -1.159899950563913151e+00
-1.152147553921113454e+00 -1.154463383435549328e+00 -1.152330505290025009e+00 -1.155403233648424344e+00 -1.161826372815264019e+00 -1.160363669455735991e+00 -1.157960356892723031e+00
-1.154182625436928511e+00 -1.158192470490113646e+00 -1.180015425635796422e+00 -1.180254404406724911e+00 -1.154533272115664033e+00 -1.153080437090267196e+00 -1.155940519182914183e+00
-1.153879488582185919e+00 -1.154161566476143541e+00 -1.179402113991588230e+00 -1.173761431383530951e+00 -1.164319524438178988e+00 -1.161780091889948574e+00 -1.159373575532410827e+00
-1.163670028625332087e+00 -1.167945485471383549e+00 -1.140296578999399291e+00 -1.134329235494996979e+00 -1.144780775962448427e+00 -1.156288796762939164e+00 -1.158850825798977580e+00
-1.152687825887835693e+00 -1.155111798099598408e+00 -1.165952781010158201e+00 -1.142988231561941959e+00 -1.144322100377834772e+00 -1.153378963771179766e+00 -1.155755592721537939e+00
-1.179792821428429672e+00 -1.198373416253574186e+00 -1.188540348589393059e+00 -1.150737516303434127e+00 -1.158972712292273055e+00 -1.157600205846299080e+00 -1.160849856630921773e+00
-1.107106839813646326e+00 -1.169244532170122142e+00 -1.150024331474144290e+00 -1.171324152270815988e+00 -1.153494268408725265e+00 -1.157096302405677291e+00 -1.157001430280725218e+00
-1.157577364611023008e+00 -1.130607618240800472e+00 -1.153637692782652380e+00 -1.163334508592751781e+00 -1.162310202536777304e+00 -1.156477631693381358e+00 -1.157464455145987170e+00
-1.159794700555331737e+00 -1.143245090606152203e+00 -1.137830884640805618e+00 -1.151564939718817238e+00 -1.157545421508044736e+00 -1.162217003172990593e+00 -1.160773134843760879e+00
-1.189477606051225766e+00 -1.163963391364760236e+00 -1.144413259126733085e+00 -1.164359361410001625e+00 -1.154223856990278740e+00 -1.156995815803632865e+00 -1.156500217761755600e+00
