(-1.1588369968952508+0j)
-1.169778598955715898e+00 -1.220245495872516184e+00 -1.176076806814445819e+00 -1.156852552838688153e+00 -1.161320135544644527e+00 -1.159297073982353821e+00 -1.158645757926291875e+00
-1.207681035003078440e+00 -1.130179484843748750e+00 -1.135311446807528712e+00 -1.157427799290574155e+00 -1.162925133942445566e+00 -1.159350425414968910e+00 -1.158345537035218253e+00
-1.151051868202221495e+00 -1.121379965014891233e+00 -1.154221836688656078e+00 -1.150689712060400050e+00 -1.155444916407486478e+00 -1.163041717854511159e+00 -1.157761707320147382e+00
-1.182337314542238005e+00 -1.154265738488610804e+00 -1.150306094798605017e+00 -1.164803056897266709e+00 -1.161072136607990135e+00 -1.156821836109505064e+00 -1.157694412276739193e+00
-1.229020296139027746e+00 -1.119138854137232464e+00 -1.150682665576896024e+00 -1.154954010926697583e+00 -1.161643092662474119e+00 -1.155343162839009619e+00 -1.158583620509989975e+00
-1.131506638446897695e+00 -1.185429038639822075e+00 -1.166629211949292921e+00 -1.168843897044467672e+00 -1.154208138572055509e+00 -1.157356397165108186e+00 -1.159036849912035816e+00
-1.151746574116380817e+00 -1.141747186501317790e+00 -1.178294828493099189e+00 -1.164564111829447191e+00 -1.159288743965502633e+00 -1.161647442159323029e+00 -1.158437140482330596e+00
-1.153629077659290791e+00 -1.168849503850379667e+00 -1.173671132980445897e+00 -1.145405437585294006e+00 -1.154875825979218673e+00 -1.159129642352755063e+00 -1.160081347591991996e+00
-1.171847177666263562e+00 -1.131385143816467709e+00 -1.160971315103157098e+00 -1.149120963341278889e+00 -1.154976108647855160e+00 -1.159224406717278999e+00 -1.158495157173254908e+00
-1.166278879302602434e+00 -1.140061881507323349e+00 -1.165220752686684680e+00 -1.170234085136264257e+00 -1.160465462923409685e+00 -1.157907782211849312e+00 -1.158279678139573221e+00
-1.164488738996720674e+00 -1.162825049729586002e+00 -1.162551840087195476e+00 -1.159356837779227822e+00 -1.154804805652561939e+00 -1.158398066417465788e+00 -1.157345660972201262e+00
-1.180517895583490962e+00 -1.153069694269026613e+00 -1.162570914774746722e+00 -1.161118428758173504e+00 -1.161177947836646629e+00 -1.160560987255322862e+00 -1.158186919730639364e+00
-1.162587268043865363e+00 -1.124586759484921039e+00 -1.144030912831360158e+00 -1.160644681809457346e+00 -1.159964453860296008e+00 -1.157035784560874081e+00 -1.158856444656444440e+00
-1.134776165758155875e+00 -1.194785074765420951e+00 -1.168490994123661419e+00 -1.167617080882427327e+00 -1.159458773224005590e+00 -1.156057674399354029e+00 -1.156425109054632472e+00
-1.167340495783712351e+00 -1.150923786978468755e+00 -1.145234044289137776e+00 -1.148412803512590230e+00 -1.160008540080582407e+00 -1.158629443326298691e+00 -1.157828470963201406e+00
-1.178774498325646514e+00 -1.156791478106940385e+00 -1.147149269127258453e+00 -1.147738195375085812e+00 -1.158274504125992976e+00 -1.158685700014041808e+00 -1.158468390311274465e+00
-1.184463161398963127e+00 -1.176924703916417236e+00 -1.157798090819206926e+00 -1.153311541787304773e+00 -1.156336842750364413e+00 -1.154846375876948050e+00 -1.158200877825460884e+00
-1.125817975373581081e+00 -1.162674427304549951e+00 -1.155724048037948037e+00 -1.159913721831312472e+00 -1.160414970022255243e+00 -1.157229602549940672e+00 -1.158869996122252610e+00
-1.147949448648655668e+00 -1.175696752596368189e+00 -1.174089962382240948e+00 -1.148092108454707549e+00 -1.162186558617394283e+00 -1.159129872330758815e+00 -1.159126322853000879e+00
-1.149418298576577291e+00 -1.157243563484959381e+00 -1.145016385087208377e+00 -1.154297265808124973e+00 -1.158853173552704341e+00 -1.154800402296686457e+00 -1.159113967181677030e+00
-1.225208320170635856e+00 -1.131020306760948113e+00 -1.169777796186637797e+00 -1.157982961716709891e+00 -1.162168875191741169e+00 -1.157917431724541091e+00 -1.159458871203767893e+00
-1.145745654727785778e+00 -1.169933264548824514e+00 -1.179949146794331050e+00 -1.153361029599877741e+00 -1.156232621880320943e+00 -1.160311326293161249e+00 -1.155388280423479852e+00
-1.179054862093554368e+00 -1.177359012238020419e+00 -1.175606433315741883e+00 -1.168875459774035175e+00 -1.158766853424738841e+00 -1.159380949109840353e+00 -1.159208648549714615e+00
-1.165846258277668746e+00 -1.161737306961978078e+00 -1.163429958388880969e+00 -1.166581974598360105e+00 -1.160297158900614356e+00 -1.157068314851857238e+00 -1.158792967755947201e+00
-1.162068100219889155e+00 -1.137354177832120783e+00 -1.167183726960784762e+00 -1.164018052488304367e+00 -1.157777862928643486e+00 -1.158743666406307771e+00 -1.158719772390461644e+00
-1.173869013328774136e+00 -1.161416191854269808e+00 -1.150304098041371681e+00 -1.146299615160198293e+00 -1.160636269706857959e+00 -1.157707334796067578e+00 -1.157546077159933740e+00
-1.120786309229067967e+00 -1.140167356894230544e+00 -1.164901839688972096e+00 -1.154578354312229882e+00 -1.157205214840799190e+00 -1.160765918592640888e+00 -1.156981816723135159e+00
-1.221151723708189696e+00 -1.101795111942311944e+00 -1.147887404437250458e+00 -1.160390499495677963e+00 -1.156559798786193971e+00 -1.156612193589087845e+00 -1.158496002543510039e+00
-1.164257043640092082e+00 -1.133267287495285158e+00 -1.158619354012876412e+00 -1.143228411886436646e+00 -1.156323616268983390e+00 -1.156713515800652736e+00 -1.157771885219134766e+00
-1.159999521509341269e+00 -1.181942574376142474e+00 -1.155820991664775033e+00 -1.160202739045508302e+00 -1.161330180124476641e+00 -1.163295746696694666e+00 -1.159049162572242997e+00
-1.134343544733222187e+00 -1.128498562067842270e+00 -1.143773016839924050e+00 -1.160227017997805588e+00 -1.154086772684534523e+00 -1.158725763210934900e+00 -1.159436791771992326e+00
-1.106882999499023024e+00 -1.168108000687787751e+00 -1.144838744069873293e+00 -1.166625696765368092e+00 -1.160723666777562002e+00 -1.161577302592073480e+00 -1.160207084010900447e+00
-1.174810265100228790e+00 -1.123249396587724380e+00 -1.156921943066321790e+00 -1.146476275651338694e+00 -1.154846198144912961e+00 -1.162925749383480811e+00 -1.158213608875272582e+00
-1.177801354006821066e+00 -1.135201533925252360e+00 -1.158538839452759817e+00 -1.155464272906467471e+00 -1.164561578124220897e+00 -1.156547080790467641e+00 -1.159028704818247046e+00
-1.183120492618682018e+00 -1.159785911356877808e+00 -1.166826585201544475e+00 -1.165444159585190098e+00 -1.160432250057948478e+00 -1.160572421995825776e+00 -1.159868553175199102e+00
-1.086134433083018269e+00 -1.187802488217943653e+00 -1.171844755598940635e+00 -1.159303734824361776e+00 -1.154990734473511527e+00 -1.159749520399984801e+00 -1.159204656022755131e+00
-1.111020156920118795e+00 -1.168544320086872812e+00 -1.143435990197950503e+00 -1.156160959170773772e+00 -1.158514574282213605e+00 -1.159604597721948904e+00 -1.157767702399041365e+00
-1.093724567109189971e+00 -1.138165481338591967e+00 -1.178717097371905886e+00 -1.147575063255769967e+00 -1.162286357136790071e+00 -1.157960837368184226e+00 -1.158843595333605592e+00
-1.156187545540949158e+00 -1.136603012298851301e+00 -1.148912581352649065e+00 -1.161130252091317150e+00 -1.159866685821928645e+00 -1.159400506809936449e+00 -1.158969779044892512e+00
-1.141285715893272101e+00 -1.188598029068233863e+00 -1.155159878548171593e+00 -1.152916193592179672e+00 -1.156653417256644500e+00 -1.160086649656995927e+00 -1.161156558373716230e+00
-1.132447890218352571e+00 -1.121544864510521045e+00 -1.153889268142147539e+00 -1.159713681312879885e+00 -1.162211874832118852e+00 -1.156215853735957921e+00 -1.160248905348235215e+00
-1.093604202399534930e+00 -1.190551688984985201e+00 -1.154395932025352289e+00 -1.163141511507048698e+00 -1.158146820463434423e+00 -1.159527430891358790e+00 -1.156809521134464891e+00
-1.097536543077582083e+00 -1.128366105075931713e+00 -1.159098527634657927e+00 -1.163850199198074753e+00 -1.166530677383258441e+00 -1.161856859864505154e+00 -1.160974415547068483e+00
-1.216676934373009278e+00 -1.165004019544555014e+00 -1.169112396829530276e+00 -1.157413126193556296e+00 -1.161068970156916791e+00 -1.160776868524488581e+00 -1.158536510804641040e+00
-1.108136507585756103e+00 -1.179994120056768070e+00 -1.151213261268924093e+00 -1.159949513965411239e+00 -1.159816604434344978e+00 -1.158963550102519058e+00 -1.159329632024330703e+00
-1.190590261935198235e+00 -1.167947143788776065e+00 -1.157093905975637105e+00 -1.162887463705502444e+00 -1.155583952314711338e+00 -1.160052572007150395e+00 -1.159103130246914137e+00
-1.155524732174160407e+00 -1.157519126737365678e+00 -1.185756236168791666e+00 -1.147436527266547657e+00 -1.163025059274643169e+00 -1.159081696351500934e+00 -1.158794278623157314e+00
-1.152687825887835693e+00 -1.144316570773308506e+00 -1.172495907425598283e+00 -1.159902202747333799e+00 -1.158182925951049880e+00 -1.158614669795539953e+00 -1.157968532597139832e+00
-1.168022276560446215e+00 -1.169814449771303222e+00 -1.151900120246869275e+00 -1.163434497696596903e+00 -1.162224776123563785e+00 -1.156314783104146482e+00 -1.161091079134578319e+00
-1.129484802784387343e+00 -1.201165187833356462e+00 -1.133237934398045654e+00 -1.150854886433451796e+00 -1.156234703000224906e+00 -1.160326284791834972e+00 -1.158008343118760219e+00
