(-1.1588369968952508+0j)
-1.262804732404067654e+00 -1.153224192339198817e+00 -1.136604537949441607e+00 -1.172036692039113426e+00 -1.152348773809249050e+00 -1.151402343443421961e+00 -1.153071521785980602e+00
-1.262110026489908554e+00 -1.163382216538588088e+00 -1.155167653801324912e+00 -1.174343548295226025e+00 -1.168157738428419634e+00 -1.158628326294292687e+00 -1.159455733982707848e+00
-1.249142049786554853e+00 -1.159282206086326372e+00 -1.147565687676818769e+00 -1.131542708220177662e+00 -1.152173760224699084e+00 -1.157240529425940245e+00 -1.158636489922992840e+00
-1.286289302597903639e+00 -1.138693375518353923e+00 -1.178805570919540413e+00 -1.154432527307001966e+00 -1.180427779581613379e+00 -1.152557558873025689e+00 -1.152661649797516175e+00
-1.255304880044755711e+00 -1.185482863390503017e+00 -1.171456314386936093e+00 -1.172938027651287740e+00 -1.174905560411102723e+00 -1.150273113076667686e+00 -1.155116887475675869e+00
-1.314158144892732860e+00 -1.182405367856741663e+00 -1.167754665361735444e+00 -1.144118568020869198e+00 -1.173478716460793603e+00 -1.160076459074277810e+00 -1.158972159237783739e+00
-1.251708465454674624e+00 -1.179281426507198915e+00 -1.183303645296719386e+00 -1.148364917265849883e+00 -1.149831478263572571e+00 -1.158567930119595912e+00 -1.156674591807977936e+00
-1.257316827800245562e+00 -1.180306722111190698e+00 -1.125551772108143611e+00 -1.161591271929888425e+00 -1.158964740523218406e+00 -1.158765714327747887e+00 -1.163916945940262071e+00
-1.254957527087676050e+00 -1.159909764327665904e+00 -1.168784891097970791e+00 -1.182947476522588914e+00 -1.150027585675980291e+00 -1.164770257075657955e+00 -1.156505880104416795e+00
-1.258901294634836798e+00 -1.169228238105507245e+00 -1.144935194624050911e+00 -1.145413487555298371e+00 -1.156943472299606812e+00 -1.156547034111085059e+00 -1.154804484032280865e+00
-1.257220447809110464e+00 -1.161032549545467862e+00 -1.180083465670224818e+00 -1.149700448459066049e+00 -1.168510919740429754e+00 -1.161170613986969968e+00 -1.163268987529924914e+00
-1.209693443529877843e+00 -1.175102822353049969e+00 -1.166596620552903918e+00 -1.156357016109652136e+00 -1.150157423006426871e+00 -1.166515469143409423e+00 -1.161135895977941201e+00
-1.256547419208767558e+00 -1.141581046178786085e+00 -1.119518160835902609e+00 -1.148845231146637058e+00 -1.157937848542606174e+00 -1.153907628798454876e+00 -1.163897542917325278e+00
-1.249007237071525944e+00 -1.165308658522471008e+00 -1.167222830447801618e+00 -1.158336016336690921e+00 -1.173008863512274624e+00 -1.154674655394892557e+00 -1.162748352102301652e+00
-1.251467109853268589e+00 -1.141897029677299447e+00 -1.165335489751912146e+00 -1.138772009379918071e+00 -1.162140623332902134e+00 -1.158239853233691719e+00 -1.156252265613554542e+00
-1.265802821071124740e+00 -1.147786150761463730e+00 -1.185129318149515054e+00 -1.177554439156773824e+00 -1.171141728148158645e+00 -1.161434393952096578e+00 -1.159614867991408005e+00
-1.247523342306108063e+00 -1.177003404470114090e+00 -1.156083673502039888e+00 -1.157250271868981217e+00 -1.168879894313225254e+00 -1.161702911726256948e+00 -1.160297796358729538e+00
-1.298311468167619775e+00 -1.131859451643411063e+00 -1.159819205202889947e+00 -1.129940020743858575e+00 -1.168459970798355396e+00 -1.158826530683213285e+00 -1.161084797515008482e+00
-1.237720107193898578e+00 -1.147396571709040636e+00 -1.184653549322066901e+00 -1.162848746463022387e+00 -1.165311288953621904e+00 -1.164578576085489869e+00 -1.160229073384962284e+00
-1.245219959553210742e+00 -1.167664632864052532e+00 -1.150885179255418223e+00 -1.183966744690097883e+00 -1.149344167188941057e+00 -1.147147164179769918e+00 -1.158082649923042107e+00
-1.255746715938934610e+00 -1.127449239293328631e+00 -1.163992243210238975e+00 -1.177602880632445448e+00 -1.172171159727401601e+00 -1.160212034330383890e+00 -1.163630658343659308e+00
-1.235416856694534715e+00 -1.161911352511627360e+00 -1.144280002839500820e+00 -1.175267198382591083e+00 -1.179061461919442610e+00 -1.168433926447040694e+00 -1.163109183494310583e+00
-1.238665918327535920e+00 -1.166406166355785423e+00 -1.131496127987731803e+00 -1.170637621590704391e+00 -1.170164898628869299e+00 -1.157438659007915760e+00 -1.157091621735814480e+00
-1.289885717187984504e+00 -1.135649696483640891e+00 -1.153142491843147877e+00 -1.186828879731473663e+00 -1.157696092560204892e+00 -1.160209930973057357e+00 -1.159800574877578150e+00
-1.247573834979279539e+00 -1.151963403586392154e+00 -1.153449261128825176e+00 -1.157932576628423860e+00 -1.160428839056214745e+00 -1.154920277983757071e+00 -1.161507481356387261e+00
-1.249142049786554853e+00 -1.146055109162118057e+00 -1.178316451706862500e+00 -1.180377616372394023e+00 -1.176125973218388854e+00 -1.161354400966643441e+00 -1.159932592732459966e+00
-1.255421040295671364e+00 -1.131984173185590192e+00 -1.155881887278715769e+00 -1.135441116418013374e+00 -1.141320673463853463e+00 -1.157200402103131243e+00 -1.157731070521810457e+00
-1.277140443621923582e+00 -1.169631626181216300e+00 -1.168814159905095629e+00 -1.163671709913751684e+00 -1.154724002555843176e+00 -1.161126713850303638e+00 -1.160435123565080051e+00
-1.234565528497996389e+00 -1.170076602809203337e+00 -1.149136312775670632e+00 -1.168978366330644114e+00 -1.159281864241155979e+00 -1.161036036936867077e+00 -1.154606371029717193e+00
-1.277728606649705778e+00 -1.179753549865419249e+00 -1.156006642849208621e+00 -1.185647088104100799e+00 -1.184122837684168372e+00 -1.155737984185066791e+00 -1.161211644484497318e+00
-1.242262332917616785e+00 -1.179467548476848204e+00 -1.154398815446497917e+00 -1.147680685484061325e+00 -1.158348812449105925e+00 -1.153232689147067891e+00 -1.160465317191038626e+00
-1.250374971586027950e+00 -1.129715521912441734e+00 -1.164407679807034413e+00 -1.143612817197938725e+00 -1.164466071544635994e+00 -1.155236869002573386e+00 -1.157712803639217469e+00
-1.159923310503628624e+00 -1.174973233095730318e+00 -1.147517637001991497e+00 -1.158498317333847005e+00 -1.153997490621655242e+00 -1.148761961109405760e+00 -1.157812417203957445e+00
-1.240928839048970334e+00 -1.136750310521168927e+00 -1.130192781525263479e+00 -1.130591954454797543e+00 -1.153235413084347183e+00 -1.157993159700552610e+00 -1.155571433156415750e+00
-1.247439022264250852e+00 -1.142813899393090971e+00 -1.164597185548444713e+00 -1.165612159384875834e+00 -1.156855260795403684e+00 -1.151348823623811191e+00 -1.156196823031669929e+00
-1.273668678851629599e+00 -1.144425883090570473e+00 -1.177992478019031175e+00 -1.149369262706184891e+00 -1.156813538762762272e+00 -1.156608002706880356e+00 -1.155990387067953984e+00
-1.255746715938934610e+00 -1.143723582506938286e+00 -1.166687483746633003e+00 -1.134060570326170359e+00 -1.164626473849990518e+00 -1.155802084291392529e+00 -1.159783305935530695e+00
-1.246206100464777533e+00 -1.142547255401644479e+00 -1.140540878945557335e+00 -1.158488185246600910e+00 -1.157650918313074762e+00 -1.160336280768061279e+00 -1.158790110597307965e+00
-1.236733966282331565e+00 -1.163993644906904379e+00 -1.137608877975523569e+00 -1.171209864584621840e+00 -1.168360408149677232e+00 -1.156944080383878637e+00 -1.161811786802323665e+00
-1.230958951012673275e+00 -1.122405595779857990e+00 -1.160320732732233129e+00 -1.177363630223925206e+00 -1.156380919984240974e+00 -1.153938234770007121e+00 -1.161582140956562981e+00
-1.278401635250048685e+00 -1.141241617138469611e+00 -1.149277113805514450e+00 -1.143372107007790683e+00 -1.166691602934207594e+00 -1.168166347125842552e+00 -1.159395858774744159e+00
-1.246587694067712748e+00 -1.171197945633325688e+00 -1.170659292963473597e+00 -1.153226913214723481e+00 -1.154329253477214934e+00 -1.160908578680265091e+00 -1.160802025041191232e+00
-1.270188424512464165e+00 -1.144110837538600212e+00 -1.153327227361045981e+00 -1.194031945158671171e+00 -1.138519500329594702e+00 -1.157935147738840209e+00 -1.156845585045457536e+00
-1.275499926574127141e+00 -1.159171690861683146e+00 -1.166610269814414069e+00 -1.177490087451599443e+00 -1.149647055719368094e+00 -1.163254141128859054e+00 -1.161801383240438579e+00
-1.230296085307572618e+00 -1.148999582397610464e+00 -1.133359920361739270e+00 -1.143204312648091525e+00 -1.159485247310990896e+00 -1.160368030702341180e+00 -1.160895801900141855e+00
-1.268116234465730408e+00 -1.163305803428346108e+00 -1.180805408590838379e+00 -1.168955756711647087e+00 -1.132574965446000004e+00 -1.163622492991630342e+00 -1.155035357006513719e+00
-1.256598044135472714e+00 -1.159577656935291134e+00 -1.159479325948944650e+00 -1.167150892260360173e+00 -1.170592852083231161e+00 -1.167629070368255695e+00 -1.160078712207126106e+00
-1.225697941624181997e+00 -1.155951733772035084e+00 -1.183374542454290079e+00 -1.162599110393704560e+00 -1.154797123896118105e+00 -1.164211657120941545e+00 -1.160503169781944344e+00
-1.264162304023328076e+00 -1.140140635980004369e+00 -1.149491169139820634e+00 -1.120188726491581299e+00 -1.165229573691707099e+00 -1.151049052496280201e+00 -1.158075095466366111e+00
-1.231316466864995185e+00 -1.136735451999009605e+00 -1.149944700202084613e+00 -1.179341197346726267e+00 -1.156237231403360877e+00 -1.159537590671996021e+00 -1.162730554874739752e+00
