(-1.1419864346334356+0j)
-1.191667619807543321e+00 -1.174225223619734138e+00 -1.144636285411431809e+00 -1.134947763966741130e+00 -1.149131404210962160e+00 -1.143315959747032373e+00 -1.141281518563627806e+00
-1.178760371797330730e+00 -1.119032054830740197e+00 -1.137109675977919565e+00 -1.137561996804577813e+00 -1.147792321673161586e+00 -1.142859629525131648e+00 -1.142340902832752469e+00
-1.172996680344269516e+00 -1.124746581998069317e+00 -1.136688713377488780e+00 -1.132476313252660738e+00 -1.143459152608110818e+00 -1.141720501365487195e+00 -1.143770242610231191e+00
-1.156403351403964219e+00 -1.153728606725155759e+00 -1.120929599315487746e+00 -1.156001024735033855e+00 -1.140223810093279333e+00 -1.144763007960354129e+00 -1.140834477650588763e+00
-1.145778329337104662e+00 -1.146133513199010689e+00 -1.159316100765755531e+00 -1.140000494091357952e+00 -1.145676947880287511e+00 -1.142132558655778229e+00 -1.141253691706769935e+00
-1.125520411598230908e+00 -1.123734781990566978e+00 -1.159576613183547433e+00 -1.138932276989389258e+00 -1.143624041607393949e+00 -1.144096216494064233e+00 -1.140626008078667208e+00
-1.121633203445596472e+00 -1.159668402985097213e+00 -1.119688113188160639e+00 -1.142385998762781796e+00 -1.136873282041338307e+00 -1.140077274916020622e+00 -1.141892255331177664e+00
-1.148864211712922412e+00 -1.117247547534975016e+00 -1.148015008469241316e+00 -1.137845728018849201e+00 -1.140349559493798237e+00 -1.142532785857155675e+00 -1.141411825857708617e+00
-1.124911211077114892e+00 -1.116459789865958285e+00 -1.139128152906816460e+00 -1.138988161612149108e+00 -1.139146519364123922e+00 -1.145485018887694162e+00 -1.143550315881959545e+00
-1.082920461381799537e+00 -1.154856547129171851e+00 -1.146949103764919098e+00 -1.149310322890092051e+00 -1.138084047191576964e+00 -1.140343061819223625e+00 -1.142797213038115656e+00
-1.158587687072806904e+00 -1.108003358278099704e+00 -1.139499674840296128e+00 -1.131375606551935808e+00 -1.143448834812645254e+00 -1.141788228213320711e+00 -1.142034163639424449e+00
-1.108820190416574425e+00 -1.106429332128682885e+00 -1.146235335029831326e+00 -1.147891032146446832e+00 -1.140177199546125841e+00 -1.143183839026310711e+00 -1.140733037174048725e+00
-1.201321360574271857e+00 -1.180000389717625886e+00 -1.141741482348326731e+00 -1.144045475071489237e+00 -1.141488812263391495e+00 -1.138608601769215856e+00 -1.138347157347516792e+00
-1.151228015377304903e+00 -1.167051935555725173e+00 -1.140605587340198790e+00 -1.141284704914498516e+00 -1.146375815081932314e+00 -1.142083058078469548e+00 -1.141621621547620258e+00
-1.115793280945026389e+00 -1.110151189802358385e+00 -1.142689073850829740e+00 -1.141206248373979992e+00 -1.142099134982308861e+00 -1.145671061940044755e+00 -1.142661969074217243e+00
-1.100007263730506057e+00 -1.170264945405854018e+00 -1.134056353868875266e+00 -1.150279764486976664e+00 -1.141288248193285781e+00 -1.141284744157252895e+00 -1.140864497131449884e+00
-1.162669351136790041e+00 -1.126793193934809922e+00 -1.130447819449015734e+00 -1.142746460713908618e+00 -1.145393473368867987e+00 -1.139491918876338605e+00 -1.142443030718373276e+00
-1.136051198683900143e+00 -1.144917504345725812e+00 -1.133886931945205179e+00 -1.140121068481914968e+00 -1.139935732641997657e+00 -1.145133057539102550e+00 -1.140652925678554697e+00
-1.152138564051121028e+00 -1.122169979354124880e+00 -1.131902300629379798e+00 -1.139927420974739203e+00 -1.142271246821605413e+00 -1.144573780739748248e+00 -1.140787363248896291e+00
-1.181029940480522900e+00 -1.145969392825202826e+00 -1.130663426177720865e+00 -1.153559871907324119e+00 -1.146135797703944359e+00 -1.141211755744406808e+00 -1.140296569019972672e+00
-1.146354027503345474e+00 -1.168383108860261865e+00 -1.139373644963687093e+00 -1.136798652719003266e+00 -1.144184871487654576e+00 -1.143171131006662566e+00 -1.142701201831882951e+00
-1.191366271654843212e+00 -1.142080066007054029e+00 -1.144829653230387212e+00 -1.142630486994263173e+00 -1.140774853931193267e+00 -1.141467894530490579e+00 -1.141287073788809447e+00
-1.156824081962699147e+00 -1.155951225660693638e+00 -1.124965544258215822e+00 -1.149324308348518286e+00 -1.138129135822472993e+00 -1.140248752457478698e+00 -1.139981525683420038e+00
-1.153807934180037797e+00 -1.183366692279291810e+00 -1.131803865369021889e+00 -1.149806529080096507e+00 -1.140215154047236279e+00 -1.142030892832733180e+00 -1.141234238167794679e+00
-1.114282533716935308e+00 -1.095245495333737162e+00 -1.147629485830376161e+00 -1.149445179834387654e+00 -1.142981098323031741e+00 -1.145570869215256860e+00 -1.142362331464463310e+00
-1.142594556686776563e+00 -1.164997300259509982e+00 -1.152287623742216383e+00 -1.147086354291084742e+00 -1.146421448488106343e+00 -1.146451037223304770e+00 -1.141038304214136989e+00
-1.123229183688037036e+00 -1.108435015267137169e+00 -1.153865665458126077e+00 -1.141066510399877387e+00 -1.144314427625532371e+00 -1.142247799271185915e+00 -1.141909144852231606e+00
-1.161950927718674809e+00 -1.135776673060256314e+00 -1.155959294177573593e+00 -1.136969504141567278e+00 -1.141097852107860966e+00 -1.140334299675849206e+00 -1.141415118881536239e+00
-1.144084458820153305e+00 -1.141910976989596094e+00 -1.139052163489561842e+00 -1.144935777092083384e+00 -1.142496922348257726e+00 -1.142061271652911714e+00 -1.141744511506857851e+00
-1.147191186290685394e+00 -1.133961087543922552e+00 -1.156841919142936437e+00 -1.147451459120599093e+00 -1.140588480582549469e+00 -1.143545216639081374e+00 -1.141449410258410957e+00
-1.125906992765280723e+00 -1.180074234347580742e+00 -1.141032482078826682e+00 -1.149681485434645101e+00 -1.144967831858326512e+00 -1.141895695253605458e+00 -1.141682421129640357e+00
-1.155407569715798832e+00 -1.153561711316664962e+00 -1.159287023312960851e+00 -1.146859917554588826e+00 -1.144646895471427950e+00 -1.144609406587041578e+00 -1.141640570034474944e+00
-1.198137587923943537e+00 -1.141105112188594894e+00 -1.152896297563454464e+00 -1.146560201733610729e+00 -1.135157176497687770e+00 -1.139310289090940342e+00 -1.140790814194601488e+00
-1.174422194558011334e+00 -1.148212748768274283e+00 -1.139723907494448962e+00 -1.149264615166545545e+00 -1.134890167777971248e+00 -1.142469303170518202e+00 -1.141073474253447184e+00
-1.117453649107102542e+00 -1.170443206949831394e+00 -1.144381586567027487e+00 -1.137853719186355139e+00 -1.151268350872198809e+00 -1.141956742315945128e+00 -1.141229417287469294e+00
-1.109721737123549712e+00 -1.151960419941547187e+00 -1.158755104668678149e+00 -1.142428400096617835e+00 -1.139774992681956478e+00 -1.146449359329781092e+00 -1.141817758537444494e+00
-1.177163577422602581e+00 -1.141224776254162965e+00 -1.152103330162177475e+00 -1.141328512336818868e+00 -1.139495612838948402e+00 -1.144124505935008695e+00 -1.142401708380230696e+00
-1.173018339571271440e+00 -1.139653160646700858e+00 -1.128245130711924116e+00 -1.145528342254724663e+00 -1.143264756484020150e+00 -1.142832897419274296e+00 -1.141344874769115281e+00
-1.171494935083019273e+00 -1.125561743477939913e+00 -1.134548605046179937e+00 -1.134003215341061299e+00 -1.137994804280611394e+00 -1.138896285652303053e+00 -1.140149187947673504e+00
-1.182732812964315094e+00 -1.205016852506588965e+00 -1.132893384429666250e+00 -1.129531583868305322e+00 -1.135278078289801318e+00 -1.140754681693003647e+00 -1.142854485387300167e+00
-1.138259684075359157e+00 -1.144608390205726245e+00 -1.151077615627833506e+00 -1.146230207889337827e+00 -1.139053915888549096e+00 -1.140922990122942959e+00 -1.141023962693306970e+00
-1.126409301045045108e+00 -1.136382082147494588e+00 -1.150718244905677423e+00 -1.130996742512478503e+00 -1.142299360826139143e+00 -1.141368593942250875e+00 -1.142237020709870210e+00
-1.183540124690099837e+00 -1.162628660386917812e+00 -1.132513731341674212e+00 -1.145058054078014642e+00 -1.142370981406300334e+00 -1.145628885331712254e+00 -1.142260417698441888e+00
-1.159489233779781969e+00 -1.199181179721550583e+00 -1.137465985559115378e+00 -1.150979262648519796e+00 -1.137111643110449988e+00 -1.141993603162406057e+00 -1.141608124086595177e+00
-1.171400700101828729e+00 -1.140586928542522527e+00 -1.129993162560951170e+00 -1.137977039108328148e+00 -1.144374672900888790e+00 -1.140420669319090141e+00 -1.142196473059905681e+00
-1.151614596544354718e+00 -1.103479305400810073e+00 -1.132544912332290377e+00 -1.147652794655022568e+00 -1.148117535061622618e+00 -1.144895689470704303e+00 -1.142190969172778958e+00
-1.175674489421513202e+00 -1.111421906598698106e+00 -1.112115991647456337e+00 -1.135633427288606168e+00 -1.138854183742352477e+00 -1.143889023854717468e+00 -1.142835910383503073e+00
-1.150627816823029725e+00 -1.105325100163514929e+00 -1.161031825974417675e+00 -1.148145640595127581e+00 -1.137713677738270146e+00 -1.145411311190443371e+00 -1.141590147162926172e+00
-1.091651810346838225e+00 -1.145238444294476743e+00 -1.148258743547851735e+00 -1.155247535322855512e+00 -1.145014635680835280e+00 -1.146339347189566649e+00 -1.141927648749330615e+00
-1.095827709392012128e+00 -1.113801319715285842e+00 -1.148210023864816964e+00 -1.142270298757925850e+00 -1.141106170357652827e+00 -1.145704109889372990e+00 -1.141345685563849743e+00
