(-1.1419864346334356+0j)
-1.155027545416034140e+00 -1.142542404168062742e+00 -1.148245477857855246e+00 -1.144093671411125612e+00 -1.146621128227521158e+00 -1.142382489832538983e+00 -1.143638935195304907e+00
-1.099508530130809625e+00 -1.086274992702317643e+00 -1.135121367730580477e+00 -1.148610107239248723e+00 -1.141296179352603524e+00 -1.139526309812879168e+00 -1.142961257252827600e+00
-1.164218620954779571e+00 -1.162592544380110837e+00 -1.162928541774222113e+00 -1.147441903184270862e+00 -1.142898278289121050e+00 -1.142052237288888383e+00 -1.142392633771204480e+00
-1.152476778852012718e+00 -1.153507483352379293e+00 -1.157125351129961288e+00 -1.152276209365396431e+00 -1.150047395408184903e+00 -1.145378595952935896e+00 -1.141581588944661441e+00
-1.102497215516677009e+00 -1.092433431746016481e+00 -1.149519975225679946e+00 -1.139971555189799091e+00 -1.149031095150279125e+00 -1.145338603269560940e+00 -1.142460893075043060e+00
-1.121980420213329221e+00 -1.159578967777552094e+00 -1.133347094800835286e+00 -1.139787249586075468e+00 -1.140076254438447734e+00 -1.136753453080958209e+00 -1.140373793727911256e+00
-1.143533643071311445e+00 -1.141937294607785258e+00 -1.167157550509481112e+00 -1.153887948345324599e+00 -1.150318853281492082e+00 -1.148110393062132140e+00 -1.142860975162463655e+00
-1.140865818873247228e+00 -1.174709454159502453e+00 -1.186120752565690273e+00 -1.151759670658943024e+00 -1.151630744199793055e+00 -1.141243647384065030e+00 -1.142092695882741538e+00
-1.130472413300418477e+00 -1.115018172536244911e+00 -1.140340434204249576e+00 -1.156236346565185480e+00 -1.142870062354627958e+00 -1.140909607757205180e+00 -1.141184047851636851e+00
-1.146442722967015548e+00 -1.140890439395830569e+00 -1.156989658832616730e+00 -1.133279827193424572e+00 -1.151284410944392711e+00 -1.141407222953857215e+00 -1.142497301214939753e+00
-1.109852386228758592e+00 -1.136929978540631492e+00 -1.146521216626221751e+00 -1.138192998301672310e+00 -1.142469882136772030e+00 -1.143344969285421620e+00 -1.140439578759060879e+00
-1.153069841767905057e+00 -1.117883840786707106e+00 -1.114688059061414105e+00 -1.116258533105856987e+00 -1.137219554069895722e+00 -1.144407458919596721e+00 -1.142228316094201501e+00
-1.142855383920894585e+00 -1.140655025116770194e+00 -1.150386115383196906e+00 -1.117872306731429344e+00 -1.140859782252912957e+00 -1.143006467606059839e+00 -1.140134732835569986e+00
-1.168186561138343071e+00 -1.133080676530111575e+00 -1.154828661226633635e+00 -1.157093187442207238e+00 -1.143413396552761530e+00 -1.144849067624410299e+00 -1.144392570202787507e+00
-1.154772156255955640e+00 -1.168272594215468141e+00 -1.131902737213553056e+00 -1.133839081960912321e+00 -1.137772821818899383e+00 -1.141898352338987177e+00 -1.142797843906370403e+00
-1.143412084453848010e+00 -1.140141619526855887e+00 -1.129976544217833334e+00 -1.141256685711977692e+00 -1.138365497977650964e+00 -1.145964187241543364e+00 -1.142653520241073473e+00
-1.116906208788139843e+00 -1.124198077003992324e+00 -1.139621905700921367e+00 -1.148084230537780748e+00 -1.146861949445597606e+00 -1.142173404531322323e+00 -1.143476052665557630e+00
-1.134436035279737132e+00 -1.144094603880848826e+00 -1.114764696966865198e+00 -1.126601940529809553e+00 -1.129719800201959945e+00 -1.140509207669783365e+00 -1.141120079196106252e+00
-1.169926079818751408e+00 -1.172906888791318991e+00 -1.163910051539505774e+00 -1.143557238112162366e+00 -1.135182533898043467e+00 -1.141772350366351496e+00 -1.142806718537094035e+00
-1.119848026536907515e+00 -1.127249466972602754e+00 -1.135723058009272979e+00 -1.116836175349676719e+00 -1.137426587949906587e+00 -1.140905675076030690e+00 -1.144067807051867502e+00
-1.136052412758346009e+00 -1.169558155468273242e+00 -1.162995737137665797e+00 -1.151157150553797637e+00 -1.138687203343140109e+00 -1.142907591141113288e+00 -1.141323391589253333e+00
-1.129058349147531004e+00 -1.163968800800277315e+00 -1.154525349851166727e+00 -1.131126116786625335e+00 -1.139111433345005198e+00 -1.141471714506115731e+00 -1.143109956745667288e+00
-1.120688633165302761e+00 -1.127990672466554933e+00 -1.126747821605350808e+00 -1.142146725533097928e+00 -1.138741034601199242e+00 -1.140409238985255369e+00 -1.141346148548106898e+00
-1.120754074227303221e+00 -1.126299474087681052e+00 -1.131431048720078270e+00 -1.150751971335415735e+00 -1.143367980820135799e+00 -1.142895287342961197e+00 -1.140330125651805915e+00
-1.145785121201890355e+00 -1.161962567958972681e+00 -1.145135675402065178e+00 -1.157406902847869068e+00 -1.144598945457594441e+00 -1.144766858787636954e+00 -1.145195064816379338e+00
-1.176283322970095746e+00 -1.147621690139866812e+00 -1.144583927463499684e+00 -1.172464564267728715e+00 -1.149704397817055135e+00 -1.147142541885971312e+00 -1.140911412214685949e+00
-1.118760359685906813e+00 -1.128052259756192388e+00 -1.143163250834715816e+00 -1.144500732715220348e+00 -1.143955309625161121e+00 -1.142482336016949152e+00 -1.143364962979448674e+00
-1.153348966814205845e+00 -1.153282300436671459e+00 -1.159288417003480731e+00 -1.144973438531654342e+00 -1.143841905436703721e+00 -1.140491873500140141e+00 -1.140554389604046648e+00
-1.168607840744655402e+00 -1.161858007250396785e+00 -1.130155951103924750e+00 -1.149116135331009536e+00 -1.139881409225341979e+00 -1.143956258507491608e+00 -1.141452774202488918e+00
-1.163596405800174871e+00 -1.182181705182955511e+00 -1.142227804802503410e+00 -1.138855885341857554e+00 -1.136785088844484815e+00 -1.140752130274108156e+00 -1.139233148507229565e+00
-1.151798482921770672e+00 -1.135792031749355280e+00 -1.129692375529681048e+00 -1.121916029856867114e+00 -1.131583160301002700e+00 -1.138394363436591394e+00 -1.141325630841628858e+00
-1.139372936409337900e+00 -1.149724290544219318e+00 -1.138522640378658135e+00 -1.137029968462680785e+00 -1.139114693418725288e+00 -1.141585924085463777e+00 -1.140852569564625441e+00
-1.140110445259201466e+00 -1.181589292619102283e+00 -1.150904904657877204e+00 -1.135575943656821796e+00 -1.144038117911322150e+00 -1.141311982717422957e+00 -1.141690914851453131e+00
-1.128904299641301900e+00 -1.168545001416646079e+00 -1.161352138478765061e+00 -1.148781093169451317e+00 -1.139277937196154333e+00 -1.140070446358548040e+00 -1.140872417286953988e+00
-1.121984921196749641e+00 -1.134809787950180837e+00 -1.156889218354345550e+00 -1.156500622961199376e+00 -1.147124192181234958e+00 -1.143317589919269128e+00 -1.141249618895970430e+00
-1.160982064502611433e+00 -1.149971303078121121e+00 -1.120632625056181997e+00 -1.132832082291308717e+00 -1.145542662431293213e+00 -1.141776536595076719e+00 -1.141594585507792914e+00
-1.119998700613257459e+00 -1.166563925126341550e+00 -1.154351805666082420e+00 -1.142713081200451786e+00 -1.142367960323920073e+00 -1.136443185818446722e+00 -1.141086881632481287e+00
-1.127207698232409516e+00 -1.144960207942940400e+00 -1.165193483658902629e+00 -1.139228181631556591e+00 -1.135590356571960058e+00 -1.142055046524446116e+00 -1.141658448216176014e+00
-1.135643041837587575e+00 -1.147836997962016881e+00 -1.137334501769774242e+00 -1.121742965910163647e+00 -1.134430207340934249e+00 -1.139189308341533202e+00 -1.144273057450631459e+00
-1.129749462829590101e+00 -1.134135461190906913e+00 -1.159443311125760934e+00 -1.132403067161693588e+00 -1.139748393851621522e+00 -1.139263947978552460e+00 -1.141933692858456251e+00
-1.146088595908906882e+00 -1.146932108410924744e+00 -1.114278877640751730e+00 -1.132374990392921887e+00 -1.144981266681963206e+00 -1.140483764330117555e+00 -1.139835836189334373e+00
-1.131609660592023170e+00 -1.124705263233429342e+00 -1.151772738844993871e+00 -1.183760455703587233e+00 -1.150307519806574863e+00 -1.139476502683246739e+00 -1.141869188648513056e+00
-1.075016015126085911e+00 -1.100041779241644146e+00 -1.121813769250912252e+00 -1.150158707159101956e+00 -1.140070205097060363e+00 -1.137124455214498120e+00 -1.141172980617967792e+00
-1.130623087376768865e+00 -1.111659647595588662e+00 -1.118625100663114935e+00 -1.132355180389005067e+00 -1.136836182146617080e+00 -1.140660994420959584e+00 -1.142410301960999019e+00
-1.127207698232409516e+00 -1.143111371604496718e+00 -1.162427906980347370e+00 -1.147826604053782340e+00 -1.140889824971110578e+00 -1.138830442539094268e+00 -1.140362680125296846e+00
-1.151299378003241891e+00 -1.145819341873175912e+00 -1.150983588716124162e+00 -1.142659612047131290e+00 -1.139022308268182515e+00 -1.142163027285053367e+00 -1.142776201786223300e+00
-1.143225121554209078e+00 -1.144521409585656180e+00 -1.121191003543923870e+00 -1.119475430990853670e+00 -1.141736193923037046e+00 -1.140462977031993397e+00 -1.142267880027471261e+00
-1.148318532250849344e+00 -1.138982460011424447e+00 -1.134340868468187935e+00 -1.140376649922115071e+00 -1.135022727462545511e+00 -1.139630933461533768e+00 -1.140241232477063216e+00
-1.140865818873247228e+00 -1.173550110918912370e+00 -1.181163503945833693e+00 -1.148429630853913919e+00 -1.143852305472617958e+00 -1.144659541803420888e+00 -1.143012382104037439e+00
-1.160299267588948968e+00 -1.157086502801755845e+00 -1.131808287573906391e+00 -1.141691259063215558e+00 -1.146773790474576948e+00 -1.146603564660314767e+00 -1.142878826595723041e+00
