(-1.1419864346334356+0j)
-1.099264777592534381e+00 -1.187149936406986406e+00 -1.124879297480525953e+00 -1.131976239026719178e+00 -1.153860743534234290e+00 -1.137455389870456024e+00 -1.142299382535186147e+00
-1.163869279611438490e+00 -1.115834943238073862e+00 -1.137338570857976405e+00 -1.136737761956803316e+00 -1.141484159644182483e+00 -1.142274278869219062e+00 -1.136872364101204180e+00
-1.171746375961481679e+00 -1.176206079851185748e+00 -1.145443278758586203e+00 -1.139478262540076337e+00 -1.148794715335763827e+00 -1.139640796929151101e+00 -1.147038174219450868e+00
-1.163751648605495070e+00 -1.140323441953884132e+00 -1.152278745068133325e+00 -1.144155635040739583e+00 -1.139273185543805633e+00 -1.140072497133045815e+00 -1.143117615808040277e+00
-1.134611819895847251e+00 -1.167524041521253331e+00 -1.137494349162069707e+00 -1.142207179425432706e+00 -1.142582363573130699e+00 -1.141657854735845801e+00 -1.144560649235078387e+00
-1.169745726473671921e+00 -1.165255984281133639e+00 -1.161856901145937870e+00 -1.142098561881558894e+00 -1.144994786013105781e+00 -1.136372296384527081e+00 -1.144706106735446927e+00
-1.128949009758360766e+00 -1.146080052199504706e+00 -1.153592376769931871e+00 -1.135006687175936335e+00 -1.145583754336877202e+00 -1.137722943437883938e+00 -1.150798108661495345e+00
-1.125709430381734766e+00 -1.145511340475567241e+00 -1.123912179593977267e+00 -1.132873089456217341e+00 -1.144477986012994108e+00 -1.145163236382398253e+00 -1.145848955768786759e+00
-1.096555322724536374e+00 -1.141300241902428292e+00 -1.117483224023475774e+00 -1.144592632924172015e+00 -1.145361087956901613e+00 -1.141044369574899076e+00 -1.142091450278277520e+00
-1.120445932231109332e+00 -1.121179332775758208e+00 -1.167295675460712889e+00 -1.141072254894163196e+00 -1.148070098764922609e+00 -1.144086134464552540e+00 -1.139945883581010122e+00
-1.141939062634031110e+00 -1.124589595284216204e+00 -1.128115987158995415e+00 -1.139138538149732316e+00 -1.141059819523885244e+00 -1.142846335131685320e+00 -1.141852668022736328e+00
-1.163381805500611765e+00 -1.129512081367646914e+00 -1.137805535797042245e+00 -1.138230881087924695e+00 -1.146239063914179734e+00 -1.141897522262317555e+00 -1.140283736825183247e+00
-1.192178905398111777e+00 -1.148763256949342004e+00 -1.121356574821459118e+00 -1.135170354835534301e+00 -1.138019694658959802e+00 -1.144443128049526193e+00 -1.140773453939420090e+00
-1.167745088614064120e+00 -1.147937654812622554e+00 -1.161163387970799654e+00 -1.132976482155994891e+00 -1.138026981778929692e+00 -1.143207903827448080e+00 -1.137188324087583302e+00
-1.154391265490735119e+00 -1.120216675919510019e+00 -1.143099644014094807e+00 -1.147352628741787672e+00 -1.142126931358523834e+00 -1.147505535000540977e+00 -1.140063992766418455e+00
-1.119050912115732821e+00 -1.120193793392660897e+00 -1.163400697622070545e+00 -1.149759130086366765e+00 -1.140451819025720459e+00 -1.139766731242151110e+00 -1.145472050037499745e+00
-1.144123398302873795e+00 -1.136371088279126029e+00 -1.153856702039529392e+00 -1.146573343738334083e+00 -1.144199180322801102e+00 -1.144288216032151917e+00 -1.141276990751423082e+00
-1.047810494004221660e+00 -1.183239507972962734e+00 -1.148902636634742791e+00 -1.150269875512772266e+00 -1.137604537254893522e+00 -1.137692350266338082e+00 -1.141585591739397998e+00
-1.171095641034047397e+00 -1.145941185973567755e+00 -1.133482525541851027e+00 -1.135357182568516698e+00 -1.149927233560462447e+00 -1.146000021724231654e+00 -1.141787452457451391e+00
-1.174192984491321923e+00 -1.154136468647515290e+00 -1.148378786714350230e+00 -1.139022914156788246e+00 -1.141005989629547468e+00 -1.139411629495900691e+00 -1.141414797907554401e+00
-1.175919283965590978e+00 -1.116251463642135011e+00 -1.146864546172268184e+00 -1.141693605296751901e+00 -1.135954628455518201e+00 -1.144381638991408323e+00 -1.142508804455925286e+00
-1.195547534268212253e+00 -1.126588603076991157e+00 -1.156600462144009134e+00 -1.134641890559864086e+00 -1.147483612193996638e+00 -1.148563842653054667e+00 -1.144152669103485565e+00
-1.115039395657046351e+00 -1.121727234501171733e+00 -1.124002969941246821e+00 -1.144997635008129455e+00 -1.143841877784511851e+00 -1.144351975539888100e+00 -1.141998179832479199e+00
-1.161599772859694291e+00 -1.107228949928695805e+00 -1.145699981931153300e+00 -1.146190711055924627e+00 -1.138888058999249830e+00 -1.140108516269139560e+00 -1.144941617289559455e+00
-1.160227501732260968e+00 -1.113863914761364260e+00 -1.125759555428335723e+00 -1.142464147952734876e+00 -1.150510534645195815e+00 -1.136969516782055267e+00 -1.145274251568986656e+00
-1.153382857508132631e+00 -1.168077487275918092e+00 -1.142176523585222814e+00 -1.150004991403652310e+00 -1.142041106687559537e+00 -1.145580189310338781e+00 -1.146391277438610690e+00
-1.154157296298734536e+00 -1.153985323723744294e+00 -1.139247815862561630e+00 -1.144848727095654661e+00 -1.138360658144942583e+00 -1.141212958249487208e+00 -1.138343889908734585e+00
-1.135223479531579205e+00 -1.182820800833152219e+00 -1.135133992904808542e+00 -1.132384246161715735e+00 -1.141108372623543588e+00 -1.146926081019467247e+00 -1.140597105391315313e+00
-1.134782786885271122e+00 -1.134734451994552362e+00 -1.159271974060829047e+00 -1.138686141859015066e+00 -1.146961783721516692e+00 -1.143068849438816148e+00 -1.137955658159304217e+00
-1.156205789020418262e+00 -1.145112480610683825e+00 -1.115740027339396701e+00 -1.150924613771918903e+00 -1.143662119908436914e+00 -1.144096758830833949e+00 -1.138038009553995922e+00
-1.130872151742159382e+00 -1.161698869984562510e+00 -1.124409605076039043e+00 -1.149867689884952249e+00 -1.140561080072893141e+00 -1.147382233690681375e+00 -1.143049787299095676e+00
-1.145422894361183275e+00 -1.114056376862464059e+00 -1.138147478999755213e+00 -1.138386526838047530e+00 -1.143102320470148481e+00 -1.147887053507780752e+00 -1.142482694452051417e+00
-1.142751158141164236e+00 -1.084963107439146146e+00 -1.105249291449145854e+00 -1.138733381546819246e+00 -1.149927788966385478e+00 -1.139345166911335028e+00 -1.141208738410770973e+00
-1.137120838892443864e+00 -1.115601877780060036e+00 -1.169141340847619448e+00 -1.136372971879902494e+00 -1.144161607264704061e+00 -1.139441554651293487e+00 -1.140979795625532534e+00
-1.161785856223894964e+00 -1.072419286199978172e+00 -1.160085760613984718e+00 -1.131939391351732827e+00 -1.142482198415224692e+00 -1.135626725770399581e+00 -1.139546088248711175e+00
-1.166647124906245114e+00 -1.119119580025522254e+00 -1.176211873684082754e+00 -1.129457828411916553e+00 -1.144672392837179364e+00 -1.139260773527033477e+00 -1.146294441734397651e+00
-1.140886216109415097e+00 -1.162903170635382732e+00 -1.146264591828027424e+00 -1.140263339577163304e+00 -1.143959609831331381e+00 -1.145347498958019905e+00 -1.143535799310264167e+00
-1.129977251369568725e+00 -1.156615857323647800e+00 -1.131589786565948330e+00 -1.140291252609703543e+00 -1.138530961958278853e+00 -1.148905134522856919e+00 -1.144471136989284155e+00
-1.132227017389879631e+00 -1.125054509621245424e+00 -1.130979883575859546e+00 -1.141647984687807149e+00 -1.143279644279687979e+00 -1.139628074448546968e+00 -1.147478184630053466e+00
-1.165835029399112432e+00 -1.131544042870637368e+00 -1.118620559596339437e+00 -1.144278363148902855e+00 -1.133030181838249550e+00 -1.143679554613469040e+00 -1.141923396107771493e+00
-1.095373488637894077e+00 -1.167561022020875416e+00 -1.146907787108561338e+00 -1.143197783956908298e+00 -1.135228421064699234e+00 -1.149783297807623894e+00 -1.141521231754435206e+00
-1.126164444569519363e+00 -1.132072937401966239e+00 -1.156537374225622639e+00 -1.135499225618755270e+00 -1.144617699321087922e+00 -1.144977974234337781e+00 -1.141883787478966017e+00
-1.118080901422298545e+00 -1.121987290683808869e+00 -1.145944184224315876e+00 -1.143033507715863539e+00 -1.137819243840393568e+00 -1.147047627409387260e+00 -1.140594479026620700e+00
-1.118080870456574338e+00 -1.115349231595029744e+00 -1.124415409683295453e+00 -1.150457686012047231e+00 -1.141209650846588097e+00 -1.140550430071574306e+00 -1.137342893128262755e+00
-1.139332141734722192e+00 -1.147594957507165336e+00 -1.126975576564720916e+00 -1.157599941446370684e+00 -1.142319470670031700e+00 -1.147584347741398503e+00 -1.143505701483299442e+00
-1.108081891498371219e+00 -1.142848837904566039e+00 -1.172544865934342706e+00 -1.138670819875902573e+00 -1.140589308925342937e+00 -1.148416648968108023e+00 -1.147108619537419827e+00
-1.133039143862736520e+00 -1.121350608880441246e+00 -1.171010233478391616e+00 -1.140857337232743296e+00 -1.131412253903506082e+00 -1.145570646125702696e+00 -1.138576312398472234e+00
-1.115409103270831537e+00 -1.116359961458727179e+00 -1.152929714917019455e+00 -1.135381598994516850e+00 -1.140280601467431154e+00 -1.139990303542265160e+00 -1.138945658031058628e+00
-1.097757955528399387e+00 -1.168211886990906834e+00 -1.144830361396341312e+00 -1.133779206819117702e+00 -1.143727752997694358e+00 -1.147385560213176836e+00 -1.139274396956641233e+00
-1.158507817626652336e+00 -1.134745986958185959e+00 -1.133048297123631087e+00 -1.134917302000177930e+00 -1.136379404416200334e+00 -1.145218494368231310e+00 -1.141292441964017135e+00
