(-1.1047572895025908+0j)
-1.125958384786458488e+00 -1.093496709660945143e+00 -1.120938648407078908e+00 -1.113738194385444080e+00 -1.122391498728833703e+00 -1.110167930842915984e+00 -1.107435688009989150e+00
-1.113583008836596999e+00 -1.122270838670053728e+00 -1.114618559753321136e+00 -1.112011748718542359e+00 -1.108024385021106006e+00 -1.105530207068218251e+00 -1.105382855602727865e+00
-1.071205679382836173e+00 -1.077098486875471384e+00 -1.136391972645739212e+00 -1.114342529228056655e+00 -1.105606745461407581e+00 -1.106846913180234093e+00 -1.105156816490454386e+00
-1.118631308959538551e+00 -1.123011222999879877e+00 -1.144827843948944768e+00 -1.124618443755956321e+00 -1.121814761594108978e+00 -1.109798696457736433e+00 -1.106729120190056870e+00
-1.113503835615357040e+00 -1.095454124963360032e+00 -1.090642156955135889e+00 -1.083164905573583248e+00 -1.100354149280444727e+00 -1.107972923589483738e+00 -1.104688788463022764e+00
-1.111044112588200239e+00 -1.090507424494517874e+00 -1.120290926599221137e+00 -1.106310532569919847e+00 -1.103093544442865781e+00 -1.100300138606814304e+00 -1.106092237722376304e+00
-1.105390154364591648e+00 -1.094424542174219361e+00 -1.089200004422531176e+00 -1.095102739573634132e+00 -1.114069444127619324e+00 -1.108847562536569242e+00 -1.105895720609652688e+00
-1.157580834260868663e+00 -1.158362515380797930e+00 -1.085392232258906020e+00 -1.095043057413555454e+00 -1.104238273301040962e+00 -1.106352274487306442e+00 -1.105695385555506949e+00
-1.091761780590328801e+00 -1.108441395111343208e+00 -1.110125060403502673e+00 -1.102366478428431051e+00 -1.103816700730537725e+00 -1.101963524213745993e+00 -1.104889529269213355e+00
-1.098018351111470281e+00 -1.098448619619865063e+00 -1.098903976708051289e+00 -1.103368155181279064e+00 -1.111676152828117159e+00 -1.108627233619173591e+00 -1.106199168080474138e+00
-1.125923938991420403e+00 -1.106335823641886762e+00 -1.087900405741578869e+00 -1.094176439313732541e+00 -1.096592019484355474e+00 -1.103179971943614168e+00 -1.103781082953616099e+00
-1.113917455357644304e+00 -1.103455224189799910e+00 -1.133144903044511320e+00 -1.120347536555648116e+00 -1.103806635028812932e+00 -1.103455948818873544e+00 -1.105969205503034347e+00
-1.109842788303758265e+00 -1.137987372646228845e+00 -1.101008325942755217e+00 -1.110144265764462457e+00 -1.097180034984667873e+00 -1.100812751234258258e+00 -1.101748153320984525e+00
-1.104395686927910791e+00 -1.070885338610039650e+00 -1.122986579607241353e+00 -1.116891960521465776e+00 -1.102966712929997151e+00 -1.101182517768925173e+00 -1.104023679834392979e+00
-1.116272164261307154e+00 -1.107668028913411096e+00 -1.089317622753301462e+00 -1.126587410258177879e+00 -1.112267058560151067e+00 -1.108279666985423351e+00 -1.104267590401319499e+00
-1.077040307372358008e+00 -1.113269637264638234e+00 -1.078897750870141614e+00 -1.084489918569382816e+00 -1.095129165792642523e+00 -1.104971755260591770e+00 -1.101868536382716979e+00
-1.112355650590332701e+00 -1.119468411896262339e+00 -1.135184770824973821e+00 -1.140896821111053505e+00 -1.113236610448290476e+00 -1.112454843926290904e+00 -1.107344805978992541e+00
-1.095041036003468804e+00 -1.099014550256122824e+00 -1.097405508196399815e+00 -1.098587783926837869e+00 -1.095568820926609011e+00 -1.101214981682229421e+00 -1.104576329655701628e+00
-1.122149560835199011e+00 -1.072772642075059846e+00 -1.099604252412500482e+00 -1.100635197710306379e+00 -1.102874069427605797e+00 -1.105898964832218834e+00 -1.104505842657377279e+00
-1.135094862327049592e+00 -1.119435102891938261e+00 -1.106602461419087913e+00 -1.104009079857834585e+00 -1.105525432809021602e+00 -1.107024395378561010e+00 -1.107994372415843642e+00
-1.071252536423327850e+00 -1.064167011813824448e+00 -1.098679943873076770e+00 -1.112992939365475831e+00 -1.104036049823163390e+00 -1.101877685027273124e+00 -1.102636129532631237e+00
-1.112717230191511586e+00 -1.145163960481903942e+00 -1.143586312677875139e+00 -1.124778741045832087e+00 -1.116499264076415754e+00 -1.106649457307894213e+00 -1.105432536160351198e+00
-1.090186911536388914e+00 -1.078670963234756641e+00 -1.106357634838246895e+00 -1.096951527416254457e+00 -1.099620744254117044e+00 -1.106126851542414524e+00 -1.105275319345211837e+00
-1.080663278457087539e+00 -1.093655186692701342e+00 -1.109349288398529643e+00 -1.105987741999750806e+00 -1.110239509721941076e+00 -1.107989249040940871e+00 -1.105311864600124316e+00
-1.056910742084893773e+00 -1.066114121760619593e+00 -1.077659894102718230e+00 -1.101079457217583712e+00 -1.100805333801417651e+00 -1.106326075887710925e+00 -1.103134105773031060e+00
-1.090457188701953850e+00 -1.126827554740219117e+00 -1.122913750863506976e+00 -1.111502984569716412e+00 -1.103196267832857291e+00 -1.106600723429804312e+00 -1.105938969020066720e+00
-1.097801858874944081e+00 -1.032960032949008955e+00 -1.060409232392486967e+00 -1.088508429610538286e+00 -1.095924883321261589e+00 -1.102941772306229362e+00 -1.107819580825765149e+00
-1.112355650590332701e+00 -1.104255388818024652e+00 -1.079425070732723313e+00 -1.082723395331853578e+00 -1.094461257622277639e+00 -1.098154713721992248e+00 -1.102404104051664113e+00
-1.103698343296900752e+00 -1.089482646760398410e+00 -1.066559138957413388e+00 -1.093369692466043430e+00 -1.102257034257718038e+00 -1.101926684328925710e+00 -1.103036203218246580e+00
-1.105751733965770534e+00 -1.101881997083278719e+00 -1.087599977734859280e+00 -1.103925305247787092e+00 -1.110281300085095957e+00 -1.108916356254778357e+00 -1.107507582001369340e+00
-1.079832976675799028e+00 -1.107770114864933930e+00 -1.112493633160827500e+00 -1.125888220674334139e+00 -1.109569602086494911e+00 -1.107390582063332740e+00 -1.106794172169644153e+00
-1.100048878058891733e+00 -1.138156666886973145e+00 -1.081414125716538610e+00 -1.104395198343960161e+00 -1.111647938565380134e+00 -1.106910569193066074e+00 -1.105043752646333477e+00
-1.102498118130767590e+00 -1.107718226087340829e+00 -1.129681141405241451e+00 -1.107178081516729140e+00 -1.109248345174564498e+00 -1.107488374755141614e+00 -1.104391262692759668e+00
-1.128028162739429519e+00 -1.153000382205005447e+00 -1.105907217458284020e+00 -1.110514180279288388e+00 -1.095869989295511271e+00 -1.104768238701598904e+00 -1.105289463169138120e+00
-1.092922158470333027e+00 -1.099251601768577835e+00 -1.096736824952536882e+00 -1.106856929483290841e+00 -1.114208817116852490e+00 -1.103668123576200033e+00 -1.105669653200239466e+00
-1.115195646683047936e+00 -1.095303427000786645e+00 -1.105544747235665426e+00 -1.109495431046897629e+00 -1.104857123567940080e+00 -1.108833237432341967e+00 -1.104402830985784068e+00
-1.124366570018677125e+00 -1.086445439128141732e+00 -1.140346504887296275e+00 -1.102216447795827836e+00 -1.111114471449124341e+00 -1.105416903553278818e+00 -1.103426949216014696e+00
-1.118061104800961658e+00 -1.100808577063942639e+00 -1.067056604812180343e+00 -1.098633088564977545e+00 -1.096605450287301498e+00 -1.101441506268108883e+00 -1.104181493102815992e+00
-1.081084137095333020e+00 -1.064952291020559105e+00 -1.081241869519616206e+00 -1.096678478757767028e+00 -1.112264329161163579e+00 -1.106309178303348517e+00 -1.103221808172806462e+00
-1.090577667557228292e+00 -1.092779015175963320e+00 -1.111222035580400558e+00 -1.113008667264341112e+00 -1.106634674560195375e+00 -1.101736423522622355e+00 -1.102863908390590009e+00
-1.075758309621912545e+00 -1.091904936083638589e+00 -1.086516059831783565e+00 -1.104332834711328815e+00 -1.100903239609513085e+00 -1.104004578709542717e+00 -1.104535440566992488e+00
-1.101185481010326317e+00 -1.107134651243012691e+00 -1.121958035998255276e+00 -1.091708873984805983e+00 -1.094855979050414874e+00 -1.102393568374357535e+00 -1.104593639747923906e+00
-1.106538339389615988e+00 -1.104133221603685655e+00 -1.138063182231354276e+00 -1.114739330006996321e+00 -1.097367136303113222e+00 -1.102944471693384720e+00 -1.101954304885362390e+00
-1.115378900186505318e+00 -1.135590975143494941e+00 -1.097656301648354926e+00 -1.087954307235566631e+00 -1.100232696466369564e+00 -1.103536269440420714e+00 -1.103299456221928265e+00
-1.041333684909409252e+00 -1.096376262053057271e+00 -1.071552376128366291e+00 -1.100817336588929773e+00 -1.106674304409037468e+00 -1.109404772050495147e+00 -1.104768147788754096e+00
-1.104627131382525995e+00 -1.129851142698684807e+00 -1.113302381242586847e+00 -1.099647512716089626e+00 -1.094162465074616453e+00 -1.107765943999758917e+00 -1.105130494475899283e+00
-1.145343984388262903e+00 -1.146259883922801315e+00 -1.110608711700735274e+00 -1.110901077585258356e+00 -1.098742190002016006e+00 -1.103374758411269196e+00 -1.105619653625712573e+00
-1.088068034003252915e+00 -1.084043787125225755e+00 -1.114174012662031199e+00 -1.095641703142903989e+00 -1.096726662111690453e+00 -1.098483324425739038e+00 -1.102714500715696211e+00
-1.091409453283185949e+00 -1.106971775871806063e+00 -1.046850160675358854e+00 -1.078626258222378453e+00 -1.098398489940948908e+00 -1.102515675546150042e+00 -1.104673871313471611e+00
-1.117100267805977598e+00 -1.118462603040234704e+00 -1.111475522750223544e+00 -1.104292867487534524e+00 -1.107543421768270697e+00 -1.108776636707534013e+00 -1.105668126116174044e+00
