(-1.1047572895025908+0j)
-1.145760532432698930e+00 -1.122944263628657957e+00 -1.087535498644881304e+00 -1.101956063905861871e+00 -1.109476721771891494e+00 -1.104446732323035363e+00 -1.104243334110531771e+00
-1.096891719440260093e+00 -1.068920140590330359e+00 -1.098681728857823447e+00 -1.104918883580450206e+00 -1.104498163647612330e+00 -1.106248193500694921e+00 -1.104147419801372099e+00
-1.067097714530878205e+00 -1.062124772641348747e+00 -1.122943929381735373e+00 -1.095552153543389640e+00 -1.102012832784971419e+00 -1.103756995310465339e+00 -1.103775434772723774e+00
-1.085443106999028684e+00 -1.090900321358995839e+00 -1.106997893607081895e+00 -1.106281447471364032e+00 -1.108032232536267925e+00 -1.105375443770858723e+00 -1.104810719605916702e+00
-1.144864936846712311e+00 -1.132543294433023373e+00 -1.086765382376874367e+00 -1.109338694293518834e+00 -1.103091605783220963e+00 -1.104127211835882694e+00 -1.104814703477614568e+00
-1.111131303258971581e+00 -1.088667161509358383e+00 -1.119513528624430876e+00 -1.123687333896296048e+00 -1.102211133493500306e+00 -1.104462369656603826e+00 -1.104032507251134998e+00
-1.120298997862001489e+00 -1.129606404309345002e+00 -1.103518072497231550e+00 -1.101803310325259577e+00 -1.104190636279981375e+00 -1.105273077337883159e+00 -1.105831304479409471e+00
-1.124828801265348677e+00 -1.117509778391410968e+00 -1.113007843868667024e+00 -1.104622030268340938e+00 -1.105995240014296721e+00 -1.105325532746186390e+00 -1.104185221769654390e+00
-1.083916407947940197e+00 -1.083306522844370345e+00 -1.088852428582336662e+00 -1.107128099494622209e+00 -1.106200411895017499e+00 -1.104780086093071212e+00 -1.102878970990533336e+00
-1.136019754341554666e+00 -1.120227926037086874e+00 -1.089658211766947327e+00 -1.100485708671331331e+00 -1.100179766319767438e+00 -1.105552464578441363e+00 -1.104990946256686701e+00
-1.091675494558307813e+00 -1.108832269108461777e+00 -1.109417049941626932e+00 -1.106987835485899296e+00 -1.108733236727158733e+00 -1.104767550987505231e+00 -1.104110334764732304e+00
-1.147537817165765972e+00 -1.105345908337028504e+00 -1.093600585608128117e+00 -1.093904807757060338e+00 -1.105763056964514046e+00 -1.102018905233355550e+00 -1.107116475108084863e+00
-1.106887850573054610e+00 -1.112071999820888113e+00 -1.130702550438789977e+00 -1.098017931053638652e+00 -1.109927821145203719e+00 -1.102818606495037823e+00 -1.106192377855685915e+00
-1.076426977163118970e+00 -1.137211484318578325e+00 -1.103908553023314365e+00 -1.110864276983738907e+00 -1.101878671098277085e+00 -1.106523554006832555e+00 -1.104565083084140475e+00
-1.145611443698492549e+00 -1.110234527148041384e+00 -1.139874641279627010e+00 -1.107930599047762366e+00 -1.103352395933205221e+00 -1.102901094908687929e+00 -1.105649009270655458e+00
-1.106565338475182347e+00 -1.087428793126127502e+00 -1.096667509991586797e+00 -1.100827019747444346e+00 -1.107921116053007138e+00 -1.104440895633157727e+00 -1.105215615400315432e+00
-1.155627127809338628e+00 -1.120357565822267532e+00 -1.117831140859846695e+00 -1.104341457388706038e+00 -1.109265998162069611e+00 -1.103232704113856322e+00 -1.103681055548778156e+00
-1.098618227588925356e+00 -1.117015779941185283e+00 -1.100000304916095795e+00 -1.104587228221284079e+00 -1.101316019617646136e+00 -1.102644833831071480e+00 -1.103534287089489307e+00
-1.119600735340677611e+00 -1.105909617158426173e+00 -1.098558559392361911e+00 -1.114766270417323568e+00 -1.106399788891971214e+00 -1.103838177609540505e+00 -1.104998712877300227e+00
-1.074820639760803997e+00 -1.108794699379929583e+00 -1.113018475628443804e+00 -1.102049414981089992e+00 -1.106414472387955428e+00 -1.107030096829022536e+00 -1.105042694531550129e+00
-1.087795951253123894e+00 -1.142628665997686532e+00 -1.088008274624130856e+00 -1.106214566954550449e+00 -1.095821827292047468e+00 -1.106845802432021575e+00 -1.105207789705722199e+00
-1.079374763501874224e+00 -1.070986235834245459e+00 -1.111477476529491248e+00 -1.123142929248385880e+00 -1.107062941170850801e+00 -1.105724704518998180e+00 -1.104210924450567344e+00
-1.101255342872527132e+00 -1.117381435962373715e+00 -1.107653936896724201e+00 -1.106457863363345062e+00 -1.108047777850180715e+00 -1.105612649211831000e+00 -1.105059261821455419e+00
-1.109240694827150042e+00 -1.084321649928885467e+00 -1.127928914303520935e+00 -1.092993134172636438e+00 -1.106841218930687099e+00 -1.101686325119315857e+00 -1.105606547435103337e+00
-1.087049444401343656e+00 -1.160082612082872000e+00 -1.086687520811526753e+00 -1.110391879131471971e+00 -1.106632075380056923e+00 -1.108067863699646605e+00 -1.104837380112942080e+00
-1.093936859418457974e+00 -1.148329204144074911e+00 -1.104275078313641245e+00 -1.104956891401522867e+00 -1.102245155994816095e+00 -1.108171498042855418e+00 -1.105877713268922369e+00
-1.103952543529303831e+00 -1.099961417745255687e+00 -1.110996758890681502e+00 -1.107155463350663283e+00 -1.104321886628190308e+00 -1.105232784433920035e+00 -1.103024701048301637e+00
-1.142167736189935612e+00 -1.089679818756101426e+00 -1.099257298769541702e+00 -1.118763628520200726e+00 -1.103215220819691922e+00 -1.108177227701764078e+00 -1.105692327235995975e+00
-1.093190352566677515e+00 -1.074252399525311930e+00 -1.126645185008027017e+00 -1.108437318810438388e+00 -1.102616273295996319e+00 -1.103113593200731213e+00 -1.105392168278530374e+00
-1.134242469608487625e+00 -1.109332962386508470e+00 -1.100044960134934247e+00 -1.108129214483287495e+00 -1.102991375892650172e+00 -1.103824094714825677e+00 -1.104017998408009182e+00
-1.060545290906640625e+00 -1.122315316864918699e+00 -1.122262338678667426e+00 -1.115358370024716272e+00 -1.099173825083979539e+00 -1.106281385625414782e+00 -1.105662827302326345e+00
-1.088542458104904131e+00 -1.100178817217464022e+00 -1.105802764541540917e+00 -1.099400725079165309e+00 -1.104206714247859988e+00 -1.102861471030564200e+00 -1.104770013564531528e+00
-1.130374767346022491e+00 -1.063932735965424925e+00 -1.102430923770484572e+00 -1.108862112206052908e+00 -1.106899409290849068e+00 -1.109251214103095684e+00 -1.103108201518713472e+00
-1.115733033078212255e+00 -1.092685721845503721e+00 -1.107984184197416067e+00 -1.105043917256535391e+00 -1.103073754471086243e+00 -1.105157631386973982e+00 -1.104015984172985299e+00
-1.103032627605593952e+00 -1.091885559834536279e+00 -1.116073430716699288e+00 -1.113663684937301834e+00 -1.100075175353603552e+00 -1.103319142648183648e+00 -1.104739463086935380e+00
-1.081999399490471525e+00 -1.147412847197431418e+00 -1.090031532060262709e+00 -1.096375799099249093e+00 -1.102599654555445507e+00 -1.104897183822848072e+00 -1.103238612527638107e+00
-1.132636132206172652e+00 -1.128344759672166742e+00 -1.099119996846609437e+00 -1.109778339352163190e+00 -1.107853237534524471e+00 -1.106201183108033170e+00 -1.104318577718939931e+00
-1.100084841266838698e+00 -1.108510244669940192e+00 -1.110419407914372325e+00 -1.106899075627859830e+00 -1.106841605790852334e+00 -1.103767901260698459e+00 -1.105757632310369054e+00
-1.136515675511356571e+00 -1.076405734367600342e+00 -1.126906203163729803e+00 -1.115075678966087835e+00 -1.107942963271572490e+00 -1.100846889213416002e+00 -1.104630457967613166e+00
-1.087856036626299039e+00 -1.083661147894635413e+00 -1.124567431981223553e+00 -1.093572622967320829e+00 -1.105840172743915328e+00 -1.108053676078487815e+00 -1.103375456307569502e+00
-1.091663653515589028e+00 -1.059822513324223614e+00 -1.097625683714351430e+00 -1.106136877484627412e+00 -1.102887623828065378e+00 -1.106114998562876650e+00 -1.104135797479265602e+00
-1.110032146482481163e+00 -1.091089629576664777e+00 -1.082247971212409787e+00 -1.107353417820264641e+00 -1.102560510899523116e+00 -1.104601750722612685e+00 -1.105167704895541281e+00
-1.073578211739221855e+00 -1.116963323290404819e+00 -1.119690143995386133e+00 -1.104910368205889615e+00 -1.102148570179801723e+00 -1.103362874597133558e+00 -1.106322382783864189e+00
-1.120359083235176412e+00 -1.125367441956176773e+00 -1.121746774712361505e+00 -1.099576964195054352e+00 -1.105970405248712707e+00 -1.104312082401784023e+00 -1.105313433894544950e+00
-1.137601771406146600e+00 -1.144884454041819932e+00 -1.100190105554336828e+00 -1.104457750260209092e+00 -1.108090421272238224e+00 -1.101718994367796522e+00 -1.105654262372796737e+00
-1.095518876483049686e+00 -1.093278569750227636e+00 -1.086175591855432776e+00 -1.112953992968428452e+00 -1.100606207612880194e+00 -1.104962918530489668e+00 -1.104603633065836199e+00
-1.126991145210640477e+00 -1.093419880121328180e+00 -1.103192639494265714e+00 -1.105080797476791332e+00 -1.104448046380258175e+00 -1.102403795630605643e+00 -1.105104206448197512e+00
-1.067844221382658443e+00 -1.116755115832310352e+00 -1.103596679356626531e+00 -1.096871934889368738e+00 -1.106316067620416677e+00 -1.100286807598987782e+00 -1.105485531705470148e+00
-1.117674361873404187e+00 -1.089780478491660265e+00 -1.082988107505619801e+00 -1.096961835295532595e+00 -1.108216495535264023e+00 -1.108307536685042116e+00 -1.104031429670852438e+00
-1.086613608604716896e+00 -1.033921921040417580e+00 -1.100464934389002281e+00 -1.107072260021477295e+00 -1.107774604465087354e+00 -1.108801857821060999e+00 -1.105537655258639340e+00
