(-1.1047572895025908+0j)
-1.101953893565506437e+00 -1.108488846415097484e+00 -1.071471798676318254e+00 -1.099092959733856123e+00 -1.109653387969254723e+00 -1.103454036824306206e+00 -1.105730064837570747e+00
-1.089676566798214896e+00 -1.111178475740367322e+00 -1.114386401055480036e+00 -1.106212995879310323e+00 -1.112127517704133428e+00 -1.103587959762831749e+00 -1.101518770934311942e+00
-1.090587302945993375e+00 -1.109804818212994260e+00 -1.098936467891270752e+00 -1.107105819820835890e+00 -1.108107709165715660e+00 -1.100610235693416650e+00 -1.105955061113028659e+00
-1.081693598314083626e+00 -1.126514873817500595e+00 -1.077048226105609352e+00 -1.109250784679058466e+00 -1.118554886656470737e+00 -1.100909727823605078e+00 -1.101515284799071681e+00
-1.099080991724816769e+00 -1.153735938156487784e+00 -1.091928993994697894e+00 -1.106956419082611109e+00 -1.105606288183663910e+00 -1.107093466388626934e+00 -1.107983895883618342e+00
-1.092526155708271052e+00 -1.101237141741944647e+00 -1.090427579288368420e+00 -1.090533649657019932e+00 -1.102959568501476362e+00 -1.103818769969976188e+00 -1.108666363874054817e+00
-1.056425721998314859e+00 -1.121788023477463536e+00 -1.101834287774609678e+00 -1.114746002570166761e+00 -1.100873388329929092e+00 -1.108049416535615173e+00 -1.109564373136552984e+00
-1.092573760054810883e+00 -1.083308747947495210e+00 -1.116006952885449710e+00 -1.094721982878544164e+00 -1.104419253409925528e+00 -1.100559473555995815e+00 -1.107845451812484283e+00
-1.075897110192036710e+00 -1.140254213413744777e+00 -1.082963842236684293e+00 -1.099993572398728858e+00 -1.103950620512975878e+00 -1.104212075677150073e+00 -1.105412853302001341e+00
-1.096807849462553719e+00 -1.157873905904535317e+00 -1.101303924305890636e+00 -1.096359542578585700e+00 -1.109731048989715863e+00 -1.100726028362451370e+00 -1.103815404716002035e+00
-1.126097248997188327e+00 -1.143011563084302296e+00 -1.107638466333961347e+00 -1.102332290770189793e+00 -1.106425938554975286e+00 -1.105546454801875189e+00 -1.102653190074532219e+00
-1.107201667467343054e+00 -1.034374201537389570e+00 -1.093085801192533513e+00 -1.110195503793421024e+00 -1.105005121131410473e+00 -1.108715415378099589e+00 -1.108466923717684072e+00
-1.145931071730158735e+00 -1.115739294042085383e+00 -1.122017843525225711e+00 -1.101220636637336492e+00 -1.100673321390713166e+00 -1.102700631850775270e+00 -1.103716418609637540e+00
-1.114132830250651462e+00 -1.160779294083356117e+00 -1.107970638027195864e+00 -1.109539513003738875e+00 -1.099906091641114303e+00 -1.097412013685033383e+00 -1.104507766866641205e+00
-1.110537621615579340e+00 -1.065515396253714053e+00 -1.098727858496509668e+00 -1.108349543311558660e+00 -1.103340081902177250e+00 -1.103398021739209423e+00 -1.107816150312908476e+00
-1.160251331541945152e+00 -1.112058526784661217e+00 -1.102161472559954891e+00 -1.109498822557651199e+00 -1.102191292046327487e+00 -1.103455647427313391e+00 -1.113308528263066588e+00
-1.133700067121369504e+00 -1.105311137585689885e+00 -1.127313221083900974e+00 -1.101592919255854897e+00 -1.104179439511239202e+00 -1.101388369247717325e+00 -1.108114601619421435e+00
-1.094562631287567811e+00 -1.092612131594066227e+00 -1.134193506788899075e+00 -1.097807894290717456e+00 -1.103295239344026957e+00 -1.103747260923876539e+00 -1.098858505819262366e+00
-1.122192158074333257e+00 -1.103109976387298019e+00 -1.091076524202768905e+00 -1.102962759876867427e+00 -1.107011110413910426e+00 -1.108528621595852970e+00 -1.099968654230992993e+00
-1.096911929744770919e+00 -1.080285457510213654e+00 -1.113490982637225013e+00 -1.109217312384535470e+00 -1.101842859857341761e+00 -1.097577957172631624e+00 -1.106247139754516606e+00
-1.070360665324195271e+00 -1.097877453011216975e+00 -1.095922727056318990e+00 -1.109555076581195454e+00 -1.105444398011087959e+00 -1.101527936106611483e+00 -1.104608690698753115e+00
-1.110969114772408783e+00 -1.147826443339977853e+00 -1.116618766282990283e+00 -1.111686761761311315e+00 -1.109542129285995049e+00 -1.101080302285751600e+00 -1.111054701023924673e+00
-1.112881596012168295e+00 -1.109770999342788222e+00 -1.139059519730898806e+00 -1.093286988215556255e+00 -1.106173448016899652e+00 -1.098934423206205047e+00 -1.103777696867080049e+00
-1.087488015480722936e+00 -1.128180706840968828e+00 -1.097885912326930224e+00 -1.112117676665741239e+00 -1.102170263672384021e+00 -1.103043766595248165e+00 -1.103461628403411332e+00
-1.133062038756674550e+00 -1.090959377629773464e+00 -1.126035638271835726e+00 -1.122729455263607345e+00 -1.113083731958248723e+00 -1.097997247459185921e+00 -1.095415664957818169e+00
-1.081092838748141549e+00 -1.085403966218728034e+00 -1.064354809250672940e+00 -1.109075110475618020e+00 -1.104383338402112891e+00 -1.111522790775676839e+00 -1.106092587410634875e+00
-1.088005873099068488e+00 -1.086400225123894892e+00 -1.126359371736890935e+00 -1.115645881211141832e+00 -1.113904981637712233e+00 -1.098481065818891045e+00 -1.109159173160536804e+00
-1.111665753668794832e+00 -1.137670832581684444e+00 -1.101804727213388624e+00 -1.103677008132111670e+00 -1.098128300900202969e+00 -1.104388106980109363e+00 -1.102693271515290840e+00
-1.129144595820025909e+00 -1.112717522751071275e+00 -1.082584663096454403e+00 -1.101352591025892114e+00 -1.110639512283254859e+00 -1.105094795574252053e+00 -1.098491398482376535e+00
-1.071247712385650530e+00 -1.070514453885123896e+00 -1.095469744805943169e+00 -1.111313801834926673e+00 -1.107561930842550169e+00 -1.101281719034564066e+00 -1.102240765560555502e+00
-1.139322173901874180e+00 -1.108323750852172385e+00 -1.099957236334696109e+00 -1.105069305404499103e+00 -1.102979747548736178e+00 -1.100457633874662555e+00 -1.104609534950624639e+00
-1.101895283033816231e+00 -1.058788412086002051e+00 -1.110958062211216291e+00 -1.109774514623445452e+00 -1.102123426928586891e+00 -1.111785427631878376e+00 -1.108209184849527906e+00
-1.078316709708564858e+00 -1.095180532352848957e+00 -1.096329399429008866e+00 -1.106941812790408042e+00 -1.107798457903094835e+00 -1.102015286884870049e+00 -1.105743071111037645e+00
-1.121541777695844733e+00 -1.114796918891931998e+00 -1.107601212921558886e+00 -1.111977599813442907e+00 -1.100860672856072142e+00 -1.107546613586221751e+00 -1.101218379187138607e+00
-1.114126224001999343e+00 -1.139691371993297064e+00 -1.102555950563967269e+00 -1.095662148859849916e+00 -1.106848267756834758e+00 -1.100177752703050293e+00 -1.105849649957190595e+00
-1.061465614863642770e+00 -1.100421892142687152e+00 -1.081157541324560878e+00 -1.104096448586824097e+00 -1.104451384084542021e+00 -1.100584855362516823e+00 -1.105779783616937406e+00
-1.126097248997188327e+00 -1.108859737149031410e+00 -1.133592318087392137e+00 -1.107597183340569114e+00 -1.100791727491056804e+00 -1.103549664951842146e+00 -1.100650771359976687e+00
-1.091755540942827007e+00 -1.107402260179279008e+00 -1.130217918972020730e+00 -1.105151705878410162e+00 -1.110961829727526551e+00 -1.101829297798012419e+00 -1.104718362899808071e+00
-1.093698153657686412e+00 -1.126082967802858548e+00 -1.105662344652274420e+00 -1.103382039336088249e+00 -1.098054565646632952e+00 -1.105177443847761065e+00 -1.103869797180869750e+00
-1.101367144357085159e+00 -1.111450908923655501e+00 -1.098686973696265223e+00 -1.091879404304805679e+00 -1.102770682238376043e+00 -1.104474953723384889e+00 -1.101654065656415771e+00
-1.119448698899659256e+00 -1.104009164537571586e+00 -1.093814227744064560e+00 -1.103257047355742593e+00 -1.108587626041958485e+00 -1.101676777283178588e+00 -1.107475830616508672e+00
-1.130705648705686794e+00 -1.106765536826665564e+00 -1.105582382982511103e+00 -1.106384570108359444e+00 -1.105636855786801487e+00 -1.106347673047907598e+00 -1.103743634910183458e+00
-1.110374867161066259e+00 -1.175807842910038481e+00 -1.092534127002643629e+00 -1.120911372861559618e+00 -1.111965396077274626e+00 -1.114676469977440743e+00 -1.110573081940896323e+00
-1.033962865071879733e+00 -1.141389298952270703e+00 -1.084206547301866941e+00 -1.087852550359739379e+00 -1.107468897348374171e+00 -1.101956685974724071e+00 -1.101674705854175595e+00
-1.091354242901703575e+00 -1.077577800302905287e+00 -1.113017499166321311e+00 -1.105271776901401548e+00 -1.101659368310599962e+00 -1.103393014371423675e+00 -1.104813191231525327e+00
-1.166733388734621624e+00 -1.165861361916258776e+00 -1.103755520184557248e+00 -1.101278321764884716e+00 -1.107889280657034181e+00 -1.103519387527665874e+00 -1.106509031141675425e+00
-1.088398439113416938e+00 -1.141567767961359170e+00 -1.108476161025696793e+00 -1.098358018034328420e+00 -1.100731086997335240e+00 -1.105481426019362612e+00 -1.107273910923377347e+00
-1.133656286368017074e+00 -1.139948287392681170e+00 -1.104928546902097963e+00 -1.101477967779423528e+00 -1.100654545756853064e+00 -1.106992916718387399e+00 -1.104197022687442686e+00
-1.095090833604904113e+00 -1.140297932034165740e+00 -1.082263016446128656e+00 -1.112895028698271727e+00 -1.107292465919445412e+00 -1.104440524599968221e+00 -1.109280565726250112e+00
-1.105332903340331185e+00 -1.108999406398216259e+00 -1.125612803540744444e+00 -1.105819552303154873e+00 -1.101047106858364266e+00 -1.107779528327393237e+00 -1.101203188532786204e+00
