(-1.0589070383501331+0j)
-1.328926253402736624e+00 -1.091891650002723368e+00 -1.064667793433738074e+00 -1.058791503867890560e+00 -1.054477239597742200e+00 -1.058958109382294621e+00 -1.058527621113660722e+00
-1.289042766238280846e+00 -1.088837238406372920e+00 -1.050936926382772585e+00 -1.059652734035786192e+00 -1.051195563136696931e+00 -1.055200501264419666e+00 -1.054947677006935036e+00
-1.315838193465932227e+00 -1.042743874900273093e+00 -1.070741866621478744e+00 -1.052471471830513927e+00 -1.066585483672789936e+00 -1.057381141483090259e+00 -1.059372378453963703e+00
-1.324039380815844824e+00 -1.009496883046999471e+00 -1.036623824899539859e+00 -1.063406073406111485e+00 -1.053828351471695735e+00 -1.057664422163675733e+00 -1.061269295878717545e+00
-1.310682924777559544e+00 -1.069417884239394878e+00 -1.060174911391023711e+00 -1.065364106522270093e+00 -1.058852029369328873e+00 -1.060526376872821253e+00 -1.062556451635708221e+00
-1.311479167686297798e+00 -1.072113105750834849e+00 -1.038773879993214910e+00 -1.056296302975310519e+00 -1.058270613904579438e+00 -1.058059851055144662e+00 -1.065268600323103998e+00
-1.334027809564565237e+00 -1.033723870437984527e+00 -1.075555296670151373e+00 -1.060485049676577640e+00 -1.058672816433339881e+00 -1.060953419983925450e+00 -1.056746528235311677e+00
-1.269777296317808890e+00 -1.073909217023707230e+00 -1.058999159456275541e+00 -1.057094138352478563e+00 -1.058907680647146909e+00 -1.057800382178087251e+00 -1.057205331777423707e+00
-1.312529904154669858e+00 -1.060300515500080198e+00 -1.072745945721674810e+00 -1.057287705053255422e+00 -1.059435186886360292e+00 -1.059459461519142609e+00 -1.062646900934672622e+00
-1.346624575554970393e+00 -1.070488443706894222e+00 -1.044384699116997828e+00 -1.064321715345784236e+00 -1.055739058757862336e+00 -1.054895036210563131e+00 -1.053940849272260838e+00
-1.307363225387591088e+00 -1.028244810498176953e+00 -1.058906154681325207e+00 -1.064108913894747488e+00 -1.054647025325692544e+00 -1.059879333606428498e+00 -1.058331766633119120e+00
-1.325476639822692704e+00 -1.088391246052768713e+00 -1.088137365654239463e+00 -1.056445067368427138e+00 -1.060182037019406165e+00 -1.060705272995531523e+00 -1.055858092224758682e+00
-1.277201540642120436e+00 -1.063283704359809789e+00 -1.055866493022727948e+00 -1.044052257473061296e+00 -1.058010786002554715e+00 -1.061034327619652773e+00 -1.057628291857151126e+00
-1.337199386736168227e+00 -1.086181733995196241e+00 -1.063467825683539703e+00 -1.059072366084961914e+00 -1.066166386195597893e+00 -1.054751602948978073e+00 -1.057784518181892341e+00
-1.299096304877908947e+00 -1.055751262738119367e+00 -1.072864853054864787e+00 -1.034877029448201036e+00 -1.065088843927435525e+00 -1.055845293595639722e+00 -1.053982466927799289e+00
-1.309681101334618791e+00 -1.041335911947739001e+00 -1.036951248655508806e+00 -1.071764837013788663e+00 -1.056755593638031954e+00 -1.062733979467141987e+00 -1.057555875086885200e+00
-1.327845202325940832e+00 -1.086726953629759240e+00 -1.066414051997184753e+00 -1.083848070171667288e+00 -1.061803405217833784e+00 -1.061093956031113450e+00 -1.051655468571944363e+00
-1.290050815219313529e+00 -1.047396764285074777e+00 -1.056291549415039110e+00 -1.068787883220926327e+00 -1.061843964926338257e+00 -1.060460527309721845e+00 -1.053943892858792308e+00
-1.346561450636908353e+00 -1.064053395891546572e+00 -1.085411546563722629e+00 -1.062522542056278274e+00 -1.056036366260714621e+00 -1.058413853086918488e+00 -1.065497911436952272e+00
-1.301529989986407454e+00 -1.105717802887044909e+00 -1.031626144005491907e+00 -1.063545968264186792e+00 -1.064827640325625824e+00 -1.054728154620102609e+00 -1.061830188137848907e+00
-1.311712360437532920e+00 -1.090290270700368991e+00 -1.044323331854531078e+00 -1.071288313930601754e+00 -1.058908440814756213e+00 -1.068334833691249042e+00 -1.057702746692735118e+00
-1.324681848379617888e+00 -1.029785950311254084e+00 -1.065847184966858485e+00 -1.057398975264277174e+00 -1.057385700072746904e+00 -1.058643282444915457e+00 -1.062665105790153275e+00
-1.281837992275676630e+00 -1.090854762333128392e+00 -1.063518093291360156e+00 -1.059539784333838552e+00 -1.055493532110201249e+00 -1.056759161086925358e+00 -1.055308849479413835e+00
-1.319165187220579183e+00 -1.077233422768317350e+00 -1.063600097293185165e+00 -1.059241651237521786e+00 -1.068857173436295049e+00 -1.057767734168110652e+00 -1.051682311477352139e+00
-1.371704389061250584e+00 -1.022328737056601211e+00 -1.063442956167266695e+00 -1.077207723398990069e+00 -1.060127794538894497e+00 -1.054353506840719490e+00 -1.058886653756795360e+00
-1.362797596515160636e+00 -1.049794010458451776e+00 -1.060637627070186495e+00 -1.052059522367133848e+00 -1.058540634382641343e+00 -1.060058608424198079e+00 -1.049160843047601377e+00
-1.345253024279207343e+00 -1.041748317810148095e+00 -1.072929693478720914e+00 -1.053999560581609707e+00 -1.063256165957657373e+00 -1.055233297915061375e+00 -1.058548150474132976e+00
-1.291632809504767332e+00 -1.068914658007486418e+00 -1.037738225963237504e+00 -1.050593167434739073e+00 -1.056847388920684416e+00 -1.061341314871343977e+00 -1.059974587250882561e+00
-1.314780633619291539e+00 -1.056417897991899446e+00 -1.064372885639218280e+00 -1.055675968080950211e+00 -1.065198501256171770e+00 -1.062257825694528979e+00 -1.060544730468586661e+00
-1.327080738205632437e+00 -1.019393489701659883e+00 -1.064535315128242843e+00 -1.061848127403279829e+00 -1.052912515704073737e+00 -1.060333139284434179e+00 -1.056046239370591611e+00
-1.294220867798407948e+00 -1.095506784276842671e+00 -1.033941450869328982e+00 -1.056419798421663003e+00 -1.052134748740178871e+00 -1.054545037596002155e+00 -1.060311452695960499e+00
-1.335108847927018560e+00 -1.028612547345691963e+00 -1.047977293055756265e+00 -1.057442449708816179e+00 -1.066331851684376053e+00 -1.054444570522395930e+00 -1.054257706727460997e+00
-1.326133764836820994e+00 -1.069914422019876854e+00 -1.070931823219257062e+00 -1.074021054429184163e+00 -1.058729094472972365e+00 -1.061264212244992455e+00 -1.061754664406063142e+00
-1.271018933403496254e+00 -1.057195723438454138e+00 -1.063371346103865189e+00 -1.059888421082861631e+00 -1.063942147775894354e+00 -1.061341181083515828e+00 -1.055695509980020930e+00
-1.303711764348294722e+00 -1.040564918812126649e+00 -1.076167908291979503e+00 -1.058329810054268183e+00 -1.064857706802106785e+00 -1.062511624560825707e+00 -1.056425836151522635e+00
-1.294073317991534688e+00 -1.006822289820513028e+00 -1.030806497970312208e+00 -1.059418598032076275e+00 -1.054242320429038315e+00 -1.049910341055041441e+00 -1.062587474273424926e+00
-1.327631957502325211e+00 -1.046717835832779553e+00 -1.035455501657911226e+00 -1.046114941899717099e+00 -1.057719018845474146e+00 -1.059848266085993584e+00 -1.055036307213916613e+00
-1.341231985686992312e+00 -1.063419201033186434e+00 -1.067901871513789347e+00 -1.063087295533166721e+00 -1.063389807640240381e+00 -1.062211233160969437e+00 -1.056912924104371543e+00
-1.356615001990878699e+00 -1.048483668164062799e+00 -1.046323723882479184e+00 -1.054425297901620207e+00 -1.058870194529346387e+00 -1.055399473390932652e+00 -1.059333485996825530e+00
-1.319016979055305461e+00 -1.083589158521160334e+00 -1.067976907397993669e+00 -1.047561597439153447e+00 -1.060573463429218544e+00 -1.061339741440772588e+00 -1.056941862346407968e+00
-1.300978770689714681e+00 -1.075956120694123053e+00 -1.063772556149336079e+00 -1.048906202442732472e+00 -1.058430724213170082e+00 -1.058548049375900524e+00 -1.057972787172643203e+00
-1.283286686789915310e+00 -1.082502442309855262e+00 -1.072641974060970727e+00 -1.073172845893327620e+00 -1.058449753314171682e+00 -1.058538783946114448e+00 -1.051916903806125347e+00
-1.305737193266536700e+00 -1.058564968288139951e+00 -1.046719653843628972e+00 -1.053677492639691682e+00 -1.065011192230080672e+00 -1.060609139406389678e+00 -1.060477420272546656e+00
-1.253742959755781428e+00 -1.081775640701288177e+00 -1.062396067065765060e+00 -1.055979061739907632e+00 -1.057330652753348588e+00 -1.056982285264935095e+00 -1.054989390927406845e+00
-1.353174813516694996e+00 -1.067401870527334928e+00 -1.048635370574766634e+00 -1.043409391965947730e+00 -1.055861736613726176e+00 -1.057120368493134288e+00 -1.056901550633613462e+00
-1.323903253802019897e+00 -1.044602725948613475e+00 -1.052198070083325332e+00 -1.063208695746678867e+00 -1.057015137647376646e+00 -1.061714782493456743e+00 -1.058040139254444290e+00
-1.310605794253426382e+00 -1.091247741409081540e+00 -1.053917744241363419e+00 -1.067869114793934537e+00 -1.064354802438584491e+00 -1.061664499295067010e+00 -1.058771146320525158e+00
-1.285495691567407173e+00 -1.023783665851613733e+00 -1.028278374509992821e+00 -1.058014548562658863e+00 -1.057831013226344874e+00 -1.057839595046968784e+00 -1.058306534948279864e+00
-1.282658298826061971e+00 -1.072432883727181929e+00 -1.065689546795085318e+00 -1.053593307208666285e+00 -1.065806123670536065e+00 -1.048986149700615211e+00 -1.058238777335358760e+00
-1.317351056296134360e+00 -1.085843950353137410e+00 -1.052326510722073394e+00 -1.061745180901885188e+00 -1.062486695791909019e+00 -1.059357820250725446e+00 -1.057624741802172919e+00
