(-1.0589070383501331+0j)
-1.044566013616173406e+00 -1.043440019692934539e+00 -1.066897720681105222e+00 -1.067143931389386458e+00 -1.057112939383952011e+00 -1.059199667130343858e+00 -1.056554188507273118e+00
-1.044823704343151860e+00 -1.048302772015342610e+00 -1.017224746993236062e+00 -1.058211728228951376e+00 -1.062905759639162673e+00 -1.058959709432955476e+00 -1.060004180448423483e+00
-1.050462373935419080e+00 -1.078355389272252829e+00 -1.088871004699318190e+00 -1.067864730422489528e+00 -1.055782318156835542e+00 -1.059541546298627734e+00 -1.059064517293422991e+00
-1.032394900517540348e+00 -1.088522578431907695e+00 -1.050203155482097861e+00 -1.054505643277954485e+00 -1.061146828262166997e+00 -1.056829778825996824e+00 -1.060110396295766533e+00
-1.104659825687190677e+00 -1.012212130740661298e+00 -1.059179186412829932e+00 -1.054576963832619452e+00 -1.055430312850789143e+00 -1.059403441594374495e+00 -1.059764712439076328e+00
-1.012345174334212894e+00 -1.076390948334526421e+00 -1.059810166921033803e+00 -1.054331046948502770e+00 -1.056736555365280106e+00 -1.059922538442167772e+00 -1.058237615006998311e+00
-1.040823927578659047e+00 -1.064268530328291495e+00 -1.077343143255562463e+00 -1.067359192166002391e+00 -1.055896229684267773e+00 -1.061476782219540560e+00 -1.057758006269839957e+00
-1.041321911493450880e+00 -1.050922315417795794e+00 -1.069624372676688973e+00 -1.056543027214919661e+00 -1.066702132303370743e+00 -1.061269387148757071e+00 -1.059007038849601567e+00
-1.044106237352310007e+00 -1.016627517218014587e+00 -1.074107870536232578e+00 -1.057606475285326697e+00 -1.062914922256485983e+00 -1.060578517299727519e+00 -1.059497782824851519e+00
-1.053402386879523256e+00 -1.090876183931143606e+00 -1.063223832239886368e+00 -1.057215036938057517e+00 -1.063637515595720728e+00 -1.060526379712678713e+00 -1.057429439868257104e+00
-1.041102428417400860e+00 -1.052631880810872778e+00 -1.085589605184765327e+00 -1.050641923376060660e+00 -1.059367798466118504e+00 -1.059074244310355128e+00 -1.059488635327422656e+00
-1.102279194746836000e+00 -1.054733994977858247e+00 -1.037573802511511101e+00 -1.064252219638454289e+00 -1.056958020836106238e+00 -1.057907050762274093e+00 -1.059571881231227586e+00
-1.057744460473563297e+00 -1.019643954266109320e+00 -1.059931414518684889e+00 -1.070865024902075024e+00 -1.067369729364486375e+00 -1.057846984371791255e+00 -1.058488300693064099e+00
-1.058671917920487759e+00 -1.052177249937756631e+00 -1.058214567073925805e+00 -1.058209549126917004e+00 -1.067361490556164805e+00 -1.054149576837547730e+00 -1.059878423681491988e+00
-1.075683088527952691e+00 -1.053644180736487801e+00 -1.061759395416651541e+00 -1.059685538844236996e+00 -1.056892341274758174e+00 -1.059393491524868836e+00 -1.060157760099189383e+00
-1.073044766860619559e+00 -1.030996995117606341e+00 -1.052454274915211707e+00 -1.066214102026728616e+00 -1.063905673726541101e+00 -1.056710191379536479e+00 -1.060172977351691026e+00
-1.026756230925273128e+00 -1.065748892477084597e+00 -1.056886336016468864e+00 -1.062524292727383246e+00 -1.058678956541126315e+00 -1.058143106437942516e+00 -1.059253306109888770e+00
-1.025739643257677525e+00 -1.086116554788718602e+00 -1.067815383722942268e+00 -1.062649192080299398e+00 -1.060247423190235017e+00 -1.060276466132042961e+00 -1.057809335022340536e+00
-1.076455921997759635e+00 -1.074375205465405436e+00 -1.045625653046374337e+00 -1.059047049209075553e+00 -1.065830386713127798e+00 -1.058960278303703539e+00 -1.058620154578778561e+00
-1.031896916602748515e+00 -1.087558932479584017e+00 -1.058777020975719241e+00 -1.058625666823999056e+00 -1.068102394876094374e+00 -1.057349600565963943e+00 -1.059062808983700421e+00
-1.096948265616914053e+00 -1.056525473034947149e+00 -1.064711908406515972e+00 -1.060673860409838687e+00 -1.059484413355421761e+00 -1.056169384842110093e+00 -1.059003187886180086e+00
-1.018112689289969452e+00 -1.042327570914458157e+00 -1.068175634545828867e+00 -1.057774197117025583e+00 -1.058974042042285513e+00 -1.058442267091228350e+00 -1.058279524898886104e+00
-1.095021379330430644e+00 -1.051733230361311833e+00 -1.049419166648395407e+00 -1.048273834266994831e+00 -1.059793102681658716e+00 -1.055666845922030195e+00 -1.058358175487195796e+00
-1.060100820292179336e+00 -1.070813511118333006e+00 -1.068164301811811656e+00 -1.067325895338087083e+00 -1.053682737910778044e+00 -1.056697284935103953e+00 -1.057932603643967795e+00
-1.023965873456421649e+00 -1.086646604501854574e+00 -1.065918944192613127e+00 -1.056342851446206765e+00 -1.058511559552499204e+00 -1.057007816324971428e+00 -1.058499188169662597e+00
-1.042033346874300603e+00 -1.060095914429789454e+00 -1.061762165702816674e+00 -1.062428838380619522e+00 -1.059870900447476227e+00 -1.063053276813852310e+00 -1.057302634598039859e+00
-1.107321337792552818e+00 -1.067617382547806804e+00 -1.062280675906886573e+00 -1.055961117804426808e+00 -1.056783214508235869e+00 -1.058531173103916867e+00 -1.060196517669706573e+00
-1.086592352269311945e+00 -1.066887379551334947e+00 -1.037480072797970720e+00 -1.055662319792376236e+00 -1.055592253213683662e+00 -1.058781521684333260e+00 -1.058048222365313595e+00
-1.097592253723231881e+00 -1.020544801856081651e+00 -1.051684212682205022e+00 -1.056016966871113461e+00 -1.061083829206896256e+00 -1.061141682213661896e+00 -1.058492651790885475e+00
-1.011045117326010434e+00 -1.039767389070081371e+00 -1.078747314628699661e+00 -1.058864378632160319e+00 -1.060386768238433586e+00 -1.058251505276749826e+00 -1.058766038957422717e+00
-9.974743414792890395e-01 -1.036245233286256173e+00 -1.057787602877588773e+00 -1.056381786197867267e+00 -1.060224215207046239e+00 -1.057383609753145715e+00 -1.060480397066508873e+00
-1.030322010039530944e+00 -1.085693364491937318e+00 -1.080735253043908717e+00 -1.062027592923700192e+00 -1.061913104842140410e+00 -1.058501454937966324e+00 -1.058303368312840442e+00
-1.085163449897620147e+00 -1.060072563640447774e+00 -1.051522405373432001e+00 -1.064496169532615610e+00 -1.056021557494411622e+00 -1.059891881563175708e+00 -1.059800480553102275e+00
-1.064744585162990198e+00 -1.034667434935847785e+00 -1.043730364893757256e+00 -1.051057351093952263e+00 -1.059652334407869656e+00 -1.057372410791160844e+00 -1.058788006364290490e+00
-1.062173710770188739e+00 -1.070489408101524154e+00 -1.066198288079739154e+00 -1.062663385303560526e+00 -1.058603650409919883e+00 -1.057431497551030830e+00 -1.058752384696376669e+00
-1.013829443184869561e+00 -1.096429914096988201e+00 -1.057550494493864068e+00 -1.049223776948211784e+00 -1.055396824886674967e+00 -1.056306407405563252e+00 -1.058816606609850997e+00
-1.063421337716758730e+00 -1.061423322355822929e+00 -1.059588463698807992e+00 -1.056427590076092882e+00 -1.059397684318084343e+00 -1.062892331687583347e+00 -1.058575354224203124e+00
-1.027039700265879985e+00 -1.063642447452425310e+00 -1.060976108483195235e+00 -1.059982843632318872e+00 -1.057089145733487889e+00 -1.062356185984143053e+00 -1.058935443605766080e+00
-1.087180973896664682e+00 -1.023492930260068379e+00 -1.046936982329243593e+00 -1.059172243891195242e+00 -1.057641845178431517e+00 -1.060063359547554596e+00 -1.058813832452651704e+00
-1.020812409046260028e+00 -1.088593976178057643e+00 -1.071842999854294209e+00 -1.080666430347395401e+00 -1.064804725373734273e+00 -1.057551558967170457e+00 -1.057358748576576746e+00
-1.014546910175711414e+00 -1.027189256927871108e+00 -1.059479250313819731e+00 -1.056678241087268155e+00 -1.065825991544936624e+00 -1.058113714958135221e+00 -1.059949235336833384e+00
-1.083438887859150102e+00 -1.096313662039923864e+00 -1.068232788288828283e+00 -1.062262096187642335e+00 -1.051979781276124681e+00 -1.057861257372349595e+00 -1.058891634830436690e+00
-1.071598705660891104e+00 -1.063526553769207572e+00 -1.077260182417041579e+00 -1.057697709333887293e+00 -1.065806286294252558e+00 -1.056121508539533682e+00 -1.059230672958808350e+00
-1.095021379330430644e+00 -1.092602281846698720e+00 -1.046817637077835927e+00 -1.076549926595662177e+00 -1.058877547747467451e+00 -1.057024195872783512e+00 -1.059629444749068172e+00
-1.062452211608930774e+00 -1.019705269836176154e+00 -1.030682841361410196e+00 -1.068865281356047081e+00 -1.069682119196423198e+00 -1.059574421537679223e+00 -1.059151097546761733e+00
-1.115440244065060593e+00 -1.045390993219246223e+00 -1.063161556983632128e+00 -1.050015945673223872e+00 -1.051474681823389323e+00 -1.060373795093890736e+00 -1.057969843648770336e+00
-1.062671694684980794e+00 -1.042332703346658507e+00 -1.086761291344486180e+00 -1.056357170825635627e+00 -1.059615264672737034e+00 -1.060889399532003896e+00 -1.059718198760418950e+00
-1.087455823451679793e+00 -1.001592674605158217e+00 -1.048076316026461896e+00 -1.052046953686178732e+00 -1.062974348880039166e+00 -1.056981430731021021e+00 -1.057369493576832298e+00
-1.106519264699142635e+00 -1.077501508048492429e+00 -1.067822396134164631e+00 -1.059671002644590576e+00 -1.057842820742724399e+00 -1.059794807952596063e+00 -1.059533117697063931e+00
-1.015756329471352970e+00 -1.045498944597772484e+00 -1.058722696056623835e+00 -1.050327099488816307e+00 -1.058141514590793530e+00 -1.057252832587622926e+00 -1.059035794504767924e+00
