(-1.0102577958654786+0j)
-9.956183919642980218e-01 -9.995443409480933017e-01 -1.025086943215145929e+00 -1.017060260416801531e+00 -1.014460235004232214e+00 -1.006972047268629211e+00 -1.009345658693796111e+00
-9.917430016422459360e-01 -9.669214719883537645e-01 -1.018545556799659746e+00 -1.018303912969370284e+00 -1.004760396056251892e+00 -1.011265739779649397e+00 -1.010195527232102597e+00
-9.965374048968560494e-01 -1.018065719155293536e+00 -1.015610902536878690e+00 -1.008351773141397789e+00 -1.008858338005368394e+00 -1.009976035517279769e+00 -1.010552959973769482e+00
-1.021308263528323712e+00 -9.918907974960585738e-01 -1.001228749535596485e+00 -1.015055116615176445e+00 -1.012264152925826055e+00 -1.011503277630793507e+00 -1.010869153092188943e+00
-9.820649063849178351e-01 -1.027080126755842926e+00 -1.000633600972489212e+00 -1.011566004212168135e+00 -1.011173447884943233e+00 -1.009194454237686500e+00 -1.012010100257678236e+00
-1.017519340571833464e+00 -1.043734351435130936e+00 -1.017385437884090749e+00 -1.020500726916085954e+00 -1.005376637229993264e+00 -1.008444724052603991e+00 -1.011029689419887578e+00
-9.839919932995964125e-01 -1.007192214916390993e+00 -1.010405638382266824e+00 -1.006878755523609170e+00 -1.018637268500325987e+00 -1.008669949504354069e+00 -1.008410870924479452e+00
-1.014106677959749403e+00 -9.697451949884503541e-01 -1.042263697177100656e+00 -1.009106468374781684e+00 -1.009194734124162274e+00 -1.007705356522836215e+00 -1.009536074301965680e+00
-9.969692150013682586e-01 -1.008121798860393881e+00 -1.025008454419469750e+00 -1.014239628689608930e+00 -1.005278173070802250e+00 -1.008334705785210339e+00 -1.010275526876254659e+00
-9.951979964671011647e-01 -1.009112816109703381e+00 -9.906033183365294814e-01 -1.013099761084814920e+00 -1.002294426291990614e+00 -1.009663353518755358e+00 -1.012523277866163918e+00
-1.006393332206862112e+00 -9.792147473835706162e-01 -9.708421313882351633e-01 -1.016941544313584078e+00 -1.017567910038755574e+00 -1.010484281695555708e+00 -1.010272977767589619e+00
-9.966288143067048022e-01 -9.798339338292634260e-01 -1.011957139832365016e+00 -1.016675113525820962e+00 -1.008302528082327232e+00 -1.014806300069814426e+00 -1.008518487717744661e+00
-9.968663909842039317e-01 -1.027613753199414948e+00 -1.019762706914166372e+00 -1.019116772921607739e+00 -1.014765700858951014e+00 -1.006123977848663253e+00 -1.009970472663217045e+00
-1.010419831840851490e+00 -1.007562401654221063e+00 -9.931937745160229758e-01 -1.004733581103744555e+00 -1.008715852293127435e+00 -1.010619469756675048e+00 -1.009524262041435971e+00
-9.749882715912994158e-01 -9.683520403526109099e-01 -9.969462767484498222e-01 -1.006834265675316864e+00 -1.009754896575775218e+00 -1.011843833860319286e+00 -1.010949589009161098e+00
-9.616176495543493630e-01 -1.000761311238027140e+00 -1.001421829991762102e+00 -1.005423612893775243e+00 -1.014528127577777994e+00 -1.006992954649661653e+00 -1.010853900770747327e+00
-1.000666728548009754e+00 -1.019733456111146630e+00 -1.025867027805477560e+00 -1.012841672349896527e+00 -1.012553609379803099e+00 -1.012854972428242961e+00 -1.010622261325947679e+00
-1.027557339521965485e+00 -1.019406301405566762e+00 -1.006504396364551468e+00 -1.018392706638973078e+00 -1.008347981398414195e+00 -1.012315105413009508e+00 -1.009863891143093717e+00
-1.040022756316691499e+00 -9.649683465636643698e-01 -9.913646956308588276e-01 -1.006841454778663270e+00 -1.008476690250232677e+00 -1.010627714217000150e+00 -1.009299330045309917e+00
-9.894493107731896497e-01 -1.035243932765603336e+00 -9.980264561265271839e-01 -1.011283021604659549e+00 -1.014301744493639523e+00 -1.009659106491518354e+00 -1.008830369521322767e+00
-1.036518729017491314e+00 -9.848946386591029833e-01 -1.020693800022033138e+00 -9.986349069407515211e-01 -1.013788742770456386e+00 -1.011452759061423956e+00 -1.010605573063517948e+00
-1.066595751087882071e+00 -1.032256336789673767e+00 -1.001974700393252427e+00 -1.003017875538603221e+00 -1.011813715545134329e+00 -1.007308786255743049e+00 -1.010694049766524216e+00
-1.053576197173339057e+00 -1.011221825038933542e+00 -9.998909500338990508e-01 -1.014423779673778725e+00 -1.013320062255588461e+00 -1.012286177076869631e+00 -1.010551919198250603e+00
-9.350869422731975522e-01 -1.004813394013894801e+00 -1.031542254911706813e+00 -1.015004317537231859e+00 -1.009636870017362131e+00 -1.009712711965549126e+00 -1.012327145601254141e+00
-1.058882405334994781e+00 -1.004584907362385815e+00 -1.051182042111384884e+00 -1.010312555316154937e+00 -1.017724786798877457e+00 -1.012536304897738493e+00 -1.009912774095003574e+00
-1.026754166394601375e+00 -1.023700054445293439e+00 -1.015209624193566196e+00 -1.023280821058386358e+00 -1.010839048026172637e+00 -1.006271232408426641e+00 -1.008959304102443166e+00
-1.036530098902074259e+00 -1.038004306521062903e+00 -9.967056415765978006e-01 -1.018002496201830365e+00 -1.012321952942433212e+00 -1.009710199521312468e+00 -1.010382546336344500e+00
-1.058521709739886685e+00 -1.010769666029672553e+00 -1.008000002900365955e+00 -1.001586280537198448e+00 -1.013862976563746354e+00 -1.009596585385035716e+00 -1.010074144546920127e+00
-9.878185788458488936e-01 -1.004971139258064916e+00 -1.006333493527099110e+00 -1.004172575106843102e+00 -1.007672698783255383e+00 -1.011404147824056743e+00 -1.010162848315338202e+00
-1.004591151344406796e+00 -9.694379882357215816e-01 -1.006172780388125076e+00 -1.006924543264739347e+00 -1.011513451154395726e+00 -1.010058130277702082e+00 -1.010790250393884593e+00
-1.007743408064360580e+00 -1.016119605685291916e+00 -1.017723073387757138e+00 -1.008851767511026454e+00 -1.006714738449623114e+00 -1.012285699162126740e+00 -1.009579443931841736e+00
-1.064782200340843588e+00 -9.979331022541712004e-01 -1.023407032545078366e+00 -9.976565841289711800e-01 -1.008273763474256457e+00 -1.006855281833067606e+00 -1.008972988696162920e+00
-1.037971584169421480e+00 -1.007457367438558959e+00 -1.019044884306316678e+00 -9.986883029337432216e-01 -1.010444485553706917e+00 -1.008682655859745925e+00 -1.009398113345169712e+00
-9.951979964671009427e-01 -9.467283162533290941e-01 -1.021339489814132584e+00 -1.022770567063355562e+00 -1.006576380245121971e+00 -1.008745628066581190e+00 -1.009317344079716516e+00
-1.000655313940694180e+00 -1.033564099209415499e+00 -1.005249122043637922e+00 -1.019706529480021606e+00 -1.009100566150230804e+00 -1.014320219591975825e+00 -1.010450056696759802e+00
-9.927598965476813753e-01 -1.030747277838810039e+00 -1.009731423185396659e+00 -1.018241354549940914e+00 -1.012522378591313554e+00 -1.010992208530575809e+00 -1.010764361748329510e+00
-1.006586818454303200e+00 -9.850722129653233239e-01 -1.012502089529388805e+00 -1.012538885639431729e+00 -1.011005126580900138e+00 -1.008808623852117448e+00 -1.008349543192297970e+00
-1.040599722651139203e+00 -1.033350167870123570e+00 -1.008709049103303723e+00 -1.009721701773122593e+00 -1.006785526059220004e+00 -1.006704960414601668e+00 -1.011539832082091639e+00
-9.822591398119309147e-01 -1.032692094106674841e+00 -1.025982970780946024e+00 -1.006579724933699849e+00 -1.015952006208161507e+00 -1.007619493375143227e+00 -1.011596045045317194e+00
-1.032412189858236129e+00 -1.054517315448856296e+00 -9.905989050302145271e-01 -1.000721372917636742e+00 -1.004301758636743758e+00 -1.009390599807725053e+00 -1.011053456433702813e+00
-1.024892285630057298e+00 -1.028279853363361473e+00 -1.013688017695770549e+00 -1.009314927517687366e+00 -1.014061481599162429e+00 -1.011919826163093727e+00 -1.010563191706146835e+00
-1.008163803561557437e+00 -1.003416130289985553e+00 -9.980454489312359234e-01 -9.972992831358328258e-01 -1.010278996474727631e+00 -1.012030005827524448e+00 -1.009642000992338584e+00
-1.045862806697719360e+00 -1.053772825468141772e+00 -9.862228679630558048e-01 -1.002934160541610442e+00 -1.010797181311633208e+00 -1.008048055632129625e+00 -1.010346730377904345e+00
-9.525534360416592072e-01 -1.023137910992455435e+00 -1.008270838534163660e+00 -1.013006826896645229e+00 -1.010325103688028747e+00 -1.009363498352211064e+00 -1.008266895827190091e+00
-1.007834817474209332e+00 -9.919170501340730528e-01 -9.923623972165355189e-01 -1.008231016362326482e+00 -1.005898411029030104e+00 -1.010177231923113261e+00 -1.009928867339368264e+00
-9.894378961658740756e-01 -9.765723862371220587e-01 -1.015347964227058641e+00 -1.012260325491686430e+00 -1.014865625704506558e+00 -1.009097172065261283e+00 -1.009263141688957255e+00
-9.447600507635058875e-01 -9.892482204870854945e-01 -9.987034225577603452e-01 -9.963427797113866280e-01 -1.006488956412395996e+00 -1.013341619915946401e+00 -1.008559218062161200e+00
-1.016265011316233924e+00 -9.941750433135670972e-01 -9.916131618149482962e-01 -1.011581390956990623e+00 -1.011104594550127800e+00 -1.010015537843061528e+00 -1.012031388762723028e+00
-1.011350259380725314e+00 -1.020557983756598341e+00 -1.020362367153054617e+00 -1.001561130382743414e+00 -1.004432511889875368e+00 -1.009962104323263610e+00 -1.009519612148016332e+00
-1.013212140145269169e+00 -1.009516565882754513e+00 -1.025624603884639274e+00 -1.013584699049763449e+00 -1.009258416883232590e+00 -1.007697912376615434e+00 -1.009143198044344381e+00
