(-1.0102577958654786+0j)
-1.024186111017950651e+00 -9.927564540887877653e-01 -9.922993884060498093e-01 -1.012116825514327800e+00 -1.012605887662114679e+00 -1.011163258485232364e+00 -1.010991938556726533e+00
-1.032907796474137996e+00 -1.041706099888049408e+00 -1.017221340934415519e+00 -1.007699776390159840e+00 -1.006562834038463805e+00 -1.006824268521891108e+00 -1.009008685749740231e+00
-1.004971515644783153e+00 -9.995932945881185194e-01 -9.995196592648034617e-01 -1.003925280654196728e+00 -1.007992129116289881e+00 -1.009169015652902068e+00 -1.012700698446185266e+00
-9.887550042178541165e-01 -1.015535704392128924e+00 -1.014457282343707689e+00 -1.008315249031177530e+00 -1.002885106079558497e+00 -1.007724215997218176e+00 -1.010087327290165593e+00
-1.014741740848598361e+00 -9.846107566331505634e-01 -1.033749004884123801e+00 -1.016529380306230301e+00 -1.014462784674276419e+00 -1.013858778514047598e+00 -1.010381265604220147e+00
-1.015599960791511380e+00 -9.687490440945695225e-01 -9.813833770008489887e-01 -1.005682366174083020e+00 -1.009515701620461670e+00 -1.010948163326979010e+00 -1.011075074274981223e+00
-1.021558458678188508e+00 -1.034652117313885622e+00 -9.945106119074837991e-01 -9.977089575035051894e-01 -1.012196659686377842e+00 -1.013144178376474080e+00 -1.012195193186676168e+00
-1.012098773037309662e+00 -1.028747933802274250e+00 -1.005456940112649189e+00 -1.012009849432651265e+00 -1.003837733485813288e+00 -1.011246791327524486e+00 -1.010481088010004358e+00
-1.000564289301314469e+00 -1.032256191551935043e+00 -1.004736594450098774e+00 -1.000228382293700147e+00 -1.009756824312195711e+00 -1.008610649769253520e+00 -1.009634074000473003e+00
-1.022997846513178377e+00 -1.018132998730906014e+00 -1.022674027954198595e+00 -1.011886038712040747e+00 -1.004916909166802430e+00 -1.012317494374921356e+00 -1.012798812249410929e+00
-9.975897098686501430e-01 -9.770182359144654605e-01 -1.014568978752925954e+00 -9.987288878660552927e-01 -1.011366367951628931e+00 -1.013990869697714015e+00 -1.011632170432090971e+00
-1.052394881236466517e+00 -1.040321509876240391e+00 -1.026748212313133291e+00 -1.020112348808662528e+00 -1.014997988646418658e+00 -1.014904852857883455e+00 -1.011312986514649293e+00
-1.009133031961188198e+00 -1.020806044612401209e+00 -1.006887961081873506e+00 -1.001559109630529409e+00 -1.014195858500518188e+00 -1.010406948378015368e+00 -1.008354428963785354e+00
-9.887228608358582527e-01 -9.931175948023097666e-01 -9.712434031598851103e-01 -1.012136824813259395e+00 -1.010174739303196789e+00 -1.013144492660325913e+00 -1.011461065113162583e+00
-9.652967861461231314e-01 -9.977405626859154886e-01 -1.004589074723458708e+00 -1.012412011548266211e+00 -1.015987545214812826e+00 -1.013744896930379058e+00 -1.010703502252376040e+00
-1.004053793301680209e+00 -9.968028235570651763e-01 -9.981712525185549856e-01 -9.864044308144457318e-01 -1.001899061609288877e+00 -1.006421008600400846e+00 -1.010363788169281296e+00
-1.011237691188031640e+00 -1.053819923470498132e+00 -1.013780981605436171e+00 -1.007144689732898168e+00 -1.017997314660196828e+00 -1.008721129616397594e+00 -1.012834377262353813e+00
-9.669358797286272678e-01 -9.871199907886093472e-01 -1.008984897896936239e+00 -1.000672871188990065e+00 -1.015908007781539446e+00 -1.014967731013359575e+00 -1.011696419115710732e+00
-1.023310483508471869e+00 -1.014788779691238041e+00 -1.002117056148293717e+00 -9.944300604962953427e-01 -1.011925480462719795e+00 -1.009471978526104152e+00 -1.008668301120773103e+00
-1.026285062941136417e+00 -1.006282760662044584e+00 -9.828673430730405780e-01 -1.000283642515318316e+00 -1.018092208264072651e+00 -1.012821202548180644e+00 -1.011667870006998537e+00
-1.009133031961188198e+00 -9.661604999855404330e-01 -1.006781017996008609e+00 -1.017739687449765285e+00 -1.017549210283428263e+00 -1.010308785788426977e+00 -1.009399160590664035e+00
-1.005805818131963347e+00 -9.600498614178246681e-01 -9.966751945137286572e-01 -1.026674369175345936e+00 -1.015505785012108753e+00 -1.017010701869747402e+00 -1.012896334952601229e+00
-1.039539084841659911e+00 -1.064228233001112578e+00 -1.034146588119612575e+00 -1.012449960708964536e+00 -1.007805162949022559e+00 -1.010980628964925021e+00 -1.012584918331083994e+00
-1.007341009729638248e+00 -1.010879485233708852e+00 -9.943247515344703080e-01 -1.001989192953575802e+00 -1.003746128306555407e+00 -1.006705383357283656e+00 -1.009948159780706511e+00
-9.477957771204351678e-01 -9.531668696516455430e-01 -1.024926515675278704e+00 -1.030836915673079890e+00 -1.024625471042907909e+00 -1.011584326469287642e+00 -1.012264466131549634e+00
-9.653526559380645189e-01 -1.010716094971427559e+00 -1.046487460845386241e+00 -1.016875169248097066e+00 -1.006307464100161919e+00 -1.008780538584150399e+00 -1.008913466494136602e+00
-1.036111379410785016e+00 -1.044757991696860788e+00 -1.017069876560805275e+00 -1.015086863929978378e+00 -1.006126899821999432e+00 -1.007354660509412136e+00 -1.006998788579962278e+00
-9.932092628872788431e-01 -9.796825414614868111e-01 -9.988090639689144457e-01 -9.946988168392162377e-01 -1.006916996442131396e+00 -1.007344384790017200e+00 -1.009582468630713104e+00
-1.025089287700852836e+00 -9.911438923525541789e-01 -1.004918264014647455e+00 -9.817956772407679944e-01 -1.004456218523711364e+00 -1.010547895909102323e+00 -1.008921641445226669e+00
-1.023810181266958441e+00 -1.044299957797198530e+00 -9.868437930960093363e-01 -1.007146160146411784e+00 -1.015028930917068140e+00 -1.005465908234784322e+00 -1.010319914807160657e+00
-1.011808486438232180e+00 -1.006061586706766597e+00 -1.002093311172004952e+00 -1.023615909782916056e+00 -1.019677808660276463e+00 -1.007094262501945670e+00 -1.008841535633762998e+00
-1.000564289301314469e+00 -9.991803727081447484e-01 -1.007264347275740990e+00 -9.960949701488310826e-01 -1.000744931138275673e+00 -1.006006638433007083e+00 -1.007411314985205308e+00
-9.975497758979060547e-01 -9.787857423822238223e-01 -1.010005908780790218e+00 -1.017026212845026700e+00 -1.019637725579942700e+00 -1.011289849711435096e+00 -1.012804652812679729e+00
-1.049025549844636362e+00 -1.040358310994268010e+00 -1.040828333300284569e+00 -1.000294669516608170e+00 -1.008146521215194547e+00 -1.012798345009131129e+00 -1.011019297133943784e+00
-1.029774566941502156e+00 -1.050344691615350712e+00 -1.017328694153665003e+00 -1.023628889018901589e+00 -1.010040676829966344e+00 -1.012111591329279081e+00 -1.010726820959935601e+00
-9.988122644710311082e-01 -9.752727716985961637e-01 -9.824958351342044649e-01 -1.011970591151959198e+00 -1.009401202178160872e+00 -1.011950551061259640e+00 -1.008833795029950409e+00
-1.006824757540905280e+00 -1.009197647861672209e+00 -1.028356359268866704e+00 -1.009267457806457546e+00 -1.005788135358080648e+00 -1.008202279295806081e+00 -1.010394990033563367e+00
-9.773665031530450742e-01 -9.816082908996407452e-01 -9.805457503578303147e-01 -1.011546409728696139e+00 -1.004293111247492654e+00 -1.008131832982747333e+00 -1.010972741376108042e+00
-1.015365751539234473e+00 -1.009204254140999346e+00 -9.970106047609802458e-01 -1.001800864069119390e+00 -1.014425403536999282e+00 -1.009776197610768200e+00 -1.010796601322607735e+00
-9.741140703113208010e-01 -9.569620393313725826e-01 -9.798680438699037820e-01 -9.927287603038044139e-01 -9.993721077919213158e-01 -1.010198187892575650e+00 -1.011331778425272665e+00
-9.845934879014490715e-01 -1.052358706598678140e+00 -1.009644812637636058e+00 -1.011035557620848291e+00 -1.004790284990397575e+00 -1.008961974101363124e+00 -1.010309491753513367e+00
-1.015365751539234473e+00 -9.799576294702221357e-01 -9.815685973499932437e-01 -1.010498436360867114e+00 -1.014385290463104772e+00 -1.009733859908893860e+00 -1.009993334946098109e+00
-9.861868626317612518e-01 -9.789935818258449496e-01 -9.666398121282163691e-01 -9.618262024850520175e-01 -1.006232488840539618e+00 -1.010635975050879543e+00 -1.010024559249853571e+00
-9.993685140610308881e-01 -1.009076483715363626e+00 -1.028834410600611093e+00 -1.017207989218569475e+00 -1.004356276485372179e+00 -1.011145760630885349e+00 -1.010515683024683531e+00
-1.009069238130674062e+00 -1.022570965319284042e+00 -1.019685119335796308e+00 -1.012995762955531731e+00 -1.017873545477420816e+00 -1.010785694667358570e+00 -1.011905599884115770e+00
-1.047353628902657485e+00 -1.065143073431559007e+00 -1.030594965378027972e+00 -1.004098910189888283e+00 -1.001276176635785831e+00 -1.005578685229891800e+00 -1.010381849288380707e+00
-1.002663241224500457e+00 -1.018606481379701112e+00 -1.014549579967224169e+00 -1.023864002765829451e+00 -1.017820985093746078e+00 -1.015064651490434233e+00 -1.009841175518955581e+00
-1.023622359516230151e+00 -9.624342203658107220e-01 -9.854279976540086805e-01 -1.011130378275464814e+00 -1.006172527357260149e+00 -1.006549470728094864e+00 -1.008037507118797915e+00
-9.845054747275118201e-01 -9.993709495881389904e-01 -9.730920714046457087e-01 -1.003143904224160776e+00 -1.004577539645679529e+00 -1.009840638356000131e+00 -1.011588235595694885e+00
-9.930230691794379450e-01 -1.036098634814758945e+00 -1.045360286274001238e+00 -1.029552176126376395e+00 -1.023406584857326163e+00 -1.015617930649354017e+00 -1.012210423048656605e+00
