(-1.0102577958654786+0j)
-1.027099451430915744e+00 -1.024705973987731999e+00 -1.006739614250912629e+00 -1.037698500799033141e+00 -9.971799400038164896e-01 -1.004919643792661077e+00 -1.006745962742725542e+00
-1.036863969331073054e+00 -1.037176221586268987e+00 -1.031850043595270883e+00 -9.898642862808633147e-01 -1.016159073208975361e+00 -1.004512124845799548e+00 -1.011748044062261043e+00
-9.962526760170817841e-01 -9.765068599412543016e-01 -1.006349621040181663e+00 -1.017854891574428766e+00 -1.021097750265642645e+00 -1.007586908573420370e+00 -1.010277673270848497e+00
-1.027099451430915744e+00 -9.916247275884171319e-01 -9.683628274481391740e-01 -9.907422953667877064e-01 -1.009926702297403889e+00 -1.005007553216014982e+00 -1.011947512943713434e+00
-1.046029954500168779e+00 -9.643175739751599362e-01 -9.954928210907135755e-01 -9.949106186562508558e-01 -9.999375060646640279e-01 -1.007068859911119052e+00 -1.006551576806517190e+00
-1.041719650792903185e+00 -9.682822143899921796e-01 -1.005213327730908546e+00 -1.024178751238976393e+00 -1.013980246350551617e+00 -1.021796254881750521e+00 -1.012234467771514712e+00
-9.907221146279139301e-01 -1.009951050760799607e+00 -1.016814984259389210e+00 -1.036716846746779996e+00 -1.024202176675470755e+00 -1.008879909783483075e+00 -1.009354574425327167e+00
-9.429312507785228004e-01 -1.025836021371340223e+00 -9.857500569744460650e-01 -1.013137034920040591e+00 -1.008583450070640319e+00 -1.006750688797201532e+00 -1.013522237183091868e+00
-1.018451743731894288e+00 -1.050917205589449122e+00 -1.027691935101201270e+00 -1.009416603577314886e+00 -1.001557461579602126e+00 -1.020521935102816524e+00 -1.008264499092385913e+00
-1.006817056101944718e+00 -1.042519883145386572e+00 -1.036192352086878765e+00 -9.782022816167263990e-01 -1.008062008717946600e+00 -1.012500349470797811e+00 -1.010491344371639233e+00
-9.941984005891106868e-01 -1.019642502314954235e+00 -1.030989926345254659e+00 -1.014824274808677096e+00 -9.928861608296020158e-01 -1.018455754494203669e+00 -1.010634499443315626e+00
-9.624404330875548919e-01 -9.744865863134620776e-01 -9.963461480279163229e-01 -1.023383421050577446e+00 -1.017062408492747316e+00 -9.968902128674179686e-01 -1.012093302472345524e+00
-1.043353530723677647e+00 -9.661738044738564790e-01 -1.000900807741488707e+00 -9.967245789175641635e-01 -1.004779176123964834e+00 -1.008272036229005408e+00 -1.004962501276858600e+00
-1.015361316320199991e+00 -9.876279036122824762e-01 -1.004002086027046659e+00 -9.972613110216377308e-01 -9.955231307385257189e-01 -1.006690572502403569e+00 -1.009432281382881325e+00
-9.990540596895742809e-01 -1.017390286372230168e+00 -9.948332097184054978e-01 -9.880526899526730356e-01 -1.018429292242066797e+00 -1.015878178869732196e+00 -1.009244976828559182e+00
-1.000927355061433710e+00 -1.004906760118772446e+00 -1.021230022007078020e+00 -1.032502461530678595e+00 -1.014764717130636429e+00 -1.007180555759498830e+00 -1.009615591468463469e+00
-1.037957469095938334e+00 -9.914053558099897856e-01 -9.900474629700677376e-01 -1.007170624398818326e+00 -1.007557160625243364e+00 -1.013655727876589197e+00 -1.011321270118027416e+00
-1.011626234907725408e+00 -1.005372601777625885e+00 -1.002345909485792497e+00 -1.005693077270291447e+00 -1.004432168972344330e+00 -1.003053042945396101e+00 -1.009743550231823717e+00
-1.006457916450601786e+00 -1.014602710126002449e+00 -9.892318441233529658e-01 -9.958972132927523813e-01 -1.026521182841820590e+00 -1.010258502911026701e+00 -1.007055110670701303e+00
-1.022090270792523237e+00 -1.015412836929743490e+00 -9.955340902823930360e-01 -9.848332672205675209e-01 -1.009004529645223025e+00 -1.006306574639451279e+00 -1.008377086718130089e+00
-1.031020770946611709e+00 -9.939236484478445321e-01 -9.937354638909275950e-01 -9.818778693084031506e-01 -1.018146220053782303e+00 -1.015922385994739940e+00 -1.012553921010848512e+00
-1.022711995743363689e+00 -1.005619313118914393e+00 -9.918233547383827897e-01 -1.006232497319099028e+00 -1.012170874610073934e+00 -1.004375304588833062e+00 -1.011241166854068396e+00
-9.937076039985857090e-01 -9.787854308641822376e-01 -1.035844446350961956e+00 -1.006846123839787888e+00 -1.021317397215216749e+00 -1.018234843056876837e+00 -1.012245138155927870e+00
-1.011626234907725408e+00 -1.014142002196207537e+00 -1.004746211985186655e+00 -1.029274833149712132e+00 -1.015425868909206830e+00 -1.007055088893793027e+00 -1.012118839775613788e+00
-1.018764358365821687e+00 -1.030105400272300908e+00 -1.000943182439711254e+00 -9.988572115046719935e-01 -1.000519962636931659e+00 -1.011770604367752124e+00 -1.008011570842718196e+00
-1.038316608747281489e+00 -1.006210522270935881e+00 -9.946488189351095910e-01 -1.059824065632893886e+00 -9.966014068195573339e-01 -1.006026614538887198e+00 -1.013059268704946003e+00
-1.040499393111000925e+00 -1.062514201543172998e+00 -1.010687924433286256e+00 -1.005306942599673681e+00 -1.010897515762758214e+00 -1.013527715266249629e+00 -1.012258006156194101e+00
-1.027099451430915744e+00 -1.007697246484960951e+00 -9.913541270887831214e-01 -1.016248066666345373e+00 -1.023973084041404746e+00 -1.009755961063965035e+00 -1.010528067762921367e+00
-1.001286494712776864e+00 -1.032487952393993602e+00 -1.040509316111430937e+00 -1.027261028783252428e+00 -9.970420348125321741e-01 -1.006082805738462316e+00 -1.009550334384572867e+00
-1.004897280435402163e+00 -9.909781710556759826e-01 -9.772961660438143072e-01 -1.031451615934734001e+00 -1.025144225368099571e+00 -1.004948537738902692e+00 -1.008268008535789129e+00
-9.929545272897501995e-01 -1.005268593100056229e+00 -1.005217680960809101e+00 -1.009478021294502037e+00 -1.039899482213558546e+00 -1.005132592445804107e+00 -1.014150499531828675e+00
-7.953718425672413606e-01 -1.018232340669197544e+00 -1.014315001127599203e+00 -1.001342100697629522e+00 -1.001510801574719611e+00 -1.006177033390515341e+00 -1.010254463841217643e+00
-9.981960673010825680e-01 -1.009268767905398878e+00 -1.019070113793841603e+00 -1.015744069827646090e+00 -1.006439078587832547e+00 -1.008421524622802323e+00 -1.007850849873401344e+00
-1.011050990251568082e+00 -1.027085845385528717e+00 -9.946076664268412859e-01 -1.021865950617572238e+00 -1.012944306222622437e+00 -1.013306656896790336e+00 -1.007389170489239261e+00
-1.010452457520506275e+00 -9.682970410560594043e-01 -1.030739060422616760e+00 -9.959842257910113128e-01 -1.019270500210014863e+00 -1.007301845418003605e+00 -1.015647447912544132e+00
-9.861755211216307604e-01 -9.965175569890154517e-01 -1.022454000982996769e+00 -9.956996082194797815e-01 -1.015104195183663016e+00 -1.003124173580501211e+00 -1.012661068337938675e+00
-1.003291141842631351e+00 -1.013361819303722378e+00 -9.753074211889570799e-01 -1.027528140592486317e+00 -1.014645078328442640e+00 -9.958218826470914831e-01 -1.004918978197915091e+00
-1.012325752892365704e+00 -1.016719628748675941e+00 -1.011593241139566945e+00 -1.020580083826052809e+00 -1.025221098081723570e+00 -1.001285697739639602e+00 -1.008325733391462808e+00
-9.836805007989308791e-01 -9.755673273111004073e-01 -9.947979197444535293e-01 -9.894696893229738555e-01 -9.870206722213155093e-01 -1.003189854556701288e+00 -1.006279732212289613e+00
-9.901235818968521230e-01 -1.010058983840116831e+00 -9.956077214311801482e-01 -1.004048875896859538e+00 -1.005171828664465306e+00 -1.005906547342090729e+00 -1.005320314311362706e+00
-9.833213835089540389e-01 -1.010907252273198775e+00 -1.035844355243261017e+00 -1.021460381285735464e+00 -1.023222752155037218e+00 -1.000696651154678651e+00 -1.007288052200261630e+00
-9.890300821319870650e-01 -1.012763302405853993e+00 -9.990989756855686021e-01 -1.005777889466137331e+00 -1.005754334786695736e+00 -1.013197494815846200e+00 -1.011546161622814299e+00
-1.036551332335779563e+00 -1.016123077755688220e+00 -1.017525688102820736e+00 -1.028899255251376044e+00 -1.016322425456692047e+00 -1.012345661152870058e+00 -1.014199872496049259e+00
-1.030915855266955283e+00 -9.974934566600459629e-01 -1.008944977607698412e+00 -1.033453316359852714e+00 -1.018026637250621258e+00 -1.011063129490529011e+00 -1.011303793225763581e+00
-9.713740588837109780e-01 -1.031236939034169353e+00 -1.020671102152837406e+00 -1.027236782349170596e+00 -1.027289827972974745e+00 -1.008607552636570759e+00 -1.011371780887587724e+00
-1.001108335117545600e+00 -1.003942767282215875e+00 -1.025547847656515188e+00 -1.006929378833333111e+00 -1.024979976317644148e+00 -1.009635068635375887e+00 -1.010246702583202705e+00
-1.015623901619697511e+00 -1.048622932750733039e+00 -9.915910417085797013e-01 -1.020437170095040980e+00 -1.033777996494857021e+00 -1.008101504718875496e+00 -1.005351855307144326e+00
-1.006145279455308073e+00 -9.667152358618501529e-01 -9.976275674182006892e-01 -9.996784343890315894e-01 -1.000624059077013683e+00 -1.010095705317881842e+00 -1.010110608893196815e+00
-9.944071443445923197e-01 -1.012214420988547303e+00 -9.907681633083894601e-01 -1.035800719356988253e+00 -1.007054523656565337e+00 -1.006094293134212503e+00 -1.011848145007407718e+00
-1.015909797355465605e+00 -9.911199979967968421e-01 -9.943228638581318446e-01 -1.009490037960068420e+00 -1.009849206397707144e+00 -1.014206172626145985e+00 -1.008119181874508552e+00
