(-0.9618072819282768+0j)
-9.124447464653473450e-01 -9.446725284609035489e-01 -9.481610972102548773e-01 -9.582691472179515335e-01 -9.662730321280591506e-01 -9.595918227572591830e-01 -9.632484890145964762e-01
-1.005518056379085312e+00 -9.975265742220454923e-01 -9.720443192563069656e-01 -9.601508095063888693e-01 -9.572135971341479976e-01 -9.621051820038888369e-01 -9.621467799051879322e-01
-9.376320678204232983e-01 -9.719982140253391467e-01 -9.405587254141370979e-01 -9.692564842378369461e-01 -9.649143999184673914e-01 -9.611994768474475537e-01 -9.612741520157992436e-01
-9.941582380837721278e-01 -9.454142996844709934e-01 -9.582774811299911155e-01 -9.732677054248238813e-01 -9.674088048409235086e-01 -9.626309598282760671e-01 -9.632944107151335533e-01
-9.876437882873605467e-01 -9.688459480922900768e-01 -9.793491362566547620e-01 -9.503965061297432459e-01 -9.600699794891919270e-01 -9.595983424099953085e-01 -9.606429275472901930e-01
-9.053140244096775646e-01 -9.416948701120849696e-01 -9.476528432476031272e-01 -9.687213306805653179e-01 -9.664086241532157118e-01 -9.632389984450189235e-01 -9.607267298285195878e-01
-9.869849829975330113e-01 -9.611655381223617178e-01 -9.347633095546036275e-01 -9.675753619248343984e-01 -9.609384495545058025e-01 -9.612198401372267220e-01 -9.629020206421928796e-01
-9.536920164252358223e-01 -9.166797813734728351e-01 -9.561305445252861190e-01 -9.483223393027133685e-01 -9.602864320731244741e-01 -9.594516351784309061e-01 -9.624653307863922924e-01
-9.297268968876775119e-01 -9.724365219129200710e-01 -9.399145690404648867e-01 -9.655821498842830364e-01 -9.593428500261417247e-01 -9.639110187458900247e-01 -9.624702914837995893e-01
-8.710636464048356897e-01 -9.514824740426409688e-01 -9.465458859672961633e-01 -9.514209257675124709e-01 -9.728216900532841160e-01 -9.605368359838818426e-01 -9.619490950119222727e-01
-9.842965779670667104e-01 -9.553051609461806759e-01 -9.688385961189448503e-01 -9.636958009339361420e-01 -9.660480919286890122e-01 -9.639291720598764934e-01 -9.623069388696194881e-01
-9.762839699920475844e-01 -9.215892775932299497e-01 -9.621671386453573005e-01 -9.605318821231326742e-01 -9.663121796497455840e-01 -9.619869352522281147e-01 -9.592967859479158976e-01
-9.865692284593310379e-01 -9.597511525809548916e-01 -9.616681412844817478e-01 -9.675750146184924905e-01 -9.615757661150405866e-01 -9.622189769721326558e-01 -9.599682848010737679e-01
-1.034000343670674171e+00 -9.449803230433889700e-01 -9.587853235878077696e-01 -9.635952348897025566e-01 -9.611900372730808328e-01 -9.618055836799001002e-01 -9.609912657451239459e-01
-9.584096584637420424e-01 -9.589650024534402961e-01 -9.632113847158154663e-01 -9.639627537264501278e-01 -9.599124137658973099e-01 -9.653539116635322381e-01 -9.609862793159106298e-01
-9.414862023802856861e-01 -9.618524704201548703e-01 -9.682061157532814155e-01 -9.650404729807279258e-01 -9.510469428632049027e-01 -9.633776472439774530e-01 -9.628987862819676780e-01
-9.947095628947455470e-01 -9.065235146024469559e-01 -9.610557307407935346e-01 -9.550338230704831233e-01 -9.618710187725070249e-01 -9.577899583230017333e-01 -9.621199795075726646e-01
-1.000066126974136882e+00 -9.526736877588113384e-01 -9.774372415744190246e-01 -9.639261829480973987e-01 -9.687298124151373369e-01 -9.656445972384578580e-01 -9.610142210980027189e-01
-1.006156978419970649e+00 -9.442901427422281113e-01 -9.626936933601968338e-01 -9.658312522262223476e-01 -9.636227931137211211e-01 -9.612808342363247105e-01 -9.630559833974952078e-01
-9.262722495251101140e-01 -9.904689876430741169e-01 -9.604892704355790789e-01 -9.663173827781518233e-01 -9.651371339142352790e-01 -9.624980518508925442e-01 -9.622761786216073032e-01
-1.007239338623795444e+00 -9.747267467420168696e-01 -9.901554482096364129e-01 -9.539231742251020885e-01 -9.640687529727556271e-01 -9.625301179756234893e-01 -9.604356665484724553e-01
-9.626795909983871802e-01 -9.553814224629750829e-01 -9.531148081782182535e-01 -9.558906892587983872e-01 -9.556340799451623624e-01 -9.597962436285251142e-01 -9.612198529440514339e-01
-8.546207736392745780e-01 -1.006145478870056120e+00 -9.437927320056480607e-01 -9.657074618702599089e-01 -9.618408189882355908e-01 -9.633970257860611230e-01 -9.622724209961222019e-01
-9.376320678204232983e-01 -1.010115788498201717e+00 -9.403470783259983978e-01 -9.484704601767096621e-01 -9.601137487336466325e-01 -9.616044795002851586e-01 -9.630997214313606891e-01
-9.908313171815998910e-01 -9.961756237007617365e-01 -9.477973968357397139e-01 -9.587603571066359853e-01 -9.639300795103646902e-01 -9.615108197712419758e-01 -9.597071643674071062e-01
-9.673894326610981143e-01 -8.946863311729116308e-01 -9.378164218102510441e-01 -9.663017391192337824e-01 -9.612515199876461303e-01 -9.597062570731916820e-01 -9.615101331318454125e-01
-9.517636604717738535e-01 -9.663430623185761403e-01 -9.656045629750825698e-01 -9.697867161492160770e-01 -9.635271826233036130e-01 -9.621742004337979770e-01 -9.602843547654945633e-01
-9.570045375273363852e-01 -9.925255252130589234e-01 -9.698420551580005933e-01 -9.723974415449708752e-01 -9.650675905725821790e-01 -9.632019752445617478e-01 -9.627378140519052829e-01
-9.343129907306271242e-01 -9.138513764019925434e-01 -9.543663747098755090e-01 -9.703447695891046498e-01 -9.632614858010644099e-01 -9.661136522663351656e-01 -9.625594657499109141e-01
-1.018047832108135431e+00 -9.499726853135471716e-01 -9.299133294660819615e-01 -9.545862470375620079e-01 -9.637764026461725919e-01 -9.614941533177763233e-01 -9.607364302132183065e-01
-9.382908731102508337e-01 -9.244245399008229613e-01 -9.686300028006218366e-01 -9.678934135878565215e-01 -9.710842612441600297e-01 -9.605176207968642021e-01 -9.630227365120425098e-01
-9.643930728673020258e-01 -9.580895661593674673e-01 -9.613338935726510881e-01 -9.654614792581742710e-01 -9.622706277634267558e-01 -9.603911374913323140e-01 -9.626826283623836078e-01
-8.724262777472527874e-01 -9.571676743011059418e-01 -9.427758160537683674e-01 -9.578322579824134486e-01 -9.584916970595049879e-01 -9.620383077610453748e-01 -9.590160589195336760e-01
-1.002614777264071888e+00 -9.787294277369666951e-01 -9.510479672406264573e-01 -9.519084081080736448e-01 -9.683842554590926799e-01 -9.626221785226564132e-01 -9.594614446064132496e-01
-9.391302694356116199e-01 -9.521401277381418282e-01 -9.542027227631559860e-01 -9.496834731738172941e-01 -9.614454694465615070e-01 -9.588167682198162067e-01 -9.632062276161513781e-01
-9.589609832747152396e-01 -9.703897214204351140e-01 -9.541014032097508979e-01 -9.620071294654043426e-01 -9.622914075388570021e-01 -9.633631627292387201e-01 -9.628755371712147682e-01
-9.639772748925194978e-01 -9.730060351155829235e-01 -9.492221596816505791e-01 -9.639021747514131544e-01 -9.617466462393504667e-01 -9.625703704113942605e-01 -9.618398901041622651e-01
-9.663429626269854911e-01 -9.418748239254299826e-01 -9.663001979854449752e-01 -9.711752078996731541e-01 -9.613953826065845254e-01 -9.601811405790867671e-01 -9.610897708595886879e-01
-9.921368014515277167e-01 -9.665036142106523398e-01 -9.721270143713287570e-01 -9.634450819761463114e-01 -9.621154789182059242e-01 -9.628338874355403254e-01 -9.607467368543435304e-01
-9.584377916942397047e-01 -9.881284233983375076e-01 -9.671071231160301984e-01 -9.805920152453394545e-01 -9.596287522179476337e-01 -9.611115494109383484e-01 -9.609355739989591250e-01
-9.739038824575096953e-01 -9.525498484997241277e-01 -9.715067471618673567e-01 -9.595924882496347230e-01 -9.670970463985287813e-01 -9.628399054438150362e-01 -9.626159714559939795e-01
-9.423497098589295184e-01 -9.616591975767684319e-01 -9.550334464877732188e-01 -9.547062656807787651e-01 -9.599699872850161464e-01 -9.636419178712944955e-01 -9.619602668404345636e-01
-9.986754058378028986e-01 -9.826797485452715142e-01 -9.690297694814744567e-01 -9.568775941271913110e-01 -9.637095924001038982e-01 -9.622565120906135805e-01 -9.594368283882971360e-01
-9.131911055485063544e-01 -9.500073285733549033e-01 -9.620506843763997340e-01 -9.659267201241846790e-01 -9.639245291698331775e-01 -9.600832388829753095e-01 -9.623782005962187025e-01
-1.001540173999461603e+00 -9.370657479470896334e-01 -9.836463842275138258e-01 -9.648787359263959473e-01 -9.628626700061837518e-01 -9.598171834737178054e-01 -9.614535686151574057e-01
-9.855942618611990280e-01 -9.481032899890795562e-01 -9.709664883662160184e-01 -9.590955633320145113e-01 -9.595195847507483888e-01 -9.614680437977254357e-01 -9.621276130849315544e-01
-9.174851492364344274e-01 -9.864098764480191406e-01 -9.425523352247258124e-01 -9.629248196813180449e-01 -9.601515339778272651e-01 -9.603618186610813900e-01 -9.612874737666214919e-01
-9.649241082601538455e-01 -9.711173220836810671e-01 -9.535722922812349678e-01 -9.586165698836195403e-01 -9.608187022509406816e-01 -9.650219794927701322e-01 -9.618256448449412632e-01
-9.101313031146618382e-01 -9.502113516929336923e-01 -9.629345026429035892e-01 -9.663335851758944051e-01 -9.617155718206654713e-01 -9.629818387817357106e-01 -9.625838171502947294e-01
-9.748788056190611506e-01 -9.971778799681684236e-01 -9.706808391539298864e-01 -9.680398537136138959e-01 -9.595161985319581310e-01 -9.634071048967421946e-01 -9.617137840597796972e-01
