(-0.9618072819282768+0j)
-9.498595787856347616e-01 -9.410862910341344367e-01 -9.891946448440940287e-01 -9.620498381634982055e-01 -9.635407359884498035e-01 -9.673656545051980693e-01 -9.655995312990740542e-01
-9.708524620046394826e-01 -9.378251845332064018e-01 -9.819436966885509710e-01 -9.665722916656211972e-01 -9.578917302691698499e-01 -9.655505992948101301e-01 -9.635344703579895587e-01
-9.777257241199948101e-01 -9.981636569115368562e-01 -9.432060692007739888e-01 -9.687965515223820878e-01 -9.678525379487131763e-01 -9.595156044165361608e-01 -9.652996089328736984e-01
-9.580865343802416056e-01 -9.851364236934447849e-01 -9.485422602221571520e-01 -9.657387772270312754e-01 -9.661036902352304612e-01 -9.599107612845505511e-01 -9.620365338587196780e-01
-9.870948721191628028e-01 -8.909862661414016394e-01 -9.658283162458168869e-01 -9.618531316450111834e-01 -9.616927423314003409e-01 -9.685891835268222172e-01 -9.679592793031905895e-01
-9.759172282235188955e-01 -9.257661067139040245e-01 -9.804082392807470514e-01 -9.607633582014273310e-01 -9.620378935203182102e-01 -9.614615283058649542e-01 -9.627042703633991172e-01
-9.524580322108899821e-01 -9.850411978203390539e-01 -9.505681267055671180e-01 -9.633384061190627401e-01 -9.605301003448201147e-01 -9.559250372147718444e-01 -9.627964407971263405e-01
-9.598648239990812403e-01 -9.734662917898104784e-01 -9.770426306865749311e-01 -9.593791573613914547e-01 -9.648652578284144798e-01 -9.635433342059177564e-01 -9.697518039158499192e-01
-9.374223417954352655e-01 -9.312663625600590134e-01 -9.572156005023474412e-01 -9.613351487245912486e-01 -9.680056731962398686e-01 -9.596578108691581344e-01 -9.616527533657925897e-01
-9.774989436426182454e-01 -9.563453504201238076e-01 -9.715031137236378456e-01 -9.725619614145210035e-01 -9.680138638680977348e-01 -9.586699506606379817e-01 -9.631717066001463934e-01
-9.105376250576810992e-01 -9.301187483245398901e-01 -9.696125546118139482e-01 -9.654324078837362988e-01 -9.604104063447338469e-01 -9.646077889617381551e-01 -9.610161732862426698e-01
-9.425325310186485339e-01 -9.154021112418910811e-01 -9.591710195611600209e-01 -9.574689779927746391e-01 -9.605159790749830950e-01 -9.610453478271062666e-01 -9.614264769625098239e-01
-9.639262636191965328e-01 -1.010889456285814836e+00 -9.448403851328740499e-01 -9.506020808362597441e-01 -9.706447673629011730e-01 -9.614955507011431202e-01 -9.607014619053934057e-01
-9.668984688231287983e-01 -9.125270578445202618e-01 -9.772406482653359650e-01 -9.703451345222796620e-01 -9.538778168948824909e-01 -9.633785031712746028e-01 -9.547813904698232434e-01
-9.622875625442579572e-01 -9.941960964679041890e-01 -9.470763294082263917e-01 -9.696437804260921167e-01 -9.632692058288331305e-01 -9.575449210758271157e-01 -9.618433023944619187e-01
-8.957611320129817978e-01 -9.214416124059594537e-01 -9.693913048825333334e-01 -9.711060051389486247e-01 -9.678077618874791899e-01 -9.636379590305541587e-01 -9.569297952015485276e-01
-9.866762587141040264e-01 -9.838655092979515793e-01 -9.547453546097551813e-01 -9.462773817439825708e-01 -9.582060335630259162e-01 -9.731448167266908422e-01 -9.622112253265682202e-01
-1.005759095260783997e+00 -8.962732669064892299e-01 -9.601394383161203638e-01 -9.651400147121774742e-01 -9.533794399491022364e-01 -9.576071564279462489e-01 -9.633678721889729069e-01
-9.718398516174844293e-01 -9.648341493490584231e-01 -9.557547737904819041e-01 -9.482072160249089832e-01 -9.676982126235144088e-01 -9.632253693824963658e-01 -9.565786512486409432e-01
-9.802633789329489034e-01 -9.968365384724264811e-01 -9.854051379358917950e-01 -9.771031578250252148e-01 -9.668787851398917832e-01 -9.618957509961758578e-01 -9.696284675688000565e-01
-9.673096535553249442e-01 -9.282929435280308228e-01 -9.566553013444131226e-01 -9.494125988340429423e-01 -9.675414919995344309e-01 -9.559587828053662806e-01 -9.584531201708806902e-01
-8.820211827465501697e-01 -9.502782595686798395e-01 -9.544256393934278382e-01 -9.669940869261689498e-01 -9.615309824238309488e-01 -9.549504446618374276e-01 -9.622244765748841910e-01
-1.015355002019038277e+00 -1.000773735960979405e+00 -9.794519133392542987e-01 -9.729161034735887004e-01 -9.630716283714245707e-01 -9.619627459432564809e-01 -9.595526894316228628e-01
-9.604155972751788894e-01 -9.998514103657927254e-01 -9.639476570438907377e-01 -9.609354558174568739e-01 -9.562903203275964215e-01 -9.648646766085676729e-01 -9.602825220923171257e-01
-9.486074143639420253e-01 -9.691369799208733316e-01 -9.632659870874266117e-01 -9.636745876308953074e-01 -9.553075983134140525e-01 -9.616466355957853374e-01 -9.579173283703531494e-01
-9.478100523594730209e-01 -9.245513268374367932e-01 -9.988019080232123370e-01 -9.755458903362139722e-01 -9.588888922215507149e-01 -9.540553418604733604e-01 -9.596276765782765228e-01
-9.766190004683774628e-01 -9.971946605560380039e-01 -9.441452477367406892e-01 -9.540692640127628188e-01 -9.640914098696551360e-01 -9.622837182205890016e-01 -9.613398305207476735e-01
-9.624053008969348788e-01 -9.704442427493247258e-01 -9.595984302893938445e-01 -9.572612777409144069e-01 -9.597138466945288604e-01 -9.599591354445498048e-01 -9.621197485125891902e-01
-1.052091937926302290e+00 -1.036246087574345998e+00 -9.898608583162079588e-01 -9.644660133763494070e-01 -9.662887819199652562e-01 -9.604435385873640874e-01 -9.557269254053251117e-01
-1.006725623075083398e+00 -9.574657259736962800e-01 -9.159423680128573331e-01 -9.661431295034124123e-01 -9.684705794382243438e-01 -9.618924818773293417e-01 -9.646865124914862921e-01
-9.420341301558039504e-01 -9.694290187395422365e-01 -9.519811283769834542e-01 -9.749277345451617949e-01 -9.641912537229758717e-01 -9.582907257111925592e-01 -9.606203547201112025e-01
-9.224463678732047756e-01 -9.917898077058220352e-01 -9.686395865997313726e-01 -9.650112172098117558e-01 -9.627081277322689923e-01 -9.570476183534790682e-01 -9.645373877801408646e-01
-9.704263353338267173e-01 -9.675056786251454710e-01 -9.465434106533987535e-01 -9.565929254436639217e-01 -9.683205841084927545e-01 -9.622858556382767325e-01 -9.583699155006781822e-01
-9.537671388518416116e-01 -1.001773693961820033e+00 -9.872259180974060078e-01 -9.429403122114325964e-01 -9.595202034647363210e-01 -9.584127855608248758e-01 -9.555323446253438657e-01
-9.569377887296919294e-01 -9.652257238620181035e-01 -9.756423749721919725e-01 -9.584713864402976125e-01 -9.593009364087091706e-01 -9.621883274863813895e-01 -9.607917373948045014e-01
-9.928253278819172412e-01 -9.700265941076633425e-01 -9.480359387606143162e-01 -9.571362532172611459e-01 -9.645565162485987276e-01 -9.608983510163207065e-01 -9.488237813474886817e-01
-1.010560029148030559e+00 -9.905858872925414893e-01 -9.651312940109849636e-01 -9.665320495285316671e-01 -9.653459015655792008e-01 -9.549584098119583420e-01 -9.662798854957352912e-01
-9.620975132175917377e-01 -9.799604941656316903e-01 -9.651996957521911114e-01 -9.504533900253884227e-01 -9.576421500726908231e-01 -9.610279772200434056e-01 -9.623161088677046893e-01
-9.199722670257451940e-01 -9.492472604604551556e-01 -9.585382959804495950e-01 -9.709082804365459785e-01 -9.609089521048268523e-01 -9.693041870493985801e-01 -9.624027255094707023e-01
-9.686633904711574594e-01 -9.380538152639903426e-01 -9.669090357517690082e-01 -9.620716180621805558e-01 -9.647451801644577607e-01 -9.640372993084243003e-01 -9.631354609777345033e-01
-9.495225798759583391e-01 -9.644292525043087760e-01 -9.621491014340673997e-01 -9.563808376636675490e-01 -9.691850761606631837e-01 -9.676681199063229544e-01 -9.589748309804350113e-01
-9.839183892545453336e-01 -9.617902130422104623e-01 -9.668757860957808425e-01 -9.647645871684233931e-01 -9.701965769316718280e-01 -9.705029914754230713e-01 -9.665977747078657867e-01
-1.022578674451461556e+00 -9.759082075943750212e-01 -9.585501880222462301e-01 -9.632404585898093341e-01 -9.687889318984287401e-01 -9.551212929892911596e-01 -9.599270466230767074e-01
-9.771827606160230495e-01 -9.365073741602207846e-01 -9.670758726392391091e-01 -9.602272324014283766e-01 -9.577035225857312151e-01 -9.628816089001916989e-01 -9.555628503910307270e-01
-9.563294225043388330e-01 -9.827461551707075138e-01 -9.813573300064960536e-01 -9.725059169990970531e-01 -9.595325443857321002e-01 -9.597227029977746238e-01 -9.563439193222333934e-01
-9.360324593040183494e-01 -9.702333565374008373e-01 -9.626916272012777664e-01 -9.587396637321726756e-01 -9.620404561200052163e-01 -9.652640120056946715e-01 -9.614154652172619553e-01
-9.623445264818069056e-01 -9.663435625049077160e-01 -9.497589586817379859e-01 -9.757615335889310293e-01 -9.631961900121508435e-01 -9.660777802124506097e-01 -9.554640118135580007e-01
-9.187001228870050884e-01 -9.659707842318900894e-01 -9.440475741336585846e-01 -9.579803532436790281e-01 -9.665496486107062468e-01 -9.704047131902313605e-01 -9.627631802001549444e-01
-1.043514572014627273e+00 -9.669360300762839255e-01 -9.435757304663322520e-01 -9.870136967068007250e-01 -9.583115195590803381e-01 -9.649840043625168562e-01 -9.569175781935088665e-01
-9.476180696840283968e-01 -9.149904454528361430e-01 -9.430339381521826159e-01 -9.536659079119209625e-01 -9.581930062098936718e-01 -9.609930991156077074e-01 -9.686332596750983903e-01
