(-0.9618072819282768+0j)
-9.392634858970110301e-01 -9.638661573007792915e-01 -9.507799904561502480e-01 -9.602170230393873851e-01 -9.567901811612408158e-01 -9.560992979305237283e-01 -9.583918487505752593e-01
-8.762253552621094288e-01 -9.157304090801794416e-01 -9.676241520842370214e-01 -9.510516040583593123e-01 -9.565422694098473233e-01 -9.581967469142902427e-01 -9.618038358874053673e-01
-9.470843863112035077e-01 -9.698436408632846728e-01 -9.603461592607284159e-01 -9.582783368523851708e-01 -9.678895690916733408e-01 -9.666910236877882534e-01 -9.646242543793490665e-01
-9.554806764792966867e-01 -9.332454203692964745e-01 -9.442093748785389540e-01 -9.473505950063464409e-01 -9.553482427224868623e-01 -9.573072807150178054e-01 -9.599542692519841269e-01
-9.640097486166617768e-01 -9.649855268260778551e-01 -1.009150345490362977e+00 -9.700193839517741168e-01 -9.602176121342730353e-01 -9.612849936037789478e-01 -9.618681835089835097e-01
-9.660327215012887159e-01 -9.691791702315171175e-01 -9.592872240898815406e-01 -9.473256703940368118e-01 -9.628416474030003780e-01 -9.628519903411444369e-01 -9.618151791416328367e-01
-9.549490909185667231e-01 -9.502654901520150021e-01 -9.180199469314460625e-01 -9.490496251566414854e-01 -9.538864056903206823e-01 -9.618580190472051372e-01 -9.597641962143772520e-01
-9.888876597028957161e-01 -9.371626953895054735e-01 -9.503887270381535801e-01 -9.678698062384422096e-01 -9.594145617912687163e-01 -9.599501468897215783e-01 -9.624856078214329980e-01
-9.616292405916249120e-01 -9.888295035435670233e-01 -9.574765018625552848e-01 -9.728811669779440230e-01 -9.550474148813475894e-01 -9.585319530336893212e-01 -9.640980433033533581e-01
-9.970379519028567117e-01 -9.879912779187740579e-01 -9.594830997756703672e-01 -9.703861500077904934e-01 -9.601408583714656775e-01 -9.615824453434204111e-01 -9.635225042409247820e-01
-9.548109862031262107e-01 -9.478215540355628965e-01 -9.588851214682998503e-01 -9.528853401577578319e-01 -9.626375330977282596e-01 -9.614764061554342822e-01 -9.627473840078654144e-01
-9.888876597028957161e-01 -9.419037922445695488e-01 -9.940892216007708448e-01 -9.739333565276664384e-01 -9.608617202762105292e-01 -9.615851353609354835e-01 -9.644375438807348822e-01
-9.665382775881473654e-01 -1.000832020455490134e+00 -9.883902598585047050e-01 -9.480299457093968041e-01 -9.546738430684127419e-01 -9.587922001065799504e-01 -9.594862399091410587e-01
-9.559473005901129028e-01 -9.664070829991250333e-01 -9.468274656723012495e-01 -9.753872832315036989e-01 -9.670252583330465335e-01 -9.569946750167435123e-01 -9.600406091755980809e-01
-9.350557230555974764e-01 -9.777420257236261181e-01 -1.004451777330572559e+00 -9.776705584996263632e-01 -9.707424141235367898e-01 -9.654424697984186343e-01 -9.648253968594434626e-01
-9.330923623885063467e-01 -9.780573641877996494e-01 -9.584911200691430544e-01 -9.604226267181456000e-01 -9.607502085390243751e-01 -9.622417626832732163e-01 -9.618507529568632863e-01
-9.614013656655219231e-01 -9.527062905451159081e-01 -9.699579561663179694e-01 -9.489398645527951093e-01 -9.494859084931457360e-01 -9.559025307459344534e-01 -9.602368880244787075e-01
-9.090904798776306972e-01 -9.357243140202401444e-01 -9.716726354802683874e-01 -9.686115765225263852e-01 -9.719546022604865776e-01 -9.648711441750583706e-01 -9.607456802934387641e-01
-9.825168046229291186e-01 -9.516861732018089270e-01 -9.601728074536408641e-01 -9.655072909908154477e-01 -9.643676493319550680e-01 -9.675281931998956919e-01 -9.633276401277515166e-01
-9.645926964796748271e-01 -9.870748569383452908e-01 -9.803599889194959394e-01 -9.531416867713246033e-01 -9.567924369283412611e-01 -9.596857793889468358e-01 -9.617170017731261344e-01
-9.442885225201733679e-01 -9.586394476895854222e-01 -9.499084457849524821e-01 -9.572461870416372198e-01 -9.669253239059699689e-01 -9.644999542923106128e-01 -9.623865565474294392e-01
-9.414626230827277675e-01 -9.277493846355767682e-01 -9.228473858878882830e-01 -9.465307521457585471e-01 -9.551747940708494866e-01 -9.608101033958926784e-01 -9.600712579017702808e-01
-9.736217528440205271e-01 -9.679853710564341185e-01 -9.779639152622215947e-01 -9.617717077355746325e-01 -9.704828511912632072e-01 -9.643879453999129048e-01 -9.625541298708107929e-01
-9.738714087333669722e-01 -9.393677981814558819e-01 -9.646429849656433797e-01 -9.644245541870907212e-01 -9.646549139738523904e-01 -9.610976684557206440e-01 -9.620601806004152046e-01
-9.811610598109730130e-01 -1.001316708912893372e+00 -9.762556133383514245e-01 -9.787025000671411012e-01 -9.671231826757691330e-01 -9.641214693263975288e-01 -9.625909684048596926e-01
-9.436028898457408109e-01 -9.465928107176413420e-01 -9.312717228130429348e-01 -9.374893958520091886e-01 -9.527699938251574796e-01 -9.589561805116934012e-01 -9.600974920581699656e-01
-9.354152517045084547e-01 -9.813674472741634736e-01 -9.714699270639840512e-01 -9.831338310225475885e-01 -9.609369965763052690e-01 -9.638759907511502689e-01 -9.619090175520619290e-01
-9.392310121728685290e-01 -9.364666965599971471e-01 -9.710518083195304184e-01 -9.686394176689484548e-01 -9.618053405326132399e-01 -9.596151141951861918e-01 -9.611127179101833784e-01
-9.539503450807711449e-01 -9.478954273962153509e-01 -9.409480122067330754e-01 -9.661047497003842910e-01 -9.646224850021203334e-01 -9.642753165665000070e-01 -9.600281030595460008e-01
-9.929609292654528740e-01 -9.827664003037144269e-01 -9.725680340369491361e-01 -9.791929933368418437e-01 -9.694882302594034496e-01 -9.668144302546273217e-01 -9.627805192546222690e-01
-9.569626937560761215e-01 -9.370649136375091004e-01 -9.543577081394314376e-01 -9.535370904702512584e-01 -9.541905891506868853e-01 -9.565385545314984972e-01 -9.601843840668291552e-01
-9.839568296445431184e-01 -9.639883546746705889e-01 -9.882650061480450221e-01 -9.736756791025023006e-01 -9.649520840582469505e-01 -9.618308354690188189e-01 -9.599477723125663386e-01
-9.638697178639710206e-01 -9.577250514580268881e-01 -9.200821279206703451e-01 -9.586891607234744317e-01 -9.603713090140676423e-01 -9.589759637069502629e-01 -9.616854314891588595e-01
-9.550866594677578369e-01 -9.772201257326534884e-01 -9.589470539684266104e-01 -9.705964919218232900e-01 -9.673639118240047186e-01 -9.665729715919697540e-01 -9.629585445238488806e-01
-9.529018748671964634e-01 -9.595188750553480528e-01 -9.915696189371404623e-01 -9.600464990790286146e-01 -9.628147992073579076e-01 -9.629582458717492743e-01 -9.619904797277298858e-01
-9.735459171354963193e-01 -9.571894136192791169e-01 -9.549870716704402795e-01 -9.481479155856983310e-01 -9.512463099925939636e-01 -9.569962918297194587e-01 -9.609622409747347049e-01
-9.757588330635134088e-01 -9.730720171144846553e-01 -9.326943619613098369e-01 -9.610488609964822349e-01 -9.623301841131457479e-01 -9.600928898026032110e-01 -9.600166445968224549e-01
-1.003690506414709027e+00 -1.010248316893828546e+00 -9.614875735123790124e-01 -9.712564345100039853e-01 -9.597539212076792170e-01 -9.667555203058358915e-01 -9.650501689241289816e-01
-9.557755726431704790e-01 -9.502342406890038617e-01 -9.876699943619774436e-01 -9.754035005227316146e-01 -9.683686294929662042e-01 -9.625206050662930002e-01 -9.633931433025040292e-01
-9.772393340302133469e-01 -9.677353061538614964e-01 -9.465333269862411525e-01 -9.556639446149620687e-01 -9.705716247886398973e-01 -9.657908768541427769e-01 -9.630353601046484080e-01
-9.557515771656378556e-01 -9.303258498504487495e-01 -9.427966923482644646e-01 -9.477726588347350489e-01 -9.574420944708588177e-01 -9.592408461647765616e-01 -9.618199918701961781e-01
-9.463613137380395557e-01 -9.093551747750315828e-01 -9.750201954885865385e-01 -9.694330456389208539e-01 -9.634360368836284438e-01 -9.639852098968604288e-01 -9.638758802193141406e-01
-9.848174707668980732e-01 -9.730304955657387289e-01 -9.489093505698438236e-01 -9.792752466399932132e-01 -9.634785769347404827e-01 -9.616813291529118235e-01 -9.619431965702863740e-01
-9.895741444202847958e-01 -9.678799023233585208e-01 -9.841641328834885849e-01 -9.713497316132472248e-01 -9.680246101002046855e-01 -9.630264095459653007e-01 -9.624892789306943586e-01
-9.432710696019483976e-01 -9.462959329789667473e-01 -9.696629699759162779e-01 -9.478261833910474055e-01 -9.546373139015745801e-01 -9.616925809620231469e-01 -9.620640257125733230e-01
-9.125603135029016766e-01 -9.592095143451624395e-01 -9.809623493291388385e-01 -9.702681990261067257e-01 -9.592254214129509737e-01 -9.563811563695484574e-01 -9.598340528308602071e-01
-9.198997829137466331e-01 -9.730642779057153691e-01 -9.918267080994075391e-01 -9.736016244505848460e-01 -9.668669231317144064e-01 -9.647638974363472730e-01 -9.621922838913038456e-01
-9.805781119479599628e-01 -9.918065529498187871e-01 -9.828251447044749067e-01 -9.666149870871331151e-01 -9.613569960142684945e-01 -9.617481756525553260e-01 -9.613321612400508309e-01
-9.527065936515104472e-01 -9.457752793128784141e-01 -9.137806940061681260e-01 -9.703058618202476948e-01 -9.597825089048250824e-01 -9.661252062064249468e-01 -9.637998992645850915e-01
-9.487158043877910174e-01 -9.962599746824579716e-01 -9.791373440900255076e-01 -9.755661944449526279e-01 -9.661289716290917262e-01 -9.667681688135776330e-01 -9.621049379690950198e-01
