(-0.9618072819282768+0j)
-9.486673980098861980e-01 -1.033159678157702599e+00 -9.480508573848667186e-01 -9.623409446518760291e-01 -9.689247390679993632e-01 -9.600421960481387851e-01 -9.591210992382818157e-01
-9.298185193750400090e-01 -1.029349132494532970e+00 -9.472254261825193700e-01 -9.702383455486597308e-01 -9.528036190412010331e-01 -9.610683699266290292e-01 -9.588797053139141990e-01
-9.893502660881294819e-01 -1.009144696836710819e+00 -9.711294607097230580e-01 -9.423293467264481915e-01 -9.586364745661930531e-01 -9.578191376686540082e-01 -9.661349083440305963e-01
-9.476928091850551628e-01 -1.022436629674930320e+00 -9.631850387356700738e-01 -9.346938520017424867e-01 -9.669738536996026479e-01 -9.685555433273725923e-01 -9.589900311080442608e-01
-9.383318270130236449e-01 -1.004581099578713221e+00 -1.001832947275037800e+00 -9.685481786147532857e-01 -9.604155373069797053e-01 -9.547679000030496743e-01 -9.571149702970226381e-01
-9.769686155794148341e-01 -1.030753680624455271e+00 -9.652071609799116603e-01 -9.414979133478260653e-01 -9.464552130921570772e-01 -9.632576611202232630e-01 -9.627334752537863860e-01
-9.586858193057642419e-01 -9.765715771440673931e-01 -9.936444071461599803e-01 -9.416755003384273959e-01 -9.811278658914915907e-01 -9.605570403649159594e-01 -9.602293969744436497e-01
-9.768762704240839811e-01 -1.012798003570815286e+00 -9.864451645393921275e-01 -9.581447422965052585e-01 -9.766654945204155114e-01 -9.587278918123753879e-01 -9.612228535734897994e-01
-9.545751820836455570e-01 -1.000108727148822041e+00 -1.008426463708630871e+00 -9.619037858246424211e-01 -9.776276553387326373e-01 -9.600636168350673572e-01 -9.648414619073775178e-01
-9.808369584501457350e-01 -9.957953960147275518e-01 -9.593095877366913937e-01 -9.351249215729151576e-01 -9.721348987872222569e-01 -9.637111859316145335e-01 -9.598953607189828485e-01
-9.601668048491005525e-01 -1.019399913512132549e+00 -9.785519664131611117e-01 -9.740241782137252224e-01 -9.645528229141699939e-01 -9.601664451054547911e-01 -9.625234657702128604e-01
-9.524367574164624983e-01 -1.052055006982143048e+00 -9.873698813408936514e-01 -9.778393959975049121e-01 -9.547410758433433342e-01 -9.633866201180470989e-01 -9.614522405601213517e-01
-9.929786094047993172e-01 -1.031666689220961164e+00 -9.320064034176707146e-01 -9.494835962737759871e-01 -9.622585113332006168e-01 -9.628498290557390149e-01 -9.625418182650888888e-01
-9.530941965403093574e-01 -1.008111492895141348e+00 -9.500153973409699582e-01 -9.704205468340549867e-01 -9.551308124720591097e-01 -9.644198949369493512e-01 -9.664662121145233264e-01
-9.460618744456619211e-01 -1.006985133628027995e+00 -9.835519605494187356e-01 -9.780612893518452200e-01 -9.628253628364326078e-01 -9.600999865443026193e-01 -9.644774791828220062e-01
-9.437824336885720644e-01 -9.630318078813181470e-01 -9.579887899018554309e-01 -9.747103497543350148e-01 -9.535674331726562425e-01 -9.678343654331090784e-01 -9.583233384910349040e-01
-9.913476746654059646e-01 -1.012544047346761733e+00 -9.967112451858078925e-01 -9.571128986011583351e-01 -9.658699478804425587e-01 -9.586252185157081440e-01 -9.637279240572185213e-01
-9.298185193750400090e-01 -9.821868959661445020e-01 -9.472045788632557084e-01 -9.703042387105702549e-01 -9.654165243150388820e-01 -9.634450014603419543e-01 -9.640316727095656901e-01
-9.667320280467071036e-01 -1.005986104092080335e+00 -9.496248624622568579e-01 -9.615583296452923090e-01 -9.587314030013811550e-01 -9.519862828537815069e-01 -9.586931890048849825e-01
-1.007224555898144525e+00 -1.035551721464363251e+00 -9.675145240904375887e-01 -9.545141616952669272e-01 -9.542060295675074411e-01 -9.577068048876086204e-01 -9.643519800438179468e-01
-9.558899555147342131e-01 -1.004570888893242975e+00 -9.596190460041971182e-01 -9.343835155239635926e-01 -9.598611808608354945e-01 -9.636108711378232883e-01 -9.594688918073535078e-01
-9.628216525502242273e-01 -9.937201539653295335e-01 -9.615566447706440645e-01 -9.637786204001670409e-01 -9.478964030211168845e-01 -9.544924340387522799e-01 -9.607721873911508892e-01
-9.544341659937389810e-01 -9.393343435895644689e-01 -9.436816823922291597e-01 -9.535187775593849668e-01 -9.472318829091389558e-01 -9.549709514193144289e-01 -9.669719183698406439e-01
-9.524367574164624983e-01 -1.026596368878090137e+00 -9.693604168585230330e-01 -9.544491393351728359e-01 -9.557588819794453627e-01 -9.628272702932119120e-01 -9.630700358952714035e-01
-9.220950291812753941e-01 -1.006762730219755042e+00 -9.553410423624528747e-01 -9.365052634083352867e-01 -9.571776942213843231e-01 -9.586339185000107843e-01 -9.631584463412616870e-01
-9.421514989491790448e-01 -9.948142319414989831e-01 -9.463026752100848205e-01 -9.455990432608029073e-01 -9.568538445198692122e-01 -9.720001459573960334e-01 -9.657157823318490708e-01
-9.644525872896172469e-01 -1.009455461526684861e+00 -9.449796313174577689e-01 -9.470549189078911745e-01 -9.725502236742634699e-01 -9.599168246341897026e-01 -9.627992336899630077e-01
-9.530941965403093574e-01 -1.027016753571642571e+00 -9.365534567137693278e-01 -9.782459881677586511e-01 -9.688525936855957310e-01 -9.677587483484764164e-01 -9.625061820512739175e-01
-9.928034641864015297e-01 -1.015203967166194321e+00 -9.726439757030529432e-01 -9.428502590025025221e-01 -9.626781573686044036e-01 -9.582529599946458809e-01 -9.601041889887036440e-01
-9.437824336885720644e-01 -1.043681590203256793e+00 -1.007024399574521167e+00 -9.482233474148682451e-01 -9.523928344289253056e-01 -9.555763857455946697e-01 -9.702170647598313824e-01
-9.627723284133249404e-01 -9.998704479846795001e-01 -9.359331431046233885e-01 -9.498361759043648656e-01 -9.631658826544677865e-01 -9.617678739776489572e-01 -9.599542636389897243e-01
-9.664006717299944427e-01 -9.941450340956805576e-01 -9.695478434276001423e-01 -9.569344213604411564e-01 -9.536678633202501087e-01 -9.534832640580959140e-01 -9.637195287413710121e-01
-9.480592830229384038e-01 -1.004851086578052444e+00 -9.278768761064708492e-01 -9.536250844632835344e-01 -9.643262748652805527e-01 -9.612386492475866184e-01 -9.613718796707424463e-01
-9.749291743763862650e-01 -1.028498334488274324e+00 -9.613446583278938418e-01 -9.577288532747921801e-01 -9.622931952172401049e-01 -9.606245252522295219e-01 -9.542259158277188735e-01
-9.504886729760851916e-01 -1.061694324663499778e+00 -9.590442743735658748e-01 -9.395498859698955263e-01 -9.683736165649754479e-01 -9.652495996721315308e-01 -9.617998213627497739e-01
-9.665910119568005276e-01 -1.028974546932808654e+00 -9.097219158608792489e-01 -9.832997550892286220e-01 -9.552312841132415411e-01 -9.575346776259194836e-01 -9.624732004760890858e-01
-9.806466182233399831e-01 -1.003847317746200840e+00 -9.269240652420434046e-01 -9.335588117107513906e-01 -9.717869590582852712e-01 -9.648032067077555451e-01 -9.615659657890623935e-01
-1.001316771824385166e+00 -1.037581072850299657e+00 -9.348021127590410151e-01 -9.724666182331629383e-01 -9.477260887410476897e-01 -9.566285123626867559e-01 -9.614152034492441379e-01
-9.788736790013605749e-01 -1.030463224130238942e+00 -9.343647618970626345e-01 -9.540908100068473674e-01 -9.792330620277709397e-01 -9.575027047325618268e-01 -9.611604234610723330e-01
-9.683629627861003453e-01 -1.037314670247435844e+00 -9.168501610320605177e-01 -9.501036264509463702e-01 -9.664469969000808458e-01 -9.573945126183300847e-01 -9.638192759528643183e-01
-9.844653017668155703e-01 -1.006148316559678957e+00 -9.679674887359637214e-01 -9.619004934175822141e-01 -9.588225260623530755e-01 -9.678857794117760038e-01 -9.616311523631475566e-01
-9.578873640920108068e-01 -1.006824983224137160e+00 -9.554066445201783164e-01 -9.583267254368138532e-01 -9.641045032488373412e-01 -9.630655827498874055e-01 -9.573117557847196091e-01
-9.439234497784786404e-01 -1.036394781645054941e+00 -9.691266246595657829e-01 -9.806162680747824156e-01 -9.609944660998479549e-01 -9.706151276450902810e-01 -9.583072204712239639e-01
-9.544341659937389810e-01 -1.001267444643105797e+00 -9.467519562769902697e-01 -9.912653525349133243e-01 -9.595183817388723835e-01 -9.705033126606256166e-01 -9.610974134961824955e-01
-9.713349601882078632e-01 -1.033824481091154102e+00 -9.546275294712811554e-01 -9.515523759758863775e-01 -9.619969379098889384e-01 -9.631148469948204172e-01 -9.586430481458131370e-01
-9.485263819199794000e-01 -1.032812280679922035e+00 -9.803798620831465360e-01 -9.590006224220276598e-01 -9.558735502682701446e-01 -9.629324974080930577e-01 -9.604074404171177859e-01
-9.239107353012803170e-01 -1.020523398954890970e+00 -9.625115516233075930e-01 -9.743464504615726440e-01 -9.781610948320872412e-01 -9.620434457888129565e-01 -9.622777903443134884e-01
-9.703603713633768280e-01 -1.028306726675263461e+00 -9.552974357050437737e-01 -9.637267943518075253e-01 -9.683868373577839694e-01 -9.642604210183746138e-01 -9.602895924644315739e-01
-9.240573202373810746e-01 -1.061250643152504392e+00 -9.371540339419294208e-01 -9.763877786397604508e-01 -9.623950353903509836e-01 -9.610092252892038500e-01 -9.582642901043527672e-01
-9.765601091157793956e-01 -1.014097353320849937e+00 -9.953301808018365504e-01 -9.768065283375331198e-01 -9.489003990871416327e-01 -9.700568037490124862e-01 -9.677220769652198351e-01
