(-0.9151600516933246+0j)
-8.431178145791142775e-01 -9.080723290006205151e-01 -8.736135288387132380e-01 -9.206863922391772537e-01 -9.181336713056871268e-01 -9.185118171070496551e-01 -9.128965426476125522e-01
-8.809522014297148651e-01 -9.066569195553937366e-01 -9.204763079499584943e-01 -9.177017229751722738e-01 -9.183191940133392794e-01 -9.186435820645222350e-01 -9.178235352767643018e-01
-9.331636602125745750e-01 -9.000302923565015600e-01 -9.132342545275753398e-01 -9.129790722672255221e-01 -9.098402828935938658e-01 -9.154307807373587291e-01 -9.150987242280936851e-01
-8.575202059426876300e-01 -8.449566353898854132e-01 -9.110826624537595730e-01 -9.111955104377831294e-01 -9.207561771300596387e-01 -9.130703694793445013e-01 -9.147668980808376649e-01
-9.205037101215913786e-01 -8.912639374869455455e-01 -8.957941465652636825e-01 -9.136716205832184912e-01 -9.171628278999699457e-01 -9.143737707847769958e-01 -9.148280886676924961e-01
-8.939219256809010083e-01 -8.765291918369417790e-01 -9.532401166447652674e-01 -9.320715065007612044e-01 -9.247835608277994446e-01 -9.181439722913846690e-01 -9.167153636882496848e-01
-9.177193014144948702e-01 -9.310592536216544257e-01 -9.938855566353028692e-01 -9.079000119455509221e-01 -9.112096888430110120e-01 -9.136153935232373957e-01 -9.156878448345056043e-01
-8.874645850391562618e-01 -9.229596322601727465e-01 -9.011820219779120844e-01 -9.242112680448808515e-01 -9.159038386623168382e-01 -9.160185161009706256e-01 -9.148381206805760169e-01
-9.177193014144948702e-01 -9.416086061701749443e-01 -9.364773048326782146e-01 -9.287263988518517088e-01 -9.143740685462546924e-01 -9.148274617779890150e-01 -9.149411744030588878e-01
-9.055477960027780160e-01 -9.410141360487227491e-01 -9.209118439949222079e-01 -9.224159610495197281e-01 -9.205712343722429747e-01 -9.143891071832539463e-01 -9.137867695417218883e-01
-9.062665058412362473e-01 -9.341058857305482022e-01 -9.506949971291263068e-01 -9.043518813736615147e-01 -9.078392306733855666e-01 -9.121042257538067854e-01 -9.148286695391352197e-01
-9.038693775231176897e-01 -8.454246608033793020e-01 -8.801156102479041898e-01 -9.111773680460797387e-01 -9.135086257068967264e-01 -9.089797579428988694e-01 -9.142668867010768086e-01
-8.814066932879118799e-01 -8.967936807734662175e-01 -9.221429084331103088e-01 -9.346122275108741384e-01 -9.201261033908110232e-01 -9.176687798414442376e-01 -9.160264236919726244e-01
-9.101562334241715124e-01 -9.050534363572795282e-01 -8.934792598636582817e-01 -9.097994253365957462e-01 -9.085830585229413003e-01 -9.123796331132689730e-01 -9.142261706014023215e-01
-7.955933742635417083e-01 -8.842704215469681106e-01 -9.272666060792698062e-01 -9.140270321610988180e-01 -9.134675006362966698e-01 -9.169868473947062615e-01 -9.138344451337849783e-01
-9.067621385750888052e-01 -8.914362790215557553e-01 -9.257326130718686041e-01 -9.245409248802862745e-01 -9.072370473301849536e-01 -9.094522385883774263e-01 -9.161388350766266342e-01
-9.266512766031331783e-01 -9.155412799551096992e-01 -9.569741330411654090e-01 -9.237551005996669229e-01 -9.130300159555082562e-01 -9.126452814312795425e-01 -9.154730257421892503e-01
-9.134302924330224283e-01 -9.023603441368686084e-01 -9.093698126982781016e-01 -9.044657863811023102e-01 -9.128464767375252809e-01 -9.123358449120637648e-01 -9.119734741761573726e-01
-9.229602440140356467e-01 -8.943317749374961600e-01 -8.962059211754616062e-01 -9.107270806879659286e-01 -9.169166046132137815e-01 -9.153924951503860097e-01 -9.162907318741817519e-01
-9.070755100429235274e-01 -9.194351904273394549e-01 -9.415223033095549976e-01 -9.279249653769421347e-01 -9.270348031038095904e-01 -9.193567616280955423e-01 -9.170572903577935975e-01
-9.013145089305334423e-01 -9.583846080123439304e-01 -9.084269473315726984e-01 -9.100768990423331317e-01 -9.168167374227693678e-01 -9.200909235379088891e-01 -9.170697930894804450e-01
-9.210152477197210974e-01 -9.647429660619002423e-01 -9.183981970609504941e-01 -9.209024296221388628e-01 -9.211631042995716001e-01 -9.163869270630498054e-01 -9.160706505061317895e-01
-9.088097894869346938e-01 -9.464021106593436539e-01 -9.658862335251545694e-01 -9.233055649620756089e-01 -9.127242345819377434e-01 -9.106851555223791639e-01 -9.137361383551481087e-01
-9.161392208157850270e-01 -8.868517399910258447e-01 -9.202428125193564679e-01 -9.110646887728406362e-01 -9.220647363772318528e-01 -9.166910620196127013e-01 -9.138934234898392628e-01
-8.879153040191056778e-01 -8.658810596486907762e-01 -8.882600694073818914e-01 -9.057769701926756678e-01 -9.149814499044712779e-01 -9.149320280969013286e-01 -9.141579643901209806e-01
-9.248830880062812732e-01 -9.279756074386442677e-01 -9.246066809975133083e-01 -9.203662491662520928e-01 -9.129700618381937360e-01 -9.162379566596450253e-01 -9.164878176058099957e-01
-9.146932303631543082e-01 -9.175538783855485825e-01 -9.189810309116777098e-01 -9.204537051694852146e-01 -9.132790756715301050e-01 -9.189896974682620900e-01 -9.168339885427696512e-01
-9.725581997061156780e-01 -9.392961491563949217e-01 -9.229009831248156104e-01 -9.266188291481503025e-01 -9.231212753024429229e-01 -9.161153187140158582e-01 -9.139640135029496459e-01
-8.991648676530918927e-01 -8.706196113587159058e-01 -8.916004119063165589e-01 -9.067486137847362571e-01 -9.092194550667902497e-01 -9.146016366301472633e-01 -9.165756554809603163e-01
-9.168333120492588861e-01 -8.978446528024994766e-01 -9.283561817185523868e-01 -9.255897549092466647e-01 -9.256419842911749463e-01 -9.134930572666932758e-01 -9.166870986501065577e-01
-9.595223330571496234e-01 -9.696904370838466125e-01 -9.297529024454367352e-01 -9.114728164204615180e-01 -9.142249943419189506e-01 -9.169618466760469655e-01 -9.157602088184519928e-01
-9.166698226561009744e-01 -9.164337430215701019e-01 -8.878768396966796317e-01 -9.171543522889258337e-01 -9.139790072649121022e-01 -9.141840589301823972e-01 -9.150152153706174740e-01
-9.321694043019159714e-01 -9.270291674838981866e-01 -9.231930298635346865e-01 -9.163516013991082065e-01 -9.117821376184702675e-01 -9.104855916589817966e-01 -9.108317856006979962e-01
-8.861683085457090492e-01 -8.765907286085221628e-01 -8.614842324163243248e-01 -8.931872653421253361e-01 -9.093979205556785850e-01 -9.148259572654375837e-01 -9.145533886302783522e-01
-9.502628455099588756e-01 -9.220502140757922405e-01 -9.083854329761218427e-01 -9.237811923108050216e-01 -9.282028306830947262e-01 -9.170664670845485311e-01 -9.149963957623066246e-01
-9.213481609011739959e-01 -9.172383885168089446e-01 -9.413179765935852927e-01 -9.383745051847260932e-01 -9.208176810675452462e-01 -9.155464956477088467e-01 -9.159243149164857378e-01
-9.446722545982715324e-01 -9.836117596033322474e-01 -9.169433184812014748e-01 -9.323365735944360022e-01 -9.176101338395841189e-01 -9.133228620277622500e-01 -9.177799096659258193e-01
-8.968467032430411656e-01 -9.183389061304381151e-01 -9.238766311287318622e-01 -9.114523893604835614e-01 -9.228093151144447503e-01 -9.148900988642827414e-01 -9.159519823587902732e-01
-8.951791754656486244e-01 -8.967518043883093704e-01 -9.330940582930875582e-01 -9.072231745006320569e-01 -9.128493976858107484e-01 -9.218819804345796953e-01 -9.179771800749769728e-01
-9.168833322684126763e-01 -9.383756790789630209e-01 -9.060059340778972015e-01 -9.090779917302895807e-01 -9.110620218494518419e-01 -9.135843150691171921e-01 -9.165938886472644320e-01
-9.379362122757881615e-01 -9.431337403449100432e-01 -9.156228579276877166e-01 -9.133290778455585013e-01 -9.137683226335751030e-01 -9.143637675032725287e-01 -9.159352517066738919e-01
-9.447678107300392369e-01 -8.945751499674285956e-01 -9.399506182015169298e-01 -9.298136951554487606e-01 -9.260477332608501033e-01 -9.148539575817151714e-01 -9.134456380329372127e-01
-9.068621100111429190e-01 -9.016800427559914510e-01 -9.084205758413443910e-01 -9.053353718348073897e-01 -9.116685732788007979e-01 -9.147556919204109516e-01 -9.155027735888225937e-01
-8.985974715946853930e-01 -9.108039473474758285e-01 -9.100694776456887958e-01 -9.078104601700673904e-01 -9.166446244455801473e-01 -9.182045755799128628e-01 -9.179658082056203483e-01
-9.629760268082390162e-01 -9.397754141301344344e-01 -9.096871350400042022e-01 -9.127016725833350108e-01 -9.194930520697055520e-01 -9.180055692482980145e-01 -9.157152392697440746e-01
-9.081583865045901316e-01 -8.584460462177341267e-01 -8.911099495674741355e-01 -8.923778273010360973e-01 -9.077674669287889575e-01 -9.127129336342099108e-01 -9.144111011644557863e-01
-9.191566902196515176e-01 -9.536650944049769318e-01 -9.143517545083235110e-01 -9.354820333003028843e-01 -9.257256874522221679e-01 -9.143580081514095514e-01 -9.178094811405506093e-01
-8.698206571885747085e-01 -8.733527497530428896e-01 -8.852061974917082576e-01 -8.998770003680314211e-01 -9.105289213362779410e-01 -9.113348584943996578e-01 -9.146350431025738192e-01
-9.484619097145250421e-01 -9.048768611457669309e-01 -9.547810060237649221e-01 -9.284003228646440231e-01 -9.191976649388813314e-01 -9.176454362756103489e-01 -9.177929777491862229e-01
-9.144115888603361331e-01 -8.865339752621868019e-01 -9.091250084051931690e-01 -8.996685029161999303e-01 -9.170183484337024460e-01 -9.116745009261248978e-01 -9.163671201438279290e-01
