(-0.9151600516933246+0j)
-8.785089142324722378e-01 -9.258101565457119708e-01 -9.127849533245950830e-01 -9.405609208117067244e-01 -9.000250140959427103e-01 -9.155615379910699847e-01 -9.131303313207477235e-01
-8.612629876179518362e-01 -8.768385394697535418e-01 -8.845799186825029636e-01 -9.088863871140160366e-01 -8.867614215390904331e-01 -9.124591494779703549e-01 -9.134801931740690328e-01
-8.691849095858166230e-01 -9.437372501919201184e-01 -8.806198195703798248e-01 -9.119758294049769010e-01 -9.093395329256008797e-01 -9.130634095852216969e-01 -9.172939367560430934e-01
-8.857339613623398389e-01 -9.035046996285958087e-01 -9.184106818164914365e-01 -9.088225983440438860e-01 -9.318946053862942058e-01 -9.352345466957918685e-01 -9.106934198831100336e-01
-9.169592757556788154e-01 -9.517888615053333723e-01 -9.027680522396861473e-01 -9.495408452738074434e-01 -9.180690820291477205e-01 -9.126111865238593079e-01 -9.150967694766241056e-01
-8.608754289714917185e-01 -9.259280213467131482e-01 -9.363485521129411016e-01 -9.018164194409408196e-01 -9.362349648560921445e-01 -9.157078693806635084e-01 -9.128461745509106606e-01
-9.169592757556788154e-01 -8.866797414397142862e-01 -9.054300047512946481e-01 -9.251033745439476430e-01 -8.978516232630699978e-01 -9.211838013929314339e-01 -9.157825471305860443e-01
-8.788964728789323555e-01 -9.312743731190988861e-01 -8.801730572292034704e-01 -9.179263545803268975e-01 -9.118329877899367109e-01 -9.128802898923837894e-01 -9.103802556223750120e-01
-8.716714257490647544e-01 -9.018317124783044036e-01 -9.326135021218966425e-01 -9.158776919029185670e-01 -8.926444506131705481e-01 -9.185548624355921454e-01 -9.169623071215255994e-01
-8.932683246837449520e-01 -9.068867020203215112e-01 -8.974854598265049610e-01 -9.213232962513302482e-01 -9.086300043478814370e-01 -9.078207810973124570e-01 -9.168902563695435770e-01
-8.687973509393569493e-01 -9.004465166638715434e-01 -9.440606710295589288e-01 -9.311722909631932055e-01 -9.044115596733888207e-01 -9.206095324870153807e-01 -9.177715829030708150e-01
-8.540379404880842351e-01 -9.228622535540769167e-01 -9.267892746908590329e-01 -9.165337540629212576e-01 -9.095565051345155805e-01 -9.188363419527139087e-01 -9.092994140974581807e-01
-8.644463786191971533e-01 -9.160206593687909571e-01 -9.237813099841687414e-01 -9.169626149073553112e-01 -9.230814480565945335e-01 -9.225830822541034593e-01 -9.136826600208944882e-01
-8.816923052337177769e-01 -8.820176449626619952e-01 -9.595156225606060740e-01 -9.038191266563018189e-01 -9.092043147408095383e-01 -9.068111085946068961e-01 -9.107401178856340263e-01
-8.681004761013593196e-01 -9.339750353317677334e-01 -9.041816342791455519e-01 -9.386195981355058837e-01 -9.120058833235478168e-01 -9.139918618316753562e-01 -9.163405721700221829e-01
-8.716714257490647544e-01 -8.845010041426939473e-01 -8.936041243780878940e-01 -9.466135417032950361e-01 -9.145098888109246538e-01 -9.198403154869079223e-01 -9.097621397809030341e-01
-8.741579419123126637e-01 -9.172949194952917384e-01 -9.118707254346367641e-01 -9.120968983706378985e-01 -9.158978993249349276e-01 -9.134809245508814790e-01 -9.165981865799748274e-01
-9.061632789781060016e-01 -9.331883844910773274e-01 -9.131224742232948444e-01 -9.119283350846860703e-01 -9.106166290833921373e-01 -9.173195326899041824e-01 -9.148425185277075933e-01
-8.845663800434255819e-01 -9.123906130873464804e-01 -8.934907374205252051e-01 -9.300948135332980371e-01 -9.282688747082530334e-01 -9.073044396576566140e-01 -9.186146099390390951e-01
-8.785089142324722378e-01 -9.444978317678014434e-01 -8.910809269993844595e-01 -9.145752660060102457e-01 -9.277979798125790545e-01 -9.209664555341821046e-01 -9.147653955515226976e-01
-9.122207447890591236e-01 -8.969830042591691033e-01 -9.328159391670955980e-01 -9.190194806151150697e-01 -9.226384379786218837e-01 -9.139716693505117728e-01 -9.167876815499138576e-01
-8.792057890704698675e-01 -9.061907416544103810e-01 -8.585788166376937536e-01 -9.120312990112271478e-01 -9.206225838367934067e-01 -9.093553429118472753e-01 -9.161890942081978295e-01
-8.716714257490647544e-01 -8.693477224331238595e-01 -9.231589022032666847e-01 -9.200245872117955859e-01 -9.107770760341080685e-01 -9.102180407661073502e-01 -9.176732985157154410e-01
-8.864308362003374686e-01 -9.292815241452345720e-01 -8.945078243623396652e-01 -8.909121859793218690e-01 -9.301277111624826066e-01 -9.023801636883468369e-01 -9.179018995066983155e-01
-8.993257904946982961e-01 -9.374661969659074945e-01 -9.092416956057185473e-01 -8.958917038309448522e-01 -9.208188464287494490e-01 -9.126114509590159685e-01 -9.120755536657001450e-01
-8.989382318482381784e-01 -9.188012792737576540e-01 -9.671184758809674431e-01 -9.024745859562750550e-01 -9.120420467759291494e-01 -9.189768735175374292e-01 -9.100637900136749892e-01
-8.644463786191971533e-01 -8.978621663691352950e-01 -8.952835127337763765e-01 -9.076421650303505562e-01 -9.165335724057244171e-01 -9.110305436893511022e-01 -9.144095741579023606e-01
-9.036767628148578702e-01 -9.378454090288734779e-01 -9.159345985810567470e-01 -9.231086990300152451e-01 -9.404971348060005010e-01 -9.150014962906327654e-01 -9.170807554897679736e-01
-8.587764714547039269e-01 -8.969484045268543149e-01 -9.464370962304677892e-01 -9.121652435693377026e-01 -9.158448112580541700e-01 -9.178753494124669565e-01 -9.152472803630202769e-01
-9.018123066579464275e-01 -8.826815325115575650e-01 -9.306930685065832876e-01 -9.021073819823157702e-01 -9.106422822916147020e-01 -9.218347780845543848e-01 -9.124537339064777708e-01
-8.785089142324722378e-01 -8.954443040441590895e-01 -8.688033424854331166e-01 -9.305024258518705960e-01 -9.056781133878348822e-01 -9.061143519775933797e-01 -9.182670843118687642e-01
-8.961423994934527570e-01 -9.058428367455808594e-01 -9.143290712928837660e-01 -9.001283182984083364e-01 -9.071747782368753121e-01 -9.125121070633459563e-01 -9.133589265548083258e-01
-8.885297937171254823e-01 -9.181325240982893821e-01 -9.482326348466907362e-01 -9.054255959534918130e-01 -9.112816934700795901e-01 -9.109641048071945857e-01 -9.115479737408767047e-01
-8.986289156567006664e-01 -9.135961797289233743e-01 -9.018845396168082562e-01 -8.794110178543514955e-01 -8.864462093750768990e-01 -9.127372158602553576e-01 -9.152708242211446965e-01
-8.644463786191971533e-01 -9.315088079488096362e-01 -8.807694714948264281e-01 -9.111559713748844658e-01 -9.004048454019926151e-01 -9.109576424878378376e-01 -9.189106504655442098e-01
-9.036767628148578702e-01 -9.249985828418934020e-01 -9.228689789259554299e-01 -9.093720348757436955e-01 -9.150738192198135668e-01 -9.150332100516200828e-01 -9.188714426661943602e-01
-8.681004761013593196e-01 -8.975051280648769225e-01 -9.461479211433865277e-01 -9.092407139643010616e-01 -9.186129667241675900e-01 -9.152353289517054513e-01 -9.159272785258656402e-01
-8.917914271732931830e-01 -9.389418035766485815e-01 -8.706782935263699397e-01 -9.166934769325065790e-01 -9.253493093846052453e-01 -9.161285310281224170e-01 -9.152950124711369817e-01
-8.741579419123126637e-01 -9.415380332126883633e-01 -8.822936968659123025e-01 -9.168624264270583968e-01 -9.229211690715570793e-01 -9.092602831236340499e-01 -9.140147834079637157e-01
-9.169592757556788154e-01 -9.176457728660407653e-01 -9.010980533384038704e-01 -9.212682049119014227e-01 -9.201519389730490328e-01 -9.111140182551842326e-01 -9.181606499919461317e-01
-8.644463786191971533e-01 -9.197496405532403774e-01 -9.181331995795414258e-01 -9.101541143170346349e-01 -8.975605421525947314e-01 -9.123745763943291731e-01 -9.169744241372226323e-01
-8.889173523635851559e-01 -9.025820968334234973e-01 -9.188504174370659694e-01 -9.086122559426281775e-01 -9.166075118567877933e-01 -9.151338735793643764e-01 -9.143039869101667882e-01
-8.993257904946982961e-01 -9.406490993495462138e-01 -9.440242701875320996e-01 -8.919427938496178321e-01 -9.091720830427676425e-01 -9.177962506794163922e-01 -9.174263965396365350e-01
-8.809954303957203692e-01 -9.148765566934189408e-01 -9.323743509570430188e-01 -8.992817285308039033e-01 -9.066005388704918566e-01 -9.143825569430015232e-01 -9.085654002596585954e-01
-8.608754289714917185e-01 -8.619672800651867473e-01 -9.262258478545744023e-01 -9.377096980640082791e-01 -9.109030563158522220e-01 -9.129220594795286470e-01 -9.182286947557070089e-01
-8.788964728789323555e-01 -9.470607948667546516e-01 -8.754236497652536642e-01 -9.176219033363735011e-01 -9.093491591635942672e-01 -9.165103483630636649e-01 -9.170103090555281611e-01
-8.701087967510929833e-01 -9.057148337860894127e-01 -9.219947377230717223e-01 -9.123647097739648881e-01 -9.198339557256653976e-01 -9.147942073682069353e-01 -9.118623308019440099e-01
-8.681004761013593196e-01 -9.549236694718599150e-01 -9.327507242590189485e-01 -9.077396997555025049e-01 -9.119089707843133219e-01 -9.129922436063491187e-01 -9.143575386875406608e-01
-9.133883261079733806e-01 -8.794972069402984260e-01 -9.014853551044179625e-01 -8.931963959984803303e-01 -9.285830930088641022e-01 -9.139308447203771113e-01 -9.123766925740168787e-01
-9.018123066579464275e-01 -9.036078275843220098e-01 -8.880644663570682606e-01 -9.217421234382567885e-01 -9.217938448449514155e-01 -9.061441140255372950e-01 -9.202158596668859047e-01
