(-0.9151600516933246+0j)
-1.163412884885058229e+00 -9.347414389936334889e-01 -8.973111114974456903e-01 -9.154783005803062146e-01 -9.259258605405049636e-01 -9.202659106929957922e-01 -9.157969435048982643e-01
-1.174134804142319632e+00 -9.046991976059002294e-01 -9.137739477060573545e-01 -9.201606350539459633e-01 -9.098381439089062717e-01 -9.131174383725457755e-01 -9.171558101312569100e-01
-1.186166503817659867e+00 -9.423976179665460862e-01 -9.342644495967693530e-01 -9.130673712875190251e-01 -9.129403144999352904e-01 -9.133929421913786761e-01 -9.187120173749785401e-01
-1.202610472018599719e+00 -9.478825116707434439e-01 -9.218567433222137897e-01 -9.132469729740897435e-01 -9.080534008895537745e-01 -9.172133127874528835e-01 -9.213512440981284080e-01
-1.162395571722895093e+00 -8.719482849151274362e-01 -9.405492559025903088e-01 -9.215383379840782485e-01 -9.209927481481361422e-01 -9.190366737655955021e-01 -9.050860124981578991e-01
-9.582597985454888168e-01 -9.574422921695180388e-01 -8.745662977654518055e-01 -9.116200247225154651e-01 -9.143648208492702878e-01 -9.072398990655763384e-01 -9.129161952985884732e-01
-1.172422337454695374e+00 -9.333779623092972599e-01 -8.737564251314657859e-01 -9.052424892604862272e-01 -9.248594866128707626e-01 -9.189653807372115679e-01 -9.157228106181138916e-01
-1.155731089712581205e+00 -9.369149592394228065e-01 -9.179400543510112254e-01 -9.012610658921120788e-01 -9.128138465966149084e-01 -9.173308997348739169e-01 -9.160536627069228999e-01
-1.167040259869412955e+00 -9.124808266408030999e-01 -9.084900896851926255e-01 -9.088251140922742888e-01 -9.135977578763623264e-01 -9.162055120638956662e-01 -9.104020343066734355e-01
-1.141672885369265478e+00 -9.251186505238742086e-01 -9.253316792300076976e-01 -9.166458841591955675e-01 -9.186574943807146454e-01 -9.232582187209881219e-01 -9.144690066586775856e-01
-1.201430740850702561e+00 -9.321699938179217604e-01 -9.090194972789134020e-01 -9.341896121510349094e-01 -9.118313895465788299e-01 -9.126884298925492800e-01 -9.109820081019646132e-01
-1.141006616732000323e+00 -9.234074399759786278e-01 -9.062224483908705164e-01 -9.265109336481702762e-01 -9.159172902815515549e-01 -9.114127360238439834e-01 -9.146665871698236305e-01
-1.040387775171092155e+00 -9.245972240787045937e-01 -9.199579800652295525e-01 -9.127743938229391230e-01 -9.175151417041773616e-01 -9.214056668576346976e-01 -9.110814804478404305e-01
-1.150308685637529527e+00 -9.243118147640061455e-01 -9.411577083156590362e-01 -9.096350199794365210e-01 -9.123445087918919949e-01 -9.122139845255292645e-01 -9.118626521400814422e-01
-1.167476335286383726e+00 -9.883646473925937759e-01 -9.181192163935814055e-01 -9.249795873450057382e-01 -9.114454948829591174e-01 -9.177181675165633212e-01 -9.114672876587088801e-01
-1.152408961419071565e+00 -9.282866014191120119e-01 -8.781943868240713602e-01 -9.131922721534107001e-01 -9.106102287263118100e-01 -9.196763224609287857e-01 -9.178065777089525756e-01
-1.152752028641151227e+00 -9.152789040252564678e-01 -8.973638010889022354e-01 -9.294748781021926476e-01 -9.152082587856209539e-01 -9.181876314420998053e-01 -9.156931002765307248e-01
-1.110754582710465233e+00 -8.809960553633124913e-01 -9.352792446892648215e-01 -9.196798647795916271e-01 -9.208819400347276751e-01 -9.233651824594120150e-01 -9.138664742087354576e-01
-1.128217905554181666e+00 -9.073292810105304529e-01 -9.053069186886757436e-01 -9.116609760580807187e-01 -9.101767946494050410e-01 -9.144862537556908144e-01 -9.196110128357763980e-01
-1.127873686402696585e+00 -9.466491430059387202e-01 -9.329816221522602149e-01 -9.055835815235582231e-01 -9.159293719724443950e-01 -9.097073834629718636e-01 -9.157405013014785489e-01
-1.171097811685593681e+00 -9.485558355566898747e-01 -9.014856484604234499e-01 -9.162493019338981970e-01 -9.173609668622630942e-01 -9.135647087567810853e-01 -9.129297011547505836e-01
-1.156466398666019080e+00 -8.968919544950528788e-01 -9.145374570170559103e-01 -9.080100570174785002e-01 -9.097108562705038537e-01 -9.156132461431687464e-01 -9.111950064412790429e-01
-1.113688977474577069e+00 -9.206234057105466828e-01 -9.481295848544177840e-01 -9.188136409580101027e-01 -9.156751595449521552e-01 -9.143128145755581304e-01 -9.128635866769609919e-01
-1.099619162881109391e+00 -9.483427915923836604e-01 -9.063982695512966536e-01 -9.145635359920158969e-01 -9.104002032026303759e-01 -9.158512987140012829e-01 -9.114812412891228899e-01
-1.172933353170010129e+00 -9.407531067980159367e-01 -9.017962675728063981e-01 -9.115983200960384725e-01 -9.119216037761466165e-01 -9.188671402623260764e-01 -9.177583444250734246e-01
-1.133010783579172065e+00 -9.488246383041194498e-01 -8.989494605087793300e-01 -9.018790210942515539e-01 -9.124528523928159274e-01 -9.210311037817697777e-01 -9.120540129140914942e-01
-1.186463386455644198e+00 -9.191296088065949998e-01 -9.192621541697749699e-01 -9.235650572226852262e-01 -9.210093836716009008e-01 -9.165495218339474448e-01 -9.153140521906055760e-01
-1.198770167652436269e+00 -9.231946235403829526e-01 -9.480208604681299445e-01 -9.179486774422231932e-01 -9.132426720477102577e-01 -9.171608601471425981e-01 -9.113550380452961619e-01
-1.183284883578561208e+00 -9.286898870967064124e-01 -9.286603998181985897e-01 -9.212741335979230950e-01 -9.133101655349902259e-01 -9.188520153003465474e-01 -9.120887895363294362e-01
-1.141656860990676536e+00 -9.081797266899505061e-01 -8.997807005258222635e-01 -9.056863406760187196e-01 -9.115960589551854731e-01 -9.158475473898566310e-01 -9.244538201184921977e-01
-1.117847901538508992e+00 -9.427285221808594518e-01 -9.336972330885562332e-01 -9.170407357235463852e-01 -9.139151202451802902e-01 -9.190704687353599134e-01 -9.216087890745061628e-01
-1.158594407406351223e+00 -9.157373380015527697e-01 -9.267719310861901594e-01 -9.005707219392486973e-01 -9.146738074229565640e-01 -9.074899529801208065e-01 -9.152211241317167456e-01
-1.180013257937354565e+00 -8.773670645349582742e-01 -9.324962794934981147e-01 -9.104590601633424374e-01 -9.094724861742755628e-01 -9.182732565754680998e-01 -9.164535377787865755e-01
-1.125011669718308793e+00 -9.419595390984998318e-01 -8.971564425557281286e-01 -9.055997462948064403e-01 -9.183489942679639029e-01 -9.133866973069943995e-01 -9.078160644355643960e-01
-1.104016554231081582e+00 -8.826612708407612917e-01 -9.209132508394295424e-01 -9.005617342700247274e-01 -9.169197604106882338e-01 -9.092826161570595200e-01 -9.157978081247910573e-01
-1.199251116765849723e+00 -9.541679807248282241e-01 -9.355848262780921409e-01 -9.033029976755684309e-01 -9.067150394822378612e-01 -9.121503474254972765e-01 -9.095454922684906851e-01
-1.159532271284497096e+00 -9.257776341740473480e-01 -9.248476839696704310e-01 -9.137560973478671134e-01 -9.173531562292209784e-01 -9.168089208184866390e-01 -9.170438489093482026e-01
-1.152756461278591438e+00 -8.881244396837753019e-01 -9.366651551641389517e-01 -9.201049939765351127e-01 -9.168134155816756170e-01 -9.096589683230666967e-01 -9.224759028234819080e-01
-1.185026115858704543e+00 -9.266114029548937481e-01 -9.284287167834186505e-01 -9.242175700907242497e-01 -9.216000009517291147e-01 -9.196413511789174322e-01 -9.085593805329807982e-01
-1.137704941744264397e+00 -9.091998289322078541e-01 -9.121392133513281930e-01 -9.166155158552762305e-01 -9.137566085342976319e-01 -9.152892459020873783e-01 -9.111704522175678722e-01
-1.143424343026533396e+00 -9.737105976509263794e-01 -9.359311891899877445e-01 -9.131320755055243321e-01 -9.103882780910352857e-01 -9.212429845949805518e-01 -9.184348112997819946e-01
-1.129777099018507869e+00 -9.434969330703195656e-01 -9.293989842425789405e-01 -9.083130480655203787e-01 -9.107574815312753369e-01 -9.142625520468818934e-01 -9.282198235807557207e-01
-9.829637345641231150e-01 -9.057218960237325422e-01 -9.365899041597669505e-01 -9.212055506128615789e-01 -9.126425992248319297e-01 -9.152478695201959891e-01 -9.187648901814082780e-01
-1.148814784664676125e+00 -8.796924091994586803e-01 -8.987799758935139938e-01 -9.094365810485347534e-01 -9.134209020049328664e-01 -9.113816135360379711e-01 -9.178224175477229796e-01
-1.173956713997295065e+00 -9.262959407364490527e-01 -9.072543181134720136e-01 -9.139977253852811234e-01 -9.141486145898740645e-01 -9.138115789884024842e-01 -9.124602664765384397e-01
-1.163569272481042693e+00 -9.137617912583213542e-01 -9.459320293108977040e-01 -9.094629313342239563e-01 -9.195286119286474324e-01 -9.131841221108032425e-01 -9.140002827117739148e-01
-1.154205226302819298e+00 -8.655727915824187324e-01 -9.201896343628568342e-01 -9.169369595264549311e-01 -9.140831404444711428e-01 -9.147793404872741618e-01 -9.154593380984510365e-01
-1.179125959514629063e+00 -8.911050032763505602e-01 -9.049347157882379200e-01 -9.246132629644532308e-01 -9.058336627574898881e-01 -9.059191509786850283e-01 -9.169118256079944462e-01
-1.135993776066022587e+00 -8.764947791351755946e-01 -9.090731140079832961e-01 -9.256079580324807488e-01 -9.166835477415562483e-01 -9.191376236869066574e-01 -9.107742166451069377e-01
-1.192233439470192780e+00 -8.152692223638593472e-01 -9.090657887623871947e-01 -9.170767108248862876e-01 -9.185601991901073404e-01 -9.180698817918633292e-01 -9.244308597588100085e-01
