(-0.9151600516933246+0j)
-9.056607932266598215e-01 -8.976965758292880793e-01 -9.131604079701942656e-01 -9.226489737661154322e-01 -9.098539553833988602e-01 -9.143066639371153492e-01 -9.158429082484786932e-01
-9.032679356199693199e-01 -8.887588828096117943e-01 -9.037414431019461514e-01 -9.202631810695434122e-01 -9.131778228976699108e-01 -9.158239361410127621e-01 -9.156304643971087120e-01
-8.710741340950749478e-01 -9.162920230969264779e-01 -8.922723072007334721e-01 -9.140469767814731750e-01 -9.158311720201137707e-01 -9.166005057506318998e-01 -9.129364287424184266e-01
-9.187021811060829268e-01 -8.851448972920283875e-01 -9.157508640704852265e-01 -9.204392797479881150e-01 -9.170680860855295879e-01 -9.113314055282164539e-01 -9.125707437231369568e-01
-9.450493435437603562e-01 -8.716336424410937589e-01 -9.306862652202794184e-01 -9.006615858681281672e-01 -9.199995409433070481e-01 -9.133443775387053432e-01 -9.142147043332016221e-01
-9.189020083108916381e-01 -8.959367373174558224e-01 -9.300757678630173775e-01 -9.108749772129036693e-01 -9.125149806402417241e-01 -9.163132463083143442e-01 -9.164206918768997845e-01
-9.645929617631117114e-01 -8.913334204440690467e-01 -8.770507694669436027e-01 -9.063130928174987222e-01 -9.172585128694443757e-01 -9.124266701734724538e-01 -9.137195050752344727e-01
-9.314910931299937857e-01 -9.459229240000821548e-01 -9.415525265521964560e-01 -9.035316731565408155e-01 -9.112016113200220868e-01 -9.170426138850713560e-01 -9.163357804897402925e-01
-8.948156673480018863e-01 -9.415889059180029275e-01 -9.187712549954181185e-01 -9.227173299506050697e-01 -9.219586049789951776e-01 -9.186958581713380312e-01 -9.158519383013961068e-01
-8.847424301474493546e-01 -8.927929522900384107e-01 -9.209707668847133544e-01 -9.113493576564617449e-01 -9.074010129049083773e-01 -9.176468349338633423e-01 -9.143690995420024059e-01
-9.077340149413763992e-01 -9.262898607921523642e-01 -9.361586867688076463e-01 -9.138998694370206177e-01 -9.266653453650486316e-01 -9.130144939961097883e-01 -9.170081006075085917e-01
-9.054362488682552446e-01 -8.896665637533129889e-01 -9.151272071175204914e-01 -9.170128496877305579e-01 -9.159467743594260636e-01 -9.135572607278019674e-01 -9.165860913432133383e-01
-9.238849846773862229e-01 -8.370117222240416321e-01 -9.177853294397122497e-01 -9.210466595481527907e-01 -9.182223214614919637e-01 -9.207549352826940314e-01 -9.160902696525452527e-01
-9.222205220606318754e-01 -8.813023288733821126e-01 -9.165484734334818917e-01 -9.168649919802767112e-01 -9.115103659099750288e-01 -9.154355173391246492e-01 -9.159592765369684031e-01
-8.635382634713921757e-01 -8.844417054505142595e-01 -9.002862318130973041e-01 -8.941706726716214249e-01 -9.172065135144245041e-01 -9.126225633503566304e-01 -9.144058362581870547e-01
-9.061313851383439033e-01 -8.953608816076765731e-01 -9.107779310840007359e-01 -9.164708576732123468e-01 -9.178199573774006303e-01 -9.163632709201234849e-01 -9.145231382997300873e-01
-8.478491454665910698e-01 -9.474371443404683291e-01 -8.746264621332231481e-01 -9.083700367394620390e-01 -9.160034809489616681e-01 -9.130877055322210722e-01 -9.172599892988559933e-01
-9.034924799783741189e-01 -9.097580066944470634e-01 -9.218143066243971173e-01 -9.122001342026864190e-01 -9.125509686173738366e-01 -9.142897913787981778e-01 -9.134557311995068485e-01
-9.605603759486347482e-01 -9.679968082825753939e-01 -9.278872819770902503e-01 -9.058240474080747617e-01 -9.171896911174974854e-01 -9.170745605372658815e-01 -9.145429853578845858e-01
-9.209139880425381008e-01 -8.487777911044995793e-01 -9.031125234817720671e-01 -9.156480459408931072e-01 -9.150669088804648243e-01 -9.137168876141239515e-01 -9.153445484475473126e-01
-8.976543824574085839e-01 -9.566576240988216018e-01 -9.050068882536088655e-01 -9.067777689034091093e-01 -9.182006872170969114e-01 -9.129218406024208754e-01 -9.138457884146968802e-01
-9.521053982717377906e-01 -9.299513926977793776e-01 -8.998128408329373329e-01 -9.235662772946380272e-01 -9.120521822222675823e-01 -9.142909776774266195e-01 -9.175705505574254239e-01
-9.181918331508311937e-01 -9.110449145121715109e-01 -9.156773168883576286e-01 -9.092536111677964605e-01 -9.201858144902408387e-01 -9.132654348212290163e-01 -9.136883509071649367e-01
-9.286894419145972357e-01 -9.029915993415262854e-01 -9.374982493917871640e-01 -9.124170039648458186e-01 -9.204534081515687305e-01 -9.143355125735699307e-01 -9.157662036883951195e-01
-9.059531114025989318e-01 -8.788140130038626374e-01 -9.363134874748839653e-01 -9.090041794661651853e-01 -9.226930118956395699e-01 -9.142795468724198571e-01 -9.134607167564969821e-01
-9.174354548976721979e-01 -9.230083652029135166e-01 -8.933354048100514699e-01 -9.220603461057135242e-01 -9.211184304914088461e-01 -9.157842166268768125e-01 -9.138850560956484070e-01
-8.857233700143851696e-01 -8.803725255293228802e-01 -9.195294031796730216e-01 -9.279412542222886806e-01 -9.174789360540882566e-01 -9.148472359288370992e-01 -9.168154018602949762e-01
-9.526619493200880751e-01 -8.957638854599232481e-01 -9.152994953409967493e-01 -9.164265333227323840e-01 -9.135039560832611816e-01 -9.186273079488993520e-01 -9.142158372945834444e-01
-7.767653342887592682e-01 -9.061441670118495217e-01 -8.975892421522084774e-01 -9.136131737102650696e-01 -9.150099121669408309e-01 -9.134715016732917192e-01 -9.179815715127115361e-01
-9.524374049616834981e-01 -9.302706599325363257e-01 -9.249756099468502413e-01 -9.150295740142437850e-01 -9.086467290991084855e-01 -9.147305604970539239e-01 -9.133240098424961761e-01
-8.936217793875596005e-01 -9.225534790575971034e-01 -9.208179637818383334e-01 -9.260131343702220352e-01 -9.173877950895710232e-01 -9.149727520117294510e-01 -9.165033772920947452e-01
-9.093483775603559138e-01 -9.139968487011091991e-01 -9.370505163194731146e-01 -9.105965181037487532e-01 -9.165933281922888920e-01 -9.154587479441924636e-01 -9.145998096818257483e-01
-8.899252164633812967e-01 -9.511146852751479752e-01 -9.460461399686774797e-01 -9.160555684308979707e-01 -9.146551966971299130e-01 -9.193326381899578070e-01 -9.127632928970788040e-01
-9.560201309604703379e-01 -9.484316075327141604e-01 -9.225159363523414147e-01 -9.207578738930135565e-01 -9.225587117801310466e-01 -9.143229857364021385e-01 -9.156047996017462332e-01
-8.901867399308631690e-01 -9.066253637040349034e-01 -9.100718169901811372e-01 -9.345793336319037081e-01 -9.125284343375501539e-01 -9.183646121296624720e-01 -9.147714495753651587e-01
-8.831306852028857346e-01 -9.132054077498510392e-01 -9.280336992317830269e-01 -9.131422623180966980e-01 -9.160717718134203658e-01 -9.143604286468576259e-01 -9.159226115050191908e-01
-9.026280830737665184e-01 -9.018166558949196610e-01 -9.158773407408637990e-01 -9.152158501037839233e-01 -9.144069114134931731e-01 -9.137881993014718152e-01 -9.146334011312917678e-01
-8.986456317678082062e-01 -8.970011233675803108e-01 -9.034741059883015790e-01 -9.051697360153343475e-01 -9.155526111998464334e-01 -9.159868473208165884e-01 -9.160460205202249906e-01
-8.667707663183505939e-01 -9.286118087689831935e-01 -9.423028528572292561e-01 -9.109559117637362480e-01 -9.132569859224135556e-01 -9.180255421093093116e-01 -9.157762378464480157e-01
-9.232515619253427452e-01 -9.615177700872508115e-01 -9.211570044697430237e-01 -9.158152833568977691e-01 -9.141892130007269746e-01 -9.144337717994224235e-01 -9.163050724393497770e-01
-8.886545760949220440e-01 -9.071015225400986814e-01 -9.350552792310469208e-01 -9.140455869670933708e-01 -9.168495487887855511e-01 -9.167684291212476744e-01 -9.148531789357721156e-01
-8.684287143560127653e-01 -8.941374252933931288e-01 -9.042934774292830102e-01 -9.169917317960973868e-01 -9.213068411307012706e-01 -9.160112817322900725e-01 -9.149570028116817966e-01
-9.466212979340129507e-01 -8.637601773418479567e-01 -9.368948249908324311e-01 -9.185281674340979308e-01 -9.173351909017060102e-01 -9.179932869556324260e-01 -9.153483376963580387e-01
-8.834359133847276002e-01 -8.878288372008884544e-01 -9.219475459040138432e-01 -9.269311083910374283e-01 -9.137757683501050998e-01 -9.130496619605825703e-01 -9.137724630790877711e-01
-8.569925739540380505e-01 -9.407410162171623291e-01 -8.921302062605187544e-01 -9.193874437239244468e-01 -9.139321146684862285e-01 -9.164971988326620078e-01 -9.158999574301502911e-01
-9.283418400147722682e-01 -9.025933112551225435e-01 -9.109383027349287065e-01 -9.198121417631284213e-01 -9.186625683020557265e-01 -9.121946448998625723e-01 -9.162217348896557478e-01
-9.325950560276059509e-01 -9.124638164403200413e-01 -9.228045889955185377e-01 -9.124555178544133671e-01 -9.110243440064158538e-01 -9.177846801152147460e-01 -9.150689716160167464e-01
-9.000907164968969809e-01 -8.595930855453384201e-01 -9.143799340132454656e-01 -9.084098201360022440e-01 -9.141053187245062883e-01 -9.144086010252463481e-01 -9.153527085036252675e-01
-8.154357103886518132e-01 -9.310268288774776746e-01 -9.449672743932389096e-01 -9.157392508686188481e-01 -9.151240489489598229e-01 -9.167503227066300386e-01 -9.145140434283818287e-01
-9.796360199307174721e-01 -9.179759564011504835e-01 -9.227755407758853057e-01 -9.225689731380735115e-01 -9.236814909163584275e-01 -9.159254980456150719e-01 -9.171950920880749258e-01
