(-0.8712994323588225+0j)
-7.867901347650612109e-01 -9.289342816746830600e-01 -8.225632463595373700e-01 -8.883618392936389885e-01 -9.016649031975518813e-01 -8.740323058129388922e-01 -8.710718176676226499e-01
-7.350327967752208203e-01 -8.350960126615114554e-01 -8.280019566207594828e-01 -8.924321696556900552e-01 -8.741390051536030992e-01 -8.630376591142960851e-01 -8.636009530120982713e-01
-7.845115345829865028e-01 -8.450819597445224929e-01 -8.850845946673964182e-01 -8.707278847124477750e-01 -8.728210095640813737e-01 -8.783026527258388505e-01 -8.702191154336860190e-01
-7.583774350260525932e-01 -8.121592605503140661e-01 -8.572848037767704099e-01 -8.740518505344530009e-01 -8.708283374126430942e-01 -8.709158024481893356e-01 -8.726843958678840441e-01
-7.663285770734691305e-01 -8.264667937963683375e-01 -8.529191417555801458e-01 -8.523316719546734088e-01 -8.816868225016747385e-01 -8.780899347523274390e-01 -8.737370745160433216e-01
-6.605734587636071797e-01 -8.669154546211876866e-01 -8.660692586146367944e-01 -8.635987955942645566e-01 -8.580885530304553921e-01 -8.657809342906259698e-01 -8.737928842216380332e-01
-7.457307261659615882e-01 -9.272062983345132903e-01 -8.191089011147920651e-01 -8.754434801573434122e-01 -8.796715720452312759e-01 -8.728812412412405575e-01 -8.709308690708026379e-01
-7.779822534428735281e-01 -8.524647127459470397e-01 -8.505291024263501587e-01 -8.914156888565623049e-01 -8.637870528094988565e-01 -8.725955905699396276e-01 -8.762838632199703159e-01
-7.806981525157488111e-01 -9.146413067024476984e-01 -8.654991730796106619e-01 -8.927415686129493988e-01 -8.566677797658472926e-01 -8.724268397119334661e-01 -8.679768316057836497e-01
-7.146104848013719035e-01 -8.955303779969667755e-01 -8.701330591516269752e-01 -8.528453359993892757e-01 -8.626128438861464520e-01 -8.768028031251344778e-01 -8.697052337068744698e-01
-8.035850458206164060e-01 -8.455603368452955237e-01 -8.528359112613077553e-01 -8.464505784598232996e-01 -8.978672339426130300e-01 -8.641068887443708046e-01 -8.693445811823898861e-01
-7.373692077313769300e-01 -9.165304449543307808e-01 -8.688418888581785904e-01 -8.506852837453660054e-01 -8.580584702306406353e-01 -8.822615613751423336e-01 -8.697173966754216945e-01
-7.763207551450506116e-01 -8.518581667503015709e-01 -8.787496781121237888e-01 -8.637785285925265732e-01 -8.679136614803653060e-01 -8.585413431217405744e-01 -8.704637856896790815e-01
-7.764157037981196385e-01 -8.964033543257090564e-01 -8.665230245055044467e-01 -8.895011465533031458e-01 -8.670764212280404060e-01 -8.696837818480505078e-01 -8.759972407464486910e-01
-7.604316284345213894e-01 -8.088981936992034605e-01 -8.588823044009556984e-01 -8.802463155475790391e-01 -8.649428729383861203e-01 -8.719194117294573054e-01 -8.724408463959838489e-01
-6.950526647610553166e-01 -8.337010660323953548e-01 -8.135963469096783029e-01 -8.603356453121528968e-01 -8.718770901089878400e-01 -8.694087277340993847e-01 -8.727492385962998256e-01
-7.563498054743065246e-01 -8.135482985652080501e-01 -8.537132654127157494e-01 -8.823126810398911335e-01 -8.828865866626549597e-01 -8.634386382692869066e-01 -8.714241937172793051e-01
-8.514700766841030166e-01 -8.546918230835542918e-01 -8.749263929892940883e-01 -8.695072426306593716e-01 -8.618290590401049833e-01 -8.773034913488202413e-01 -8.702029761644043404e-01
-7.506793103027153968e-01 -8.827261663250387524e-01 -8.211030950920039650e-01 -8.730681449143871120e-01 -8.585443680837638869e-01 -8.696792303373639399e-01 -8.692465367278197075e-01
-7.188929219836190931e-01 -8.240074287994296753e-01 -8.682655304850006583e-01 -8.367225755907787832e-01 -8.795613562086375126e-01 -8.648914274934600410e-01 -8.695034242901040766e-01
-7.518277078307760153e-01 -8.554660646077056896e-01 -8.541064904239676903e-01 -8.685031970856669226e-01 -8.890532121376963914e-01 -8.676485411924665936e-01 -8.650083289570791312e-01
-7.548302657414389660e-01 -8.429613497325032512e-01 -8.641860424895981829e-01 -8.946048501859216184e-01 -8.751145861425195793e-01 -8.662242502529633459e-01 -8.753025523213819881e-01
-7.511394498450287838e-01 -8.132336464449663183e-01 -8.894536743535728096e-01 -8.558961827396500688e-01 -8.726976913227557642e-01 -8.689648048722817819e-01 -8.712032780911753704e-01
-7.723117582712824003e-01 -8.818592643242146867e-01 -8.984889053520896951e-01 -8.592945651962431430e-01 -8.614579219634044271e-01 -8.759639823649179036e-01 -8.682339612330329803e-01
-7.461267441806502809e-01 -8.548741522893719136e-01 -8.780452046474789274e-01 -8.464971259521378855e-01 -8.566179025101168243e-01 -8.713123322456686193e-01 -8.721794338365884691e-01
-7.622638541936108680e-01 -8.416628802154728639e-01 -8.849192208700669138e-01 -8.619642452891527196e-01 -8.839153876586762770e-01 -8.757948334102128030e-01 -8.707416220045607336e-01
-7.769647679975526522e-01 -9.356081330001022600e-01 -8.689064674885125239e-01 -8.811440713452796114e-01 -8.967002549703473324e-01 -8.723554387087073536e-01 -8.716936446413068307e-01
-7.566182463672832537e-01 -8.011574339248623833e-01 -9.073058748907623094e-01 -8.518333459292111165e-01 -8.784882937979403561e-01 -8.782918304640505713e-01 -8.716907696992979293e-01
-7.325316708183653436e-01 -8.866096723642751254e-01 -8.222707314490007580e-01 -8.821038281701532036e-01 -8.575759935145210733e-01 -8.731391196903739438e-01 -8.730916270118285194e-01
-7.323565020669984271e-01 -8.876296659920255294e-01 -9.039459045740219079e-01 -8.747592123722893742e-01 -8.602145310840088044e-01 -8.736640637919397268e-01 -8.756257209559983323e-01
-7.736998162606265605e-01 -8.485962898069214777e-01 -8.551544327935549639e-01 -8.733824741290130422e-01 -8.796019085034085805e-01 -8.717410181145963666e-01 -8.740360901963575291e-01
-7.730755840513530153e-01 -8.344613082936442883e-01 -8.230849863749722939e-01 -8.426954480894932598e-01 -8.647028343421847563e-01 -8.705598387707795816e-01 -8.665883120235780002e-01
-7.885714459904527018e-01 -8.913925238888060765e-01 -8.947634782107127815e-01 -8.550843826958087757e-01 -8.906920723401523521e-01 -8.683005383112640807e-01 -8.724564778247818619e-01
-7.815089882077057570e-01 -8.223296919399880611e-01 -8.646143034692184148e-01 -8.533244707061722334e-01 -8.682880051290773338e-01 -8.598193948662813391e-01 -8.717022387005466388e-01
-7.661530496751924879e-01 -8.722927332800141098e-01 -8.716439571630392180e-01 -8.216594703912571962e-01 -8.586729074283556695e-01 -8.740398412958725327e-01 -8.718072640943568263e-01
-7.691307087052097202e-01 -8.520749920291696977e-01 -8.735355502360495628e-01 -8.858838072565509147e-01 -8.822253945173257339e-01 -8.733966699713067161e-01 -8.672665217168589180e-01
-8.136329383629057332e-01 -8.754845136195683608e-01 -8.674079054596510741e-01 -8.690114070783674372e-01 -8.835546580172468634e-01 -8.700920855564897582e-01 -8.679016275528812496e-01
-7.468620120782838434e-01 -9.031982920928300906e-01 -8.988395929925692140e-01 -8.352297348622126361e-01 -8.705835702732303005e-01 -8.671448958187002454e-01 -8.715282476534196299e-01
-7.541641187869323470e-01 -7.360955742246628741e-01 -8.466567938821663031e-01 -8.488300882903918598e-01 -8.711952602028836257e-01 -8.790311129699743820e-01 -8.736483350825043903e-01
-6.429400366854665094e-01 -8.747740641106045434e-01 -8.720111824139726853e-01 -9.019739794840824221e-01 -8.795252429847608688e-01 -8.685639404532554675e-01 -8.690681287220369811e-01
-7.472502658988293689e-01 -8.155664810194904746e-01 -8.726858993589257096e-01 -8.752396282754266732e-01 -8.659634223341463599e-01 -8.728488463745021075e-01 -8.673668021369149717e-01
-7.362207986679343286e-01 -8.774638338468048193e-01 -8.731022062413005269e-01 -8.546048539776687214e-01 -8.607645066633247133e-01 -8.793293050886967777e-01 -8.736955767430334419e-01
-7.566182463672832537e-01 -8.268981492763216590e-01 -8.591384161149855370e-01 -8.724937990751795436e-01 -8.696079141117516453e-01 -8.740580237773616368e-01 -8.689110142310163543e-01
-7.677938884343387116e-01 -8.837190527605576218e-01 -8.731557408741585924e-01 -8.779934449765691706e-01 -8.651291229840583075e-01 -8.658595403834905557e-01 -8.689696575442780180e-01
-7.730198926514093571e-01 -8.896836851637155430e-01 -8.791264746720752754e-01 -8.738012291199546144e-01 -8.701839135508164791e-01 -8.780193354448699861e-01 -8.699664649664800020e-01
-7.879492299221193541e-01 -8.304383370158436861e-01 -8.648660352537171914e-01 -8.721571000549159791e-01 -8.741503084314179439e-01 -8.691565107853487238e-01 -8.712369465612630481e-01
-7.848491079544723803e-01 -8.662071183517581208e-01 -9.021093200490715169e-01 -8.781021869763769860e-01 -8.781171104964473617e-01 -8.792760410924640446e-01 -8.751400769031931759e-01
-7.622638657289928510e-01 -8.913463374098240521e-01 -8.148416695450564351e-01 -8.913427660906947381e-01 -8.536663334073042453e-01 -8.734680571267738891e-01 -8.744807247763524138e-01
-7.982817766966383566e-01 -9.036782759146952948e-01 -9.212184044367388580e-01 -8.540498863009766684e-01 -8.917474221675671942e-01 -8.757756648577426084e-01 -8.710427155267070898e-01
-7.772265394900765845e-01 -9.033455340835014891e-01 -8.667179832863567412e-01 -8.750495744961688249e-01 -8.790776908723256788e-01 -8.756704422721224290e-01 -8.699113406559417783e-01
