(-0.8712994323588225+0j)
-8.596144125354285848e-01 -8.220882192386842480e-01 -8.618076418616933410e-01 -8.701273666200857182e-01 -8.761451099070987070e-01 -8.666073328656540564e-01 -8.785176182326670524e-01
-8.576955461633217759e-01 -9.175078693489238102e-01 -8.769981505106818620e-01 -8.658955650398829640e-01 -8.679766464717222352e-01 -8.762010570367722018e-01 -8.706066708034505552e-01
-9.010712466016905786e-01 -8.742867868704067291e-01 -8.632695586506895502e-01 -8.718126297457944318e-01 -8.785221288314830623e-01 -8.663947376365510600e-01 -8.737650102445984057e-01
-8.309104983577804138e-01 -8.682449260655951129e-01 -8.521354846983872910e-01 -8.600609529261367125e-01 -8.703596382697205147e-01 -8.754493869727502098e-01 -8.705584343462318131e-01
-8.945201234893220832e-01 -8.665509178747401453e-01 -9.011520231827288008e-01 -8.728335175301611404e-01 -8.812930962702225646e-01 -8.650564524691015666e-01 -8.738162209996305219e-01
-8.781007580568143123e-01 -8.157464083164416291e-01 -8.878453999621747084e-01 -8.662997481784133758e-01 -8.628283882198903854e-01 -8.712572850214199693e-01 -8.754148892511044444e-01
-8.295347684609577499e-01 -8.729449388613892413e-01 -8.504264885449557276e-01 -8.792000083600215454e-01 -8.625278321679432647e-01 -8.752337348113892190e-01 -8.709437264467014828e-01
-8.574760278896897958e-01 -8.650218938477618469e-01 -8.867531713463678855e-01 -8.796434426017110120e-01 -8.751090175611713207e-01 -8.729531002956678609e-01 -8.708308478416597609e-01
-9.028109730834577018e-01 -8.289996261715311121e-01 -8.704149692394849147e-01 -8.795048965867025004e-01 -8.733102555907279463e-01 -8.750084113327871727e-01 -8.621846442638168018e-01
-8.671501963253815948e-01 -8.625529136187355395e-01 -8.766023706013506001e-01 -8.474659999805407296e-01 -8.768823797200049341e-01 -8.753180743563537813e-01 -8.762782542552574050e-01
-9.249487982436142008e-01 -8.493700654460685229e-01 -8.501999555050245849e-01 -8.910815079396865457e-01 -8.799008918602504448e-01 -8.754920639635894730e-01 -8.752903093252564215e-01
-8.734888649719787512e-01 -8.051676709460324766e-01 -8.507725702606829810e-01 -8.757356089606509464e-01 -8.664777833396828388e-01 -8.703844121468882200e-01 -8.784544175225437179e-01
-8.070038152368361750e-01 -8.530156669450241758e-01 -9.144337271876730178e-01 -8.707661492668217207e-01 -8.708064973113700535e-01 -8.706815878048048685e-01 -8.732431503425899244e-01
-7.519152353156695057e-01 -8.717730832101990845e-01 -8.597203458204603077e-01 -8.825639196357135674e-01 -8.723402249421794430e-01 -8.745648345092273956e-01 -8.657806453531480262e-01
-8.534379732555747999e-01 -8.382808381699984324e-01 -8.797307076735385589e-01 -8.725009111490289460e-01 -8.596722410720623042e-01 -8.759315474429176795e-01 -8.809113133691941488e-01
-9.003443388954617266e-01 -9.040729538447442870e-01 -8.843805964969628786e-01 -8.741108080024790894e-01 -8.731032271697352076e-01 -8.674670241670190407e-01 -8.713246234226648124e-01
-8.407194423604502642e-01 -8.654675102786697494e-01 -8.614285348070742643e-01 -8.550387130645880074e-01 -8.687363962075291823e-01 -8.741509039502324274e-01 -8.737045216954408833e-01
-8.700828950347756496e-01 -8.201190565299720792e-01 -9.181532263228606716e-01 -8.769895953621942297e-01 -8.688401708565618442e-01 -8.740510602628224213e-01 -8.719690201192098478e-01
-8.801969388909034464e-01 -8.192961948668526784e-01 -8.520778284907450928e-01 -8.596604771834976955e-01 -8.722893623451137834e-01 -8.704634340557282357e-01 -8.714673173274667395e-01
-8.889250522573135527e-01 -9.206905430115142064e-01 -8.773063104436811255e-01 -8.550617758426148907e-01 -8.742908107595606104e-01 -8.747768960763315782e-01 -8.723082071547219041e-01
-8.661907035874274463e-01 -8.688893341104630963e-01 -8.810035295774212294e-01 -8.606320055148410919e-01 -8.744378209755672149e-01 -8.668767681465852082e-01 -8.670196524410973549e-01
-8.677773608136867267e-01 -8.945131880120431589e-01 -8.453856356600197852e-01 -8.627131701200088099e-01 -8.616572314992048121e-01 -8.764454816542632809e-01 -8.696446431143485256e-01
-8.504942099971553038e-01 -8.813556154717661073e-01 -8.676934125751598614e-01 -8.760444956765398583e-01 -8.707152770518924445e-01 -8.781575488940287499e-01 -8.743252507651286809e-01
-8.949793137596195880e-01 -8.468829843834879689e-01 -8.504252240442404798e-01 -8.695461406524387371e-01 -8.705252847039499642e-01 -8.690061380331888241e-01 -8.699904401291314038e-01
-8.198400364196773982e-01 -8.750466910448002622e-01 -8.821593535820251297e-01 -8.708808265621406086e-01 -8.770453982197434772e-01 -8.696739199146241717e-01 -8.652791874235323810e-01
-8.843326460141045509e-01 -8.696232536390542389e-01 -8.788898335764185887e-01 -8.711626746998586412e-01 -8.714849018415924409e-01 -8.660278914959684826e-01 -8.731204014970421756e-01
-9.134252956988082595e-01 -8.760723343663794349e-01 -8.915103607382759421e-01 -8.635694596636078746e-01 -8.728690640131961942e-01 -8.648848101272943456e-01 -8.784844645116376416e-01
-9.138784125659149549e-01 -7.910830205515684277e-01 -8.861571761605193664e-01 -8.735963781788260718e-01 -8.774950067555031819e-01 -8.727846674976733610e-01 -8.720785966452146987e-01
-9.050882734628731274e-01 -8.895429142068640438e-01 -8.725140261100086114e-01 -8.820693620064421481e-01 -8.735521042075995446e-01 -8.652160029163920019e-01 -8.700582221418520223e-01
-8.615957913928329326e-01 -8.470122918683327118e-01 -8.783538832429242937e-01 -8.791951671180382455e-01 -8.699796971343165541e-01 -8.668313283193653795e-01 -8.722857335454370364e-01
-7.314204937741437540e-01 -8.902775481526767898e-01 -8.887619268834157094e-01 -8.697551065691071503e-01 -8.699917173712106155e-01 -8.717668745018025689e-01 -8.642965217666664923e-01
-8.693549832771341190e-01 -9.370608696492845890e-01 -8.777057529707237293e-01 -8.595899934330546444e-01 -8.635857191245963627e-01 -8.740308803391114711e-01 -8.676547728286772010e-01
-8.892135429966832039e-01 -8.641968097960539552e-01 -8.730028405781231626e-01 -8.727714403018860256e-01 -8.762576708089497846e-01 -8.665235540021716254e-01 -8.723577566470963607e-01
-8.487595323381311729e-01 -9.333947270384781447e-01 -8.860779315691369451e-01 -8.825335120108124265e-01 -8.719668626374117437e-01 -8.666144109614950519e-01 -8.766844731897316390e-01
-8.983368399959850148e-01 -8.489498783973419282e-01 -8.856790833094663196e-01 -8.653261143814159340e-01 -8.734145914245996511e-01 -8.681577208185671246e-01 -8.735178923661073291e-01
-8.592178391394489356e-01 -8.449029231553519814e-01 -8.940154921483043360e-01 -8.851374920903329890e-01 -8.619889403348612866e-01 -8.687227892768729642e-01 -8.711077133303244402e-01
-8.298040909994510717e-01 -8.524384947452856576e-01 -8.780846360809824169e-01 -8.668595503753218079e-01 -8.697402286598896470e-01 -8.697114171453965703e-01 -8.684288373310882214e-01
-8.925730957535473742e-01 -8.659156136919059499e-01 -8.477970020533271978e-01 -8.780749305870163557e-01 -8.765454912657257847e-01 -8.672952331736460962e-01 -8.748019784224569939e-01
-8.392254557851441810e-01 -8.564473770005684994e-01 -8.830583071544444440e-01 -8.793469739037504951e-01 -8.641020178921001715e-01 -8.721090368331183562e-01 -8.783363110755815217e-01
-8.697183991596575403e-01 -8.310213112266895408e-01 -8.494920099190814700e-01 -8.687988687798933185e-01 -8.745750282073561088e-01 -8.708154927934135259e-01 -8.811299895441806473e-01
-8.823795917406516143e-01 -9.209705658314837340e-01 -8.661741453160638482e-01 -8.650383844697644431e-01 -8.749932197076848439e-01 -8.710454362635133840e-01 -8.687120332601647732e-01
-8.365765522392714093e-01 -8.980106518244539426e-01 -8.613933032120302258e-01 -8.614020014361387645e-01 -8.669769060884635614e-01 -8.687431379675321086e-01 -8.713044796271944836e-01
-9.236328659544350561e-01 -8.702098982326804677e-01 -8.676480128251673474e-01 -8.576553798582602361e-01 -8.722191455642815949e-01 -8.620327247474379728e-01 -8.625277839785845391e-01
-9.068762804251955245e-01 -8.840379601243717467e-01 -8.656123575841818685e-01 -8.724141363383279835e-01 -8.758460315755685066e-01 -8.723766550081939464e-01 -8.612228774373733575e-01
-8.739800833558963866e-01 -9.010330636894503531e-01 -8.893738618332021062e-01 -8.707002866345601166e-01 -8.714616146995621815e-01 -8.655977268301779937e-01 -8.703740029428548297e-01
-8.575123384308882546e-01 -8.165104948441244126e-01 -8.861511028238169274e-01 -8.530405057721124340e-01 -8.665165250736692748e-01 -8.721410190155074460e-01 -8.679029178654933396e-01
-8.641630740356818219e-01 -8.223946400516077837e-01 -8.932144668705697121e-01 -8.569014535603676208e-01 -8.755312745482444203e-01 -8.672570308054237120e-01 -8.764210264394907135e-01
-7.565077787954457289e-01 -8.999228326289967494e-01 -8.773694021607318927e-01 -8.936031293040922474e-01 -8.701165733190006080e-01 -8.699742859724761690e-01 -8.686781737428519445e-01
-9.066537546504145340e-01 -8.307275871881223406e-01 -8.933158757951280560e-01 -8.723877330418967624e-01 -8.769606623286123614e-01 -8.680815663544247940e-01 -8.762426686754174465e-01
-8.758597418821194580e-01 -9.158672091076869304e-01 -8.799800371124171239e-01 -8.704447794681686723e-01 -8.735996425133321086e-01 -8.606090520441598279e-01 -8.693595390548698454e-01
