(-0.8712994323588225+0j)
-8.908839404585986443e-01 -8.852038783858806603e-01 -8.811802027275166260e-01 -8.592883874883607831e-01 -8.743328484925798616e-01 -8.714153537876450084e-01 -8.695235110195727035e-01
-8.600831602953056265e-01 -8.991357583518166940e-01 -8.764305874629230164e-01 -8.706959516721073378e-01 -8.710546117210051786e-01 -8.672637781959038339e-01 -8.708750935170017637e-01
-8.687081495462956049e-01 -8.780266124752678092e-01 -8.647134495214856553e-01 -8.542057985419038157e-01 -8.668331813933971564e-01 -8.693439623607781552e-01 -8.708173316589900015e-01
-8.930130839425312050e-01 -9.035008038706993094e-01 -8.852322539372246002e-01 -8.720725696233999624e-01 -8.708353708910234747e-01 -8.726076838120955248e-01 -8.725153095688629179e-01
-8.588694385692898781e-01 -8.524226389899174361e-01 -8.649648044538571501e-01 -8.547973917084805695e-01 -8.627048255894105289e-01 -8.689054090741119563e-01 -8.713327828016395049e-01
-8.420966500803572785e-01 -8.953304557789096840e-01 -9.218115181506194578e-01 -8.924240354033843303e-01 -8.807999315389034578e-01 -8.754974336572654003e-01 -8.709391214828428041e-01
-8.415189618431355711e-01 -8.731383198298068304e-01 -8.839793694450943651e-01 -8.768459871861862265e-01 -8.698618523647212442e-01 -8.674911108440250818e-01 -8.700362695982699623e-01
-8.851348748708676162e-01 -8.983339977676110255e-01 -8.904641429892905524e-01 -8.754986839398937182e-01 -8.805062379445052212e-01 -8.722425751032574226e-01 -8.731594790834804609e-01
-8.351060529329956683e-01 -7.637766627621616067e-01 -8.220339182233915576e-01 -8.529499922525822786e-01 -8.653821567808388515e-01 -8.705336385115056697e-01 -8.701405408556113219e-01
-8.706944869448896007e-01 -8.374270059820738688e-01 -8.344130491862922216e-01 -8.563753854074569460e-01 -8.655110377274437550e-01 -8.706028574702016076e-01 -8.705096169508306225e-01
-8.862239234850013414e-01 -8.487489420825788944e-01 -8.590347389856547444e-01 -8.514546702416734281e-01 -8.662850830136050728e-01 -8.729896091121571722e-01 -8.726082911368300277e-01
-8.634024862215037288e-01 -8.682935447403901108e-01 -8.761431133001051919e-01 -8.735188833225362437e-01 -8.763505677379033187e-01 -8.735375486572645176e-01 -8.739894472800839864e-01
-8.677265690899989004e-01 -8.900430922250432975e-01 -8.922063144572234261e-01 -8.667612186600457402e-01 -8.724329322144019905e-01 -8.697583735798026794e-01 -8.714500277111114634e-01
-8.935395969524033699e-01 -8.785999176160201873e-01 -8.873499535233639879e-01 -8.604591382760953255e-01 -8.611550534328011874e-01 -8.668086944773720770e-01 -8.693963033717309052e-01
-8.896356882035052482e-01 -8.783977526899826582e-01 -8.472342324140897940e-01 -8.739174337186068620e-01 -8.799698038080092655e-01 -8.721211297329465317e-01 -8.702376119288559586e-01
-8.311878513358335052e-01 -8.646366278740225120e-01 -8.777422906040739381e-01 -8.921570271235685912e-01 -8.746457859917999844e-01 -8.720410682443233696e-01 -8.706001520337720567e-01
-8.654151553713644862e-01 -8.413800430980884482e-01 -8.647751028425061381e-01 -8.716425320370801977e-01 -8.791011927153751238e-01 -8.706828666394588190e-01 -8.690244106726385809e-01
-8.740792804478394462e-01 -8.401426383214085636e-01 -8.362933107408632161e-01 -8.641969247145744326e-01 -8.702535081537032813e-01 -8.680446699625119500e-01 -8.699361503008402607e-01
-8.655398284832467315e-01 -8.556752411115273738e-01 -8.348991992980967503e-01 -8.582000778410969755e-01 -8.729574465118628002e-01 -8.682222202235971853e-01 -8.726043629583086769e-01
-8.552579854550987903e-01 -8.554030002601369365e-01 -8.507219971837587380e-01 -8.507454860785244044e-01 -8.646975317866039124e-01 -8.692901500840124474e-01 -8.719943081621321923e-01
-8.784009855334675709e-01 -8.673052248271049258e-01 -8.833155075878578177e-01 -8.893340718609372697e-01 -8.810770572760298069e-01 -8.724409240318760084e-01 -8.728457727669436395e-01
-8.780798256383059996e-01 -8.519210591649000186e-01 -8.508884164480470247e-01 -8.572517465442204276e-01 -8.742551781128138355e-01 -8.731562871434268569e-01 -8.711718901017373451e-01
-8.764300747589814922e-01 -8.639255495278714836e-01 -8.559949732999714289e-01 -8.447657874424268076e-01 -8.651166988166838490e-01 -8.756628207211705206e-01 -8.704621098245304278e-01
-8.653893198781132945e-01 -8.680315018531139515e-01 -9.002289557290048538e-01 -8.763288223811340760e-01 -8.735942653459198848e-01 -8.717281272629153754e-01 -8.711902716473003405e-01
-8.539580205325372209e-01 -8.630514573658929489e-01 -8.436203202309044968e-01 -8.633658388228202529e-01 -8.722126835967736191e-01 -8.731972721641130253e-01 -8.725378198246624972e-01
-8.789319227616159136e-01 -8.247271413936723139e-01 -8.669865227547328690e-01 -8.793913632247463141e-01 -8.740147174874679514e-01 -8.735355822940895631e-01 -8.734673779387851500e-01
-8.797624983547633892e-01 -9.069316615782390123e-01 -8.640932007960080430e-01 -8.601150306133482637e-01 -8.639939706706156741e-01 -8.678367969784288594e-01 -8.688220031325710746e-01
-8.894508106188938612e-01 -8.942137362564122061e-01 -8.675105616433596012e-01 -8.502225475796894028e-01 -8.686156649375189609e-01 -8.725264390930767000e-01 -8.736598044680483621e-01
-8.632514813583547220e-01 -8.689246125313330182e-01 -8.726958430886007090e-01 -8.824894722195211205e-01 -8.666952284076216984e-01 -8.728412662904490027e-01 -8.708406126810843695e-01
-8.550467761192204197e-01 -8.419270569590231457e-01 -8.669947570794078739e-01 -8.512857113876051152e-01 -8.636835434495069297e-01 -8.669109219805186672e-01 -8.693649615464011937e-01
-8.341737197906846646e-01 -8.761607736441736627e-01 -8.640380160983116564e-01 -8.662537691798446460e-01 -8.729270681501624107e-01 -8.696879924103175785e-01 -8.710260554746989126e-01
-8.362909487032312850e-01 -8.638304803468948023e-01 -8.848083257099221832e-01 -8.704269539752169660e-01 -8.752277789548805753e-01 -8.732927812208801654e-01 -8.727388243006237722e-01
-8.756432809776004689e-01 -8.610376186252692854e-01 -8.540530161036103962e-01 -8.798338596159580582e-01 -8.724636946424797479e-01 -8.718636869057516670e-01 -8.722060120452350684e-01
-8.706449787076218083e-01 -8.757734495414908338e-01 -8.920553170263190168e-01 -8.516645022571549539e-01 -8.648392661295352113e-01 -8.667784084993113147e-01 -8.730048405406851675e-01
-8.343304467978891470e-01 -8.859632825026912961e-01 -8.579054549449429690e-01 -8.761118778685872410e-01 -8.681695932316291220e-01 -8.683658243069911631e-01 -8.698135563973410367e-01
-8.567409863298209860e-01 -8.671699251951798804e-01 -8.532726639284735626e-01 -8.635820921073700251e-01 -8.659248928725005179e-01 -8.668468555459245550e-01 -8.724814326577701173e-01
-9.042103408463117997e-01 -9.157067431639467348e-01 -9.269832192352924771e-01 -8.680822634881422140e-01 -8.701459993681941452e-01 -8.700010792463923615e-01 -8.711237673222651523e-01
-9.184063240510957904e-01 -8.432135289658104771e-01 -8.430205807336068613e-01 -8.683716260911358287e-01 -8.816455514533982907e-01 -8.714348871447883393e-01 -8.710233891876377754e-01
-9.175817059367368245e-01 -8.572075075782426001e-01 -8.462631952985146810e-01 -8.620655499990377280e-01 -8.721114084369330222e-01 -8.709418245483953047e-01 -8.711612630779110855e-01
-8.632514813583547220e-01 -9.051777473911102323e-01 -8.594310671813465419e-01 -8.658787706375354887e-01 -8.663033346647739386e-01 -8.699967724454709117e-01 -8.692162911146028570e-01
-8.758818759841240364e-01 -8.655158624830270320e-01 -8.599274054041063930e-01 -8.562319134086000538e-01 -8.690197748033090530e-01 -8.713099104578927445e-01 -8.708769447915236661e-01
-8.496164396825462983e-01 -8.972924927486150004e-01 -8.775883335124308182e-01 -8.777652770875370436e-01 -8.758448319404572580e-01 -8.691893302359789963e-01 -8.712086631475797205e-01
-7.808498297712681557e-01 -8.747766134039349772e-01 -8.590586004996434433e-01 -8.530599276536363629e-01 -8.680555670418790282e-01 -8.705817012694769819e-01 -8.695064150042970397e-01
-9.096833334215863598e-01 -8.468305370539204180e-01 -8.997536078550656402e-01 -8.673168454000910188e-01 -8.733733183906138287e-01 -8.740038025758511964e-01 -8.727496857940260089e-01
-8.287903976512183135e-01 -8.363059406435271459e-01 -8.976348617900244964e-01 -8.790835439100190829e-01 -8.825939452547255648e-01 -8.724029518538829464e-01 -8.730543867068238928e-01
-8.782712982082196973e-01 -8.798859315464944153e-01 -8.755039770173549396e-01 -8.684664148320095922e-01 -8.672129908981032198e-01 -8.676508751838811762e-01 -8.716249113233194290e-01
-8.843880946915412267e-01 -8.410687834609620328e-01 -8.759507827301860061e-01 -8.784557971872817284e-01 -8.697566958460296593e-01 -8.747591893081407832e-01 -8.753068294594634757e-01
-8.915618211293698803e-01 -8.569927583177519015e-01 -8.364734235691908548e-01 -8.577986887580042463e-01 -8.613768830233787810e-01 -8.650651865274601171e-01 -8.682927933958153321e-01
-8.999777357043825532e-01 -9.004483629170652037e-01 -9.040724383233897932e-01 -8.788625227986384125e-01 -8.730054368618123117e-01 -8.708811411188073226e-01 -8.738334841328345703e-01
-8.565302732519579632e-01 -8.344244383335799320e-01 -8.562981050307625353e-01 -8.815938259163422774e-01 -8.739909184797334252e-01 -8.752345970289481247e-01 -8.739576922670986292e-01
