(-0.8712994323588225+0j)
-8.258701598942996824e-01 -8.341736079758623745e-01 -8.773218025978186674e-01 -8.679142799241930106e-01 -8.753397523906802924e-01 -8.746194850446937785e-01 -8.691501959303358227e-01
-9.197352075186224774e-01 -8.483638413114242827e-01 -8.969917865821579461e-01 -8.775542646014931059e-01 -8.737271489627420618e-01 -8.718294859849375911e-01 -8.698619599006698344e-01
-8.338638590281202134e-01 -8.765658993462990267e-01 -8.763029061755942539e-01 -8.726455598419755599e-01 -8.647712795491431237e-01 -8.687605180050297360e-01 -8.717702741690234181e-01
-8.409927713943010641e-01 -8.940356137887581767e-01 -8.805990992907906101e-01 -8.699940580607352647e-01 -8.635494679450408384e-01 -8.729459861206740889e-01 -8.732831062718013904e-01
-8.716196518903192025e-01 -8.448830891237393281e-01 -8.638480752799222451e-01 -8.718863227058255561e-01 -8.668018841813056596e-01 -8.715416483865741082e-01 -8.725230637333267758e-01
-8.109296202352205274e-01 -8.650375578328086679e-01 -8.873057223954619044e-01 -8.738603899037287182e-01 -8.685504502526746329e-01 -8.658270909951153449e-01 -8.688802476408634679e-01
-8.404713247126271991e-01 -8.252097468406078828e-01 -8.503415468154051915e-01 -8.476652401582183138e-01 -8.699856655692257412e-01 -8.732861942237668540e-01 -8.735150658779209376e-01
-8.426872165872414389e-01 -8.862639577496520538e-01 -8.556610583271528903e-01 -8.634575468360035089e-01 -8.721185278554095532e-01 -8.679365050543008664e-01 -8.691383336928208969e-01
-8.196089606047183285e-01 -8.581545254926687960e-01 -8.753671275200141100e-01 -8.675970369576462282e-01 -8.654199553138037793e-01 -8.721679466079166332e-01 -8.716449904445275898e-01
-9.085993569033414818e-01 -9.274883421592552413e-01 -8.773125492527276137e-01 -8.832908308739320091e-01 -8.765211566415676003e-01 -8.675060381553783007e-01 -8.716165234943082929e-01
-9.344974896069297987e-01 -9.211160330826477782e-01 -8.824217706816768203e-01 -8.788061873619865683e-01 -8.764287321500237038e-01 -8.745049601860230837e-01 -8.725919850649619391e-01
-7.950649987567459664e-01 -8.664125785087783971e-01 -8.882291766720258330e-01 -8.842080546644333072e-01 -8.768235745033998718e-01 -8.668260944685375335e-01 -8.721654135042307132e-01
-9.450917046407749655e-01 -8.576133694584260336e-01 -8.498268768694718922e-01 -8.680548975033044456e-01 -8.671550770679548048e-01 -8.678335892918334071e-01 -8.703041120756409565e-01
-8.884538201989993222e-01 -9.327757008964092655e-01 -8.623740202749394790e-01 -8.632556130212569734e-01 -8.700926339144454680e-01 -8.725323620417764214e-01 -8.720378256510037396e-01
-8.616737891120329618e-01 -8.524844180634625346e-01 -8.620504392260976978e-01 -8.713795577163436779e-01 -8.724300152433761557e-01 -8.702928682210580025e-01 -8.718408999312683427e-01
-9.144507611279879544e-01 -8.998432301470340455e-01 -8.769317889204906180e-01 -8.859240988673757755e-01 -8.653758244544988987e-01 -8.682329951669787160e-01 -8.700627724841414334e-01
-9.198963247886025041e-01 -8.870008060396115113e-01 -8.405184746114851002e-01 -8.751040400508398598e-01 -8.699742397110921122e-01 -8.747268282340370238e-01 -8.717419674790707340e-01
-8.722741184934890146e-01 -8.431729340894416058e-01 -8.788639887107005944e-01 -8.643394299373565737e-01 -8.657152163418371238e-01 -8.735790177303901505e-01 -8.737210428262440765e-01
-8.462008170385337813e-01 -8.844382399651544713e-01 -8.497259418402884901e-01 -8.770113388444245039e-01 -8.655526208212616091e-01 -8.702515772513135239e-01 -8.718231735734680576e-01
-8.472327246691362390e-01 -9.102317152968857350e-01 -8.605703586646078485e-01 -8.725157361826076929e-01 -8.698989496180331571e-01 -8.699807766632505768e-01 -8.705250593809554793e-01
-9.564279181177113287e-01 -8.595640304530520748e-01 -8.736240759814273282e-01 -8.790078400082905752e-01 -8.719048655271326442e-01 -8.759031206981635620e-01 -8.721719696758714058e-01
-8.321070761055469056e-01 -8.528589412194476083e-01 -8.561362446196736364e-01 -8.769098953843417199e-01 -8.765728473854639269e-01 -8.761964965323643106e-01 -8.710821447916772264e-01
-8.472327131337544781e-01 -8.459808528243935033e-01 -8.860700648827277703e-01 -8.739290390922311857e-01 -8.675064922078143947e-01 -8.766071691081378514e-01 -8.717550629865962186e-01
-8.892387190824846410e-01 -8.669631255127265845e-01 -8.624472921746340059e-01 -8.773613762861405263e-01 -8.712547707909028549e-01 -8.684830965581404882e-01 -8.714963199533138916e-01
-9.063522903962197841e-01 -8.766195564063750112e-01 -8.778725941135088195e-01 -8.867443979831275414e-01 -8.814073653024128152e-01 -8.734447308535009391e-01 -8.720119668492101184e-01
-8.298569207790202906e-01 -8.694016420797696654e-01 -8.744130320074505747e-01 -8.688077411300254571e-01 -8.773373382211810956e-01 -8.757457366050329650e-01 -8.726668041281588906e-01
-9.117415083848021684e-01 -9.064245772808379176e-01 -8.521234362720269129e-01 -8.720520264611077987e-01 -8.696181670412141962e-01 -8.716362596181885802e-01 -8.695458213452700313e-01
-8.783358428826051334e-01 -8.790498583899031271e-01 -8.961849171335818376e-01 -8.765509533271993448e-01 -8.700634712075936417e-01 -8.713385475788919532e-01 -8.726807193201369106e-01
-8.988800264086913572e-01 -9.292488805054561762e-01 -8.666585008842995208e-01 -8.717306690778043876e-01 -8.711349474757372757e-01 -8.699989524153686204e-01 -8.684160510837952707e-01
-8.699787888088850174e-01 -8.353665355566421979e-01 -8.718533012316549424e-01 -8.712178384950410859e-01 -8.769975450912785853e-01 -8.734303505307401405e-01 -8.695871652959643594e-01
-8.408145022881472475e-01 -8.842993368808937937e-01 -8.971309247707641710e-01 -8.519991854691906230e-01 -8.786442039850570485e-01 -8.680974002641617115e-01 -8.713247897183833413e-01
-8.464071719577899167e-01 -8.734240195048401656e-01 -8.981331884068712856e-01 -8.852883015976262815e-01 -8.620976302418517090e-01 -8.738176646087651989e-01 -8.714534239730866716e-01
-8.840865696878765778e-01 -8.778160804338246415e-01 -8.808402547491951395e-01 -8.694568555830948231e-01 -8.761670752074377511e-01 -8.716631744156415618e-01 -8.726888562072179223e-01
-8.868441086793088513e-01 -8.145215255101128093e-01 -8.437447025897910624e-01 -8.712233621167619901e-01 -8.692119399957805026e-01 -8.718542210535367154e-01 -8.702550259100527708e-01
-8.905469639695009487e-01 -8.561461761272024518e-01 -8.774658609936258902e-01 -8.643469846979545679e-01 -8.708032713030902094e-01 -8.719961874586936723e-01 -8.718541736272451548e-01
-8.364643749281448493e-01 -8.733086131634293370e-01 -8.261663256511533326e-01 -8.750872297732463778e-01 -8.713628942834277247e-01 -8.685995343510179989e-01 -8.709244901145345441e-01
-8.009868232055752379e-01 -8.074205674106000874e-01 -8.935019658609153481e-01 -8.665656161745818320e-01 -8.706507536931240576e-01 -8.691029324169587955e-01 -8.711316165614624296e-01
-8.575118364051816933e-01 -8.934806705997457854e-01 -8.845953308865490694e-01 -8.844250194768048523e-01 -8.743859659471620027e-01 -8.740032570901783426e-01 -8.727487116336631878e-01
-8.716196634257011855e-01 -8.991122643291362682e-01 -8.545826734639299094e-01 -8.819015427344487623e-01 -8.712725418502944574e-01 -8.699246316409194879e-01 -8.737933476755967988e-01
-8.609771506082279924e-01 -9.050955070493094112e-01 -8.806598730205319470e-01 -8.661154164183655357e-01 -8.672623182795542451e-01 -8.739381196843052368e-01 -8.710633750672600595e-01
-7.921494141650675669e-01 -8.400325991996615560e-01 -8.662147666107193889e-01 -8.798951601994335903e-01 -8.733472369210910635e-01 -8.740637472741223934e-01 -8.712183177231527242e-01
-8.964547023307978257e-01 -9.391647083376248872e-01 -8.851656289220324325e-01 -8.764556936116070229e-01 -8.682567158595515533e-01 -8.727790069687932917e-01 -8.721213503425151448e-01
-9.280477553270074509e-01 -8.626521640296294091e-01 -8.846809639124539881e-01 -8.598253119367746944e-01 -8.684298932856489017e-01 -8.720825389232813585e-01 -8.716697949588754213e-01
-8.842929361425146961e-01 -8.521071731005516181e-01 -8.975604920939774800e-01 -8.850458272027479367e-01 -8.736027261115069109e-01 -8.712985235788210936e-01 -8.722155935038828911e-01
-8.964064160825513383e-01 -8.550595786479080473e-01 -8.648189517651616587e-01 -8.663520794652155299e-01 -8.725128139945230732e-01 -8.733349291154210992e-01 -8.699200795718931012e-01
-9.174710007107087506e-01 -8.962246981505537224e-01 -8.934434637843817750e-01 -8.733458131106328626e-01 -8.736903235631670039e-01 -8.693568389451777900e-01 -8.715108717020896290e-01
-8.529834514744074614e-01 -8.812638547823781199e-01 -8.687534878781870695e-01 -8.850143799210477003e-01 -8.727273722376200915e-01 -8.741137703028099004e-01 -8.718629501926582481e-01
-8.507292019693080132e-01 -8.973681560210180486e-01 -8.524234697886272638e-01 -8.773218868110947977e-01 -8.795766031880023483e-01 -8.720645299388309901e-01 -8.726351472866020753e-01
-8.446222916867325292e-01 -8.676944928595586859e-01 -8.477224646904251149e-01 -8.542918445096965296e-01 -8.759356418603863048e-01 -8.725890999177909890e-01 -8.719278292066785507e-01
-8.241726258819546125e-01 -8.780728332907838940e-01 -8.757339242251604983e-01 -8.708127629780164636e-01 -8.618820718260069569e-01 -8.696432582327637828e-01 -8.715591653508198977e-01
