(-0.8311492651726713+0j)
-7.949300944104508160e-01 -8.499981358246209151e-01 -8.468094101442860122e-01 -8.321327415867201260e-01 -8.373387750612939495e-01 -8.334752846070707655e-01 -8.321263290325724427e-01
-7.900550303744342528e-01 -8.372153536868707224e-01 -7.939912407592290000e-01 -8.359267150848082029e-01 -8.317540070425148979e-01 -8.366452914004371966e-01 -8.315843540784266796e-01
-8.258932054686778379e-01 -8.643937380512853874e-01 -8.549385036870726928e-01 -8.373763139436440905e-01 -8.312707872199647241e-01 -8.349979069431037182e-01 -8.309976966876206905e-01
-8.984664075064061617e-01 -8.495727942788933174e-01 -7.888545700398096328e-01 -8.155379350044440478e-01 -8.213055445876940031e-01 -8.331366555019361630e-01 -8.325401887673631318e-01
-8.386857891643186846e-01 -7.691588931732604717e-01 -8.443647317168421207e-01 -8.380333364575773825e-01 -8.278871379831989064e-01 -8.363848908015079076e-01 -8.335674871071192538e-01
-8.476845817062588218e-01 -8.179555302387895299e-01 -8.737917165348512150e-01 -8.236289877397913184e-01 -8.442527833827875305e-01 -8.338899417389831203e-01 -8.300251026604037463e-01
-8.484654763209464878e-01 -8.298632985572951259e-01 -8.130025206007578387e-01 -8.302417740510636968e-01 -8.295217244012536018e-01 -8.298894921980541906e-01 -8.326038685464169919e-01
-8.440796864512356557e-01 -8.342852876439954546e-01 -8.564443776492545179e-01 -8.249538374812590558e-01 -8.245810460544285014e-01 -8.323655340621847198e-01 -8.274495456888029121e-01
-8.642064484755100917e-01 -8.332336644910154355e-01 -8.588823386308876984e-01 -8.250481394052435746e-01 -8.378359461613600345e-01 -8.288143487634669349e-01 -8.310923658456947916e-01
-8.296759875062398315e-01 -8.125609869697887344e-01 -8.431834720277326944e-01 -8.468939821794974065e-01 -8.267500211949192490e-01 -8.322337918299842485e-01 -8.301950395962771623e-01
-8.690815125115267659e-01 -8.498495572645154983e-01 -8.153059959817194891e-01 -8.308889703761579426e-01 -8.391388202127050278e-01 -8.367222413889097155e-01 -8.326705811208854335e-01
-8.051980498115003382e-01 -8.672444448437321984e-01 -8.245714163956594511e-01 -8.300209267135263413e-01 -8.255691911775677738e-01 -8.340715184605558274e-01 -8.290555934470160704e-01
-8.590571882717459307e-01 -8.239233453775234306e-01 -8.293663211324866502e-01 -8.297628833204140353e-01 -8.230470106498175564e-01 -8.300940646278351931e-01 -8.306270193991676098e-01
-7.774453885759834426e-01 -8.343185638437418117e-01 -8.146378540473533381e-01 -8.203345316159180722e-01 -8.328719170551452944e-01 -8.312406935258627172e-01 -8.286298090826902385e-01
-8.534022355429260465e-01 -8.684678238141372297e-01 -8.725345908667294648e-01 -8.421710332871890081e-01 -8.410535891672428210e-01 -8.288888911607927845e-01 -8.346012342314867993e-01
-8.165385202756190175e-01 -8.315986301788407253e-01 -8.519286201024640626e-01 -8.314912539814398595e-01 -8.257697883631487379e-01 -8.301592282009513379e-01 -8.322808147582831939e-01
-8.314690472061234683e-01 -7.950342243078604154e-01 -8.371920867870770167e-01 -8.315767086842320577e-01 -8.252963494689788959e-01 -8.295420860731614887e-01 -8.303828678561198107e-01
-9.169930718726866381e-01 -8.230362728668692007e-01 -8.274596686505766296e-01 -8.247379758265072081e-01 -8.276350612425582565e-01 -8.312346880632786039e-01 -8.296362783841573219e-01
-8.180697529737381846e-01 -7.592673708207089422e-01 -8.585831436832247476e-01 -8.107696877434298344e-01 -8.185646127877750367e-01 -8.301594957208908721e-01 -8.318116741050338714e-01
-8.997311384771711218e-01 -8.252566219960644212e-01 -8.449336789442472018e-01 -8.345622950177147281e-01 -8.208473201700996480e-01 -8.301282410163131065e-01 -8.299963526722355933e-01
-7.941491997957632609e-01 -8.525179756290821587e-01 -8.378634446523287593e-01 -8.361518567422552284e-01 -8.273125669829901607e-01 -8.301980797957533298e-01 -8.288853007194325606e-01
-9.141854980663235430e-01 -8.681437071696074259e-01 -8.010804402100049071e-01 -8.397778352506495292e-01 -8.329098149542430995e-01 -8.259399504174684825e-01 -8.306310621264554328e-01
-8.335660880451487564e-01 -7.971798401278659130e-01 -8.178104940634467468e-01 -8.404809569509568146e-01 -8.284898253476151719e-01 -8.340829599138059880e-01 -8.291943569992601404e-01
-8.633960032514507166e-01 -8.665789999292035084e-01 -8.081540019057276147e-01 -8.225261181012444300e-01 -8.300816648636419881e-01 -8.371035836998468316e-01 -8.334057992080796673e-01
-8.613683181378912757e-01 -8.056725907327535463e-01 -8.468552910558460045e-01 -8.336371025326980710e-01 -8.207599449711622253e-01 -8.305913015235493191e-01 -8.301582056917793384e-01
-8.157586315828155854e-01 -8.290064636655980479e-01 -8.383630702925424227e-01 -8.282138710954973781e-01 -8.251142655513450386e-01 -8.365367713026286012e-01 -8.336364525547867999e-01
-8.963770356821063601e-01 -8.503139196126663357e-01 -7.977663898336794235e-01 -8.233512264099793754e-01 -8.286916191798876508e-01 -8.294221388189826349e-01 -8.323666737879553690e-01
-8.317928037558732779e-01 -7.824795147171368370e-01 -7.879462399759926683e-01 -8.258533472271345488e-01 -8.392096425695259043e-01 -8.304582319701756532e-01 -8.314240543944912964e-01
-8.611465600960459543e-01 -8.368290977205870007e-01 -8.144680712875242978e-01 -8.370555949300733101e-01 -8.360880711208891203e-01 -8.319744530859018994e-01 -8.332823771961510584e-01
-8.985455269730031613e-01 -8.238797551131813446e-01 -8.371646017614315927e-01 -8.379848867502348586e-01 -8.351330628454887162e-01 -8.314878212526830570e-01 -8.317356163511604450e-01
-8.477167178076274734e-01 -8.246663291843607801e-01 -8.059821918879324087e-01 -8.361911947349691676e-01 -8.334535012763528705e-01 -8.336423555285821241e-01 -8.322285313963762032e-01
-7.376523611778259548e-01 -8.569574708658074247e-01 -8.367237356011396621e-01 -8.534051017775936554e-01 -8.325002008604704962e-01 -8.306899168646291187e-01 -8.331523279542489835e-01
-8.322499333455883885e-01 -7.990823477821348275e-01 -8.268759427492291536e-01 -8.329988835497761368e-01 -8.286609604964412235e-01 -8.320201948082794896e-01 -8.320451331260256822e-01
-7.570244206113309060e-01 -8.554296158361853752e-01 -8.318105039885967944e-01 -8.138529273616958992e-01 -8.310806935794452510e-01 -8.293533312795848822e-01 -8.280134041735534023e-01
-9.102732730955231943e-01 -8.715119653369360897e-01 -8.320729009288105882e-01 -8.290982566068507698e-01 -8.364690544665858152e-01 -8.346604623607329909e-01 -8.314294122408223409e-01
-8.041560828044647113e-01 -8.531749368251348997e-01 -8.255093855157826788e-01 -8.478552469818909643e-01 -8.282886269238907140e-01 -8.351266116701021591e-01 -8.327575129381583618e-01
-8.026525543193694379e-01 -8.542961747707171760e-01 -8.166157370980609009e-01 -8.196491347243539671e-01 -8.398818436047781333e-01 -8.284462610582619124e-01 -8.319202028460312981e-01
-8.646957226418161557e-01 -8.271409803852440845e-01 -8.678272781619433829e-01 -8.476941205448946803e-01 -8.225138917961156704e-01 -8.344809868245250950e-01 -8.273821929243432294e-01
-7.984689939742760645e-01 -8.466271944134531324e-01 -8.299874575751611250e-01 -8.360353925334322867e-01 -8.324077977380750504e-01 -8.361557642710182314e-01 -8.324279076190588267e-01
-8.599676532131625972e-01 -8.236255335794688826e-01 -8.207784493983327767e-01 -8.344430121822987712e-01 -8.330382385889867347e-01 -8.322349203297925158e-01 -8.311644160660360825e-01
-7.838638116388569888e-01 -8.505043595093568776e-01 -8.469197894340472210e-01 -8.225533467052659198e-01 -8.334289789066784415e-01 -8.290358844388781012e-01 -8.284411645773603894e-01
-8.947790526833729885e-01 -8.840265006989729279e-01 -8.472588522779251896e-01 -8.558333194385088216e-01 -8.391279290484734421e-01 -8.273776211587553497e-01 -8.293138664594035259e-01
-8.578027287581484472e-01 -7.833758387234392995e-01 -8.507583356997074908e-01 -8.304047481858347624e-01 -8.242186847585128984e-01 -8.318684365007054105e-01 -8.325806842315133238e-01
-7.457630696138091153e-01 -8.435557970050060472e-01 -8.344564886180512175e-01 -8.350415716949246558e-01 -8.273487621471073972e-01 -8.326699625499716095e-01 -8.330682611486852629e-01
-8.736945067085335470e-01 -8.189406624681392355e-01 -8.286602487795025063e-01 -8.329476056633922099e-01 -8.259109105504685022e-01 -8.328907526869551159e-01 -8.326541148893149558e-01
-8.858470104420468338e-01 -8.043267506219449192e-01 -8.482469518586610580e-01 -8.347496230877906598e-01 -8.293179681958917637e-01 -8.339801530124280049e-01 -8.315917341529499573e-01
-8.038047387103484098e-01 -7.910582610203610310e-01 -8.173255059619095597e-01 -8.162449502154909275e-01 -8.303540708224148581e-01 -8.312209980759643901e-01 -8.320112469290927848e-01
-7.593758622746404896e-01 -7.888853959577910580e-01 -8.517398072606834347e-01 -8.229711706805478144e-01 -8.333062206827948071e-01 -8.289495995838767062e-01 -8.307448572505149453e-01
-8.227618751125647112e-01 -8.138327025059155506e-01 -7.868234224014797329e-01 -8.416019423582825620e-01 -8.362773043564188935e-01 -8.291602570428693308e-01 -8.312909773556440562e-01
-8.168327262159973401e-01 -8.767482595213536012e-01 -8.529278847974268718e-01 -8.196873287844796963e-01 -8.322172544413877215e-01 -8.303629254634223855e-01 -8.292183660159671010e-01
