(-0.8311492651726713+0j)
-1.005719279321143356e+00 -8.580260177582905712e-01 -8.428383516783966023e-01 -8.174291968916864715e-01 -8.115421815151615537e-01 -8.292684080793029100e-01 -8.374596689490043655e-01
-9.001425445639932299e-01 -8.312011466791480174e-01 -8.403998958166298827e-01 -8.397468397535721163e-01 -8.319468262715110640e-01 -8.276466774874042809e-01 -8.402038388249744028e-01
-9.340512361194841517e-01 -8.347690071259099565e-01 -8.279201280229095961e-01 -8.288590176162424772e-01 -8.315049501958247102e-01 -8.302723491775398923e-01 -8.138347897346116522e-01
-9.051650269521454018e-01 -8.991149207902484619e-01 -8.293940686078784541e-01 -8.244334167562479276e-01 -8.326382014770701279e-01 -8.275863410482129368e-01 -8.280787878111557365e-01
-9.867355647775108984e-01 -7.922306232733129505e-01 -8.369084082221391885e-01 -8.492398305587651741e-01 -8.306990735504793388e-01 -8.256486636977269367e-01 -8.347064071889471748e-01
-9.751898190504506569e-01 -8.010106600574978808e-01 -8.401457317162051019e-01 -8.276557699362605547e-01 -8.443379765560314887e-01 -8.255390393082460143e-01 -8.379066964278687468e-01
-9.653456384707430615e-01 -8.002280008106289477e-01 -8.297055953432195263e-01 -8.330511144352428232e-01 -8.334223300618166519e-01 -8.378395744513755794e-01 -8.331423109589684017e-01
-9.691937784747695073e-01 -8.644450011821929181e-01 -8.435822452889170098e-01 -8.388929288842692511e-01 -8.359546957897676656e-01 -8.361462120849416646e-01 -8.346526924781345613e-01
-9.479867794081813237e-01 -8.399732878632655275e-01 -8.143076613356627913e-01 -8.150672668067513449e-01 -8.280936338567475019e-01 -8.301970983273285754e-01 -8.370265314730387374e-01
-9.532346740246104844e-01 -8.473341603906925368e-01 -8.197982463276649590e-01 -8.318006129737767207e-01 -8.264204640762804477e-01 -8.322699830890878392e-01 -8.305703060275173577e-01
-9.391625743068947596e-01 -8.554314465766519326e-01 -8.234558914589860112e-01 -8.408592099122846886e-01 -8.392122078090578086e-01 -8.341647079332086268e-01 -8.290651606064418644e-01
-8.854893569464845626e-01 -7.875780025270853191e-01 -8.251893204025331219e-01 -8.412530638314092979e-01 -8.345899799513771811e-01 -8.238146964814960782e-01 -8.335358735122808671e-01
-9.225232649854175904e-01 -8.221430201596524601e-01 -8.486572185917347078e-01 -8.260681120763897489e-01 -8.289992251554785252e-01 -8.355602541759155066e-01 -8.277904594378775460e-01
-9.403790112840799686e-01 -8.441696078477036735e-01 -8.191695769732716403e-01 -8.119764243227056699e-01 -8.332174665992395646e-01 -8.283867430948361754e-01 -8.258470286873760280e-01
-9.783066502474597748e-01 -8.474561207585480371e-01 -8.531584501206066484e-01 -8.260429897195438187e-01 -8.406181142890181146e-01 -8.294314472838355545e-01 -8.398007054432956586e-01
-9.904807412081906293e-01 -8.776385074398163066e-01 -8.175589220480843355e-01 -8.261127418229226027e-01 -8.255642671557013035e-01 -8.317456046171007866e-01 -8.277207727990076869e-01
-9.443478680651844481e-01 -8.690275210775100234e-01 -8.342602218332666464e-01 -8.421151160477837738e-01 -8.243713025665342364e-01 -8.315857372905182121e-01 -8.248439586640157195e-01
-9.108914216576144973e-01 -7.955607070808057291e-01 -7.969781378970937080e-01 -8.287136066458007377e-01 -8.351330654319488733e-01 -8.407577820251119771e-01 -8.274113308587673909e-01
-9.713009333672857348e-01 -7.972603632977934840e-01 -8.398783018360489461e-01 -8.326512463079329684e-01 -8.294765743501386623e-01 -8.289224110891819652e-01 -8.333275454686872585e-01
-9.621276708551962376e-01 -7.760755141748265640e-01 -8.276128681043406488e-01 -8.222425102084214288e-01 -8.291511606437733661e-01 -8.330093566343323985e-01 -8.369699507964472041e-01
-9.476850703319767977e-01 -8.148373906271775269e-01 -8.343399319875364206e-01 -8.343702762096951719e-01 -8.443621065654223212e-01 -8.321987635038219366e-01 -8.318797228580279146e-01
-9.600088775970307964e-01 -8.764246613728678970e-01 -8.266946806938428871e-01 -8.131454814331173786e-01 -8.277068621223653277e-01 -8.327026364557652549e-01 -8.357431821338556777e-01
-9.088334495206908947e-01 -7.861491272414968812e-01 -8.343645103057728551e-01 -8.436816058842453447e-01 -8.230734648177173707e-01 -8.260132893637512908e-01 -8.360610820640239638e-01
-9.111039311146216235e-01 -8.515450983958599007e-01 -8.198807997465429320e-01 -8.229487253917144862e-01 -8.305641596326891474e-01 -8.366610932760105701e-01 -8.378836321748461824e-01
-8.811138989713227510e-01 -8.203648358361712578e-01 -8.319594045452862741e-01 -8.178585966262512663e-01 -8.354835125614556990e-01 -8.339980681995748935e-01 -8.295036047584181116e-01
-9.396827659910544916e-01 -7.985657737193661010e-01 -8.476213820629743267e-01 -8.289686739677786242e-01 -8.346850091441520014e-01 -8.317190639037563837e-01 -8.310350440322249455e-01
-8.861195378101873743e-01 -8.843759841804381683e-01 -8.104881536933277175e-01 -8.507854066207383159e-01 -8.179349659540047224e-01 -8.241055387813904787e-01 -8.237396545696209493e-01
-9.148701364644888923e-01 -8.438413775807527273e-01 -8.198201916253620158e-01 -8.136311516321959036e-01 -8.278573736096188629e-01 -8.343699387573266790e-01 -8.283824303560178848e-01
-8.932521799122612460e-01 -8.336707173770958601e-01 -8.553803384367770768e-01 -8.156733397442954558e-01 -8.327796505407074612e-01 -8.296624864497044172e-01 -8.247171569867868257e-01
-9.733436529806684945e-01 -7.996747717500992669e-01 -8.344119061953503280e-01 -8.392298507198017177e-01 -8.378977709847417188e-01 -8.339209902354436377e-01 -8.187350688870715931e-01
-7.825420733183180433e-01 -8.960968763736347764e-01 -8.468593536085491369e-01 -8.344109484746409233e-01 -8.291023434098367950e-01 -8.271742684118084110e-01 -8.291006966390448429e-01
-9.762991295077050324e-01 -7.706225830461427284e-01 -8.188933229735246844e-01 -8.273302099458228476e-01 -8.289509266866479376e-01 -8.308162855237508637e-01 -8.327352266029388606e-01
-9.117501608752536235e-01 -8.477060645318359455e-01 -7.908631995845412099e-01 -8.394484935605768250e-01 -8.368706625635669027e-01 -8.321587782598907079e-01 -8.379487271404106874e-01
-8.466604292382287067e-01 -7.841829279014678189e-01 -8.057044365984511458e-01 -8.133212919328507429e-01 -8.408790351984019029e-01 -8.287958530857391093e-01 -8.250756685914355515e-01
-8.867276542498989667e-01 -8.295854572555705353e-01 -8.327603772735845400e-01 -8.341754378757317845e-01 -8.275200540390066362e-01 -8.323864486121974604e-01 -8.341389359642348289e-01
-9.746873850088395574e-01 -8.419947212616911703e-01 -8.438273561189175709e-01 -8.315298032623719138e-01 -8.279952721745229560e-01 -8.327807560326059289e-01 -8.203359857174843395e-01
-9.449681528991142887e-01 -8.017968338057509525e-01 -8.136989621241754733e-01 -8.462339809639436439e-01 -8.339737161937634813e-01 -8.295542229023635805e-01 -8.349380095602902951e-01
-9.538762805923313159e-01 -8.549632498766908117e-01 -8.290063727288148332e-01 -8.321905764897261637e-01 -8.379005453175651930e-01 -8.234299940314797617e-01 -8.250329686292263709e-01
-9.429419480072898097e-01 -7.580637141948697311e-01 -8.363708717279227933e-01 -8.263053637726043288e-01 -8.346253708363169377e-01 -8.280499215026970727e-01 -8.275787183604859099e-01
-8.519805359785272980e-01 -7.938087064401977422e-01 -8.653866968570860241e-01 -8.383175680317438427e-01 -8.247714561637979891e-01 -8.283325767752784952e-01 -8.282042319878768488e-01
-9.076473874544555009e-01 -8.451619462135127048e-01 -8.391355048221305069e-01 -8.231952379361173744e-01 -8.332468019787706570e-01 -8.355665552629716331e-01 -8.357683421855048866e-01
-9.062698725474318540e-01 -8.738476420204119854e-01 -8.690969502745093944e-01 -8.309374520236989525e-01 -8.374917655204117128e-01 -8.234858179317801063e-01 -8.389592575524404960e-01
-9.639623084932975594e-01 -8.388618861338923427e-01 -8.505562935211783415e-01 -8.446857352970622568e-01 -8.369535521109865428e-01 -8.336979278818381633e-01 -8.332008315862691195e-01
-9.479680548382343197e-01 -8.426053641296076258e-01 -8.541613352062049636e-01 -8.237571448056906220e-01 -8.357233679020716899e-01 -8.361520175643084585e-01 -8.283481348847798742e-01
-9.829973970025822627e-01 -8.258517683325989900e-01 -8.199396091632038530e-01 -8.256722558235214393e-01 -8.386648872415103373e-01 -8.285686900155362355e-01 -8.402435610042697789e-01
-9.177206628883101125e-01 -8.393281727795198766e-01 -7.937185960745711810e-01 -8.305870138281248316e-01 -8.260580573483846667e-01 -8.267847912001953237e-01 -8.255578318858731723e-01
-9.559656608918538634e-01 -8.297855197179138109e-01 -8.401871417516388885e-01 -8.245833486282341251e-01 -8.322394509017481123e-01 -8.272496503573985027e-01 -8.304651738993285015e-01
-1.006069703640428248e+00 -8.143795454853921534e-01 -8.261064593239249021e-01 -8.267433628542946167e-01 -8.301679027681470036e-01 -8.261112960895689028e-01 -8.337122307634705631e-01
-9.844730622668604880e-01 -7.771989844642391843e-01 -8.062793669167860333e-01 -8.212928742454448372e-01 -8.344111509602374355e-01 -8.372379835994501196e-01 -8.285867438316814049e-01
-9.384122362234630366e-01 -8.055181989213893168e-01 -8.439460028637171263e-01 -8.333547901328031138e-01 -8.266906962698692407e-01 -8.342533594041630085e-01 -8.227257327282486710e-01
