(-0.7960959852784767+0j)
-8.949086084162976018e-01 -8.244294947396200168e-01 -8.300965539686839811e-01 -8.088170345109664261e-01 -7.997465055668182554e-01 -7.938316881252436286e-01 -7.898787620776126506e-01
-8.223570829277013772e-01 -8.203711869901051390e-01 -8.063214615553999653e-01 -8.060635409221370562e-01 -7.940223998924613724e-01 -7.927845156074018185e-01 -7.964070521118129520e-01
-9.166124028355711051e-01 -8.297593397196507681e-01 -7.847670151775338887e-01 -8.208582250083629184e-01 -7.927117394965834674e-01 -7.989896531151710057e-01 -7.962783934664703356e-01
-9.089930726258279581e-01 -9.174212014525651160e-01 -7.788377159105468461e-01 -7.885511349611193932e-01 -8.002026321839619261e-01 -8.046505748324856988e-01 -7.905564038490027201e-01
-8.837000509345513954e-01 -7.867381968703519579e-01 -7.871247805061443170e-01 -7.842015855104822464e-01 -7.943616413445826474e-01 -7.989950361890059138e-01 -7.972955838065898249e-01
-9.506089750643669234e-01 -8.093032116902501016e-01 -7.817368561013613437e-01 -7.840231723555454169e-01 -7.937850533341728188e-01 -7.922774682810409530e-01 -7.856157979022533322e-01
-9.127456660520172349e-01 -8.352442448662324992e-01 -7.903767060000672640e-01 -8.006350588018489312e-01 -7.895193815984253849e-01 -7.953144958818074706e-01 -8.063766966337388986e-01
-9.549950224179108993e-01 -7.426870248291993493e-01 -7.667339928353511525e-01 -8.234901942649166529e-01 -7.951139035853234116e-01 -7.925750454575013482e-01 -7.989444631473274772e-01
-9.679391806126684816e-01 -7.662732784268654340e-01 -7.936519370449461874e-01 -8.216400569686517219e-01 -8.043568233658886513e-01 -7.906478620558550219e-01 -7.838009923946394064e-01
-8.998002394015951477e-01 -8.129671525960990852e-01 -7.879413699794841630e-01 -7.719791411820542404e-01 -7.931774772656847716e-01 -7.994084359791615579e-01 -8.042870234266030760e-01
-8.211221056260877837e-01 -7.419242895351134681e-01 -7.574546932277983480e-01 -8.112727836488575761e-01 -7.847696367107319659e-01 -7.982247438308307519e-01 -7.921373017979598252e-01
-8.576657955762359009e-01 -7.440226993883025663e-01 -7.683601324159238244e-01 -7.943210375350808761e-01 -7.978529112965517811e-01 -7.835251126202854577e-01 -7.988226701933158758e-01
-7.985708287302664132e-01 -8.361559367632220852e-01 -7.899873481184696011e-01 -7.705127828101629994e-01 -7.933083762213264389e-01 -7.957986771113894076e-01 -7.996941748306007902e-01
-9.878368891739297553e-01 -8.025634408275756915e-01 -8.089175702030588777e-01 -8.082435013793538570e-01 -7.955957788771323980e-01 -7.888088531031391959e-01 -8.080550054253599068e-01
-9.222684474670599375e-01 -8.441511787922360011e-01 -7.753283240900927797e-01 -7.952021421575607985e-01 -7.914347053177914759e-01 -7.890001547003038240e-01 -8.006174540648938187e-01
-9.211990281489008670e-01 -7.922450396604872047e-01 -8.170071545353827513e-01 -8.036904126157597972e-01 -7.968343189552207217e-01 -8.058176963688714611e-01 -7.916181978332130775e-01
-9.543000021269729682e-01 -7.992114484391679152e-01 -7.862632834516740665e-01 -7.782396671832672030e-01 -7.935957489470930604e-01 -7.952989777916936731e-01 -7.949387334163127150e-01
-8.186207864603669560e-01 -8.607201299043640841e-01 -8.129718537384615917e-01 -8.133967527126357844e-01 -7.960380059444491785e-01 -7.977077281705391432e-01 -8.035781248887090555e-01
-8.701804604850107427e-01 -7.437360241279260542e-01 -7.741123542409364955e-01 -8.036022559111635211e-01 -7.875826350290875411e-01 -7.979946983393595428e-01 -7.934358540460964004e-01
-9.550714649612832563e-01 -7.576599442766145387e-01 -7.850249061222434044e-01 -7.842145626463838948e-01 -7.931526509663995306e-01 -7.960498701412026534e-01 -7.911088746198391419e-01
-8.620233097045717496e-01 -7.689608705256747445e-01 -7.879110147607126802e-01 -7.938800754520809466e-01 -7.967077906081918570e-01 -7.991588269705554026e-01 -7.995628143525468357e-01
-9.226855152753239420e-01 -7.982216292518178324e-01 -7.628867431180410552e-01 -7.863937066862016767e-01 -8.063246059491049333e-01 -7.910144539937620234e-01 -7.959255684796593400e-01
-8.907698695572583425e-01 -7.528593042104967381e-01 -7.999282383509800365e-01 -7.989363173195358492e-01 -7.984611570424808846e-01 -8.000187089096639781e-01 -7.994912399505542666e-01
-7.817540036953973814e-01 -7.890583824884522812e-01 -7.983917513945775202e-01 -8.211405641711129189e-01 -7.951584321396572008e-01 -7.974541345856731578e-01 -7.892283009224512202e-01
-9.702655032220532938e-01 -7.901868189645830931e-01 -8.098225265020542185e-01 -8.017374475356646712e-01 -8.021872032753727400e-01 -7.948308960417620472e-01 -7.945578774048742687e-01
-8.172973275731685305e-01 -8.400172568375812165e-01 -8.155991686750116987e-01 -7.916207889081201543e-01 -7.976095963802272149e-01 -8.016946653616421337e-01 -7.952888655098333537e-01
-9.006002650331319526e-01 -7.572200996059548217e-01 -8.227428919947166186e-01 -7.860184331340165365e-01 -7.974778417179413381e-01 -8.161332729301422617e-01 -7.978818297287229022e-01
-9.339168918222862104e-01 -6.994373254458606803e-01 -8.032945219583838004e-01 -7.986053621367095179e-01 -7.885058751975546620e-01 -7.968911253657080529e-01 -7.909461004912801130e-01
-9.364542193114531177e-01 -7.758855313025079248e-01 -7.958336981534823718e-01 -7.839771358357784381e-01 -8.066070240528337987e-01 -7.981613103849041213e-01 -7.946345670418297757e-01
-8.973749665878933968e-01 -8.260896097079886147e-01 -7.659436499399748799e-01 -7.486161560271801241e-01 -7.834210314283786003e-01 -8.019125756389142712e-01 -7.925409681276973650e-01
-8.986770395433225644e-01 -7.633576440861977730e-01 -7.857477960496710434e-01 -7.809620372262590093e-01 -7.854883714346034829e-01 -8.000506877464850231e-01 -8.012315761052208885e-01
-8.716337755963974310e-01 -7.540629792738615667e-01 -8.122485042130616062e-01 -7.953040262502009128e-01 -8.112197336242674695e-01 -7.938248802031406814e-01 -7.877160116688723956e-01
-8.874647583280885765e-01 -8.177815794459601939e-01 -8.152608769319340531e-01 -7.982147953070173330e-01 -7.898652713629024102e-01 -7.891348227500500911e-01 -7.899285741706163488e-01
-9.084135937150181750e-01 -8.167807885488338471e-01 -7.745834730730047912e-01 -7.848611341859501600e-01 -7.846718803015226840e-01 -7.960796264831098146e-01 -7.906247015454566096e-01
-8.681938942448643726e-01 -7.317650142751177533e-01 -8.233307667177400813e-01 -8.088655335969605620e-01 -7.912393254911442853e-01 -7.940686675685653118e-01 -7.971772191637995775e-01
-7.300840575743090533e-01 -7.459744972135178287e-01 -7.779405931378738925e-01 -7.932194024282628320e-01 -7.877017941787625155e-01 -7.829781326972724553e-01 -7.901462260911735758e-01
-8.730672850219440839e-01 -7.682503845419608179e-01 -7.898575474712181688e-01 -8.018223416394865133e-01 -8.004133400527133624e-01 -7.934237621010906683e-01 -7.945666322954130223e-01
-9.420220253270679134e-01 -8.514305408074034354e-01 -8.068585070717473329e-01 -7.872479187292336089e-01 -7.906161354902483396e-01 -7.956216760657539577e-01 -7.993467973360988132e-01
-8.422110929907440369e-01 -8.295373762883879731e-01 -8.001763098022580678e-01 -7.928848721019348122e-01 -7.975081517132527331e-01 -7.942739352091869875e-01 -7.993554858272984287e-01
-9.122835825480133387e-01 -8.338899224691034284e-01 -7.796055051448633755e-01 -7.988275201673631365e-01 -8.036849983150395893e-01 -8.053088958987641988e-01 -7.988547446234111060e-01
-8.354896442652011146e-01 -7.749044516997909415e-01 -8.302400529464775136e-01 -8.017660904886314555e-01 -7.960275343457348107e-01 -7.944596884853289964e-01 -7.960198734537835552e-01
-8.568737971497752959e-01 -8.116542238204340620e-01 -8.160590972433598989e-01 -7.925273790803173402e-01 -7.972072656517874556e-01 -7.859672584459622691e-01 -8.006765610718424853e-01
-8.923712809271304724e-01 -8.459796796292797794e-01 -8.116325478981598618e-01 -8.107633321503715518e-01 -7.958320588624399061e-01 -7.978452602818100203e-01 -7.879731454899430165e-01
-8.447058398464575291e-01 -7.372002159865034265e-01 -7.870700552107174897e-01 -8.110471737859616947e-01 -7.918974594697829605e-01 -7.974360270065843359e-01 -7.966473128030207018e-01
-8.287965339095539896e-01 -8.103016594128578109e-01 -7.820418806224156416e-01 -7.858607460837032654e-01 -7.939108053072627680e-01 -8.023426652600915698e-01 -7.914936089876802860e-01
-8.302176902516753554e-01 -7.988832754586498996e-01 -8.080369627488377393e-01 -7.705630004392450827e-01 -7.986544051419015577e-01 -7.994168940386146005e-01 -7.981754974803216829e-01
-7.993023067388080882e-01 -8.124236061275964538e-01 -7.710193644938554414e-01 -7.823502813616239893e-01 -7.947472961477497488e-01 -7.918721530103489670e-01 -7.960412516473915900e-01
-9.039473657868279943e-01 -7.949476992168851286e-01 -7.833051050923648395e-01 -7.958593769255037920e-01 -7.984456911552901826e-01 -7.938513443942170067e-01 -7.939901198964116613e-01
-9.437393456387872526e-01 -7.529187921442421771e-01 -8.212507434671123541e-01 -7.826430203239694849e-01 -7.909263451922985411e-01 -7.924922957064783891e-01 -7.827626512454087804e-01
-8.595599490092600270e-01 -7.841984734314775274e-01 -7.919165405784291956e-01 -7.918148770996360497e-01 -8.022462261917269188e-01 -8.001630288300913829e-01 -7.934716219213446831e-01
