(-0.7960959852784767+0j)
-7.534489560728290236e-01 -7.207742437212301123e-01 -7.969408432695364031e-01 -7.790020622204667511e-01 -7.794405246519423569e-01 -7.944929516502357014e-01 -7.955782807382276722e-01
-8.357072255047919285e-01 -8.362864100792819499e-01 -8.257595141346711909e-01 -7.960019429173947891e-01 -7.938361358012406832e-01 -7.910299707447177031e-01 -7.955422697025897882e-01
-8.328396608076757968e-01 -8.204276716681977444e-01 -7.826684292884069638e-01 -7.941456916247078279e-01 -7.945368746801857451e-01 -7.958713895698459329e-01 -7.954431049966765865e-01
-7.283478684250221935e-01 -7.782979800519227442e-01 -7.714217147620893167e-01 -8.051624622510678009e-01 -8.014386958158687957e-01 -7.990940012279414972e-01 -7.965810970861351148e-01
-8.332738260607477354e-01 -8.572142915306091293e-01 -8.370959377679865199e-01 -8.323645448105596589e-01 -7.932169462284412997e-01 -7.986542104312037704e-01 -7.944905021952135549e-01
-7.617058375146081861e-01 -8.125396679471119654e-01 -8.225658160662900897e-01 -8.131340123371828543e-01 -8.038031896109636421e-01 -7.993314190795008933e-01 -7.979421622479607734e-01
-7.763246238206473748e-01 -7.679775934574932794e-01 -7.908908383915225215e-01 -7.971877918156693443e-01 -7.949810529941392367e-01 -8.008613925712364523e-01 -7.970220798091627312e-01
-8.427311621632167515e-01 -8.892321628841979297e-01 -8.621640790405173949e-01 -8.111494921637898425e-01 -8.000339087684680273e-01 -7.977208924872518647e-01 -7.930869276304006732e-01
-7.595511380739645713e-01 -8.013045344273983517e-01 -7.760510295049187768e-01 -7.873573312834449833e-01 -7.943386399555718569e-01 -8.009378452664224213e-01 -8.022786068809502069e-01
-7.771026955797745162e-01 -7.882452967787241249e-01 -8.672355604644172988e-01 -8.056085946284468058e-01 -7.999595367171494775e-01 -7.943094977176068383e-01 -7.957628672480503429e-01
-7.502866181776772780e-01 -8.103656284157907397e-01 -8.155338619215715124e-01 -7.949809147530282338e-01 -7.980357566959612736e-01 -7.957344364218872368e-01 -7.978455364532253125e-01
-7.509544993225800713e-01 -7.814018031667362418e-01 -7.975914232253513703e-01 -7.922702634995517634e-01 -7.962996193069538098e-01 -7.970053957883165285e-01 -7.963304788494276476e-01
-7.879340355419852671e-01 -8.328038084069855351e-01 -8.493209155012946265e-01 -8.238002115469942321e-01 -8.000438171127073339e-01 -7.987701754472076310e-01 -7.955622315751664786e-01
-8.456160523096130088e-01 -7.685741202066029842e-01 -7.914963427793593187e-01 -8.017539423912070085e-01 -7.998687474383590068e-01 -7.915579753152541809e-01 -7.954008333349802395e-01
-7.840830763840824780e-01 -8.392464703814668248e-01 -8.490833532010606532e-01 -8.243567212793627696e-01 -8.031817650168899814e-01 -7.944379157924219559e-01 -7.919937359092452667e-01
-7.160035277714679181e-01 -7.366040457681524156e-01 -7.889380097904903355e-01 -7.916304174290655915e-01 -8.026609863174993809e-01 -8.013542566843057102e-01 -7.979509025567228520e-01
-5.442731661893516204e-01 -7.639378112177162006e-01 -8.037840634380275517e-01 -7.973461953001157454e-01 -7.968199592103686335e-01 -7.931570281605868633e-01 -7.961944775538698504e-01
-8.418484696710486492e-01 -7.956053649058290045e-01 -7.994100909630168506e-01 -8.119372386804335484e-01 -7.969935263099940936e-01 -7.919314987022314511e-01 -7.953923470937978024e-01
-7.398767249035596016e-01 -7.576157958237585976e-01 -7.560332237757856344e-01 -7.544229787571929968e-01 -7.869770878451611829e-01 -7.917398868188820771e-01 -7.940103321380327372e-01
-6.884337246142940847e-01 -7.651248126557437246e-01 -7.782958228596399408e-01 -7.671647925646314370e-01 -7.850446883438240153e-01 -7.961369020129887009e-01 -7.951968777410105549e-01
-7.647119918995401999e-01 -7.954270893239043794e-01 -8.052059345427395876e-01 -7.970251605405349604e-01 -7.922317128728477709e-01 -7.968391723710819274e-01 -7.948179386685687575e-01
-6.540905721624523661e-01 -7.850815492172142918e-01 -7.948200564157354986e-01 -7.832643980717038934e-01 -8.019598303969135422e-01 -7.993276772211796999e-01 -7.955454628223661562e-01
-7.644868094701131600e-01 -7.714257742439821763e-01 -7.657166696070389911e-01 -7.714008626673192204e-01 -8.027848727341824198e-01 -7.894612568555428034e-01 -7.946356251367654444e-01
-7.715885704212155360e-01 -8.446708900316313162e-01 -7.923893646671629210e-01 -7.988894099557646289e-01 -7.948564728403308965e-01 -7.923985481230895189e-01 -7.981334470468544051e-01
-7.422657460639510152e-01 -7.910839768492698987e-01 -7.771470272474281238e-01 -7.978705848087201957e-01 -7.988261549956199303e-01 -7.972172733924707266e-01 -7.977626029659623530e-01
-7.875145134230157051e-01 -7.852829308171072054e-01 -7.800532675427862550e-01 -7.895344981744834012e-01 -7.957788261316909306e-01 -7.939698560729668841e-01 -7.989778054206049251e-01
-8.034489668678814756e-01 -7.890273611795819431e-01 -8.310100471396857369e-01 -8.050972309922610481e-01 -8.016002153759727022e-01 -7.986028118826811184e-01 -7.995010643985973608e-01
-7.799053396239405966e-01 -7.785986513612397353e-01 -7.858849811774899496e-01 -7.954955431007644240e-01 -8.108015330757782912e-01 -8.040468731581373873e-01 -7.965042347384592158e-01
-8.146721824450688931e-01 -7.639569026029915388e-01 -7.849861370070880806e-01 -7.892930652147105430e-01 -7.942204605607876555e-01 -7.977594243541381580e-01 -7.955100278475484288e-01
-7.451066903195606717e-01 -7.769710005101659878e-01 -7.694052694659552216e-01 -7.708636543641872452e-01 -7.811708987968101203e-01 -7.878979603345308558e-01 -7.919814734233712183e-01
-8.399036070397414289e-01 -7.642949824025404570e-01 -8.082631784016431897e-01 -8.016768615493257144e-01 -7.897159732889722505e-01 -7.932051112336866439e-01 -7.965551765492651093e-01
-8.178478120282350883e-01 -9.047312104877545114e-01 -8.144125090425178293e-01 -7.839242564421873283e-01 -7.955864717486511584e-01 -7.955231610146042964e-01 -7.988158541565557602e-01
-7.624129638478323034e-01 -7.961289797469157659e-01 -8.147810014981149429e-01 -8.041029644914641228e-01 -8.000213759410652603e-01 -7.971742140294866275e-01 -7.972475332194366437e-01
-8.075783491757015931e-01 -8.226620480792079526e-01 -7.900836473372658819e-01 -7.895540148330677521e-01 -7.924866472815044194e-01 -7.994889067784900494e-01 -7.976220546235930353e-01
-6.303643919738597390e-01 -7.987703412268927217e-01 -7.686016090961820257e-01 -7.657185542596665062e-01 -7.914813030631999702e-01 -7.981481181715808226e-01 -7.975962560269262980e-01
-7.922524876943917160e-01 -8.393181300015470914e-01 -8.193746499674035011e-01 -8.173467071251563354e-01 -7.881425609806469446e-01 -7.933153696721884085e-01 -7.938617332647650571e-01
-7.492462253089340329e-01 -8.202236655162187251e-01 -8.366324334894141845e-01 -8.084113654229745372e-01 -7.957628258139000099e-01 -7.959252273975077063e-01 -8.007351778107776319e-01
-7.359752219908095583e-01 -7.599279589139430469e-01 -7.622724196142285358e-01 -8.013563107073049530e-01 -8.046972025647483040e-01 -7.990369474578780107e-01 -7.976034266991327559e-01
-8.263473633713320776e-01 -8.151279730071456786e-01 -8.147056234103144945e-01 -8.087690959559765691e-01 -7.974320045589025074e-01 -7.968402830283021210e-01 -7.966968967336278684e-01
-8.022545922835424559e-01 -7.411647932165974506e-01 -7.903898783131364514e-01 -8.114637916530356154e-01 -7.971852256629881062e-01 -7.952708400333061700e-01 -7.954322540987788237e-01
-7.518404236600284563e-01 -7.597471057812792417e-01 -8.023685921363861162e-01 -8.036374376979318335e-01 -7.883123021160589605e-01 -7.962188209720411081e-01 -7.956981725835063912e-01
-7.857316033254755361e-01 -8.472831381140972784e-01 -8.084885882251200417e-01 -8.094726432299779173e-01 -7.957984165343552352e-01 -7.959591454047774128e-01 -7.971298640679538305e-01
-8.114801582500976718e-01 -8.678612254483086819e-01 -8.454258916122840972e-01 -8.294594273645774507e-01 -7.991465536762394350e-01 -7.972940015680844983e-01 -7.945865825345197475e-01
-7.795939467084591623e-01 -8.198836423156599107e-01 -8.293687416054513761e-01 -8.061836060741669474e-01 -8.013724936839690116e-01 -7.984263421592174836e-01 -7.941665042991743473e-01
-5.687656935994620522e-01 -6.836521074186046043e-01 -7.783272618683038102e-01 -7.865039233506803118e-01 -7.941101569210882172e-01 -8.011543776285190432e-01 -8.003943324695188544e-01
-8.050006092601467156e-01 -7.869405935595532586e-01 -8.403951812713996716e-01 -7.967175600401215085e-01 -7.920313614115987999e-01 -7.923040906199700917e-01 -7.958982438068651355e-01
-7.148561149132688364e-01 -7.638352696186263557e-01 -7.795558376718145777e-01 -7.995449238146219439e-01 -7.935316512597698768e-01 -8.020252824809015468e-01 -7.963494699167925628e-01
-8.255179973867536880e-01 -7.862215361175874939e-01 -8.498797177062458186e-01 -7.989999254741528834e-01 -7.983854095768525561e-01 -7.990791158541439287e-01 -7.952531625363297163e-01
-7.823366753561449283e-01 -7.834673525766902014e-01 -7.852149805865975551e-01 -8.006892687795499342e-01 -7.982361338586607680e-01 -7.977243727954914654e-01 -7.963486417418916830e-01
-7.064070518854111969e-01 -7.826359682326720080e-01 -7.982377972443928105e-01 -8.017232636777882337e-01 -7.987842513053020621e-01 -8.005953053145427045e-01 -7.955308904479800880e-01
