(-0.7960959852784767+0j)
-7.864315397204604263e-01 -8.106142909948321762e-01 -7.918457468525985643e-01 -7.830124586417066546e-01 -7.849052680318924224e-01 -7.918153463078885235e-01 -7.956953806760729275e-01
-8.196951472540021655e-01 -8.262534468119147046e-01 -8.063003393088712389e-01 -8.100229544388994896e-01 -7.977999429007018861e-01 -7.998842316566454613e-01 -7.988023173767690999e-01
-8.147685037114344997e-01 -8.756162099740438798e-01 -7.878063377506268061e-01 -7.969497419499509405e-01 -8.019550509576849340e-01 -7.995200985705772645e-01 -7.918259685738247011e-01
-7.264164202128324810e-01 -7.686105172852770728e-01 -7.973857113645850259e-01 -8.178853857061323396e-01 -7.985809830461572112e-01 -7.997936723105607548e-01 -7.949165131800948192e-01
-7.899341064816889357e-01 -7.637714809322055931e-01 -8.002966255235766102e-01 -8.183873158180046126e-01 -7.956258684356896094e-01 -7.995851327572296441e-01 -7.980361088398608693e-01
-8.092513597743338227e-01 -7.934876652589113455e-01 -8.049603921408641227e-01 -7.979926318511900707e-01 -7.883331577230436871e-01 -7.999542638364516289e-01 -7.948928829834629450e-01
-7.748228885643326791e-01 -7.170643058926864377e-01 -8.116783890788619171e-01 -8.039141607820614599e-01 -7.897959653043189476e-01 -7.991477112282334705e-01 -7.954631351533603123e-01
-8.071583719508197419e-01 -7.259517255665612900e-01 -7.868571273564293200e-01 -7.971590253177294194e-01 -7.943869980961084654e-01 -7.955802759621859455e-01 -7.953858358628560499e-01
-7.590692236199652054e-01 -8.231611955010207371e-01 -7.924659594818850294e-01 -7.732861523192299247e-01 -8.041470826675582995e-01 -7.935160576424795664e-01 -7.993156755388142187e-01
-7.375197073931767378e-01 -8.115415217307928586e-01 -8.062514780296132777e-01 -8.016834224343383219e-01 -7.777063197998630439e-01 -7.885132561063930012e-01 -7.967008982475636270e-01
-7.867607636671116733e-01 -8.273053032418935526e-01 -8.077240096850193396e-01 -7.912292241585900943e-01 -7.951812199829102479e-01 -7.961897806538147382e-01 -7.977886212930715981e-01
-7.586771317760965250e-01 -8.647241354644015221e-01 -7.890759912968594580e-01 -8.063258901390091271e-01 -7.957945936819033061e-01 -7.965576280400403775e-01 -7.969986081111362086e-01
-7.586771317760963029e-01 -8.630836416081153484e-01 -7.728073471344210077e-01 -7.982477679953656757e-01 -7.889331986849792422e-01 -8.009877007122394588e-01 -7.987109605153945857e-01
-8.418072589493892366e-01 -7.956140826243207620e-01 -8.000373373651010755e-01 -8.007630347470267029e-01 -7.986733158523067200e-01 -7.985635967789403988e-01 -7.971462211178319546e-01
-8.404004359821199976e-01 -8.357617670902615092e-01 -7.790456645166889960e-01 -8.005713948715262873e-01 -8.048668927163262765e-01 -8.003246222941735599e-01 -7.940265468014318095e-01
-8.015680528578936759e-01 -7.935186250671300012e-01 -8.108164678695812810e-01 -8.041256367800417859e-01 -8.043969328961750875e-01 -7.959525907017304114e-01 -7.950478417809119236e-01
-7.836318802166604147e-01 -8.080140438414369353e-01 -8.279875748128271429e-01 -7.956525892766714847e-01 -8.055783181155189432e-01 -7.912197912247442844e-01 -7.975304198739006090e-01
-7.493268801635268872e-01 -7.949458343189241827e-01 -8.153590186129062722e-01 -7.798494598264227307e-01 -8.036936114554689148e-01 -7.966250779681356420e-01 -7.950451173874051314e-01
-7.448550385406129681e-01 -8.471343460713132156e-01 -8.057951402181102729e-01 -7.829609653674293179e-01 -7.919635923238310671e-01 -7.956357624043517429e-01 -7.984099199880372311e-01
-7.738737912566275856e-01 -7.524979337147363889e-01 -8.080359205729805705e-01 -7.980857604432713970e-01 -7.984541902918869116e-01 -7.948816793557742511e-01 -7.966252378728770900e-01
-8.143514359031702732e-01 -8.454451563447520357e-01 -7.956894406600589775e-01 -7.804166426703631476e-01 -7.933670746268322027e-01 -7.960266177433170665e-01 -7.958637255008695899e-01
-8.291970976440088403e-01 -7.707184782945855073e-01 -7.778272497940188490e-01 -8.186926044408278091e-01 -7.987296423206453611e-01 -7.921885571283371341e-01 -7.979799080646219345e-01
-7.625647252781497798e-01 -8.064543971525375277e-01 -7.558874550144902837e-01 -8.190126387993790225e-01 -7.899065334855970288e-01 -7.999896155467633996e-01 -7.930540842723743378e-01
-7.000939454109281757e-01 -8.833704019748340741e-01 -7.891609530801739769e-01 -7.822007848718612877e-01 -7.955094074351805045e-01 -7.946280816300377303e-01 -8.003735096824333706e-01
-7.528789182363118115e-01 -8.206372497644232045e-01 -8.330307344085614574e-01 -8.014848935236700278e-01 -7.912735583150891649e-01 -7.951848071903271364e-01 -7.943622275494310880e-01
-7.642332838638810077e-01 -7.085038685526066082e-01 -7.880303079174526548e-01 -7.863737571302391594e-01 -7.883158774854082118e-01 -7.996189973517209282e-01 -7.961199939221876853e-01
-7.473924910653337861e-01 -7.619819960335947329e-01 -7.640250762952992547e-01 -7.807920706560959045e-01 -7.883901969542677080e-01 -7.959257334955696095e-01 -7.969606820177548290e-01
-8.285904719113639239e-01 -7.359381933576039092e-01 -7.678440850757062286e-01 -7.972242737702646131e-01 -7.987888205188122814e-01 -7.952916040987347834e-01 -7.966580321506151474e-01
-7.732963076132384206e-01 -7.888329058094918356e-01 -8.110987652712406959e-01 -7.939571838563252992e-01 -7.910478604124284718e-01 -7.964916943164250807e-01 -7.967691069300177897e-01
-7.384769204288923472e-01 -7.053454342721249271e-01 -8.050421375995597817e-01 -7.843592653754005717e-01 -7.951875685654676840e-01 -7.956734352698475732e-01 -7.958555197768277800e-01
-6.997606374961711229e-01 -7.766416088602757783e-01 -8.119793187758077568e-01 -8.034077453959351800e-01 -7.990400993632136295e-01 -8.034186970502115166e-01 -7.977631922073056270e-01
-7.803063280475721619e-01 -8.002334592865905094e-01 -8.435272211395525854e-01 -7.943032009153685458e-01 -7.917868414248836473e-01 -8.004051621829109120e-01 -7.961304933201509559e-01
-8.412792466175564865e-01 -7.429266512790508870e-01 -7.623374428087059673e-01 -7.819431135561778490e-01 -7.959627653932612734e-01 -7.934715670375107610e-01 -7.951195488170370584e-01
-8.665891927025686226e-01 -8.487903230687792178e-01 -8.190648900036308078e-01 -7.924900842103146381e-01 -7.947463883961882747e-01 -7.921651083941372296e-01 -7.983700645635265492e-01
-8.653427317096717974e-01 -8.202915876825234154e-01 -7.849652857311477661e-01 -8.084623733615503571e-01 -8.014042715218225865e-01 -7.962484861942478176e-01 -7.987178703768411658e-01
-7.453245892698709962e-01 -7.174332967029360963e-01 -8.179822383793047269e-01 -8.186099591620370486e-01 -7.849867488841104635e-01 -7.948243290967123009e-01 -7.963486431786832576e-01
-8.035028676172133455e-01 -8.077049730809824357e-01 -8.134558268628369060e-01 -7.876487462817733931e-01 -8.033456963424017161e-01 -7.992665159512695183e-01 -7.966321099198911959e-01
-7.211323037489431043e-01 -7.681939542271019050e-01 -8.111936917226272303e-01 -7.951762693094310830e-01 -7.971466511011462419e-01 -8.001413592477546466e-01 -7.969535705999351016e-01
-7.681967821810820052e-01 -8.095850117213228003e-01 -8.028585433687029926e-01 -8.051625041636754077e-01 -7.971343580500820369e-01 -7.973722345987475091e-01 -7.945801584871450274e-01
-7.040977070080526312e-01 -8.396328973543762952e-01 -7.829689823823138273e-01 -7.966349180072629377e-01 -8.046319474236471869e-01 -7.971763418808273105e-01 -7.978019341528552744e-01
-8.388219044528988366e-01 -8.096903027139368270e-01 -8.056616490883412585e-01 -7.970488166554983156e-01 -7.976271024707655144e-01 -7.904678210792681625e-01 -7.959197601840850567e-01
-7.937879688851010584e-01 -7.762483009249354637e-01 -7.571030327378647229e-01 -8.002057475565702571e-01 -7.924780329367695497e-01 -7.961784993640179664e-01 -7.951281850998699330e-01
-8.673155382776589484e-01 -7.809584833386991054e-01 -7.796903857171935126e-01 -8.046148900913128177e-01 -7.985532356473692417e-01 -7.973961475534101506e-01 -7.958989501145230516e-01
-7.685511772071280667e-01 -7.879275948361841309e-01 -8.101443449386058759e-01 -7.994408040841733953e-01 -7.911725624165424353e-01 -7.953156552079219122e-01 -7.970876600335001783e-01
-7.642220132159220913e-01 -7.711793685848169488e-01 -8.111377378589914589e-01 -7.929920571839466081e-01 -7.976613834884502818e-01 -7.985883461646026138e-01 -7.994889810554099974e-01
-7.008176524149711817e-01 -8.024706120182891755e-01 -7.980464074192958890e-01 -8.105967022110971421e-01 -8.048475488657000909e-01 -7.930118723897057187e-01 -7.961889781289908097e-01
-7.329533871209819029e-01 -8.436452091396253739e-01 -8.154351287652981117e-01 -7.961587509674583618e-01 -8.036227573254335343e-01 -7.955281298552911995e-01 -7.970872204203529598e-01
-8.083692024875621662e-01 -8.268662010111273997e-01 -7.854778736644358883e-01 -8.144534916611081421e-01 -7.902042559561841539e-01 -7.938078101076873061e-01 -7.962524324039446100e-01
-7.710237584620081019e-01 -7.782043872111137350e-01 -8.226878853067987052e-01 -8.073583102058805583e-01 -7.831292655076951270e-01 -7.974877305358083479e-01 -7.938167621575709099e-01
-7.290999476556141445e-01 -8.063249268452543639e-01 -8.155035168142201751e-01 -7.796803146358260994e-01 -7.961271642182912167e-01 -7.991245892068057355e-01 -8.006330510429340297e-01
