(-0.7682164079245094+0j)
-6.159165347799768764e-01 -6.935866830982619913e-01 -8.057169131772604631e-01 -7.932931261450982818e-01 -7.548051363075689579e-01 -7.670802651096340075e-01 -7.634184704726171278e-01
-8.361743795390521594e-01 -7.598379463385416255e-01 -8.395351212162602828e-01 -7.964239674005009206e-01 -7.982867139864651129e-01 -7.683332300080754074e-01 -7.658404859444563062e-01
-6.434123349147804483e-01 -7.255103047782549552e-01 -7.145324748247839919e-01 -7.348914328903400905e-01 -7.561510887037462547e-01 -7.773572659322547374e-01 -7.721431991557283769e-01
-6.494808971400873876e-01 -7.029714016818522371e-01 -7.236384551825447708e-01 -7.415675302973790961e-01 -7.742746046342496857e-01 -7.747901735386545363e-01 -7.700117618791731955e-01
-7.483378418706783108e-01 -7.298567547810381750e-01 -6.999095671072896874e-01 -7.394554051958029950e-01 -7.718976660524374811e-01 -7.622583078219382635e-01 -7.682369634249689438e-01
-6.492108042700402981e-01 -7.707385774069772655e-01 -7.201259123336802848e-01 -7.710091997741495007e-01 -7.781707935766449813e-01 -7.730795090997270025e-01 -7.646231694807017476e-01
-6.836643323908668801e-01 -6.917692463283928728e-01 -8.524064721740397532e-01 -7.598032978818576311e-01 -7.862445428078157494e-01 -7.690419950231935919e-01 -7.611562567236878074e-01
-4.957045811357957965e-01 -7.832461373437548113e-01 -7.692289244911519885e-01 -7.617333573379092559e-01 -7.517632248732858402e-01 -7.654385508956879081e-01 -7.641429273299037428e-01
-7.073154478873324713e-01 -8.329578608559012887e-01 -8.277987418658285801e-01 -7.509876402310663446e-01 -7.561162310966920153e-01 -7.623722215783714784e-01 -7.642884668900929990e-01
-6.820237197032954501e-01 -7.343103623993934015e-01 -7.193639803038158753e-01 -7.943538445069681098e-01 -7.699742302805222538e-01 -7.707825715765543872e-01 -7.716443883340884380e-01
-7.983510280343171228e-01 -7.671974112372286214e-01 -7.164359983986995362e-01 -7.422644873217785211e-01 -7.525036390715004186e-01 -7.543593225631373134e-01 -7.751087373970596550e-01
-6.905032911234332271e-01 -7.501033358680613272e-01 -7.938116387018643305e-01 -7.287191081341928278e-01 -7.519541453817131238e-01 -7.598499569593657466e-01 -7.722859007996335512e-01
-7.443123730621363787e-01 -7.000087497282118099e-01 -8.120719546783554676e-01 -7.484586209408293778e-01 -7.654368018892436787e-01 -7.651255433213219881e-01 -7.729266154168995540e-01
-7.315904790978113859e-01 -7.278354581367458831e-01 -7.075330896932332525e-01 -7.770170486579988101e-01 -7.650269256990369637e-01 -7.718339401620986084e-01 -7.640709268164104229e-01
-5.258175454700693141e-01 -8.519072181900749774e-01 -8.363028837061531329e-01 -7.871020193903069950e-01 -7.648766365494087394e-01 -7.725419157528443659e-01 -7.652130834912594937e-01
-7.569727811916340254e-01 -6.414934886489942478e-01 -7.313788655366836311e-01 -7.999643471475775813e-01 -7.634344032665151270e-01 -7.704022580066420822e-01 -7.706032275109497842e-01
-7.726128730811571144e-01 -6.778482580234106436e-01 -8.162931117408873671e-01 -7.952561158548246967e-01 -7.916989460174853610e-01 -7.683821388086603532e-01 -7.718119997172427915e-01
-6.432882478898160894e-01 -6.575206575850824908e-01 -7.477082506196512934e-01 -7.785047058275342824e-01 -7.678075005088936811e-01 -7.489560560879473528e-01 -7.698636931529705407e-01
-6.946399493383339507e-01 -8.010738258908871590e-01 -8.304204852282992544e-01 -7.767032480438513797e-01 -7.654437128064417450e-01 -7.784832764099223201e-01 -7.730616138950968663e-01
-6.832401275624389037e-01 -8.073121252131446601e-01 -7.185561026805150631e-01 -7.476598181904746676e-01 -7.940899874881709453e-01 -7.795717146261186281e-01 -7.740692291723225704e-01
-6.106763508633377135e-01 -7.937483633946117445e-01 -7.664339095389706147e-01 -7.872122930916984895e-01 -7.661026535663577608e-01 -7.744502426310759802e-01 -7.710240405307910994e-01
-7.007005041343938867e-01 -6.706644774312524593e-01 -8.134454117049789712e-01 -7.972606454273193366e-01 -7.418691858919279625e-01 -7.667279140154453776e-01 -7.688845011262602780e-01
-6.875921458678897480e-01 -8.157107673978154505e-01 -7.587227572257719821e-01 -7.963277415691127903e-01 -7.729641178551756031e-01 -7.548986736070931736e-01 -7.770879308719821355e-01
-7.367155885061951182e-01 -7.950955943453310582e-01 -7.672316136487876692e-01 -7.502687215066177195e-01 -7.692366655049451829e-01 -7.654499289517409100e-01 -7.717556973458215008e-01
-7.780995843262346057e-01 -6.632655164752873089e-01 -7.078011386089362311e-01 -7.704402708800903721e-01 -7.755482556175971043e-01 -7.672397006444076073e-01 -7.640015095037788750e-01
-6.441817152948070557e-01 -7.849931605840790860e-01 -8.341037155197157382e-01 -7.580972129471735821e-01 -7.980431598605892685e-01 -7.608733888891467956e-01 -7.690437181373827036e-01
-6.928550072843319141e-01 -7.701655296179763521e-01 -7.728988157347979060e-01 -7.592168875148574969e-01 -7.542916611983657704e-01 -7.521395545038735975e-01 -7.658111287954474378e-01
-7.276458661696116881e-01 -7.581058920864176542e-01 -8.135294383979572164e-01 -7.303464519978896119e-01 -7.629092840536750852e-01 -7.876237297925576808e-01 -7.695949548256095785e-01
-7.146854397033624018e-01 -8.739895946127932413e-01 -7.053874965884432413e-01 -7.775672799954650438e-01 -7.603616832312014573e-01 -7.688687025933095276e-01 -7.749036951684646901e-01
-7.051277332357039906e-01 -6.561905602920756753e-01 -8.188616259718911605e-01 -7.614661763164287667e-01 -7.420562898194880130e-01 -7.777076304903544068e-01 -7.688638545173367422e-01
-6.664179378372485640e-01 -7.831970591086444555e-01 -8.473689526899330637e-01 -7.468592991993873165e-01 -7.634727423210072583e-01 -7.517688353149467595e-01 -7.662014316706661221e-01
-7.162414460765931246e-01 -7.715715448294263590e-01 -8.302150742636549285e-01 -7.812187950266594738e-01 -7.555946793140617679e-01 -7.757314926618269491e-01 -7.697651671322695011e-01
-6.866894545146458029e-01 -7.625233018999324486e-01 -7.436066399103572477e-01 -7.544065651381948179e-01 -7.533862209263306742e-01 -7.683176675251790488e-01 -7.670581018937918660e-01
-6.113375562385781059e-01 -6.934765025169824515e-01 -8.339538800464871837e-01 -7.832006662790378382e-01 -7.712879638079727096e-01 -7.577015444062078497e-01 -7.759997988060142182e-01
-7.593503339638236760e-01 -7.025999233240516340e-01 -7.311604948602768994e-01 -7.294186547065304449e-01 -7.744198456195526825e-01 -7.741686024363725327e-01 -7.715237044392064814e-01
-7.780995843262346057e-01 -6.119119254300051658e-01 -7.642335472757405546e-01 -7.627229320583062133e-01 -7.934429803766688272e-01 -7.635256308172375661e-01 -7.672969743631478101e-01
-6.818856025752138006e-01 -6.616882651734730114e-01 -6.874063889802725091e-01 -7.615420290543384318e-01 -7.676670949564130542e-01 -7.629326538637630772e-01 -7.610467232998471276e-01
-7.360795092148850749e-01 -6.718478412307167247e-01 -7.643100805409703824e-01 -8.031558164210648165e-01 -7.814932810772329264e-01 -7.737442746595594167e-01 -7.672465698949479940e-01
-6.753502163417544057e-01 -6.705466001301059187e-01 -8.454994290343641472e-01 -7.740688487443189159e-01 -7.709489211171771661e-01 -7.710651138955932904e-01 -7.697062279164621490e-01
-7.928474686800609517e-01 -8.418899332648782652e-01 -7.355754884803621385e-01 -7.819049439297132142e-01 -7.734597232943227763e-01 -7.786388078855038808e-01 -7.671023225491070408e-01
-6.881267312607824982e-01 -7.746272778793247271e-01 -7.366068968490375735e-01 -8.099324935381447821e-01 -7.641293511277690298e-01 -7.583982367212003251e-01 -7.711193871766508501e-01
-7.826612637648695525e-01 -6.953249851966583073e-01 -6.775300961772920960e-01 -7.703669678715348024e-01 -7.580724746364073674e-01 -7.626440293464994413e-01 -7.619249037848550010e-01
-7.444719309898639725e-01 -7.563069637988872884e-01 -7.849734580319447375e-01 -7.429438540847758121e-01 -7.639000912481925809e-01 -7.652702759064600180e-01 -7.639926313742751995e-01
-7.116042576467427327e-01 -8.187637651757297963e-01 -7.436601472105797139e-01 -7.593401966207671272e-01 -7.608397515933513766e-01 -7.600104031584046238e-01 -7.653738514319082809e-01
-6.774136277540301343e-01 -7.896454982085384655e-01 -7.422067193743526747e-01 -7.622168537527933552e-01 -7.798953355950355437e-01 -7.703000998724869319e-01 -7.722078436199700802e-01
-7.363547938912535784e-01 -6.913711731618381595e-01 -7.686321014174709587e-01 -8.069243130467151914e-01 -7.639567469323786941e-01 -7.594302674515406304e-01 -7.646917585573745901e-01
-7.037915376754124708e-01 -7.864900597048986031e-01 -7.214395178717345480e-01 -7.436544233794986081e-01 -7.448400631414746620e-01 -7.512163868009067436e-01 -7.638844701873546139e-01
-4.612356538653529792e-01 -7.457153283916602149e-01 -7.564078599450545504e-01 -7.580023015189172320e-01 -7.417311044029110123e-01 -7.775899748066296135e-01 -7.671122410295649896e-01
-7.503397294602220935e-01 -7.780916075809835020e-01 -7.862313830797819092e-01 -7.146619437385640650e-01 -7.241178190481800669e-01 -7.677342754309448569e-01 -7.736754119527694540e-01
-6.848151102879005414e-01 -8.047880433597583982e-01 -7.162351995747642253e-01 -8.060627382201953628e-01 -7.613870259250322681e-01 -7.682065205616677162e-01 -7.758164041732560356e-01
