(-0.7682164079245094+0j)
-7.515542930280063594e-01 -8.188107807971913843e-01 -7.363696016609246886e-01 -7.863477779705914106e-01 -7.605797240692901973e-01 -7.668268175430301703e-01 -7.719808129350310688e-01
-7.195669774603239421e-01 -6.834500201070309311e-01 -7.657960467812423566e-01 -7.796219966396237266e-01 -7.718489660094458582e-01 -7.741625849280631133e-01 -7.667086851101936329e-01
-7.330266714416668883e-01 -8.427243145467095964e-01 -7.814400625194041217e-01 -7.848137589385918433e-01 -7.630278720979908336e-01 -7.724645530512417313e-01 -7.649532291952088059e-01
-8.181805699332382886e-01 -8.023871205553261277e-01 -7.736007688385041492e-01 -7.662315623604422088e-01 -7.752671587345075777e-01 -7.732107212544695463e-01 -7.644223341351348289e-01
-7.784595933310985982e-01 -8.019824775968060759e-01 -7.749083723474273766e-01 -7.505229446703218787e-01 -7.704334202615874538e-01 -7.628392777142098957e-01 -7.694779193629206482e-01
-8.190123440626825291e-01 -8.026025058288118741e-01 -7.754528451964236568e-01 -7.776292577145200724e-01 -7.693700900724333991e-01 -7.706685797550781869e-01 -7.678246397849426419e-01
-7.572843047303567943e-01 -7.057266794835274082e-01 -7.577691758750951800e-01 -7.616583255900523097e-01 -7.664478606381830428e-01 -7.683133528458909733e-01 -7.660734874373456016e-01
-7.763764466774478734e-01 -8.170600831471909187e-01 -7.707871380893558388e-01 -7.507384310010332129e-01 -7.649997327788737866e-01 -7.687537323803355083e-01 -7.669511027749645882e-01
-8.387451398373194644e-01 -8.199144597087550945e-01 -7.917237764603073380e-01 -7.612774116969566185e-01 -7.665267661742536376e-01 -7.669244118996505488e-01 -7.680831922567072922e-01
-7.688887102000563356e-01 -7.420693301427561117e-01 -7.718758741303992643e-01 -7.691738623404889008e-01 -7.688606902167900436e-01 -7.708246784639948279e-01 -7.680853163846554921e-01
-1.021652431967305041e+00 -7.721546744772415094e-01 -7.418775048593790888e-01 -7.559173935035965464e-01 -7.662699585822574377e-01 -7.716964714610230480e-01 -7.727074869481819208e-01
-7.875851504357179733e-01 -7.612403231437754325e-01 -7.568570159420808796e-01 -7.543612958501924037e-01 -7.838003022400695796e-01 -7.688372824271962891e-01 -7.661437467208699337e-01
-8.456764187673755373e-01 -7.638554012404952243e-01 -7.592634386815391156e-01 -7.718254632674935722e-01 -7.640877444147117226e-01 -7.697137765501471662e-01 -7.677670445676039179e-01
-8.293660278751322501e-01 -7.275597917403195947e-01 -7.660697729859862193e-01 -7.553249113192406217e-01 -7.652891791025808743e-01 -7.642882875925471886e-01 -7.654969144087686583e-01
-6.043788103104201781e-01 -7.571658040990305594e-01 -7.483649809289958377e-01 -7.382365763019023142e-01 -7.664816994096453895e-01 -7.751504325958692432e-01 -7.643990776258149378e-01
-7.709171262761982391e-01 -8.656703469615475433e-01 -7.830805484037747233e-01 -7.623587350844835964e-01 -7.744585621218026406e-01 -7.656700131979720103e-01 -7.648966198774336256e-01
-8.586456743672710168e-01 -8.023324572381406172e-01 -7.597318085288335965e-01 -7.523774456733969274e-01 -7.800531071742523581e-01 -7.649970367767983115e-01 -7.692091009746961916e-01
-7.899915586118789745e-01 -7.198366472819653916e-01 -7.948907943552271371e-01 -7.589504189135074519e-01 -7.710561510634251770e-01 -7.673770138717413980e-01 -7.658557566729746746e-01
-7.497215565886248267e-01 -7.559701859578349392e-01 -8.059800889310759775e-01 -7.668080018116915086e-01 -7.650443110873084152e-01 -7.665831525846242833e-01 -7.677005399943762631e-01
-7.743778069359209537e-01 -7.287916573670771836e-01 -7.577510434541572248e-01 -7.667318085551235729e-01 -7.650747050443866826e-01 -7.666669467794688941e-01 -7.655516492146400287e-01
-1.030616668657864388e+00 -7.293265074665724601e-01 -8.057208618924257548e-01 -7.897332248440378510e-01 -7.755028737806995975e-01 -7.684802847782690183e-01 -7.673403629674782067e-01
-8.652584875380161522e-01 -7.553780363036919354e-01 -8.026608272913893227e-01 -7.643933253082586532e-01 -7.592234788162151027e-01 -7.663308868895390980e-01 -7.660418051551179941e-01
-8.446742972366236835e-01 -7.386085710896026502e-01 -7.570498593256826947e-01 -7.513884513202750970e-01 -7.693932461891798136e-01 -7.623932546553249257e-01 -7.706136735167898877e-01
-8.916964368087584303e-01 -7.394151639240993390e-01 -7.377540107959720261e-01 -7.740366782503275145e-01 -7.566558468231321388e-01 -7.684603878026700086e-01 -7.706707406156574347e-01
-7.166080580791678312e-01 -7.181876398591509059e-01 -7.375547924100712693e-01 -7.767490464284994012e-01 -7.619098600969376189e-01 -7.697068333975070065e-01 -7.651061883057718171e-01
-7.597933384072899088e-01 -7.993157285110857879e-01 -7.480044179087896872e-01 -7.647020892139676507e-01 -7.679727221289304184e-01 -7.716737841160022926e-01 -7.697816849275433970e-01
-7.676967194416139950e-01 -8.033253196187080114e-01 -7.711782172472726460e-01 -7.713265154844554106e-01 -7.509519683945999891e-01 -7.677843802078435642e-01 -7.700060574118750001e-01
-7.346104790274405882e-01 -7.942906628106394251e-01 -7.617310788183192516e-01 -7.778498574167320712e-01 -7.511861980017293661e-01 -7.648222980480431366e-01 -7.667619930028422015e-01
-5.638738362897821599e-01 -7.733519473342878037e-01 -7.724788100750263897e-01 -7.823910161926186380e-01 -7.788467822988488498e-01 -7.681858802025673949e-01 -7.678789287999108204e-01
-7.478857380419150491e-01 -7.535557005965587418e-01 -7.790404534696415695e-01 -7.882558408252079429e-01 -7.616756461956943891e-01 -7.683609512193009250e-01 -7.652517704487356021e-01
-5.351582455495182966e-01 -8.104738456556119797e-01 -7.757906003718954002e-01 -7.840201555475464490e-01 -7.789350400956870368e-01 -7.679404912834169039e-01 -7.647767522934086903e-01
-6.275629751031785997e-01 -7.627324105498296536e-01 -7.969548643841112279e-01 -7.465305311886318851e-01 -7.586834830423354603e-01 -7.755798992526048430e-01 -7.692715499705911064e-01
-7.044073976260298853e-01 -8.352388529560812458e-01 -7.585185812346393330e-01 -7.636129856728892662e-01 -7.758222733173030239e-01 -7.595211298780724096e-01 -7.664451238856210269e-01
-7.295993067776977981e-01 -7.885666428131524741e-01 -7.574775031938337788e-01 -8.000802765448604692e-01 -7.721043242482049651e-01 -7.686819305077579045e-01 -7.679482036942618661e-01
-6.001862907560194804e-01 -7.531964192607920605e-01 -7.184052382580573548e-01 -7.659814598089113025e-01 -7.626567517891019721e-01 -7.699232654935461717e-01 -7.679154063401001373e-01
-6.343000666208327143e-01 -7.984562723518612293e-01 -7.893396283127492863e-01 -7.573779972997285448e-01 -7.745924124186930326e-01 -7.687779820305318257e-01 -7.713725982280592586e-01
-8.360091164632322824e-01 -7.416650188967534030e-01 -7.742279135737185625e-01 -7.880115997339964817e-01 -7.678565684104154965e-01 -7.649345479751928911e-01 -7.666373096946690335e-01
-7.177658622586575721e-01 -8.496616201988086425e-01 -7.642881196533415356e-01 -7.830011063455943887e-01 -7.734032620736582819e-01 -7.710439406791396166e-01 -7.670484035098095177e-01
-6.199799023180858626e-01 -8.611995457136568666e-01 -7.228332225893268070e-01 -7.515705216694085200e-01 -7.743952520273696960e-01 -7.611484923403160074e-01 -7.671854451049355816e-01
-7.389108847387306778e-01 -7.487535985451685416e-01 -7.590196153654715783e-01 -7.599955696442548536e-01 -7.616758452625151943e-01 -7.680591376913313839e-01 -7.728980461601596685e-01
-8.773328470235416399e-01 -6.803620981727291905e-01 -7.702449717661614681e-01 -7.528225714758420839e-01 -7.817045666610348276e-01 -7.640522179388915536e-01 -7.667659362751996222e-01
-7.413300632029364845e-01 -7.833817392002899727e-01 -7.556971121967706040e-01 -7.731191352475966783e-01 -7.633015483899339149e-01 -7.649809352683183405e-01 -7.654016781125515534e-01
-6.678636260064859664e-01 -7.691828915553291512e-01 -7.690861808098342633e-01 -7.761120689994511768e-01 -7.714834303144558758e-01 -7.727718423001727066e-01 -7.687729675863619327e-01
-8.418077919927120512e-01 -7.665190949404450116e-01 -7.616246150174512675e-01 -7.862367365693947452e-01 -7.623984201016102968e-01 -7.702849848823473122e-01 -7.710767735289698610e-01
-6.762793664355872814e-01 -8.104707369766541714e-01 -7.790490601482050748e-01 -7.616887095779502070e-01 -7.781012172593422260e-01 -7.711326123203521288e-01 -7.698979991710228621e-01
-7.916552414403281723e-01 -7.436341228555503058e-01 -7.696512540388024126e-01 -7.574848615294038634e-01 -7.665557024219135096e-01 -7.651767278131558214e-01 -7.690659530290357981e-01
-8.147974761189765713e-01 -7.470253220015252715e-01 -8.149168953050492936e-01 -7.649228000389849402e-01 -7.652151301117176008e-01 -7.669289312902234368e-01 -7.721363803596187347e-01
-7.085748523875927685e-01 -8.025430276361158466e-01 -7.512026024236884147e-01 -7.823957883270505897e-01 -7.750846138159001031e-01 -7.662872976223362720e-01 -7.719602763956103786e-01
-8.211766356508960474e-01 -7.644838479438245127e-01 -7.437383909812722571e-01 -7.680986408870777993e-01 -7.672480580821612328e-01 -7.606303791775888001e-01 -7.670642274825723028e-01
-8.063491551934417467e-01 -7.906444571413174804e-01 -7.856548103078976331e-01 -7.801333479805275806e-01 -7.723851347581796034e-01 -7.717563925401267344e-01 -7.677800626336467316e-01
