(-0.7682164079245094+0j)
-7.623680660401499498e-01 -7.902197805561025357e-01 -7.714568290035015430e-01 -7.558852403593709912e-01 -7.709948098011240036e-01 -7.711704253994007274e-01 -7.683438092564260913e-01
-7.295855624439364639e-01 -7.941747909959850915e-01 -7.778452955683162751e-01 -7.736275953412026229e-01 -7.751495848734758498e-01 -7.688884630767299777e-01 -7.699266765063514928e-01
-7.230326260712139907e-01 -7.557395762096728031e-01 -7.352599494314369100e-01 -7.591837428081393835e-01 -7.677398411191906913e-01 -7.670782257530495141e-01 -7.661782459218162700e-01
-8.506750978359945981e-01 -8.384800057680418250e-01 -8.051671797384363227e-01 -7.999817986809766301e-01 -7.819631801780755342e-01 -7.698732926811946431e-01 -7.674854231241892144e-01
-6.610566474534732562e-01 -7.751344930872171579e-01 -7.799954987199944068e-01 -7.725881789548207923e-01 -7.782222428594579577e-01 -7.716116264755618070e-01 -7.677430078445497408e-01
-6.029449299930018658e-01 -7.363750962837969372e-01 -7.729642863155469223e-01 -7.594131316936970633e-01 -7.726589293861223506e-01 -7.660532206722396875e-01 -7.686262670780127371e-01
-7.693182616882623392e-01 -7.919652682452260617e-01 -7.861496478598571924e-01 -7.631479499164171010e-01 -7.582928232724326367e-01 -7.605935101663091613e-01 -7.649594432065258687e-01
-7.142532537624264322e-01 -7.119744117358290936e-01 -7.528097148913797110e-01 -7.784084554913520693e-01 -7.647073530545736020e-01 -7.682790595843443926e-01 -7.686482129901156535e-01
-7.191993233345146397e-01 -7.325648889906170025e-01 -7.570072626071898680e-01 -7.617784593494389966e-01 -7.554091186929349222e-01 -7.651595088822185087e-01 -7.679119583720732667e-01
-7.686490736079998332e-01 -8.050871165865669532e-01 -7.162315331956982112e-01 -7.513927933768900225e-01 -7.585282942341866619e-01 -7.661542198538078274e-01 -7.699349932883454706e-01
-7.523553126715711858e-01 -7.610854297045570593e-01 -7.699500114443358356e-01 -7.788381856453230334e-01 -7.758186120548490328e-01 -7.768541006327503995e-01 -7.717511532748598801e-01
-7.287288417010475694e-01 -7.656903749234144074e-01 -7.891849104530587189e-01 -7.846338499712136594e-01 -7.827020580412272777e-01 -7.718109929333974994e-01 -7.688344485403679762e-01
-7.523456397881322921e-01 -7.578558797714125550e-01 -7.748860790883267402e-01 -7.571774320668166469e-01 -7.546375221426437907e-01 -7.664587730740640703e-01 -7.670025636089530252e-01
-7.756352394107318693e-01 -7.478347914392354800e-01 -7.870260693875023028e-01 -7.903603749164901382e-01 -7.712045616630520684e-01 -7.672673670743369589e-01 -7.710656836433736894e-01
-6.736568739289090502e-01 -6.925150958974453097e-01 -7.645733339668848716e-01 -7.538872588235867589e-01 -7.717252885096396176e-01 -7.735096814574582424e-01 -7.685005964162476833e-01
-7.009392089485242394e-01 -7.142095075686690775e-01 -7.393859553966273257e-01 -7.801960732627569728e-01 -7.562042621756821514e-01 -7.643056919172305230e-01 -7.657465907188478749e-01
-7.453892288217067730e-01 -6.772382947764765682e-01 -7.634307059125107209e-01 -7.641322791862514840e-01 -7.763076525955665552e-01 -7.722798445888015006e-01 -7.710605015787997951e-01
-7.529807953766214368e-01 -8.075647940303828376e-01 -8.155188600691868350e-01 -7.888454314731376815e-01 -7.851285779776830953e-01 -7.710604192293448733e-01 -7.676201543583387465e-01
-7.237536314574086749e-01 -7.774346681441463014e-01 -7.654545730321005159e-01 -7.706556722718693742e-01 -7.617943122058636884e-01 -7.674337666583395112e-01 -7.674624122703899154e-01
-8.644404098442322049e-01 -8.430977662559190344e-01 -7.992051386862604190e-01 -7.609652915987976662e-01 -7.735648057881709949e-01 -7.716694275530805447e-01 -7.685419748824602326e-01
-7.356797292148571366e-01 -7.185425471530576536e-01 -7.277858090423594550e-01 -7.383787090276688891e-01 -7.568798223201040898e-01 -7.662479895386807849e-01 -7.661862201701272745e-01
-6.975478943522765984e-01 -7.736850977908947824e-01 -7.501648383797657749e-01 -7.594773537606249736e-01 -7.650294611079586637e-01 -7.633088215378889263e-01 -7.689816238262271453e-01
-7.434730709853372144e-01 -7.365618529259447822e-01 -8.057484631526810048e-01 -7.606857600041750933e-01 -7.683018082920056724e-01 -7.630752673559852983e-01 -7.651101499378014648e-01
-7.377359390070681311e-01 -7.384677627419629076e-01 -7.827098161809694643e-01 -7.707098040260236260e-01 -7.640003032912517922e-01 -7.730192873869592418e-01 -7.673099508271614688e-01
-7.770295522741901273e-01 -6.611677836398068830e-01 -7.028774605849773538e-01 -7.520139244172447945e-01 -7.567958467176625348e-01 -7.610982177810817761e-01 -7.679160807695282198e-01
-6.590399387348344629e-01 -7.229050582313778506e-01 -7.681369120661233341e-01 -7.554086119381764330e-01 -7.666613079625870242e-01 -7.685297307864586980e-01 -7.689770274317080379e-01
-7.190484124938836263e-01 -8.147551086284661181e-01 -8.040264189292345431e-01 -7.705211856574184504e-01 -7.671302808340674240e-01 -7.733368208296790280e-01 -7.680309806393399441e-01
-7.390032851719345874e-01 -7.565059808042025047e-01 -7.707723479008226075e-01 -7.749819109462320332e-01 -7.600750324628605670e-01 -7.673725744802489812e-01 -7.684405102987941216e-01
-7.054698470867408755e-01 -7.150913590811653897e-01 -7.497364961799714012e-01 -7.692289436181067863e-01 -7.723096139429714846e-01 -7.701204672189465583e-01 -7.675393807242256727e-01
-7.618490513653444207e-01 -7.059023307782071877e-01 -7.104232943876604978e-01 -7.579883066299892835e-01 -7.578741060438016763e-01 -7.604589401121744086e-01 -7.620916255752445689e-01
-7.917618155412666781e-01 -8.274652805203095429e-01 -7.932247202403284181e-01 -7.847833541939543966e-01 -7.660553770499780590e-01 -7.692620731099639730e-01 -7.704193946118901293e-01
-7.159990482181375349e-01 -7.948439360475921811e-01 -7.480439110701453398e-01 -7.654325252356004583e-01 -7.709377111915997061e-01 -7.669345403823640828e-01 -7.687666170963087797e-01
-7.959679104419893347e-01 -7.809719884577870364e-01 -7.619056682730154240e-01 -7.797216241167691519e-01 -7.791158524574717248e-01 -7.696779137342528720e-01 -7.676944278475956729e-01
-8.002765686984676385e-01 -7.475178924696441740e-01 -7.378808949802347916e-01 -7.859182551562103880e-01 -7.669387487683321236e-01 -7.609343836588020604e-01 -7.670563555420463198e-01
-7.260930925727095975e-01 -7.157953306089903656e-01 -7.517948313198947741e-01 -7.818146605396621984e-01 -7.684009941238889585e-01 -7.677120355709801114e-01 -7.698357159262858573e-01
-7.639218563678187301e-01 -7.812428983899794011e-01 -7.871108400381559012e-01 -7.669255229046403333e-01 -7.765385239279846141e-01 -7.624853876039492384e-01 -7.678861460793950933e-01
-6.551939247762852414e-01 -7.123692724874343130e-01 -7.449613234998879729e-01 -7.584907282660985350e-01 -7.685983891903395149e-01 -7.754045363830461834e-01 -7.701871180430234221e-01
-7.002911418729479420e-01 -7.097430532666240133e-01 -7.866841060506040151e-01 -7.994441837876982149e-01 -7.712753298703455274e-01 -7.747352039973138815e-01 -7.706046830742614429e-01
-7.956122333124693302e-01 -8.471340382183752959e-01 -7.707997156789490045e-01 -7.779144964599385981e-01 -7.712475289722475758e-01 -7.691201340741806725e-01 -7.675873830388220131e-01
-6.919109776854199811e-01 -7.263194127738293870e-01 -7.759551380885567617e-01 -7.799938177012980534e-01 -7.776425185785809102e-01 -7.698935679095870732e-01 -7.685646217553354642e-01
-6.925967974399649396e-01 -7.702798780088170316e-01 -7.570171068222258937e-01 -7.901859191239041236e-01 -7.608339348255142021e-01 -7.635731549697462039e-01 -7.646395308570825833e-01
-6.909209105528260064e-01 -7.953023861050969590e-01 -7.604041599974766807e-01 -7.803875247692316774e-01 -7.748449897213167681e-01 -7.685951224928784242e-01 -7.669715741089977445e-01
-7.705186902867025012e-01 -7.599102657132564831e-01 -8.021494020807845571e-01 -7.733709970176105841e-01 -7.698905188256723875e-01 -7.694200459877007514e-01 -7.684858131752175803e-01
-7.076584884454305557e-01 -7.449287919871088182e-01 -7.843498786587447258e-01 -7.507928336781013456e-01 -7.656293162895746462e-01 -7.699696652014061948e-01 -7.690114282187865413e-01
-6.864703168536121503e-01 -7.349527028402046414e-01 -8.114751224590005529e-01 -7.670034529096292353e-01 -7.633725589754211116e-01 -7.646247795193835683e-01 -7.696211038974509755e-01
-7.578415924168899753e-01 -6.680226946373634123e-01 -7.021966747549082122e-01 -7.393484622591517397e-01 -7.616630958081351821e-01 -7.691398836981904186e-01 -7.686901942635908647e-01
-6.806397463779418899e-01 -7.058236185018441633e-01 -7.652229496655540419e-01 -7.570105839089286137e-01 -7.667884234858083348e-01 -7.655667590100164732e-01 -7.649492099252146460e-01
-7.537998247377550864e-01 -7.313773929925839745e-01 -8.271570713645769457e-01 -7.946589086752333664e-01 -7.780081250782718838e-01 -7.660378720982492506e-01 -7.700057700580553721e-01
-7.688982287151401307e-01 -8.165058178945092671e-01 -7.726767744031524110e-01 -7.661788430137399519e-01 -7.641846650183740097e-01 -7.772404976052371683e-01 -7.701020499566453292e-01
-5.957762699796362860e-01 -6.991303235933650218e-01 -7.337276402784776996e-01 -7.707588451845803768e-01 -7.713154998931468498e-01 -7.722714012964558838e-01 -7.717252988097397237e-01
