(-0.7493142405160524+0j)
-6.958867658630726316e-01 -7.317393859429583980e-01 -7.206206770237917336e-01 -7.274125600300557215e-01 -7.395861339902344289e-01 -7.509547264421541080e-01 -7.515840009992643678e-01
-7.299509249331934679e-01 -7.815757639213984920e-01 -7.748571146572501567e-01 -7.649519386579385349e-01 -7.578480264443188119e-01 -7.557642951060004055e-01 -7.511489830198871953e-01
-7.498772299224836235e-01 -7.890366301833739993e-01 -7.390407407451908828e-01 -7.375431762949191672e-01 -7.450451333102039442e-01 -7.437702250337049348e-01 -7.479715141660121525e-01
-6.928772264445304252e-01 -7.028473970973815321e-01 -7.453213340233042494e-01 -7.658264826981794338e-01 -7.609852040235089987e-01 -7.505459645017367176e-01 -7.489029249542409339e-01
-6.520816280655747921e-01 -7.564829056411102037e-01 -7.621956981133171105e-01 -7.441856728989293401e-01 -7.507369196231927777e-01 -7.536523142120326035e-01 -7.505941015497248348e-01
-6.684599326781766049e-01 -7.259749937433085387e-01 -7.162928228903573391e-01 -7.301978359979135469e-01 -7.419615672307657839e-01 -7.471201408081684647e-01 -7.463484127130546320e-01
-6.482920999465815459e-01 -7.273081633791471656e-01 -8.136259269975230080e-01 -7.581669718766244070e-01 -7.618561955190465973e-01 -7.535803950983149813e-01 -7.533914643681991485e-01
-6.495972302403821841e-01 -6.903173789457612841e-01 -7.482212138025705617e-01 -7.501439556286693122e-01 -7.357543446223718808e-01 -7.462171619252422339e-01 -7.462494418673111252e-01
-6.569973048968285045e-01 -6.933385985805496921e-01 -7.444553998291323360e-01 -7.142063375050300422e-01 -7.405360007145193046e-01 -7.427177915868845570e-01 -7.428425998736774005e-01
-5.909689280568395375e-01 -6.505263636243971970e-01 -6.568520036079910085e-01 -7.466942704458170432e-01 -7.428839841339669459e-01 -7.520431056704967032e-01 -7.507758494834405605e-01
-7.638145942993954662e-01 -7.733132271726592677e-01 -7.182275436241549738e-01 -7.441612306596514514e-01 -7.486466832547451489e-01 -7.480335451285466952e-01 -7.453719997283370091e-01
-6.159517190786701901e-01 -6.995636192189786939e-01 -7.152937667218304263e-01 -7.186392255940672324e-01 -7.428078638243567067e-01 -7.446293643136063789e-01 -7.509560199494129673e-01
-6.644060301031505800e-01 -7.360191064822695362e-01 -7.810879802082691947e-01 -7.197430709676281291e-01 -7.462524869748095036e-01 -7.437255186531777085e-01 -7.463791184987836891e-01
-6.393932396876750301e-01 -6.491713271579191424e-01 -7.351531815633096656e-01 -7.535221651301102774e-01 -7.450099930644595858e-01 -7.457591167583677016e-01 -7.496342014120658259e-01
-6.723547598733892183e-01 -6.836255419545109735e-01 -7.578455768414695815e-01 -7.526451271663383569e-01 -7.451016944379056373e-01 -7.575771875988572823e-01 -7.523013390942543399e-01
-6.864497195362010418e-01 -7.620230354093064928e-01 -7.735758509567689511e-01 -7.543756648075412574e-01 -7.558355547993891310e-01 -7.549713625780594128e-01 -7.507498395211990028e-01
-5.940286539996071369e-01 -7.011336645714352223e-01 -7.488470682397749822e-01 -7.389206031203778835e-01 -7.483796203238888278e-01 -7.482135376294094531e-01 -7.480151055086916578e-01
-7.413390392386982608e-01 -7.614476724961285470e-01 -7.481668074644860500e-01 -7.655564647017184532e-01 -7.486517824426119905e-01 -7.516590325643355275e-01 -7.524599674036951402e-01
-7.081953024431812960e-01 -7.242832994369325927e-01 -7.647015263868862656e-01 -7.499669694292285804e-01 -7.688104512586337869e-01 -7.540324383790868445e-01 -7.502540069788335986e-01
-6.322074977355832681e-01 -7.540511963793462558e-01 -7.253042113904765165e-01 -7.470088734164439526e-01 -7.451420438479616770e-01 -7.420461858677410705e-01 -7.467175628950351030e-01
-6.512095653219492908e-01 -7.157216558282567531e-01 -7.734123932663110601e-01 -7.693834530908362224e-01 -7.608814787692332882e-01 -7.517575858136607003e-01 -7.480734683260454876e-01
-6.551757574490132408e-01 -7.704842498666447659e-01 -7.601154468430149080e-01 -7.600223049577158330e-01 -7.682472422551861468e-01 -7.470051084625519700e-01 -7.486348148726419405e-01
-5.560901026826758908e-01 -7.118557338113054023e-01 -7.234381235554021572e-01 -7.442558988370109319e-01 -7.468512545631822430e-01 -7.491096244037002139e-01 -7.504824190813266238e-01
-6.635565104751439680e-01 -7.759944539828130816e-01 -7.447309170262960132e-01 -7.498238903756117013e-01 -7.522987904160584050e-01 -7.531433720058771097e-01 -7.489283707339673413e-01
-7.178802076409633859e-01 -7.724023593245176178e-01 -7.863223273657248269e-01 -7.445575438361220488e-01 -7.593446893369006911e-01 -7.473092806938625987e-01 -7.483656141798609163e-01
-7.169062961594072636e-01 -7.478454318952021396e-01 -7.228374904644945254e-01 -7.236710842323720305e-01 -7.451462833114926854e-01 -7.443674818741885524e-01 -7.492660668204207397e-01
-6.589202635924803486e-01 -7.705798250590449872e-01 -7.693305732320685486e-01 -7.417402773502888014e-01 -7.477714180809824640e-01 -7.520087257526644198e-01 -7.517497595392812482e-01
-6.145976187386132938e-01 -6.567410758772918022e-01 -7.148069233313653070e-01 -7.338073766758660410e-01 -7.371326713106368667e-01 -7.453089197161608670e-01 -7.494461845934520250e-01
-6.331154869211832459e-01 -6.967723895919260002e-01 -7.818964274062298880e-01 -7.430243430902729873e-01 -7.397465739435833409e-01 -7.463146906007060988e-01 -7.476897704008673706e-01
-7.633021801565249564e-01 -6.691077652377084295e-01 -6.982480773388717310e-01 -7.438296601101348493e-01 -7.406221271714467091e-01 -7.496367372257448647e-01 -7.490919331882139875e-01
-7.503446541163428796e-01 -7.243870834621441990e-01 -7.282824104478571314e-01 -7.325859485091171797e-01 -7.483716852494826099e-01 -7.497456037534276918e-01 -7.519365491893410525e-01
-5.663400421618211000e-01 -7.571613745978289511e-01 -7.794204100901170884e-01 -7.504862889141410420e-01 -7.623107972307140434e-01 -7.516297170405499273e-01 -7.474445373370750545e-01
-7.008801168644731572e-01 -7.641271958299190592e-01 -7.908319111470640816e-01 -7.620998574449954210e-01 -7.478660230537925724e-01 -7.472227843170045070e-01 -7.467168257542844412e-01
-6.286454747303973356e-01 -7.358807235285771409e-01 -7.524145197207641189e-01 -7.704016667080128000e-01 -7.522087008846398692e-01 -7.453426045452506976e-01 -7.499861413060210369e-01
-7.469033125822144292e-01 -6.907594546405750879e-01 -7.571440599368487456e-01 -7.381335236956411139e-01 -7.500098336982397029e-01 -7.517269968346321773e-01 -7.502932708628947678e-01
-6.874204965837080739e-01 -7.084767903796264088e-01 -7.535831199522747825e-01 -7.576506031372562955e-01 -7.573359132747146116e-01 -7.559373367403847688e-01 -7.515683599784352964e-01
-6.076412137497839705e-01 -7.269683037038490170e-01 -7.550257797408868043e-01 -7.533591196106554921e-01 -7.606914833258970887e-01 -7.516650084014171451e-01 -7.472722071022648294e-01
-7.307053844023791989e-01 -7.493672592808933164e-01 -7.676713197374969155e-01 -7.810403088352699807e-01 -7.530026093999554471e-01 -7.535391275167976355e-01 -7.521145198359459050e-01
-7.079728247209320369e-01 -6.774848843246925600e-01 -6.888574882829057167e-01 -7.390081231118066363e-01 -7.342601142434680428e-01 -7.487638731554705496e-01 -7.492423602628147661e-01
-7.168143667447407497e-01 -7.051002674629027744e-01 -6.969526940915640179e-01 -7.162215038360968400e-01 -7.459454285131421614e-01 -7.511248244250126049e-01 -7.452242149564124452e-01
-7.410687443885475290e-01 -7.484996688764888884e-01 -7.433683399120446511e-01 -7.254252886743969286e-01 -7.432503879769500887e-01 -7.496966661627582074e-01 -7.530438132301090493e-01
-8.008431584023719685e-01 -7.577736514520910793e-01 -7.513948942455732638e-01 -7.313938210360352299e-01 -7.487331658348093111e-01 -7.578804516053940787e-01 -7.513112399007926268e-01
-6.084375458941837511e-01 -6.133926521311818814e-01 -7.311739453517794862e-01 -7.713915607002905794e-01 -7.613270114803514232e-01 -7.569563911407444223e-01 -7.539483558667008367e-01
-7.446545803884794257e-01 -7.011142629648482449e-01 -7.246795076925978130e-01 -7.321085496053419961e-01 -7.546441716596887783e-01 -7.497062466818618098e-01 -7.508078564651372577e-01
-7.438513683439296198e-01 -7.827245168042911150e-01 -7.536717702225474991e-01 -7.518855732237883505e-01 -7.498250523428053871e-01 -7.459945570391601777e-01 -7.473891737216638020e-01
-7.155642032507623096e-01 -6.803185638916559030e-01 -7.751157572678801788e-01 -7.612452224861612216e-01 -7.644931179783575059e-01 -7.558574759954992395e-01 -7.476684634399306528e-01
-7.204714023649696486e-01 -7.301790725335042254e-01 -7.905926338300821588e-01 -7.563521256585237218e-01 -7.623213760913933879e-01 -7.482315124375813475e-01 -7.502925938770479419e-01
-6.387250831627018233e-01 -7.524193530721705603e-01 -7.958424664840448859e-01 -7.746956393031994015e-01 -7.562907068533856192e-01 -7.501521853990952282e-01 -7.548379417584157869e-01
-6.740559302127260288e-01 -8.119188059220600051e-01 -7.994512840306641221e-01 -7.265568346285693480e-01 -7.462175885078540238e-01 -7.553370663543068630e-01 -7.507418694402681059e-01
-7.231164778267157311e-01 -7.203907891436382993e-01 -7.559448432848578925e-01 -7.724634796776612689e-01 -7.632864814990635294e-01 -7.490217239230666513e-01 -7.445875065407567828e-01
