(-0.7493142405160524+0j)
-8.950194666052079251e-01 -7.255880952793467564e-01 -6.843014528140924924e-01 -7.949254339700905225e-01 -7.438835253510029943e-01 -7.510954297418601655e-01 -7.534569854650043919e-01
-9.640473036043357702e-01 -6.262614270610014078e-01 -7.191046548259538707e-01 -7.602686464032162306e-01 -7.465480143190045270e-01 -7.549075934817569555e-01 -7.447923941188554497e-01
-8.555564064424073800e-01 -7.612944794854044073e-01 -7.654335935527180057e-01 -7.524436931166573750e-01 -7.497129836187848007e-01 -7.312822759452908272e-01 -7.514944416680097161e-01
-9.827474372516876722e-01 -8.464441052984218450e-01 -7.224630412758725750e-01 -6.715087691601812070e-01 -7.302740360041366507e-01 -7.384585142269735059e-01 -7.458703701289642884e-01
-8.987841786522809961e-01 -7.388067229802490754e-01 -6.944463466090285975e-01 -7.625813491459003668e-01 -7.617175618594087538e-01 -7.465047789341083817e-01 -7.558303473769258929e-01
-8.991381964754645573e-01 -8.050061917673250189e-01 -7.060305126958488220e-01 -7.485781025475132244e-01 -7.486012640669422735e-01 -7.521363097611797333e-01 -7.497514680816255161e-01
-9.471282659768027745e-01 -7.703641335817805746e-01 -6.617123304929761751e-01 -8.061732643489107897e-01 -7.778904238114763281e-01 -7.564011566876449599e-01 -7.486920159553107634e-01
-8.049517399674037677e-01 -7.505709543685152862e-01 -6.644115430011425794e-01 -7.262897179408009940e-01 -7.362690894068636416e-01 -7.521083214881590928e-01 -7.503404722853503905e-01
-9.478701068221793147e-01 -6.557382601772870911e-01 -6.754598633796133900e-01 -7.443864937543012150e-01 -7.379646877790340120e-01 -7.373898661773599095e-01 -7.552830344037477772e-01
-6.728583628065599731e-01 -6.912194428230420407e-01 -7.205678304296028180e-01 -7.760959500789756937e-01 -7.468930791226439103e-01 -7.659130367747857271e-01 -7.505009977089296402e-01
-8.092608462628794186e-01 -6.516530163802150000e-01 -7.301175138185238556e-01 -7.410301037318220985e-01 -7.312199521748353748e-01 -7.437859174907275328e-01 -7.449836514954115696e-01
-8.808349556700415528e-01 -6.052749176010686627e-01 -6.638170898207471637e-01 -7.558128284813299125e-01 -7.368522576586867823e-01 -7.420582168619684893e-01 -7.497738992218720977e-01
-9.131410923407109470e-01 -8.225795702935412290e-01 -7.325729686751202285e-01 -6.501732163321201075e-01 -7.397058095982633752e-01 -7.523280479441267765e-01 -7.531826554110063743e-01
-8.341371653107809703e-01 -6.389000991994981948e-01 -6.753916871835762281e-01 -7.348503851386449792e-01 -7.518672518091844559e-01 -7.566422382263856550e-01 -7.478426157919384476e-01
-8.991381964754645573e-01 -6.954090530374101853e-01 -7.021002192570724443e-01 -7.221147760402226723e-01 -7.412155300446374717e-01 -7.663668930925920941e-01 -7.477219746293171099e-01
-7.834163622831697982e-01 -7.094915452433829817e-01 -7.992492984748608142e-01 -7.519195052131515400e-01 -7.580395882019497211e-01 -7.650286679265315692e-01 -7.475657901330486910e-01
-6.966883763158047138e-01 -6.841508374996507769e-01 -7.327079256698317833e-01 -7.365762649514966398e-01 -7.362005952269338183e-01 -7.364192940634242124e-01 -7.468741492418106143e-01
-7.996136901969569388e-01 -5.952319093793414506e-01 -7.106537688795542262e-01 -7.360903809425608513e-01 -7.592052010779312132e-01 -7.609944963004529050e-01 -7.475118980839351446e-01
-7.695260455283191581e-01 -7.233534208965810564e-01 -7.162786239958598422e-01 -7.302517479406449574e-01 -7.614291567189852561e-01 -7.596294555629091727e-01 -7.507729538628593602e-01
-9.040332368526874385e-01 -7.359935451924080052e-01 -7.571985976623233361e-01 -7.440112992983169971e-01 -7.978709647038205732e-01 -7.535589278478321829e-01 -7.606193809338328560e-01
-8.866582989550548799e-01 -7.232058818336499773e-01 -7.291548208494800232e-01 -7.995241228170487657e-01 -7.525355956319630391e-01 -7.353545256526943241e-01 -7.446682922542608996e-01
-9.088081779087989753e-01 -5.770809087931996206e-01 -7.181784810659396223e-01 -7.668917030992938866e-01 -7.384319768920709626e-01 -7.504049459992441218e-01 -7.429944341707955813e-01
-8.824576660173969467e-01 -6.530593496242487195e-01 -7.426658048862898598e-01 -7.395258294851851932e-01 -7.617343882655089882e-01 -7.472593166066963111e-01 -7.450025159406699071e-01
-9.051675569123195375e-01 -6.955369776014601602e-01 -7.632391831934181026e-01 -7.111435928675453599e-01 -7.238693580280477491e-01 -7.547549237588181414e-01 -7.421513914992508010e-01
-8.648550649935304868e-01 -8.193477311942599650e-01 -7.246489173436030384e-01 -7.011817551896725176e-01 -7.457267594370399211e-01 -7.525114480909207426e-01 -7.524875176294018031e-01
-9.214765516845733195e-01 -7.343397281212415972e-01 -6.678808814777756897e-01 -7.711095135056722505e-01 -7.434495798089177931e-01 -7.666200866787257207e-01 -7.458850616239456333e-01
-1.009789365233107361e+00 -8.396344775618125311e-01 -7.636729344207068282e-01 -7.574639607272621866e-01 -7.387197078257542460e-01 -7.603402299762083150e-01 -7.501028955567702328e-01
-8.123976508561417953e-01 -7.670330369072418941e-01 -7.148891833460094825e-01 -7.372767524386807381e-01 -7.333504828482844129e-01 -7.543635192776678711e-01 -7.526650913727279679e-01
-9.082961428268099269e-01 -7.481435307163428750e-01 -7.356403763394612216e-01 -7.779695037361189502e-01 -7.444280006949918205e-01 -7.440120585665082054e-01 -7.528186089429960148e-01
-7.990922902115237259e-01 -8.195670229222925540e-01 -7.489835845355606869e-01 -7.299342580482376386e-01 -7.599993698201046310e-01 -7.381806955289742511e-01 -7.543350656944050048e-01
-8.690037755904608252e-01 -8.173482885469841586e-01 -7.172896807517762374e-01 -7.266227440550716565e-01 -7.564521746121106727e-01 -7.513168513688666117e-01 -7.578900496479885618e-01
-9.825395876802375250e-01 -7.181523365148660965e-01 -7.886640558063371387e-01 -7.562313348933686896e-01 -7.621407476734277653e-01 -7.471970552143798461e-01 -7.453741058990939194e-01
-8.176321441890190833e-01 -7.914299097171336728e-01 -7.486871972400721553e-01 -7.460383049140308920e-01 -7.525756754552442862e-01 -7.598298050455128960e-01 -7.480932396400410411e-01
-8.156043207356105107e-01 -7.494716725707779581e-01 -7.531518527088014725e-01 -7.499472539534957072e-01 -7.936347880287389911e-01 -7.522814982550741769e-01 -7.429175464835006126e-01
-8.342186960175950183e-01 -7.248497493612091613e-01 -7.300604533631116499e-01 -7.460927888772979077e-01 -7.352373396138700556e-01 -7.524712924404479697e-01 -7.422040093362335389e-01
-8.330693762573682104e-01 -6.366952354825579086e-01 -7.171438008647401663e-01 -7.414264087752958643e-01 -7.591817752762449745e-01 -7.347514098631933166e-01 -7.617433241808413413e-01
-8.511291281011639231e-01 -6.078996339400258853e-01 -7.800694101024213678e-01 -7.538808505566025886e-01 -7.442662550589054238e-01 -7.646023393881447028e-01 -7.437388767955082081e-01
-9.222333948629367617e-01 -7.799300893756342390e-01 -7.167959217369377356e-01 -7.546062675006608433e-01 -7.560476486257841078e-01 -7.467461315043637526e-01 -7.449295018017976222e-01
-6.958842350634810714e-01 -7.050779249777685553e-01 -7.380177710309848704e-01 -7.424819590899498500e-01 -7.614859922715586649e-01 -7.440126054842782777e-01 -7.501349134112340611e-01
-8.908393641387722939e-01 -6.804958901482003331e-01 -7.379615201420957060e-01 -7.706428792905729575e-01 -7.735140701025071674e-01 -7.547494031566785999e-01 -7.503200064800845670e-01
-8.025265505902383634e-01 -7.424017238391382723e-01 -6.694113562033690012e-01 -7.767329989249007749e-01 -7.600606161252468906e-01 -7.373642078550750600e-01 -7.529921061306230623e-01
-9.574107554197244241e-01 -6.924123373058901354e-01 -8.112300824912594965e-01 -7.354750979133435340e-01 -7.536690382868154181e-01 -7.534224222847261121e-01 -7.416721078161174763e-01
-9.073168486764359164e-01 -7.406078388277477220e-01 -7.840839692535117589e-01 -7.641159242967990872e-01 -7.584507427165945170e-01 -7.434175896143947471e-01 -7.494423784195183291e-01
-9.256597299209795571e-01 -7.845910879816792027e-01 -5.999897374004781181e-01 -7.598589152783401524e-01 -7.809286001161335200e-01 -7.442270883647127411e-01 -7.478767900100017352e-01
-8.456339138271211642e-01 -7.564636187475228812e-01 -7.243002503759303767e-01 -7.583776155353296744e-01 -7.366807878515326813e-01 -7.466347842683738190e-01 -7.506189253531920791e-01
-8.747181692866350389e-01 -7.835297535282700343e-01 -7.573435429213403181e-01 -7.123561690668037683e-01 -7.405692042828060373e-01 -7.443398269601689821e-01 -7.434941837584788660e-01
-8.841192349985073085e-01 -6.482123114731821456e-01 -7.910205000887460258e-01 -7.668222119848209228e-01 -7.531565972190843450e-01 -7.639458208998269884e-01 -7.484475907133765205e-01
-8.897694513663149118e-01 -6.784254600234747024e-01 -7.877624219502281644e-01 -6.950913248735859362e-01 -7.354371591406358988e-01 -7.568078248332393843e-01 -7.507438511770117007e-01
-7.313024692410713401e-01 -6.905423076229195711e-01 -6.329624542812113397e-01 -7.459726280345142513e-01 -7.520259307058269060e-01 -7.553045845036923112e-01 -7.498277501494600150e-01
-9.093763802936380980e-01 -7.188035583847744991e-01 -7.420480615648402667e-01 -7.712891914385427983e-01 -7.353385937715386511e-01 -7.527132097396747046e-01 -7.500526008282863977e-01
