(-0.7493142405160524+0j)
-8.670828332931480587e-01 -8.615314464326533361e-01 -7.907905794228508034e-01 -7.444670108114466167e-01 -7.532767872961378952e-01 -7.534302217625894471e-01 -7.545142891155069975e-01
-7.933597995991349405e-01 -6.065840184026406456e-01 -7.318516308558338235e-01 -7.653972826004146190e-01 -7.512190639348885757e-01 -7.417405174509970056e-01 -7.446850501727070304e-01
-8.914555482404754594e-01 -7.447066616545456874e-01 -7.075969493219144146e-01 -7.461056538396583226e-01 -7.586168415677236876e-01 -7.459284443911722295e-01 -7.420727396180882840e-01
-9.260812014045740614e-01 -7.479372578384254622e-01 -8.137659986580711990e-01 -7.604137265567116888e-01 -7.638168202740081014e-01 -7.417954575108811621e-01 -7.522196663856391963e-01
-6.805602587688943661e-01 -6.560231789286568027e-01 -7.516581069569688855e-01 -7.491221070527934733e-01 -7.537556767894224574e-01 -7.588551643672525326e-01 -7.552563069636080151e-01
-7.775998587742575241e-01 -7.054774733092603611e-01 -7.966076665858179418e-01 -7.589478262944489018e-01 -7.463171352926731839e-01 -7.495990932244285254e-01 -7.457337081458876860e-01
-7.618405047980822964e-01 -7.093736625971180931e-01 -7.556203018983865816e-01 -7.388429663597934072e-01 -7.428966002089474330e-01 -7.557352910882630947e-01 -7.436353102740669296e-01
-8.475963061737843418e-01 -8.479468558271400225e-01 -7.488112888914915111e-01 -7.606312864920828920e-01 -7.465158760658714421e-01 -7.531074529413694929e-01 -7.537630035033380249e-01
-9.165983215289417174e-01 -7.278046902255482786e-01 -7.908870663942766388e-01 -7.235599985808504053e-01 -7.487270371999197316e-01 -7.500194169732297134e-01 -7.509990328470013132e-01
-6.999481890692285102e-01 -8.619122235102396612e-01 -7.542878816738713965e-01 -7.348751159581298209e-01 -7.568145448963823352e-01 -7.554962300427990884e-01 -7.553358135949835850e-01
-8.509264275764817365e-01 -8.467447393930211952e-01 -7.416670652609640424e-01 -7.585388122737324323e-01 -7.419321327965093804e-01 -7.403793980678139430e-01 -7.467976966437713804e-01
-8.244551843184494411e-01 -8.339907362074105990e-01 -6.978152101719388156e-01 -7.236547669200542598e-01 -7.600368774781838255e-01 -7.511431660222305240e-01 -7.551793781631019886e-01
-9.309699617436134611e-01 -7.907441475548739884e-01 -7.530614571840301696e-01 -7.438226147167905644e-01 -7.536471997746304607e-01 -7.484103100693594302e-01 -7.464387348421692714e-01
-9.699009745922290149e-01 -8.016368847844212997e-01 -7.439255934381719948e-01 -7.469687244283941263e-01 -7.471370347475018159e-01 -7.463357321098741393e-01 -7.457338557699557668e-01
-9.056918764048925707e-01 -8.276771485403299211e-01 -7.531474911977831255e-01 -7.785669559901366998e-01 -7.446063145127074234e-01 -7.543448705305434432e-01 -7.429273236030426997e-01
-8.811899665677460636e-01 -7.602175462711777687e-01 -7.286683204314819973e-01 -7.562256156487454639e-01 -7.520669030514046671e-01 -7.515530401764363155e-01 -7.427049673392237539e-01
-8.586108138323883532e-01 -7.136268285777040976e-01 -7.859898755515706270e-01 -7.354730994835516622e-01 -7.545579270951021655e-01 -7.588349428559778564e-01 -7.522183473286445654e-01
-7.704563350686030043e-01 -7.286745316301735942e-01 -7.465511544389700216e-01 -7.549968031494176390e-01 -7.514134229861240133e-01 -7.561182937608461607e-01 -7.487992542919434946e-01
-8.605447642945972531e-01 -6.732040683177540341e-01 -7.928510765679761541e-01 -7.475671636444890522e-01 -7.606270535277650513e-01 -7.383386695722797821e-01 -7.482765486217255457e-01
-7.265247685067293126e-01 -7.094361842718852618e-01 -7.283717722909406334e-01 -7.279223492691582198e-01 -7.572723637091441917e-01 -7.471305034005903956e-01 -7.474008037906882951e-01
-8.611823518008183687e-01 -7.634486257298070955e-01 -7.056928252217815611e-01 -7.462272705972017306e-01 -7.525419896534056852e-01 -7.667560905394187332e-01 -7.361647447110490905e-01
-8.951527115108176558e-01 -7.560109695970221866e-01 -7.397206764269147472e-01 -7.415929622847542424e-01 -7.397747276223642920e-01 -7.597592611967400877e-01 -7.526781739800438853e-01
-9.108798215320030867e-01 -6.353472626348908303e-01 -7.224108073318076251e-01 -7.399445698501023738e-01 -7.431831064399841980e-01 -7.466814238715333563e-01 -7.549188143182791189e-01
-7.778801126602755689e-01 -7.310572929348032600e-01 -7.841819290022297162e-01 -7.539274188205506988e-01 -7.469290506551125031e-01 -7.544942983670812620e-01 -7.446072554050369163e-01
-7.350936162418453268e-01 -7.490363078235650063e-01 -7.465962222040369856e-01 -7.380702727772557870e-01 -7.452631641023619302e-01 -7.480435557836055960e-01 -7.474032501648324445e-01
-8.323810015258007455e-01 -7.819034177305413946e-01 -7.253521523225188172e-01 -7.812741470117415821e-01 -7.560580867670054772e-01 -7.602926767650635131e-01 -7.512198734638491082e-01
-9.527085623160743699e-01 -8.379152524737809582e-01 -8.043918032515374739e-01 -7.324097874927726348e-01 -7.514361331533985222e-01 -7.502729287301563854e-01 -7.518283317009453182e-01
-8.553002150120514457e-01 -7.497028286356887117e-01 -7.581656018505225081e-01 -7.483203432902897356e-01 -7.450031802110008705e-01 -7.517125828982060831e-01 -7.600401516600616691e-01
-5.591284882026321679e-01 -7.248690173440733853e-01 -6.909533351896656184e-01 -7.513072365159187971e-01 -7.407163235505282994e-01 -7.491923858280488124e-01 -7.479809882985322123e-01
-9.154069806166740264e-01 -7.063645765207329230e-01 -7.445625675574658597e-01 -7.695029011520775342e-01 -7.304355727212433758e-01 -7.476892819522694689e-01 -7.568688077570676631e-01
-6.283210119677133942e-01 -7.645985293243637848e-01 -7.318381799564172008e-01 -7.482910014007820854e-01 -7.597290494642714442e-01 -7.408505221919139405e-01 -7.529587044869338053e-01
-6.583334925145973848e-01 -7.440720010579058297e-01 -8.005151264867993444e-01 -7.512297445914424276e-01 -7.519858290202920958e-01 -7.454085325908672566e-01 -7.473864356229711348e-01
-9.343257147786923067e-01 -8.105002527648499377e-01 -7.917652311922260822e-01 -7.475369869907416698e-01 -7.504983153570050636e-01 -7.604805668364954530e-01 -7.449007107125483751e-01
-7.965756336325598985e-01 -7.065223029110944131e-01 -7.819966707187553379e-01 -7.902792896093668862e-01 -7.507801907109834527e-01 -7.602516827153393830e-01 -7.592037473004611403e-01
-9.266241629569366145e-01 -7.459281169605536110e-01 -7.722502823898638180e-01 -7.331321507082756428e-01 -7.652461513188626441e-01 -7.529333101667263772e-01 -7.458015907223434215e-01
-6.976013834611816122e-01 -7.507759666929405551e-01 -6.928208797484469716e-01 -7.534439803595408547e-01 -7.486579249335230113e-01 -7.447158778228462062e-01 -7.489653009363528291e-01
-7.582201034997766431e-01 -7.683378996992794585e-01 -7.455890599640012661e-01 -7.320408052793515585e-01 -7.421021570357129171e-01 -7.445192416473597197e-01 -7.511459083487117550e-01
-7.952348724592331886e-01 -7.892859693515755781e-01 -7.360193493483312421e-01 -7.377460994703112229e-01 -7.457015978735517248e-01 -7.499253334355204803e-01 -7.536719364338237970e-01
-8.821948083006883046e-01 -8.076496563033476184e-01 -7.478473738350164268e-01 -7.602356653123544250e-01 -7.522431324767013816e-01 -7.505124855314009302e-01 -7.568662519846520720e-01
-7.910112764209471514e-01 -7.360369268844730861e-01 -7.405542124843224050e-01 -7.368119562794771538e-01 -7.461986076519213640e-01 -7.415062420933971055e-01 -7.508576452337789586e-01
-6.985265608435021756e-01 -7.142776793117830980e-01 -7.081357182570766629e-01 -7.641553757044923234e-01 -7.455631706655213575e-01 -7.390366248684435702e-01 -7.452573821456316416e-01
-8.535728892099380127e-01 -6.376149083979589793e-01 -7.584394251273518517e-01 -7.328240245639456862e-01 -7.450744670224347388e-01 -7.455283537241768066e-01 -7.535830032499745146e-01
-7.943786650093688229e-01 -8.277010663264783297e-01 -7.449366016588769845e-01 -7.583406869079744039e-01 -7.548902600455480449e-01 -7.506500607132994274e-01 -7.461918920488024298e-01
-8.982830163126991341e-01 -7.878170197496309202e-01 -7.418048294121122321e-01 -7.439591207994332711e-01 -7.383859583470266941e-01 -7.409741964301050920e-01 -7.464148818897707871e-01
-7.957855947179504064e-01 -7.778379739430362205e-01 -7.460135216495604737e-01 -7.565558563927935465e-01 -7.616023068518005257e-01 -7.521086139915131863e-01 -7.298584432471804107e-01
-8.060432896381137802e-01 -7.373972214065347419e-01 -7.527412234604273777e-01 -7.284278131160693004e-01 -7.449525891780321984e-01 -7.440327725286306482e-01 -7.540685449120473338e-01
-8.896542385097886418e-01 -7.251915946577067729e-01 -7.086220400267966291e-01 -7.434911255573556366e-01 -7.342277982051605978e-01 -7.554612871554136078e-01 -7.400373526634494992e-01
-7.930846442864358803e-01 -7.546799068580771763e-01 -7.875148238579293691e-01 -7.288415392837659379e-01 -7.513258190935366843e-01 -7.496664220979211146e-01 -7.503065910594340915e-01
-8.688342667400589248e-01 -7.937805212675116406e-01 -7.633234133657091913e-01 -7.552675438743123859e-01 -7.577802887269118326e-01 -7.557056534686772409e-01 -7.520288824481644596e-01
-9.023139097254403440e-01 -7.315241000747094713e-01 -6.616421410465985753e-01 -7.553219290344266312e-01 -7.533064630134832518e-01 -7.486291740314772181e-01 -7.400684235434460412e-01
