(-0.7393280742094857+0j)
-6.663466376358543330e-01 -8.162444546956123537e-01 -7.186940053170449705e-01 -7.434318016238979920e-01 -7.508117882550899846e-01 -7.379896756979723582e-01 -7.435559020905990746e-01
-7.988646015463436445e-01 -7.356881796541325791e-01 -7.095859193743465632e-01 -7.423550159241303348e-01 -7.336921555420361507e-01 -7.368950955083550802e-01 -7.403698369147024838e-01
-5.891485309279117510e-01 -6.682587971504112545e-01 -7.145996111344536939e-01 -7.306785947029847961e-01 -7.286942632534831876e-01 -7.367568423447654613e-01 -7.358110608348193971e-01
-5.476499816591670067e-01 -7.442309981582810874e-01 -7.504511843114056724e-01 -7.447731648117702496e-01 -7.434327651948260396e-01 -7.372458053999735306e-01 -7.374003712633022678e-01
-8.905346838586708502e-01 -6.774495879428712453e-01 -6.942666299192929991e-01 -7.497409264427946640e-01 -7.532129753241296743e-01 -7.413427908380075815e-01 -7.409221616362104967e-01
-6.048100824731119651e-01 -7.523076040926973684e-01 -7.318337088389632594e-01 -7.394951003871925721e-01 -7.315762225110907790e-01 -7.335564356801365093e-01 -7.383359721065719805e-01
-8.664344892983102397e-01 -7.511212868425780620e-01 -7.336441532926892828e-01 -7.157370430834167907e-01 -7.487971742660963770e-01 -7.416354351078002782e-01 -7.356426676496099493e-01
-7.179681934500590224e-01 -7.643176813299441541e-01 -6.760625725276044884e-01 -7.488846362905945409e-01 -7.356850733774711326e-01 -7.319883492515900647e-01 -7.381717037032966555e-01
-7.930847172542793144e-01 -8.093468919280086826e-01 -7.091854434790005879e-01 -7.233177632284258918e-01 -7.400791072229616629e-01 -7.412453870823825230e-01 -7.346650705071610110e-01
-7.589429303882130329e-01 -8.108726917541264623e-01 -7.179431950690680075e-01 -7.655930928722712858e-01 -7.359936808927083352e-01 -7.546091378687858064e-01 -7.346115960192459715e-01
-6.880134169166479685e-01 -7.497833257791197692e-01 -6.857434915865435743e-01 -7.449283288535433201e-01 -7.472169362252889524e-01 -7.341275954063586351e-01 -7.447023645587456109e-01
-8.003490890859246143e-01 -7.446764386344386644e-01 -7.633963753767909477e-01 -7.572714990037683336e-01 -7.566590059453417449e-01 -7.525559063664370996e-01 -7.365969670597336538e-01
-7.584349106308477806e-01 -7.544808048420883484e-01 -7.576335370117572854e-01 -7.361387353650806764e-01 -7.391639479800630186e-01 -7.385422584352054898e-01 -7.371872466631226306e-01
-6.592663460458120239e-01 -8.416271243084021414e-01 -7.370996297802147046e-01 -7.618251614417339557e-01 -7.406195899663505777e-01 -7.397670251033039435e-01 -7.428526589049538886e-01
-7.864161906274930169e-01 -7.400857499240648396e-01 -6.931089854079561796e-01 -7.353502987859175111e-01 -7.358772933743658040e-01 -7.341232240741581982e-01 -7.398100509796915469e-01
-7.657801728086901516e-01 -8.030921277480133069e-01 -7.660479701230897831e-01 -7.224640994048139309e-01 -7.341009487588611160e-01 -7.462722984291667583e-01 -7.418640414610355727e-01
-7.791130800093974962e-01 -6.026516770938895595e-01 -7.412226724367267927e-01 -7.590236381721240377e-01 -7.349569294986708634e-01 -7.387588262427611241e-01 -7.380525541414787449e-01
-4.387089833307163955e-01 -8.245294861133998232e-01 -7.227211546379942453e-01 -7.290183869490842739e-01 -7.484074257990068757e-01 -7.342606895215706420e-01 -7.411738872368479614e-01
-7.777362410202739440e-01 -7.203996792214614198e-01 -7.005325037252199127e-01 -7.432967956326925751e-01 -7.482250836054367138e-01 -7.357245107394962957e-01 -7.430457290325520603e-01
-8.515174752066085873e-01 -7.140503974949281574e-01 -7.404636900779572040e-01 -7.545006830989821056e-01 -7.463393067141865789e-01 -7.365008411526309251e-01 -7.411986217741235450e-01
-5.508695735417304951e-01 -8.108308409807818418e-01 -7.511750881414455128e-01 -7.563754390053682997e-01 -7.283952054939559773e-01 -7.400401307501143222e-01 -7.401339334750174359e-01
-7.287059188184152880e-01 -8.012908740967634724e-01 -7.308464002419921002e-01 -7.667002004788592284e-01 -7.257983480693983580e-01 -7.408169006633390508e-01 -7.416156839129306455e-01
-7.624496486152080310e-01 -7.063410849326947627e-01 -6.814295965138863487e-01 -7.271580908464643223e-01 -7.390715086936148204e-01 -7.321331758224198794e-01 -7.415222256047268035e-01
-8.404107481834265370e-01 -7.905090468909610202e-01 -7.475280708671747654e-01 -7.483162926492862299e-01 -7.321211439787209674e-01 -7.450197812202680181e-01 -7.424053546246462965e-01
-8.751787017709334870e-01 -8.161387961307875472e-01 -7.434634714822504487e-01 -7.099496639309357260e-01 -7.478004114095651023e-01 -7.392880155348394711e-01 -7.362245076515282483e-01
-7.612556255150707551e-01 -6.657705054984661697e-01 -7.230897675139600356e-01 -7.554555478436726368e-01 -7.300775146314768538e-01 -7.346312698740280478e-01 -7.405312409819678754e-01
-7.467816351475200509e-01 -6.670299323848329909e-01 -7.403276642836951194e-01 -7.203667169604456300e-01 -7.444651949109323263e-01 -7.391077788360382872e-01 -7.361194165183211346e-01
-6.737042058719967530e-01 -7.296773005399734835e-01 -7.527077096805122602e-01 -7.742684775567914013e-01 -7.494922381931318212e-01 -7.321159803499599494e-01 -7.406262984294667007e-01
-6.851409009684025220e-01 -9.186934458393214431e-01 -8.101072502132786735e-01 -7.266218806527560137e-01 -7.447975045554920959e-01 -7.362393269375708815e-01 -7.408748903983648493e-01
-6.971777628410694705e-01 -7.022882339913338878e-01 -7.566902127261248001e-01 -7.580261146973457098e-01 -7.460325935670405473e-01 -7.397066646244807586e-01 -7.396567749575323480e-01
-8.998322822015369926e-01 -7.883801041155946709e-01 -7.570274656190253415e-01 -7.394129811536659380e-01 -7.378699167468578679e-01 -7.310080466072704786e-01 -7.407454568865021738e-01
-7.660841053438884884e-01 -8.213420002596993896e-01 -7.403998527006531161e-01 -7.397913809138001451e-01 -7.364190478779554239e-01 -7.421261780844393696e-01 -7.375288463626401558e-01
-9.351615484522491917e-01 -6.694440104271721648e-01 -7.358518298709351146e-01 -7.341117187586398973e-01 -7.352176488219991368e-01 -7.421705443187882612e-01 -7.397744307214874082e-01
-5.458827987021074302e-01 -7.917793559792069003e-01 -7.386082376370182168e-01 -7.484400029332917148e-01 -7.407434004273473205e-01 -7.331652212017508718e-01 -7.378926428912606639e-01
-8.102433823503366606e-01 -7.490683855859388007e-01 -7.713911278058006582e-01 -7.555365512697262975e-01 -7.465508496694176488e-01 -7.396428431461194997e-01 -7.374381349504637306e-01
-7.047066001853039552e-01 -8.105911141184649615e-01 -7.510062196269656765e-01 -7.317698530562355419e-01 -7.412888071204746243e-01 -7.363277719039067470e-01 -7.392858702431965856e-01
-7.597500699742992802e-01 -7.415909523867044717e-01 -7.678252279871354835e-01 -7.524360035048396345e-01 -7.376160731340677401e-01 -7.410697384847957370e-01 -7.365719968210651114e-01
-6.383973160996393448e-01 -8.020859081165210291e-01 -8.031941389289787292e-01 -7.343416257256714097e-01 -7.299210494010229811e-01 -7.369791665997269536e-01 -7.388176171664857517e-01
-6.688975012862536929e-01 -7.788116838164788058e-01 -7.598000083333139587e-01 -7.511581736135406473e-01 -7.447197637949183324e-01 -7.425370782749008969e-01 -7.417846564410149890e-01
-6.778887242336184560e-01 -8.163105449335996688e-01 -7.466883585342781737e-01 -7.167492224984595151e-01 -7.418596491695503836e-01 -7.309667672352828660e-01 -7.405715400761311296e-01
-8.431103662852006408e-01 -8.063981638527746298e-01 -7.324291671834083362e-01 -7.269480975990779692e-01 -7.381482326997852450e-01 -7.367147239275715354e-01 -7.388241100501158343e-01
-6.126434481147254862e-01 -7.521760072559027233e-01 -7.291938235809525271e-01 -7.275500332284050575e-01 -7.272424424639943874e-01 -7.367259746856468228e-01 -7.406586251647064856e-01
-7.313063327496099886e-01 -7.616453023072990991e-01 -7.109745672666581973e-01 -7.560356135872071670e-01 -7.551390648045780418e-01 -7.387568795858234783e-01 -7.400753437445053429e-01
-7.943522994767240331e-01 -7.240991707528680044e-01 -7.107446292889854078e-01 -7.289531562745064086e-01 -7.291132920914640270e-01 -7.508028307909820898e-01 -7.349892867782503725e-01
-7.469681502526288597e-01 -6.983448002322620862e-01 -7.179127377785365915e-01 -7.517049409148831574e-01 -7.290488052031014465e-01 -7.398455533475831736e-01 -7.352091987704663101e-01
-8.380050329173109880e-01 -6.155580687984176791e-01 -7.844744041170730320e-01 -7.115044043667668738e-01 -7.477341485303687918e-01 -7.372826473106404155e-01 -7.372303647952016536e-01
-7.018965346439570707e-01 -7.021172285014133374e-01 -7.456313071017759420e-01 -7.521915290181351299e-01 -7.442873950941926164e-01 -7.422949793012156849e-01 -7.423056151948816961e-01
-7.420949125626364884e-01 -6.908010417673418058e-01 -7.067912217925990115e-01 -7.067063500028971657e-01 -7.470381650330557566e-01 -7.403871613795802720e-01 -7.401530859613096869e-01
-6.655530084776616340e-01 -7.724123690487367799e-01 -7.644209881037765664e-01 -7.361819469920792836e-01 -7.414468299124047368e-01 -7.316344781184299650e-01 -7.346473910960602538e-01
-8.396303848186634777e-01 -8.250703667637996341e-01 -7.461084258919945533e-01 -7.429114560113088128e-01 -7.473353397659960873e-01 -7.382569633490871919e-01 -7.406524503131400872e-01
