(-0.7393280742094857+0j)
-7.594730096797082108e-01 -6.824203785173326153e-01 -7.130602692706979884e-01 -7.014420049324646689e-01 -7.286928995243501239e-01 -7.343666703626378078e-01 -7.398774826830207818e-01
-6.620077413195702976e-01 -6.467885566851147017e-01 -7.208232930892619628e-01 -7.032295490118263270e-01 -7.336716687461130038e-01 -7.425248268402893093e-01 -7.398335922453762592e-01
-6.514029149046034473e-01 -6.433107522734845540e-01 -7.135800740005182607e-01 -7.169265673257484428e-01 -7.189953460875474489e-01 -7.428584348317754937e-01 -7.412748665384971680e-01
-5.412914116778384521e-01 -6.429933991493986811e-01 -7.190721235598729333e-01 -7.536329149661983307e-01 -7.478173876433813483e-01 -7.404294165489436752e-01 -7.400339325128739709e-01
-6.728086747082689945e-01 -7.241611514548971229e-01 -7.277615968515125378e-01 -7.509554826108082448e-01 -7.517045398867675532e-01 -7.369373136104557798e-01 -7.373990147621661828e-01
-5.382397599900627938e-01 -7.098149144700856006e-01 -7.896571915886022586e-01 -7.342337012765216553e-01 -7.488857460250832876e-01 -7.409104928307818083e-01 -7.418561410805235568e-01
-5.264895394448398935e-01 -6.617889872058708711e-01 -7.551594651490076693e-01 -7.438025989604795107e-01 -7.372336434605891720e-01 -7.376633711997628851e-01 -7.367545159125585830e-01
-6.392649672577446207e-01 -6.612842491654885579e-01 -7.165954142081671918e-01 -7.395264406121377920e-01 -7.348230886308313448e-01 -7.371814519599522164e-01 -7.374138631028892554e-01
-6.270780155355182295e-01 -6.664686884897900176e-01 -7.575716318506016123e-01 -7.343836192775905491e-01 -7.413307623323717177e-01 -7.360998061200747511e-01 -7.394936844968363898e-01
-7.977367230549332611e-01 -7.024935150515889681e-01 -7.028790576595193018e-01 -7.284511692258262006e-01 -7.420822318047834987e-01 -7.379634863948261181e-01 -7.353108564507964129e-01
-6.754299075201833924e-01 -7.722990506920077713e-01 -7.899402514252085172e-01 -7.553989569145189709e-01 -7.427591508950749377e-01 -7.395779592551214865e-01 -7.386880510049020909e-01
-7.456071303726738986e-01 -7.689995368064842518e-01 -7.485776451737768955e-01 -7.204797052595184326e-01 -7.374788672409440249e-01 -7.356344946490858128e-01 -7.349621997838335918e-01
-6.952708146631400021e-01 -7.492554367812860328e-01 -7.713668588253347336e-01 -7.366113017986997136e-01 -7.325524527296971566e-01 -7.402504666776402731e-01 -7.425069372126711365e-01
-5.635110065093691389e-01 -7.238809415225480048e-01 -7.116529855673848770e-01 -7.365069353961499754e-01 -7.252248168021134811e-01 -7.342569023934465422e-01 -7.375464382919751927e-01
-7.057670234622321903e-01 -7.493119650576540725e-01 -7.780804330876899266e-01 -7.491115104101581101e-01 -7.317434851007309504e-01 -7.370361772997613414e-01 -7.415870358467298029e-01
-6.032620234000584114e-01 -7.071742297875964756e-01 -7.459399398335072595e-01 -7.327151129879571068e-01 -7.540050521674616091e-01 -7.450765550902910261e-01 -7.454028130058365509e-01
-6.840147440254817912e-01 -7.058287095466118100e-01 -7.346102748424965245e-01 -7.507201507037863930e-01 -7.424612548175433258e-01 -7.452445514277135086e-01 -7.415797859105882628e-01
-6.668083412081524664e-01 -8.009067384392750677e-01 -7.745011385515437885e-01 -7.500655229638165666e-01 -7.414104298638328761e-01 -7.382095816322896686e-01 -7.379582979924714792e-01
-4.761632174897074132e-01 -6.837526358242083102e-01 -6.953368786191540529e-01 -7.310694880204831048e-01 -7.319749592835529395e-01 -7.341322670308025877e-01 -7.376427064383376253e-01
-6.237071303040016002e-01 -7.203470515985683775e-01 -7.318043569290999528e-01 -7.424080412387132899e-01 -7.415324472602718986e-01 -7.393712162760855966e-01 -7.392250346574933406e-01
-6.734789678680177527e-01 -7.700640253143550273e-01 -7.130954198225736285e-01 -7.442323643489463514e-01 -7.359081241004492568e-01 -7.428959192124446886e-01 -7.442885720024028373e-01
-7.326031611625023476e-01 -7.028207501438666904e-01 -7.075869086297893462e-01 -7.199333082344953061e-01 -7.273677418327277877e-01 -7.299433505141845746e-01 -7.370287015113126117e-01
-6.896675492178832023e-01 -6.923823475140196138e-01 -7.389819658629925847e-01 -7.404374199599839113e-01 -7.489748451413349439e-01 -7.452957314533906752e-01 -7.387226724741811079e-01
-7.269108742066425766e-01 -8.313726203287458150e-01 -7.385524305341706341e-01 -7.308825148523854232e-01 -7.375641986742098588e-01 -7.352680004086885601e-01 -7.373211765747866853e-01
-5.397089207633720687e-01 -7.526372395944087579e-01 -7.704530307054336946e-01 -7.261677541188376050e-01 -7.395933829910414925e-01 -7.373357946943804864e-01 -7.379754300643490694e-01
-6.623662588263532491e-01 -7.782696950694389937e-01 -7.789283919722966854e-01 -7.407782350225518009e-01 -7.353667266227583710e-01 -7.374660964030659294e-01 -7.359349131652122011e-01
-6.574499580329578041e-01 -7.371550208785266900e-01 -7.350384213721338211e-01 -7.300529800739136155e-01 -7.407392346907275549e-01 -7.402047627173333755e-01 -7.399439253967786678e-01
-6.817621419316588494e-01 -6.880499379629732015e-01 -7.100724138410181574e-01 -7.461497427936297777e-01 -7.513062220921460366e-01 -7.375661305626859399e-01 -7.397256725650931397e-01
-7.871241443485137435e-01 -7.708336087826297423e-01 -7.099882267707451344e-01 -7.342622191322669689e-01 -7.401981360271202570e-01 -7.417889520836146167e-01 -7.414992200238723630e-01
-6.036184522957210863e-01 -6.513426113427600583e-01 -6.945710693478601705e-01 -7.346259521393088132e-01 -7.343478351209924426e-01 -7.368965383521401957e-01 -7.398766252115740460e-01
-6.574039546457316474e-01 -7.343006955108742906e-01 -6.638968112213996520e-01 -7.026197883975586755e-01 -7.294507901385786086e-01 -7.406297802047644430e-01 -7.394113016928977045e-01
-7.791899471108164610e-01 -7.490762236738981450e-01 -7.377988694258541535e-01 -7.441178486680578574e-01 -7.394827123562893734e-01 -7.368238856977364915e-01 -7.393068019198255625e-01
-6.619094886050851390e-01 -6.503298558413287411e-01 -6.666284265018647126e-01 -7.047088522794824339e-01 -7.286109258213657736e-01 -7.372761697482825838e-01 -7.401626625912800517e-01
-5.424106078541675036e-01 -7.661021384384426591e-01 -8.097123452177364955e-01 -7.704790747256150540e-01 -7.401043058622551740e-01 -7.439100516301223598e-01 -7.419497276350262016e-01
-7.085981504335313597e-01 -6.709190501570154730e-01 -7.691068512233333321e-01 -7.522910802982027967e-01 -7.399717900334830123e-01 -7.414167689931441263e-01 -7.418445459969809086e-01
-5.659595774912729027e-01 -6.164336809075647849e-01 -6.947741283919978139e-01 -7.015248943009487759e-01 -7.199247860473205751e-01 -7.322266191635578014e-01 -7.400803406394792505e-01
-7.401690650865259125e-01 -7.048315768648832913e-01 -7.617879022202593831e-01 -7.371409676496570862e-01 -7.399647698445502852e-01 -7.488558042383561819e-01 -7.422660522136536043e-01
-6.986557188373099248e-01 -8.021476823976022574e-01 -7.057374618336638150e-01 -7.538416001794574495e-01 -7.466341847594708536e-01 -7.411532677102778965e-01 -7.406836845038735628e-01
-7.100407245198744333e-01 -6.835242103776608680e-01 -6.932515932738608777e-01 -7.112791488237011350e-01 -7.151870820092995906e-01 -7.325951835665018841e-01 -7.339301288889805708e-01
-7.338488844052857285e-01 -7.459337371026940611e-01 -7.318483426143616022e-01 -7.298763191096966363e-01 -7.419630396401145633e-01 -7.364759308920735270e-01 -7.422649819180859865e-01
-5.638467568595177948e-01 -6.782603168602567845e-01 -7.196606068000230838e-01 -7.295384128557733661e-01 -7.343579286741093171e-01 -7.383088836678539657e-01 -7.383609355549626274e-01
-7.024914490029308123e-01 -6.567703468966710201e-01 -7.615127144038796869e-01 -7.270179226565172126e-01 -7.490119162626203142e-01 -7.442259829607764665e-01 -7.381110143700531090e-01
-7.362114022036302385e-01 -7.958295707169856792e-01 -8.026606109241495313e-01 -7.276077759078799501e-01 -7.401819150287267668e-01 -7.433966543868186783e-01 -7.428907055758759981e-01
-6.949258126687190007e-01 -8.067219729131582806e-01 -7.327309450079428910e-01 -7.224897464777522149e-01 -7.353509836220554208e-01 -7.441930357196866463e-01 -7.390225113974040472e-01
-7.425911141335158616e-01 -7.729007199962072416e-01 -6.934618747331868782e-01 -7.297805566577366676e-01 -7.369890929931448564e-01 -7.420148701306772399e-01 -7.383791104019252760e-01
-6.600067579455526356e-01 -7.199006583033806805e-01 -7.513640490605052458e-01 -7.478238941657706640e-01 -7.429974785391031400e-01 -7.505910915980088527e-01 -7.429705419619285767e-01
-6.178913819486396841e-01 -6.804202219118822281e-01 -7.294042630586161646e-01 -7.413012314571360006e-01 -7.297750825661650786e-01 -7.289252643414150246e-01 -7.361765655771514982e-01
-6.454536930064114220e-01 -6.493037781660003782e-01 -7.077969036282235615e-01 -7.334027870961816742e-01 -7.432578109371744679e-01 -7.353589568678949862e-01 -7.359542229824940218e-01
-5.893560107638902146e-01 -7.467810850468907802e-01 -7.517493074489447480e-01 -7.377934190544928050e-01 -7.480270236520666360e-01 -7.350298377548636353e-01 -7.380577518342834598e-01
-7.518923164882338472e-01 -7.303441955164486910e-01 -7.350898900681328563e-01 -7.412900350366412594e-01 -7.410761241796203214e-01 -7.441316571571319205e-01 -7.417727414632730998e-01
