(-0.7402797558454873+0j)
-8.088193359439043162e-01 -7.655187333714112974e-01 -7.331382095339418203e-01 -7.728820272491544463e-01 -7.895808330238360817e-01 -7.509946140118232139e-01 -7.450310382190994396e-01
-8.473863371823926460e-01 -7.607419938510570079e-01 -7.581757073753635501e-01 -7.550601191930108591e-01 -7.317952195524396464e-01 -7.358229277515889732e-01 -7.383916522397918625e-01
-9.687738613327617765e-01 -7.281536718005490183e-01 -7.588824815391178591e-01 -7.461727029861724425e-01 -7.121530003229374906e-01 -7.488286652086655337e-01 -7.340671154095181894e-01
-8.402482803094586394e-01 -7.656515459357345899e-01 -8.428698194282395750e-01 -7.446963416242761147e-01 -7.266492118897694974e-01 -7.536050575812279773e-01 -7.415662097043258516e-01
-7.068254071764064062e-01 -7.269685608357083773e-01 -8.635708180911124687e-01 -6.969150118788367543e-01 -7.403789491060529526e-01 -7.532409201008065658e-01 -7.359345622209394477e-01
-9.033658843147027717e-01 -8.392184511798621571e-01 -7.624866078894855237e-01 -7.216995836409327847e-01 -7.411261709302416900e-01 -7.444912450122402880e-01 -7.318302416780033681e-01
-8.279927417995213146e-01 -7.481161738195686306e-01 -6.938073564395816906e-01 -7.077000156189088287e-01 -7.372496382636640755e-01 -7.294959684959736457e-01 -7.378332350535624640e-01
-7.186405666318351759e-01 -7.424271361606640252e-01 -8.125600875927174727e-01 -7.407913044479620401e-01 -7.590998082541797753e-01 -7.416672692626831154e-01 -7.410586738150058972e-01
-8.960076379145144321e-01 -7.516794669861411871e-01 -8.413127331943692777e-01 -7.706313382733152029e-01 -7.452194560005709345e-01 -7.354629826756906574e-01 -7.347919564833601536e-01
-8.670892560890294254e-01 -7.022714365089663957e-01 -7.725298821647759162e-01 -7.570320229995730621e-01 -7.374687113638477287e-01 -7.519167633141784490e-01 -7.412496489723011672e-01
-8.473863371823926460e-01 -6.783779601403416848e-01 -6.888773542836337249e-01 -7.748209843602325009e-01 -7.415454136945209829e-01 -7.405913947036466549e-01 -7.394274638901163765e-01
-7.528397888115941905e-01 -7.221975961386299936e-01 -8.504297472292281501e-01 -7.572964029708282307e-01 -6.994254305942995131e-01 -7.462061423403260063e-01 -7.304619570626672553e-01
-8.402482803094586394e-01 -7.956618502581920271e-01 -7.534383110579675469e-01 -6.903052287928945763e-01 -7.552224495156215633e-01 -7.392794678073184578e-01 -7.509351339176754125e-01
-9.225392901703197701e-01 -7.037630623065340707e-01 -7.304540892215535264e-01 -7.554729172866682108e-01 -7.335257119769740264e-01 -7.296672816308509280e-01 -7.326628255390452704e-01
-8.839722889318314403e-01 -8.255452671393660458e-01 -7.367721156049300557e-01 -7.841852577205302710e-01 -6.939841578054011251e-01 -7.461055190104279866e-01 -7.477322948277100867e-01
-6.874318117935350747e-01 -6.876620018884408436e-01 -8.893208570959335590e-01 -7.720243269977012934e-01 -7.265907076956109600e-01 -7.545138569290744668e-01 -7.445628295674803221e-01
-7.186405666318351759e-01 -6.483936280635969052e-01 -7.026723484349357562e-01 -7.826198407628132125e-01 -7.499964350869268159e-01 -7.389909086879951072e-01 -7.435305646706850125e-01
-7.650953273215315154e-01 -6.699399816652027440e-01 -8.634900040719167835e-01 -7.293796270558237094e-01 -7.450035860237309571e-01 -7.277254188098793986e-01 -7.363151094190324430e-01
-6.994671607762180665e-01 -7.510265248538339211e-01 -7.176196325993550174e-01 -7.335029285387281162e-01 -7.327833545759802059e-01 -7.382816531495004497e-01 -7.312636352529933159e-01
-8.088193359439043162e-01 -7.768258667167415865e-01 -7.547015347606724767e-01 -7.057226563498490979e-01 -7.239875126288431995e-01 -7.472149132553017603e-01 -7.445079261575119345e-01
-8.402482803094586394e-01 -7.979483875051075481e-01 -6.753454097582591853e-01 -7.851412788575925505e-01 -7.554728852377047277e-01 -7.478408096322953780e-01 -7.362414559010551640e-01
-7.817581706370791972e-01 -8.306594692580745454e-01 -7.099503622078792153e-01 -7.480271092525457854e-01 -7.219263260787187608e-01 -7.307383544335855907e-01 -7.346738061498425676e-01
-8.282129313267756476e-01 -6.315888687949209324e-01 -6.361297443325566459e-01 -7.697076273293287363e-01 -7.282979356292704765e-01 -7.371820068443186713e-01 -7.477048901492081567e-01
-8.208546849265873080e-01 -7.758694075835677051e-01 -7.084702552954592614e-01 -7.705012137897369051e-01 -7.290840848176876055e-01 -7.259508924717208433e-01 -7.346952536236551756e-01
-7.528397888115941905e-01 -7.904461838671507090e-01 -7.691826294955472765e-01 -6.797433997502662084e-01 -7.539909190216620427e-01 -7.430531187695116335e-01 -7.413345995426364743e-01
-8.400280907822043064e-01 -6.666276872339987891e-01 -6.792709320245975402e-01 -7.868667176640512517e-01 -7.271594274741585151e-01 -7.496241064225722672e-01 -7.418000006869717167e-01
-7.940137091470165220e-01 -8.567810040044454567e-01 -8.067305946836379471e-01 -7.464189946248218632e-01 -7.281697895286224353e-01 -7.403343390115555422e-01 -7.441614927059012619e-01
-9.225392901703197701e-01 -6.761969601807665819e-01 -7.567273832390896127e-01 -7.755664057374905829e-01 -7.374971736511303222e-01 -7.443129147727975958e-01 -7.427969333086268389e-01
-8.279927417995213146e-01 -8.330637504033460150e-01 -6.788631333441348392e-01 -7.284193839630982437e-01 -7.617980796224593787e-01 -7.374753388966762691e-01 -7.513939749345110997e-01
-7.188607561590893980e-01 -7.152953172033424956e-01 -6.649608354179388225e-01 -7.141387199057931401e-01 -7.454547196241328999e-01 -7.372578419284584461e-01 -7.434123433505244183e-01
-9.345746391530027619e-01 -7.223681620176600759e-01 -8.098228653111040343e-01 -7.145236507561831818e-01 -7.476284595391380350e-01 -7.259243457608774985e-01 -7.401855882877838022e-01
-9.493802659498905561e-01 -6.346867039212805706e-01 -7.923210285462044533e-01 -7.329961359176058178e-01 -7.207022711702055773e-01 -7.411982415787140566e-01 -7.381743871548892555e-01
-8.131871150026335204e-01 -6.839927777221948002e-01 -7.293533659469417785e-01 -7.196628654485971444e-01 -7.237432721502152777e-01 -7.297835296612248390e-01 -7.477381478787107350e-01
-9.151810437701314305e-01 -7.783061504428825383e-01 -7.633896681337006829e-01 -6.972376241045878942e-01 -7.492293332204161826e-01 -7.397184595136807594e-01 -7.484691832780865361e-01
-8.088193359439043162e-01 -8.975155520334046066e-01 -7.322809592423985547e-01 -7.668667452949344820e-01 -7.476273025103838954e-01 -7.363831467284528420e-01 -7.463340559811129094e-01
-8.862626619446464238e-01 -5.980552310010275319e-01 -7.618382913708829918e-01 -6.680560166564676328e-01 -7.326096980913949785e-01 -7.424516488828761807e-01 -7.364009859621882814e-01
-8.279927417995213146e-01 -7.122856950249359942e-01 -7.798110227017047702e-01 -7.450430610659832809e-01 -7.736227024695697674e-01 -7.411150417326921591e-01 -7.423862515739839685e-01
-8.011517660199505286e-01 -7.685036204334113608e-01 -7.593176523818313539e-01 -7.350234629159151378e-01 -7.502541053284185191e-01 -7.401729042593796493e-01 -7.413541723132751615e-01
-8.402482803094586394e-01 -6.308035844196597797e-01 -7.379395565123566536e-01 -7.456955721571458806e-01 -7.459397195459869234e-01 -7.401882772705787872e-01 -7.314880123074918306e-01
-9.345746391530027619e-01 -7.226087932241378464e-01 -7.391060192553321473e-01 -7.131645794355252477e-01 -7.301344660007627052e-01 -7.423167440305190601e-01 -7.414719767804315298e-01
-7.530599783388485235e-01 -7.362393706810957950e-01 -7.758314771695720147e-01 -7.236598988050714221e-01 -7.701823844386784801e-01 -7.336629693995848633e-01 -7.408948844402387657e-01
-8.473863371823926460e-01 -8.043725750397359153e-01 -7.005884246833531392e-01 -7.244750047066423893e-01 -7.297357661302898979e-01 -7.411359270551336476e-01 -7.348023542838560962e-01
-8.550539071063464336e-01 -6.199337407076166429e-01 -6.830990544553177113e-01 -7.490379573008937308e-01 -7.165550647845791987e-01 -7.377224535217135060e-01 -7.488307194743178963e-01
-7.722333841944655219e-01 -7.477808813252118103e-01 -8.058394999729225905e-01 -7.145638389271647961e-01 -7.240533839925725745e-01 -7.396545659186840593e-01 -7.392002485512835230e-01
-7.650953273215315154e-01 -6.950815642733383370e-01 -7.509459893580221479e-01 -7.357619996576953980e-01 -6.789360143446814266e-01 -7.263260799866497752e-01 -7.326767457662799465e-01
-6.994671607762180665e-01 -7.305875665924730367e-01 -6.388446564961718366e-01 -7.084301659696071729e-01 -7.287391412444708116e-01 -7.398396322994271745e-01 -7.473385505808792795e-01
-8.670892560890294254e-01 -6.725496166677751297e-01 -7.817274991486263813e-01 -7.054682750649732270e-01 -7.245511257267994720e-01 -7.283698116117283128e-01 -7.272027318834545229e-01
-7.066052176491520731e-01 -7.632013783318170042e-01 -6.516101865309691377e-01 -7.277801909290360083e-01 -7.487028359056253635e-01 -7.499316527402721810e-01 -7.434377442301123295e-01
-7.259988130320234045e-01 -7.051797093167988528e-01 -7.482780298453322043e-01 -7.275371512857703449e-01 -7.387436095926339652e-01 -7.359634800377221620e-01 -7.362212689558809142e-01
-8.088193359439043162e-01 -7.131834766073030796e-01 -6.944654672372612136e-01 -7.187627138953773809e-01 -7.151180283742132326e-01 -7.296146128118827789e-01 -7.389828252032510925e-01
