(-0.7402797558454873+0j)
-5.939177671036532935e-01 -7.149495526006489632e-01 -7.023110185605465627e-01 -7.231136940379928602e-01 -7.434273492766276803e-01 -7.374041944661529069e-01 -7.393886346915533592e-01
-6.592844698353569344e-01 -7.249034148787631970e-01 -6.826803958261704608e-01 -6.994702095449782941e-01 -7.313044982301577512e-01 -7.352763454830173462e-01 -7.365805961007739766e-01
-7.079109469518845010e-01 -7.628176480400715720e-01 -7.670256104559032284e-01 -7.271209749326471572e-01 -7.292200151441994294e-01 -7.298048690007471473e-01 -7.357502567200452370e-01
-7.885917330538440018e-01 -7.265479335718305620e-01 -7.229700176515186927e-01 -7.657892844935200172e-01 -7.489157248051409033e-01 -7.474340023970946767e-01 -7.442569654213951891e-01
-8.303645389715497149e-01 -6.463274773186588051e-01 -7.010159199210588277e-01 -7.252608749168092395e-01 -7.496495884775331575e-01 -7.455402027443848167e-01 -7.454668085610426376e-01
-7.055645048821894694e-01 -5.852269575848352279e-01 -7.350822090287282284e-01 -7.608708613487087380e-01 -7.349332418142682233e-01 -7.411553090375659902e-01 -7.425051534768365435e-01
-4.540041138262846387e-01 -7.850413918427744386e-01 -7.182435400988727014e-01 -7.469212145147710036e-01 -7.452004426743870091e-01 -7.463536822931445824e-01 -7.429913495194740980e-01
-8.136024272433169946e-01 -8.607336860196149741e-01 -8.140353277914399444e-01 -7.595339711437811836e-01 -7.475593141327654401e-01 -7.436901648816648391e-01 -7.416373266875337933e-01
-7.163734546411090198e-01 -6.876326020625557200e-01 -7.004913909513876824e-01 -7.302956728150586940e-01 -7.393923536120422524e-01 -7.384483131333485773e-01 -7.432410381867494698e-01
-7.534138455781256294e-01 -8.056693954721891870e-01 -7.622455596883549456e-01 -7.822267936492746099e-01 -7.542816341359077636e-01 -7.491251024615579457e-01 -7.482293401211044248e-01
-7.825867606593371884e-01 -6.845985460331734940e-01 -7.064933038398958365e-01 -7.328581208735831520e-01 -7.401870715777049137e-01 -7.438097377969926649e-01 -7.349262693266424007e-01
-7.263560103587203276e-01 -7.254580540705229952e-01 -7.467217752081122262e-01 -7.571662445481999182e-01 -7.276891774624145715e-01 -7.400442899725874213e-01 -7.381456646668337340e-01
-6.045048183106742634e-01 -7.143579837570570579e-01 -7.213530246558740311e-01 -7.468538566962336089e-01 -7.522637528331388435e-01 -7.396030695671614863e-01 -7.406296797452459613e-01
-7.564111283829902943e-01 -8.121245643340168074e-01 -6.798050270124890160e-01 -7.177094636940398731e-01 -7.407240583609562279e-01 -7.493016237915909317e-01 -7.427820275047762877e-01
-7.534687484056490359e-01 -7.266704890779119852e-01 -7.620770376553644976e-01 -7.488252863023595607e-01 -7.542147447591007747e-01 -7.429796321553471250e-01 -7.426092386163573034e-01
-8.983238920959150109e-01 -8.930260218682224416e-01 -8.087495012420616858e-01 -7.722634184378424083e-01 -7.556834819061986064e-01 -7.444278183842334418e-01 -7.396227390505026866e-01
-6.095857935299781039e-01 -7.055634360014505502e-01 -6.782570472071717260e-01 -6.812329257993152698e-01 -7.206085863800630875e-01 -7.343411705330021855e-01 -7.395780297061066433e-01
-6.534342204800001053e-01 -6.372221288850385967e-01 -6.694041473626248795e-01 -7.273427545236806901e-01 -7.369929790907147060e-01 -7.440203381054140142e-01 -7.393634936898083598e-01
-7.373649322496812486e-01 -6.933090524460951976e-01 -6.506127167747750573e-01 -7.347264448617804034e-01 -7.335907944561257388e-01 -7.351106512226872614e-01 -7.358370377089092917e-01
-7.450976925189670697e-01 -6.970007684031126471e-01 -7.567978805565281908e-01 -7.509246259685361524e-01 -7.447167587236854791e-01 -7.409444750051165096e-01 -7.445090258517368387e-01
-7.259456497531471264e-01 -8.075733917217938762e-01 -6.931457008509268602e-01 -6.994213515853681118e-01 -7.522134960442580232e-01 -7.410812788746669044e-01 -7.464494449031170431e-01
-6.701876972756313222e-01 -7.140292669841373785e-01 -7.427217325045797347e-01 -7.471504916570700372e-01 -7.413714908879547316e-01 -7.492568874619995878e-01 -7.441426654051684908e-01
-6.157043627476301850e-01 -5.586964206757093487e-01 -7.062730084693361610e-01 -7.039616372504955422e-01 -7.369917642035728189e-01 -7.417461502319491196e-01 -7.399544241792027632e-01
-7.427710472197681657e-01 -7.883358706359795409e-01 -7.637994940673041855e-01 -7.226758514878423023e-01 -7.361889897348264933e-01 -7.436137064895671500e-01 -7.409981624881187834e-01
-6.881178825421764289e-01 -7.186188320118011008e-01 -6.583686104112003168e-01 -7.313042502184861071e-01 -7.315579245665619901e-01 -7.428210433673742008e-01 -7.435433586011004348e-01
-7.877813105058160126e-01 -7.412000955461963692e-01 -7.526356730709180543e-01 -7.516246743138288444e-01 -7.442437489621888114e-01 -7.353317432224761863e-01 -7.418620297046365497e-01
-8.331129289117287229e-01 -7.627014872204174178e-01 -7.727449550073063333e-01 -7.257908332374463090e-01 -7.436679051121375394e-01 -7.425472602413941692e-01 -7.431577217157602222e-01
-7.139802600143092537e-01 -5.969612091895397654e-01 -7.188713258442651632e-01 -7.416324703557427567e-01 -7.555583054865590009e-01 -7.475631765682544394e-01 -7.440512458884349645e-01
-6.672187473512986022e-01 -6.440150282836618612e-01 -7.357383463869168194e-01 -7.289066314754584219e-01 -7.388673960222283954e-01 -7.352902957943960871e-01 -7.400315150480568649e-01
-8.337046435119492838e-01 -7.976683888525205601e-01 -7.260958371176802206e-01 -7.440633174479588385e-01 -7.495095129811756296e-01 -7.392234030533659794e-01 -7.401283463923495898e-01
-7.230986698016538261e-01 -8.323629210770414621e-01 -7.625740672218130900e-01 -7.585018247750353604e-01 -7.297974938091282837e-01 -7.359608608329045731e-01 -7.367650498041325990e-01
-7.670473101103629787e-01 -7.784200365906150942e-01 -7.231537373487944009e-01 -7.395062517256444368e-01 -7.525467572970501173e-01 -7.422172803565780796e-01 -7.395438451939696511e-01
-8.105605775695433612e-01 -7.289806718119081763e-01 -7.308480756245581134e-01 -7.453709987777782375e-01 -7.333244873249422646e-01 -7.437888666104737201e-01 -7.433137270468810343e-01
-6.691050694481046612e-01 -6.468440858766746349e-01 -6.309794624955051834e-01 -7.132966587346918352e-01 -7.516775981523503569e-01 -7.461532282457101761e-01 -7.396377323702840734e-01
-7.306508557447879415e-01 -7.081093448194394346e-01 -7.832619010706031171e-01 -7.474696058737156923e-01 -7.697244984948728996e-01 -7.544387034015106464e-01 -7.414401050243446534e-01
-7.837421360847094398e-01 -7.489893795197678505e-01 -7.236856608908676103e-01 -7.345462561085075448e-01 -7.229079578236650150e-01 -7.367260168443301449e-01 -7.354844909858315738e-01
-7.207022146780199812e-01 -8.167358511751313666e-01 -7.195067593320010335e-01 -7.202358284952107281e-01 -7.274749945617771107e-01 -7.336938986741500246e-01 -7.375995724326099845e-01
-6.137812363362414869e-01 -7.278834213561218291e-01 -7.499158693798485542e-01 -7.401133863350312092e-01 -7.500166854960911289e-01 -7.418590656225840796e-01 -7.387630533272506739e-01
-7.508586186034665877e-01 -7.247968005035607675e-01 -7.341284085403516624e-01 -7.400251793855001647e-01 -7.490831269482163268e-01 -7.354291802019788937e-01 -7.383331121974965328e-01
-8.043035308498484026e-01 -7.869111792106601166e-01 -8.343389049812574010e-01 -7.084215275590264316e-01 -7.333611928859027351e-01 -7.412705422005522182e-01 -7.400482212570624885e-01
-7.368533316576257874e-01 -7.649862559434917886e-01 -7.260320289388435544e-01 -7.378966709819584358e-01 -7.445724286769411782e-01 -7.380143322718181187e-01 -7.375309934808988999e-01
-7.324348017244882714e-01 -7.859436419976753019e-01 -7.004857916042867005e-01 -7.250121147569625890e-01 -7.254455513314510551e-01 -7.354577328053579777e-01 -7.388367431849386380e-01
-7.212275024041922000e-01 -7.511558106571335491e-01 -7.059821452559693622e-01 -7.276724477430320803e-01 -7.283572139837271031e-01 -7.397812436461335128e-01 -7.415089371886941505e-01
-6.306857502244268554e-01 -6.982285735091786627e-01 -7.025067702503715594e-01 -7.199884057318552966e-01 -7.297439696083625194e-01 -7.245894075109804433e-01 -7.383061948857578827e-01
-7.153434361638707495e-01 -8.127253568626321423e-01 -7.786772678977893491e-01 -7.543843991220361422e-01 -7.423789070581360283e-01 -7.349832238061136946e-01 -7.380167303655893463e-01
-7.547340990580490017e-01 -6.084031222178434284e-01 -7.230587285293225142e-01 -7.516958157202875412e-01 -7.305535340661507560e-01 -7.387314035262303458e-01 -7.400712961563786774e-01
-6.045255818144066318e-01 -6.851490681489866841e-01 -7.648037128200735335e-01 -7.781567991862218259e-01 -7.589170045654199948e-01 -7.429062843191368559e-01 -7.432027360091902901e-01
-7.072448396894712719e-01 -6.812706523526357305e-01 -7.695555016676655091e-01 -7.756512804891739776e-01 -7.421881235257512532e-01 -7.397152986750830106e-01 -7.407602247215946401e-01
-6.794306923604732651e-01 -7.467650964023798688e-01 -7.575996427446318737e-01 -7.363416398492801385e-01 -7.607092891086021380e-01 -7.503156408319802129e-01 -7.439970164946162479e-01
-7.786905754071196117e-01 -8.181391668037060194e-01 -7.469369076438187038e-01 -7.403900954035171900e-01 -7.435348725215292776e-01 -7.453253066866558640e-01 -7.389956692139844074e-01
