(-0.7402797558454873+0j)
-5.247212061156436569e-01 -6.808575443335841415e-01 -7.524525995273833034e-01 -7.204808202828869579e-01 -7.364255224565148250e-01 -7.416726919630550752e-01 -7.389663656926455104e-01
-7.559225272897436287e-01 -6.916730979180532035e-01 -7.340628313397788984e-01 -7.333289459270284638e-01 -7.392306988730539263e-01 -7.418002739728339900e-01 -7.361385228985638518e-01
-8.417214778602650771e-01 -7.721197927620756518e-01 -7.103288904565401296e-01 -7.251342706071807198e-01 -7.352322943299829383e-01 -7.433609776318984563e-01 -7.407754555619119330e-01
-6.984023097228926336e-01 -7.856447024472295038e-01 -6.772978261160669256e-01 -7.285303458580548730e-01 -7.356712731163105312e-01 -7.468473597122274876e-01 -7.416317501944379442e-01
-6.735781395574169661e-01 -6.942958680576267749e-01 -7.139595397860897252e-01 -7.426167630923634633e-01 -7.356714613134915925e-01 -7.446463492652324323e-01 -7.395427232729843148e-01
-7.885682847797138573e-01 -8.776255177496727899e-01 -7.481407525774727008e-01 -7.294122401658663657e-01 -7.433563580608082422e-01 -7.351325429328481320e-01 -7.418666716237094505e-01
-8.395036910498407945e-01 -6.777975096785777698e-01 -7.253764299475660149e-01 -7.487309026744508600e-01 -7.434537184582374891e-01 -7.373410434216091103e-01 -7.406424745879671701e-01
-7.470656000619834147e-01 -8.104637728436514532e-01 -7.742808636776394859e-01 -7.252358753078438358e-01 -7.451578641454245089e-01 -7.358664971782813424e-01 -7.433918289754337660e-01
-6.225836139516494061e-01 -6.712958050576193214e-01 -7.709145930657554935e-01 -7.311162198747570562e-01 -7.394621869618231980e-01 -7.367480707435597465e-01 -7.371335600655902764e-01
-7.464090809695391737e-01 -7.592337624624420078e-01 -7.087384664703609838e-01 -6.973007094588200561e-01 -7.531769502587415399e-01 -7.421400346997792941e-01 -7.406984975684592909e-01
-8.353919228796401475e-01 -8.390437603417438828e-01 -7.215630307399193422e-01 -7.392998979544929128e-01 -7.296548872362729199e-01 -7.381909217908628751e-01 -7.389201517908474681e-01
-6.947742450684672999e-01 -7.511476037216131552e-01 -7.582735260274913180e-01 -7.595536184893151299e-01 -7.256075161881893054e-01 -7.532255297463895660e-01 -7.406372719236319346e-01
-5.065547657063955711e-01 -7.587252698222111125e-01 -7.036199082794170057e-01 -7.277178984893987179e-01 -7.402239473349371268e-01 -7.545453233701966411e-01 -7.358178132410303496e-01
-6.330121575606266759e-01 -7.743520139539342706e-01 -7.181625064642566114e-01 -7.533942088895967393e-01 -7.246008009238357195e-01 -7.434891454136135502e-01 -7.403673940160038214e-01
-8.519184614460596494e-01 -5.669639975259186393e-01 -7.611269134918950963e-01 -7.550510418616662722e-01 -7.736201413654734127e-01 -7.464518568036589974e-01 -7.444801270096574886e-01
-7.450641084754417998e-01 -7.899380152971055002e-01 -7.677875788455793549e-01 -7.383258125697289564e-01 -7.371356572325443723e-01 -7.375646243211848585e-01 -7.442997367971364575e-01
-7.027019155243903192e-01 -6.789398896762020019e-01 -7.663151204276468231e-01 -7.581063633097234744e-01 -7.498768079487143634e-01 -7.408672045002566708e-01 -7.442928439186076162e-01
-6.569370555551563573e-01 -8.977748321096544748e-01 -8.163642101374749549e-01 -7.497097906338607842e-01 -7.336830924080164351e-01 -7.470167359340609270e-01 -7.382797860677610124e-01
-7.426447183800153340e-01 -7.540223702141569673e-01 -7.069244580638207598e-01 -7.669108332787962778e-01 -7.461702750668554041e-01 -7.454785264215120222e-01 -7.381244380802047811e-01
-7.203951144602419587e-01 -6.698231019245597384e-01 -6.985011382466312924e-01 -7.313512679049110066e-01 -7.389144395991791292e-01 -7.363211643239475634e-01 -7.362505448700120692e-01
-8.591549815267928158e-01 -7.178806973380514878e-01 -7.746358922711974460e-01 -7.198148165822538802e-01 -7.296153913897504006e-01 -7.399665671873348893e-01 -7.454821931683095482e-01
-7.009703126844624155e-01 -6.311713925127024893e-01 -6.930421733495846226e-01 -7.296915221256631279e-01 -7.340866004293601366e-01 -7.384899635880757263e-01 -7.407931645840475365e-01
-8.262947279202511597e-01 -8.138356873717380591e-01 -7.041191633462299260e-01 -7.343112610409612273e-01 -7.412748091563506891e-01 -7.399252120996571147e-01 -7.409179224022580668e-01
-8.714579758181770774e-01 -8.225303376043038295e-01 -7.421422970067520497e-01 -7.267732949487686334e-01 -7.285490500382041379e-01 -7.387562333537074366e-01 -7.408016422277613477e-01
-6.534101916734661453e-01 -8.050565084434710972e-01 -6.929148776031717194e-01 -7.429404985075449552e-01 -7.473028641650869552e-01 -7.399930239783089059e-01 -7.406369618479902162e-01
-7.406657823559295029e-01 -8.213574397529609383e-01 -7.881688934049535522e-01 -7.264838898125892674e-01 -7.432887618252500550e-01 -7.355474383962140594e-01 -7.449368015853021774e-01
-7.321277310660025961e-01 -6.749884704326605256e-01 -7.453173756311853859e-01 -7.444201141953085132e-01 -7.309874749333589161e-01 -7.353150591542430003e-01 -7.416463961732698840e-01
-7.540869578799903605e-01 -7.614204448958150628e-01 -7.588770356828090646e-01 -7.454695421124004628e-01 -7.378255239077410321e-01 -7.347366235456171957e-01 -7.410649410682218496e-01
-7.267670137461819113e-01 -8.070226508395953458e-01 -7.749708813017515130e-01 -6.912354065730066388e-01 -7.442900695130649780e-01 -7.392096651609064706e-01 -7.408976040920379758e-01
-6.390860666311808380e-01 -6.726499103415430891e-01 -7.221874985735100561e-01 -7.445075917290523426e-01 -7.413809545819729507e-01 -7.376447569746223953e-01 -7.405183743769588878e-01
-7.440619533375079087e-01 -7.993999595581638973e-01 -7.330468177275426545e-01 -7.466185552774399214e-01 -7.486638740242116397e-01 -7.423731127613700798e-01 -7.376234542895961921e-01
-5.465750470337734646e-01 -7.157685565691360718e-01 -7.281472020868728912e-01 -7.518548291515164683e-01 -7.456018481827836331e-01 -7.468720431848928643e-01 -7.406054733364803022e-01
-8.038246323502520330e-01 -6.920723809044566632e-01 -6.984884968068726385e-01 -7.646372553908759029e-01 -7.573943285046399465e-01 -7.347611242810643262e-01 -7.408411160675391072e-01
-6.313276814717379004e-01 -8.183501349328279328e-01 -7.724877878759538463e-01 -7.477798389340337692e-01 -7.487063839384272557e-01 -7.377537874154878050e-01 -7.415464944655441037e-01
-8.412821183877707831e-01 -7.444548439359125469e-01 -7.561338584191611423e-01 -7.520859535676622798e-01 -7.526396985974576070e-01 -7.344505946177711797e-01 -7.408134929537288915e-01
-7.788212673951402376e-01 -7.163906455612251145e-01 -7.268493192851946949e-01 -7.482761383228621055e-01 -7.415697951023092482e-01 -7.370649726208089447e-01 -7.420780468246476191e-01
-7.537741388086806049e-01 -6.974575388435446666e-01 -7.184664268945223364e-01 -7.401074990526719244e-01 -7.341960489100827214e-01 -7.387335843303893812e-01 -7.388001900501697250e-01
-7.861158770794526296e-01 -6.195419089724220063e-01 -7.873067513554522501e-01 -7.559844521948937413e-01 -7.368801672797142821e-01 -7.355143458338569973e-01 -7.393003543554660384e-01
-7.665066444122722311e-01 -6.154898536405368770e-01 -6.915067130111903770e-01 -7.308682445526097915e-01 -7.263045178623278586e-01 -7.420920905176661142e-01 -7.402418108785587814e-01
-8.991841225218588640e-01 -6.995707692629891117e-01 -7.370122150228400892e-01 -7.207422625608531641e-01 -7.326149414983625929e-01 -7.382490264456579299e-01 -7.393747901037781567e-01
-5.771799463628528581e-01 -6.138819888513195044e-01 -7.512869734127101129e-01 -7.166659039605085546e-01 -7.549778929719325182e-01 -7.386318408316088213e-01 -7.435240582897244543e-01
-7.639227490853476299e-01 -7.153574549025181195e-01 -7.539881098887516453e-01 -7.490055920002801626e-01 -7.276858309028741978e-01 -7.359867755452245142e-01 -7.427260691484739441e-01
-8.169437348295157664e-01 -7.489913746138008310e-01 -7.629272841663988780e-01 -7.436448202179378741e-01 -7.500780832758959793e-01 -7.444606029248783674e-01 -7.407178811882128011e-01
-6.799782796099147486e-01 -7.049742123627753543e-01 -7.563006806139503935e-01 -7.635431117592399453e-01 -7.386011187483708662e-01 -7.398913117910538295e-01 -7.427507981362856393e-01
-7.936311790446458625e-01 -7.847480644826220209e-01 -7.364835812656088665e-01 -7.496365181346004158e-01 -7.431017413520488724e-01 -7.420762511793848049e-01 -7.429604192961459797e-01
-8.042345044980998559e-01 -6.695211168797207124e-01 -7.704908243020728298e-01 -7.262785649688682232e-01 -7.332976654682964446e-01 -7.486509056666508233e-01 -7.417531141520434801e-01
-8.123947127524149270e-01 -6.995462238710952185e-01 -7.426251639615115696e-01 -7.224918314333174107e-01 -7.364842671093092541e-01 -7.419210429716127653e-01 -7.379056532250946043e-01
-7.618254149987883084e-01 -7.414088216730522207e-01 -7.628442314430623483e-01 -7.298697849244548674e-01 -7.342196409573444882e-01 -7.426931545368918863e-01 -7.410555153812024010e-01
-6.094948631930996452e-01 -7.106373002538486361e-01 -7.725433047107818085e-01 -7.555340473856219097e-01 -7.413189633264883893e-01 -7.316841934242191980e-01 -7.408516543192360526e-01
-6.796400560433699667e-01 -7.105787266899920018e-01 -7.879115096949751429e-01 -7.339712998265119914e-01 -7.590562215071290364e-01 -7.453843869002387823e-01 -7.423888291879735535e-01
