(-0.7433837767768509+0j)
-5.612530306467857777e-01 -6.999405613224938261e-01 -7.033381216284093629e-01 -7.562146820963899785e-01 -7.461360880407530427e-01 -7.377710768863614543e-01 -7.424650111902817429e-01
-7.365062282628729307e-01 -6.929515468956819468e-01 -7.475418043030823689e-01 -7.344915724681371216e-01 -7.380646742692746898e-01 -7.429687174302146424e-01 -7.474869228599685389e-01
-5.772537424400381312e-01 -7.534652005489064219e-01 -7.193452966417039907e-01 -7.592985736295385646e-01 -7.282976307680024686e-01 -7.483516474360809578e-01 -7.420000023929722577e-01
-8.211910006495066749e-01 -7.500212415285076872e-01 -7.388346122786892956e-01 -7.349870908464710695e-01 -7.405726700445269817e-01 -7.385370194416398526e-01 -7.458095644897901888e-01
-5.831988559799259342e-01 -6.792116783318318252e-01 -7.326306279696550572e-01 -7.492911262488333168e-01 -7.452342842076287166e-01 -7.374980668833399644e-01 -7.403740550589223979e-01
-5.740633499764478120e-01 -7.025711016302857992e-01 -7.043171351215997689e-01 -7.234459137075011093e-01 -7.616232572310708271e-01 -7.451506757169168438e-01 -7.402396667327857394e-01
-5.879390987395449741e-01 -8.223677475075705789e-01 -6.970092567861654320e-01 -7.375767157041661637e-01 -7.493671560247712193e-01 -7.442778964485763371e-01 -7.408669187972265480e-01
-6.552050797322532816e-01 -7.636485691981567125e-01 -7.141939755184019134e-01 -7.423062964831874666e-01 -7.374487123025772473e-01 -7.411206754170598376e-01 -7.458043690249736013e-01
-8.727283603273450208e-01 -8.501371612886243767e-01 -7.324179497996257115e-01 -7.328397394634962314e-01 -7.366656795255412948e-01 -7.516440434999551723e-01 -7.457906664735707292e-01
-8.739351219081448185e-01 -6.905368871597989955e-01 -7.816052085569029639e-01 -7.467738882132892719e-01 -7.363934901728341753e-01 -7.438617258090260975e-01 -7.393922188944070939e-01
-7.138711596435072249e-01 -8.188235701887360829e-01 -7.351729343329846955e-01 -7.118531184051937188e-01 -7.421830839602718832e-01 -7.476246942610060842e-01 -7.474063225388087872e-01
-7.642773221243479576e-01 -8.008479843367195539e-01 -7.150858339607983893e-01 -7.380684119143303690e-01 -7.251764993602629605e-01 -7.425842090855141464e-01 -7.413490734404775129e-01
-6.436662056700126477e-01 -7.507426751728434322e-01 -7.009420758007791630e-01 -7.457393021917058107e-01 -7.596888667182626342e-01 -7.438130653118777413e-01 -7.394934352598871996e-01
-6.626186006737475598e-01 -6.628621247488337698e-01 -7.658649243478687918e-01 -7.759550437618467633e-01 -7.387217936785224204e-01 -7.420108601460293496e-01 -7.448720135660154007e-01
-5.877263872626341534e-01 -7.668709660820349772e-01 -7.870288777621567977e-01 -7.262542104708196167e-01 -7.629386576045122936e-01 -7.491660515103699680e-01 -7.462925749343034543e-01
-7.041169181645372532e-01 -7.979265087851852289e-01 -7.466830596286728738e-01 -7.618386451837937390e-01 -7.573861943115596240e-01 -7.503034323441368780e-01 -7.412997658898767828e-01
-8.628630798569476568e-01 -7.537954810287192942e-01 -7.843643968703175595e-01 -7.476421725757542713e-01 -7.300320530467849789e-01 -7.406933848755383742e-01 -7.415640673003289773e-01
-6.872610266185352756e-01 -7.918976970665312365e-01 -7.615411695018157179e-01 -7.430707660054451935e-01 -7.333524753274742736e-01 -7.407781594109603684e-01 -7.450933909407821965e-01
-7.640187678642129665e-01 -7.671695284235167112e-01 -8.031995015149813177e-01 -7.426499044120968840e-01 -7.276899817576654161e-01 -7.497073067628332588e-01 -7.427779070798601335e-01
-8.001802171027689869e-01 -7.804895781660690091e-01 -7.699382412070776560e-01 -7.548915120081329810e-01 -7.442854313023816726e-01 -7.329898971246333605e-01 -7.476218159897025650e-01
-8.108261262985230200e-01 -6.754512255928164510e-01 -7.241647541760873885e-01 -7.433431235736303044e-01 -7.358451533432783798e-01 -7.376295164339132793e-01 -7.434027663479312320e-01
-7.899558394939556472e-01 -7.418899442409152556e-01 -6.800511259768340366e-01 -7.553457528670386445e-01 -7.535537652251287355e-01 -7.429735547400126983e-01 -7.418828715147203212e-01
-7.489531433876248645e-01 -7.548012890727862079e-01 -7.387874448459958998e-01 -7.270588515152656139e-01 -7.512372069901109839e-01 -7.539589961398507345e-01 -7.417707154049253404e-01
-6.841979302413061514e-01 -7.051277740266401750e-01 -7.800467452472330532e-01 -7.543008572445271120e-01 -7.254711717911577207e-01 -7.480453806802751515e-01 -7.414344686989873257e-01
-5.927670580608190853e-01 -6.326315417072727598e-01 -7.578236834067741956e-01 -7.351992188935172479e-01 -7.391308795285886912e-01 -7.411291768623740062e-01 -7.427710852756119753e-01
-9.113475846736476260e-01 -7.834844287820210695e-01 -7.568058568266147201e-01 -7.277661043800554008e-01 -7.553272490845281961e-01 -7.451011248126901965e-01 -7.453007462081027157e-01
-8.928346556021182767e-01 -6.947215881672255122e-01 -7.435652734523643392e-01 -7.511631627585977355e-01 -7.256310720449030693e-01 -7.413610996728632330e-01 -7.406518583712815573e-01
-7.646756988240164254e-01 -7.343453562718926797e-01 -7.184847741458999515e-01 -7.247961845613919429e-01 -7.273690721951422411e-01 -7.409642273171890281e-01 -7.432451493148835020e-01
-8.674429751059240523e-01 -7.559744894293056738e-01 -8.134744007700438484e-01 -7.282500700243865754e-01 -7.354692607670385573e-01 -7.320629794381192657e-01 -7.402714439109487898e-01
-7.421055777411071919e-01 -7.407513429417402762e-01 -7.646070759690846153e-01 -7.256918202065416601e-01 -7.452203437470785730e-01 -7.400863176884979744e-01 -7.406720385199394574e-01
-7.763218915446379320e-01 -6.302031343890548420e-01 -7.595687366581491684e-01 -7.556508924791611737e-01 -7.611354150342370950e-01 -7.351182332768899652e-01 -7.452971348782759797e-01
-6.589463711560274994e-01 -9.114255626579539360e-01 -7.257483313244528222e-01 -7.575933682664577340e-01 -7.512402887457600986e-01 -7.422049466619451419e-01 -7.393233352967165661e-01
-7.728963939101931580e-01 -7.932890739306737160e-01 -7.268431898177420969e-01 -7.782596271305479707e-01 -7.505222259305353028e-01 -7.365971414023790853e-01 -7.465431887524420773e-01
-7.176995155039960217e-01 -7.338937550602941950e-01 -7.171062296074330877e-01 -7.356854878596874592e-01 -7.378230351766861261e-01 -7.420823079253731080e-01 -7.363594987589532348e-01
-6.889210384618695837e-01 -8.097532535636451367e-01 -7.286392202339757596e-01 -7.185153668695620777e-01 -7.402849031847205108e-01 -7.425624396755434731e-01 -7.413883721637595237e-01
-5.888150101962226213e-01 -7.916126705745940573e-01 -6.858515358881702717e-01 -7.367123277842242413e-01 -7.303537411802256685e-01 -7.444223996942616051e-01 -7.424474990568334931e-01
-8.406210115394971982e-01 -7.136115306090540233e-01 -7.377855146741030268e-01 -7.455378614270187221e-01 -7.329333794646151201e-01 -7.471548369847780258e-01 -7.405205054386532204e-01
-5.327737714664415591e-01 -6.841682824256127837e-01 -8.355742929857910006e-01 -7.579408323414273951e-01 -7.502608961037828816e-01 -7.360314180750109347e-01 -7.466183773011716429e-01
-7.026237750148893735e-01 -7.128689603174260814e-01 -7.797076542889993522e-01 -7.350432642204818290e-01 -7.555202850015769744e-01 -7.496686117414765871e-01 -7.421486187488308683e-01
-8.273787924472959521e-01 -7.172422081415352757e-01 -7.796825754355691807e-01 -7.377743867815516055e-01 -7.426438291403310021e-01 -7.441478232230649414e-01 -7.418373870577754658e-01
-7.469302329435816290e-01 -8.141206833166700907e-01 -6.764941204793373242e-01 -7.563373207901393780e-01 -7.324557704358081178e-01 -7.452337133053104079e-01 -7.446760838065853427e-01
-7.612333153222627935e-01 -7.511255238195890804e-01 -7.213970121886086329e-01 -7.577839700007844570e-01 -7.526261972479271201e-01 -7.369038257322291230e-01 -7.417025409214139664e-01
-1.006260038787894384e+00 -8.091095976984965521e-01 -7.858464550504928869e-01 -7.328335878623148947e-01 -7.235028392220956839e-01 -7.356009959699425504e-01 -7.409358491355009235e-01
-9.369312449428242040e-01 -7.175969829062134320e-01 -7.156132198516207410e-01 -7.230269307072028084e-01 -7.367132217575105280e-01 -7.485210533401482902e-01 -7.458093333662116908e-01
-6.808184008936579712e-01 -7.295941883151029206e-01 -7.255930982145641917e-01 -7.243037154211067197e-01 -7.383056266311771587e-01 -7.396061713658363956e-01 -7.424269884802110475e-01
-8.472686559121112015e-01 -8.533797131129234881e-01 -6.977138999413572407e-01 -7.319708550030443739e-01 -7.329574659192239494e-01 -7.362822746885939740e-01 -7.450330523919845849e-01
-5.463776784229028571e-01 -7.334945128007657189e-01 -7.702499690034922963e-01 -7.484860990808301917e-01 -7.499356352063126785e-01 -7.378617442242796365e-01 -7.426995860426004459e-01
-6.796871581663985751e-01 -7.719469725388901082e-01 -7.606372751789851616e-01 -7.427936496600695548e-01 -7.678571471240860369e-01 -7.474781810340220822e-01 -7.414805082477942122e-01
-5.300640864497783156e-01 -7.396485959725638271e-01 -7.832962655796067430e-01 -7.849063500445028208e-01 -7.740266890629823315e-01 -7.420278139630727132e-01 -7.459786224069684391e-01
-6.863682292945487706e-01 -7.750477115481382295e-01 -6.952564300160759547e-01 -7.465010235938123184e-01 -7.341909004951587825e-01 -7.373779716498145564e-01 -7.426157837966660402e-01
