(-0.7433837767768509+0j)
-7.410938291523621047e-01 -7.220126736781571353e-01 -7.907232574512259582e-01 -7.430015271940382249e-01 -7.467585102716676193e-01 -7.477236323507472360e-01 -7.455742606492024027e-01
-7.099526468156418524e-01 -6.850328544011266008e-01 -7.377803539172629321e-01 -7.628716681418457046e-01 -7.504850746256184202e-01 -7.440321509697911395e-01 -7.477266886734339479e-01
-7.130321455953605447e-01 -7.785151338210862804e-01 -7.675932748552745100e-01 -7.792614987868169418e-01 -7.467043575174774350e-01 -7.450014393691475334e-01 -7.421679107378984508e-01
-5.884461863553611671e-01 -6.944139362840509033e-01 -7.330863568404777375e-01 -7.185540563742740527e-01 -7.365264025771327550e-01 -7.448215548401218022e-01 -7.492205804819178638e-01
-6.651269976431006814e-01 -7.900585558669048769e-01 -7.223696047626968486e-01 -7.697534854977508001e-01 -7.499244478896855970e-01 -7.500572288181146519e-01 -7.464494987754346500e-01
-7.009179274084351707e-01 -7.016443462363215477e-01 -7.384240076023538268e-01 -7.407102798246198994e-01 -7.464500245724803307e-01 -7.435065264617588543e-01 -7.465989691640262382e-01
-7.115077991766227683e-01 -7.247904950931265411e-01 -7.937502684300437039e-01 -7.692029871112047168e-01 -7.461251523502212546e-01 -7.476990733466528649e-01 -7.431379535887798760e-01
-8.209096522962875397e-01 -6.795747392165196743e-01 -6.997053227280396470e-01 -7.236758962307805465e-01 -7.495217395487279166e-01 -7.449467075683626760e-01 -7.452753525956281599e-01
-7.869678588657886831e-01 -7.675140382639433767e-01 -7.363554507920095915e-01 -7.655637089748474899e-01 -7.377089493384421104e-01 -7.448552466567144315e-01 -7.430394762088179395e-01
-7.814301391676437003e-01 -6.888351693182603874e-01 -7.515540252574990365e-01 -7.365434490306512760e-01 -7.481501571787696481e-01 -7.521488948226273674e-01 -7.422041389760998253e-01
-7.793542905489121431e-01 -6.910944658463633594e-01 -6.935299187833303680e-01 -7.375568438214341604e-01 -7.377284714433813839e-01 -7.447397738747185691e-01 -7.440245370387486012e-01
-7.735794027492177705e-01 -7.585270206214214106e-01 -7.233990127795228986e-01 -7.170149883037371108e-01 -7.335765529544693297e-01 -7.479416555367173203e-01 -7.422569727845580445e-01
-8.807162525224414562e-01 -8.560814475219995501e-01 -7.974539486654417253e-01 -7.801756048671919519e-01 -7.513028284487024422e-01 -7.457774276706747862e-01 -7.408395141800339090e-01
-6.913961097600129779e-01 -7.410496074127492783e-01 -7.586397644020950182e-01 -7.748370780269400182e-01 -7.414915208288164195e-01 -7.470723076324430334e-01 -7.497889522617160463e-01
-8.506202244899974119e-01 -7.970658562352896936e-01 -7.488438200477591788e-01 -7.464912122507949555e-01 -7.409423402882069354e-01 -7.370975417447984679e-01 -7.428579702173594423e-01
-7.406446765770511309e-01 -6.986737276878489666e-01 -7.207346282633733114e-01 -7.233140494914271912e-01 -7.393869886995094731e-01 -7.344435235883128854e-01 -7.348063055322870962e-01
-7.850843386016763681e-01 -7.308599688507237957e-01 -7.572946010102614700e-01 -7.492148035277808038e-01 -7.440372036839109082e-01 -7.437099751020510574e-01 -7.458250734046603103e-01
-8.137719055707568483e-01 -8.564566052214697134e-01 -7.979051909858807523e-01 -8.132417699903402575e-01 -7.636604860513180881e-01 -7.555312547202890361e-01 -7.470877265853137494e-01
-7.574492748087398031e-01 -8.166233525443171715e-01 -7.791951565441310734e-01 -7.812630152804431738e-01 -7.480866425160319633e-01 -7.420663116984484997e-01 -7.374529395974729340e-01
-6.739395552710916171e-01 -6.298001718637391555e-01 -7.424507733660226094e-01 -7.496656325001578303e-01 -7.410631736634383238e-01 -7.390688972564216641e-01 -7.427960474973258620e-01
-5.717676154994026927e-01 -5.924348364899587605e-01 -7.659406346539749944e-01 -7.669160591169876806e-01 -7.686339155583001848e-01 -7.564258527045006897e-01 -7.416936330822543333e-01
-7.636078755313260302e-01 -7.023084554558260972e-01 -7.721517010973109052e-01 -7.680431585256475291e-01 -7.478581733498990136e-01 -7.478684695374318014e-01 -7.430851331954053673e-01
-6.861890550894038654e-01 -7.537362873839279498e-01 -7.000628583770938107e-01 -7.488098906033142654e-01 -7.504982197277823008e-01 -7.400738186103474892e-01 -7.429499468169733500e-01
-7.152938545505311829e-01 -7.690309658716958374e-01 -7.661005863102492430e-01 -7.851692361087108107e-01 -7.639382251097508458e-01 -7.565905156409840071e-01 -7.449530425465462624e-01
-8.845059075861041453e-01 -7.346673803752958865e-01 -7.344277015095368455e-01 -7.307048558031383756e-01 -7.541166655288187304e-01 -7.506973954260232063e-01 -7.397251851647173027e-01
-6.856623041614573477e-01 -7.131713614714674243e-01 -7.449622195177922901e-01 -7.496227081546149584e-01 -7.492171378746022015e-01 -7.424494638437093563e-01 -7.433398052692359315e-01
-6.308647905724529270e-01 -7.365935562681849014e-01 -7.601762049751539241e-01 -7.228596801366762303e-01 -7.359355264817708520e-01 -7.346754124390790786e-01 -7.410182089458090537e-01
-8.160296278134975267e-01 -7.948739573151790694e-01 -7.331086475097017274e-01 -7.386209935749459277e-01 -7.662634414753957124e-01 -7.517705512620844743e-01 -7.485182502732905530e-01
-7.220933905886510740e-01 -7.905077640343411982e-01 -6.751123089665334032e-01 -6.999084087268725440e-01 -7.566104902528134613e-01 -7.431030386036778790e-01 -7.463602619183951070e-01
-7.079773385880818726e-01 -7.414214097978932827e-01 -7.511758159052233097e-01 -7.507838887568785147e-01 -7.241617548675098881e-01 -7.409711904866833621e-01 -7.448460285267519687e-01
-8.021709798318070739e-01 -7.604246343762208760e-01 -7.584687566924386282e-01 -7.482131596646561800e-01 -7.207327034315360592e-01 -7.375349824654238162e-01 -7.441708477407633637e-01
-7.860542286471081663e-01 -8.094964129866437652e-01 -7.712688160156186967e-01 -7.735260216664177069e-01 -7.450359986153556324e-01 -7.495724358613284899e-01 -7.455447336271283643e-01
-8.349808645499268156e-01 -7.924997475966890637e-01 -7.625781989428990215e-01 -7.448850474019350631e-01 -7.398812698048558012e-01 -7.325589649095811673e-01 -7.395806793219799058e-01
-7.797115077183285337e-01 -7.965798498077221179e-01 -8.036284519377561164e-01 -7.656098285862860120e-01 -7.335774115224324987e-01 -7.382925093331484945e-01 -7.444542726361307317e-01
-6.882870963014233734e-01 -7.207045407533507753e-01 -6.809459423255939114e-01 -7.871293857576144859e-01 -7.455441705276293352e-01 -7.461946390196161349e-01 -7.456240181094409003e-01
-8.327444219129078729e-01 -7.947688539473667380e-01 -6.462883326948116736e-01 -7.103613162595248109e-01 -7.258113655729681035e-01 -7.442514283994325908e-01 -7.442666251193799098e-01
-6.496809852577243305e-01 -6.372157639923776706e-01 -7.272500724351700363e-01 -7.336342689964299169e-01 -7.562677992138329142e-01 -7.490885937990356958e-01 -7.464848272467101697e-01
-7.223248796184136289e-01 -8.372060350655623484e-01 -7.883469629249872934e-01 -7.542621413256824781e-01 -7.462060767038458664e-01 -7.373371363481586727e-01 -7.386328557846413290e-01
-7.143239645050996067e-01 -8.411481023641949051e-01 -7.093956092139896974e-01 -7.304370294809410247e-01 -7.655583846241758028e-01 -7.443067833990295590e-01 -7.430519409974949419e-01
-7.475875217349186030e-01 -6.760675612608757490e-01 -6.984058822078884621e-01 -7.415845036729538098e-01 -7.393901524285499960e-01 -7.424846583855566617e-01 -7.451027148997642069e-01
-7.316851098718888391e-01 -7.750510097563070300e-01 -7.363330808475481160e-01 -7.379830254099843945e-01 -7.341564655264360972e-01 -7.368790298120850846e-01 -7.372311973507166272e-01
-6.807467538432410148e-01 -8.003090413736604347e-01 -6.604803426615750706e-01 -7.163929900855021682e-01 -7.337706409329449730e-01 -7.460733427923815775e-01 -7.467190477803857807e-01
-7.971002348582310049e-01 -6.781159042723656771e-01 -6.817607600935857715e-01 -7.439339404293006108e-01 -7.492874203200976524e-01 -7.341101924894584130e-01 -7.428538028546813887e-01
-7.695342260302133752e-01 -6.730991020070553610e-01 -8.261717393972312085e-01 -7.825148096413006016e-01 -7.512061481718543821e-01 -7.495421624689291296e-01 -7.443115761477012704e-01
-7.335724114519932559e-01 -7.916234266582471424e-01 -7.503757728308737551e-01 -7.522524854848209319e-01 -7.503156231245156071e-01 -7.415761738723147811e-01 -7.468930871449332987e-01
-8.032028335121492724e-01 -8.071374934073605178e-01 -7.513286935006999734e-01 -7.170497886204385551e-01 -7.285522981548737675e-01 -7.411046055487118256e-01 -7.436896496233569298e-01
-8.076865069366643279e-01 -7.917517683278241236e-01 -8.188656054916552129e-01 -7.727663173476733149e-01 -7.741071906362597677e-01 -7.459062678710663974e-01 -7.404490141363937461e-01
-6.641892677487903907e-01 -6.595882940018544804e-01 -7.154231277132900857e-01 -7.049253973345799285e-01 -7.390864316567675729e-01 -7.437240219508853833e-01 -7.469615019748883089e-01
-7.975143247526366164e-01 -7.704602021416271374e-01 -7.069575016059861383e-01 -7.426988515638768273e-01 -7.407810146425386488e-01 -7.515710485625892723e-01 -7.393419075523277595e-01
-8.891304190077189418e-01 -7.418177348512484670e-01 -7.615754853372169730e-01 -7.512243520602293056e-01 -7.348894001588044400e-01 -7.346047006608353858e-01 -7.361228950072797872e-01
