(-0.7433837767768509+0j)
-6.849646628730794440e-01 -6.937597158804831299e-01 -7.641499750288640591e-01 -7.365603609559856491e-01 -7.399479656116543236e-01 -7.413255915798009354e-01 -7.475286337408639792e-01
-8.515890597088129343e-01 -7.916525396809537263e-01 -7.123317811272471545e-01 -7.594916371923732257e-01 -7.517491964662492698e-01 -7.530569791343777464e-01 -7.416595793027043193e-01
-8.733673064466449532e-01 -8.723739291421626074e-01 -7.473196236888046684e-01 -7.789317257000836214e-01 -7.324860868895823884e-01 -7.474333861952611180e-01 -7.367618315308872567e-01
-7.028110715751605397e-01 -7.086195128990848691e-01 -7.564179282601679599e-01 -7.397030688657464381e-01 -7.331313763870916933e-01 -7.365146950798182601e-01 -7.446829998536157458e-01
-8.282697296047589752e-01 -6.097906846163316796e-01 -7.111309565696875001e-01 -7.054309941466054834e-01 -7.464717211529152685e-01 -7.519834952970163577e-01 -7.342624615395778598e-01
-7.171809724480926462e-01 -7.312935800749580384e-01 -7.618990994170826703e-01 -7.422801136532619637e-01 -7.387199368162908897e-01 -7.356326684814431527e-01 -7.510079522672969965e-01
-9.253588784517199350e-01 -7.080502046550143369e-01 -7.640756505804737753e-01 -7.662063120685702611e-01 -7.387968594603355754e-01 -7.436362583391999959e-01 -7.420540600669989217e-01
-7.106102963609062240e-01 -6.863406097704969344e-01 -7.378013329004546872e-01 -7.539177286083551532e-01 -7.399980367156928640e-01 -7.400767136542272251e-01 -7.525094876902926888e-01
-7.334724702768151694e-01 -7.646722357066595421e-01 -8.053989192398809394e-01 -7.211905586474913754e-01 -7.490827092852718749e-01 -7.380312307302434593e-01 -7.439151059521147413e-01
-5.669689738479715135e-01 -8.655366701113729189e-01 -7.369014139714582523e-01 -7.446174774964497978e-01 -7.373517227113923767e-01 -7.422628059610814066e-01 -7.438438303625531933e-01
-7.895748387051526596e-01 -8.296765646591333088e-01 -6.986892176346906069e-01 -7.056713772187555023e-01 -7.406909147179603359e-01 -7.435600985385235617e-01 -7.504341481468652653e-01
-7.351196697209512187e-01 -7.971518975340443625e-01 -7.742287685328381741e-01 -7.241134305366363488e-01 -7.393019533457396708e-01 -7.395157431520111846e-01 -7.489626931738311288e-01
-5.271563858559968896e-01 -6.920443489003316184e-01 -6.989071177513079824e-01 -7.324916940436652091e-01 -7.351512048991548642e-01 -7.556256357092996367e-01 -7.430041880696032219e-01
-6.531177036393278623e-01 -7.895653830465763079e-01 -7.685710237446838899e-01 -7.502890254293412831e-01 -7.437726809605598177e-01 -7.381606673890332981e-01 -7.525968127237132599e-01
-7.282710199974928855e-01 -7.992868119798606230e-01 -7.458551247052240818e-01 -7.485531418728124109e-01 -7.499319432008424435e-01 -7.394983234423693208e-01 -7.452321422514986970e-01
-7.051313546107165209e-01 -8.110407120899283395e-01 -6.868238837359643689e-01 -7.393993035642720812e-01 -7.443587717803494819e-01 -7.351937349622672535e-01 -7.467778950856940323e-01
-7.681937380878036681e-01 -8.214011631855739903e-01 -7.697050079139287071e-01 -7.308709947717149102e-01 -7.262908398876737337e-01 -7.350421465573877544e-01 -7.509859434881833717e-01
-7.079426526651741991e-01 -6.189740262474572319e-01 -7.130913906968014970e-01 -7.169707441132140424e-01 -7.581410940170247859e-01 -7.508504459573981382e-01 -7.505580456314742133e-01
-7.939090376234541058e-01 -7.502364358787547705e-01 -7.716982638588161247e-01 -7.272258939062579142e-01 -7.481413255573035048e-01 -7.428630290572595385e-01 -7.405464443696521126e-01
-6.517248606215235718e-01 -8.290578764033826875e-01 -7.854059158420523268e-01 -7.248782966921691884e-01 -7.432712724257992676e-01 -7.513295452528543361e-01 -7.508638635260789229e-01
-6.516673117122329106e-01 -8.050137677240745138e-01 -7.180975037622141510e-01 -7.548058564452444497e-01 -7.633146605925229533e-01 -7.434721575364238166e-01 -7.432156825738795991e-01
-7.383189102435947504e-01 -7.081152374018815365e-01 -7.011293210716869062e-01 -7.413348860290407405e-01 -7.297625810728063378e-01 -7.497558996055495584e-01 -7.480741906236145766e-01
-6.778549300453062809e-01 -7.119861768842177252e-01 -7.626646500632088266e-01 -7.589690818308991727e-01 -7.575678171495148217e-01 -7.362755430904150966e-01 -7.372230430952211311e-01
-7.668878789556268227e-01 -7.899847841209997057e-01 -7.851961686686408370e-01 -7.235148185824769040e-01 -7.487923053058755940e-01 -7.339079769019600796e-01 -7.397803594313865361e-01
-7.585281045320377835e-01 -6.093803881372370501e-01 -7.127758208605785573e-01 -7.480927835767914313e-01 -7.481262427567607620e-01 -7.418286002409937296e-01 -7.331386291376689179e-01
-7.261010717854985419e-01 -8.495725521286341397e-01 -7.084153833719351034e-01 -7.352900494861982494e-01 -7.249277626486039239e-01 -7.490231887503486785e-01 -7.422432674228143235e-01
-6.929135161526205344e-01 -8.935329388053496746e-01 -7.165795689646607958e-01 -7.292792861619521450e-01 -7.286784459245128076e-01 -7.358290108074443392e-01 -7.395432669185779684e-01
-7.466249996800655708e-01 -7.907244266293069757e-01 -7.877335685157751399e-01 -7.319469774670255280e-01 -7.378651763169841171e-01 -7.444228579952305580e-01 -7.379082652207873405e-01
-8.572040644751703908e-01 -7.395130044604816266e-01 -7.578100705304062767e-01 -7.612027596701396170e-01 -7.530097778872111292e-01 -7.496752278722149665e-01 -7.523482454242083062e-01
-7.556626591919430869e-01 -8.070916140692798724e-01 -7.722368764469000890e-01 -7.300485591730341284e-01 -7.425203626799974366e-01 -7.462224073850400874e-01 -7.459614192288286372e-01
-8.173988913812426649e-01 -7.452557519547853282e-01 -7.560636964610294442e-01 -7.383944045667856226e-01 -7.398508791877669299e-01 -7.336465360968869032e-01 -7.448878594160697197e-01
-7.876180946489141910e-01 -6.799683170985768577e-01 -6.698156131539652058e-01 -7.467382635942025892e-01 -7.555730795242880937e-01 -7.564442221668659094e-01 -7.402066045161976859e-01
-7.897968909199617471e-01 -7.899175076470794643e-01 -8.148905093665905763e-01 -7.622433053699841921e-01 -7.461519347541805125e-01 -7.426249163440785672e-01 -7.398643654633547673e-01
-7.231368050048274654e-01 -7.434902358260238042e-01 -7.255633912577752476e-01 -7.536485506029828585e-01 -7.512048761493557159e-01 -7.451797444552341609e-01 -7.481464394060173273e-01
-7.381787737593163978e-01 -6.686334248974186156e-01 -8.092845480803965152e-01 -7.572901331113532919e-01 -7.448544424148269005e-01 -7.400978283419719084e-01 -7.457884554981155656e-01
-6.678831383230032781e-01 -6.277513445888871502e-01 -7.815125074749993406e-01 -7.482797021861202769e-01 -7.444105403404330801e-01 -7.299712541793261789e-01 -7.279999263641407925e-01
-6.949466681127547396e-01 -7.216096390335500210e-01 -7.277372570188962442e-01 -7.460989889668647734e-01 -7.461138353310794447e-01 -7.443560620368145919e-01 -7.461129810918349925e-01
-8.439820435250597885e-01 -7.898254222480183273e-01 -7.237814735382472886e-01 -7.520175453642146124e-01 -7.387210910698100985e-01 -7.389188476669010797e-01 -7.496116798374601320e-01
-7.435618221735897926e-01 -7.873788779191366327e-01 -6.898762189798544053e-01 -7.850684948759070192e-01 -7.619705206902791517e-01 -7.443264022810793801e-01 -7.455299040668932342e-01
-7.371323386489037066e-01 -6.766622534967727809e-01 -7.222951032851134823e-01 -7.576701492854487352e-01 -7.372388669529090777e-01 -7.538074178011846538e-01 -7.441293037645082542e-01
-8.611687040659374848e-01 -7.590322073618036569e-01 -7.613978620385339902e-01 -7.678492223053523524e-01 -7.566676600395103591e-01 -7.411206240262189215e-01 -7.507907732015624003e-01
-7.204166951733255164e-01 -7.968392896326614849e-01 -7.690864184268879633e-01 -7.186789293378761379e-01 -7.215502700657241419e-01 -7.414496898261462299e-01 -7.485925930706196496e-01
-6.764117773177760196e-01 -6.698876086041265498e-01 -7.688915440850274674e-01 -7.296294484131047309e-01 -7.476461316860838480e-01 -7.412906705379282979e-01 -7.430596672886360388e-01
-7.433657478922410800e-01 -7.672703426344593680e-01 -7.442386761257075989e-01 -7.736148389932673286e-01 -7.412197225674284073e-01 -7.412159628502230646e-01 -7.408641769142996214e-01
-7.586140937306788956e-01 -7.829836092376956103e-01 -7.452814254561765939e-01 -7.803200302843342762e-01 -7.439379540520763001e-01 -7.474431218401120791e-01 -7.456273967693940463e-01
-7.486964492940131333e-01 -7.259727457170273013e-01 -7.692529988382281747e-01 -7.483124910102114669e-01 -7.333778510192068278e-01 -7.400067266538157273e-01 -7.365349156066851588e-01
-5.663258371948054481e-01 -7.767310685812816029e-01 -7.780771139985118712e-01 -7.318809140956290538e-01 -7.562444550907752028e-01 -7.462329808693093369e-01 -7.381142018985871189e-01
-6.876610346557172626e-01 -7.511890048733307346e-01 -6.887146282487206506e-01 -7.493982386746345092e-01 -7.413312558916720363e-01 -7.402068140983015798e-01 -7.480297993784974508e-01
-6.606490334270400666e-01 -7.009331427261822345e-01 -8.078049403782281424e-01 -7.321511616642313314e-01 -7.233991792336385007e-01 -7.457749132166995309e-01 -7.321571999565257283e-01
-8.022961898537186443e-01 -7.614693422362777131e-01 -6.746568202759495314e-01 -7.491868184331098579e-01 -7.517933408579504651e-01 -7.418214599980885726e-01 -7.403252479680832998e-01
