(-0.7463222967902247+0j)
-6.925230293861722730e-01 -7.652514315343605933e-01 -7.463169339407891290e-01 -7.674344235562589045e-01 -7.363799356698088605e-01 -7.495060797360396654e-01 -7.452005769209626429e-01
-7.935362677956984134e-01 -7.830595246315262825e-01 -7.453321562201620232e-01 -7.332297814475698949e-01 -7.391613806332439918e-01 -7.428303568387947253e-01 -7.449100679346432052e-01
-6.603747724163616661e-01 -7.167379994860343384e-01 -7.464887961941897299e-01 -7.262325781463403462e-01 -7.453032206790713987e-01 -7.469501122326031028e-01 -7.461346522621441490e-01
-7.603073543907421517e-01 -8.026784685599323010e-01 -7.096358213163038720e-01 -7.468454520862841672e-01 -7.444914906810631283e-01 -7.447330431816273633e-01 -7.461912564701637107e-01
-8.426397452339744465e-01 -7.271362701223191838e-01 -7.459385872533486062e-01 -7.597102142819595061e-01 -7.475672044344218170e-01 -7.453963632654485583e-01 -7.437269553394938448e-01
-7.092557255615874467e-01 -7.427776125014367015e-01 -7.744789430728105106e-01 -7.471106173451000920e-01 -7.463127405404966774e-01 -7.433516150507136766e-01 -7.443900375339559394e-01
-6.941448982659215172e-01 -7.252015136669145434e-01 -7.434989080179534859e-01 -7.489763452706442726e-01 -7.572068017920429162e-01 -7.524722049188528050e-01 -7.473328838495741921e-01
-7.746903993752030093e-01 -7.377162437536035622e-01 -7.355801645477884065e-01 -7.433412776031985691e-01 -7.483396110448119476e-01 -7.448805964996283446e-01 -7.467188486555504934e-01
-8.453300047211156354e-01 -7.198828716017089402e-01 -7.281512949373336596e-01 -7.242867599773001874e-01 -7.543394534919696248e-01 -7.510859593755883079e-01 -7.470748281350176878e-01
-7.189237712587188689e-01 -7.915743773307208908e-01 -7.205319328663670753e-01 -7.394572257188840592e-01 -7.479355640778959646e-01 -7.512020600577993257e-01 -7.466122808922777132e-01
-8.247490411391118492e-01 -7.622460130665940081e-01 -7.246272345002227055e-01 -7.612406924624793847e-01 -7.413313982999472085e-01 -7.474197021357253945e-01 -7.455064605632321095e-01
-6.769251740222328451e-01 -6.798459862709149704e-01 -7.394242048282493318e-01 -7.353744515826021733e-01 -7.518695928719203447e-01 -7.516446450132712176e-01 -7.493257605338871086e-01
-7.316469888893144535e-01 -7.405888728265899168e-01 -7.578240494868115906e-01 -7.351013499856432487e-01 -7.498825126104021743e-01 -7.448552660134315495e-01 -7.445810327966861930e-01
-8.082738757291698661e-01 -7.252472591779470790e-01 -7.352864758177737325e-01 -7.350169722814294815e-01 -7.474521605807683544e-01 -7.415965957141390508e-01 -7.481085552580710729e-01
-6.880087584042845483e-01 -7.120844304500000277e-01 -7.483655136598078572e-01 -7.435324745576263883e-01 -7.365680915725218991e-01 -7.481156582823171863e-01 -7.462730777360134793e-01
-7.541662382532305919e-01 -7.680747907328664414e-01 -7.269702636424686393e-01 -7.570191397736167893e-01 -7.471126682924502660e-01 -7.487015023331322627e-01 -7.464375689688050874e-01
-7.712592234240682743e-01 -7.410543599472168008e-01 -7.324822761711458075e-01 -7.578384388772598790e-01 -7.421612742707740518e-01 -7.469421872378037008e-01 -7.471075392776800328e-01
-8.064264542226512456e-01 -7.067398450971279500e-01 -7.272209144264563108e-01 -7.564034035306383963e-01 -7.541139536991098291e-01 -7.479884299694341543e-01 -7.440627353033593128e-01
-6.339381557463577010e-01 -7.023618931166620838e-01 -7.372047827890348959e-01 -7.575632516050221366e-01 -7.381583890086553801e-01 -7.438453380845426732e-01 -7.463468923094531693e-01
-7.138842708306410989e-01 -7.598219330828411833e-01 -7.638871200633121639e-01 -7.406477854305897335e-01 -7.598108022910167181e-01 -7.527680306430222235e-01 -7.496560823948845709e-01
-7.677335408277867757e-01 -7.616737430137151543e-01 -7.436694308634430595e-01 -7.510972318231696754e-01 -7.376640774152665170e-01 -7.471604627759250716e-01 -7.425061915820410086e-01
-6.869836258541179852e-01 -7.487950085402155231e-01 -6.844488435040212426e-01 -7.463132900234458189e-01 -7.449950910649481006e-01 -7.430255679908434052e-01 -7.478168429605251966e-01
-7.329192710959275825e-01 -8.005125333395963771e-01 -7.358643263519146771e-01 -7.479120047127630899e-01 -7.563171746920611671e-01 -7.465647274379851872e-01 -7.445431437162938204e-01
-7.879722389002475902e-01 -8.044681844681784710e-01 -7.529618413143658318e-01 -7.500489027649825946e-01 -7.524452397703051965e-01 -7.531280079835188657e-01 -7.420125448981196303e-01
-7.845226292132155832e-01 -6.909033789511089818e-01 -7.189390554695636038e-01 -7.596169537198791399e-01 -7.505982930847056034e-01 -7.439962404976540045e-01 -7.449285254475854767e-01
-6.042917273977144177e-01 -7.692689887872233845e-01 -7.746997627577617562e-01 -7.585191893225475823e-01 -7.405523974993912795e-01 -7.472722942455423123e-01 -7.469904602383854453e-01
-7.160870919994908324e-01 -7.526041360736890340e-01 -7.109812869070418762e-01 -7.530266842244446313e-01 -7.449036959147107284e-01 -7.478315770092568426e-01 -7.448504489770368941e-01
-7.189793267554120959e-01 -7.361853125977864121e-01 -7.483083296486745528e-01 -7.519992488999532876e-01 -7.482097530736755431e-01 -7.468657453682436831e-01 -7.448909375307564140e-01
-7.765575015809574877e-01 -8.009061189309200079e-01 -7.439018992773787087e-01 -7.548500887760376532e-01 -7.548995618296541199e-01 -7.468142195160405450e-01 -7.447208490046914875e-01
-7.391493351783915422e-01 -7.393834493073703218e-01 -7.524278818283477444e-01 -7.319626459904224891e-01 -7.465418725914256814e-01 -7.449332775183186151e-01 -7.425938891482497528e-01
-7.396511546128095027e-01 -7.966401294908769248e-01 -7.313873550472962393e-01 -7.389981070409131769e-01 -7.459430344936093249e-01 -7.406745362182396430e-01 -7.455644685501991997e-01
-7.475438517055712495e-01 -7.503275224241150454e-01 -7.129426694345838422e-01 -7.425402253401782726e-01 -7.415796997471022500e-01 -7.436597848013337675e-01 -7.445597450093472958e-01
-7.866122557120204251e-01 -7.514381638850771150e-01 -7.640877011604849667e-01 -7.402911484762154659e-01 -7.551766682259746233e-01 -7.485325202325314731e-01 -7.442007839790047985e-01
-8.597895328648434976e-01 -7.378299952687115137e-01 -7.315044138406425756e-01 -7.665897961487766477e-01 -7.415952615954835014e-01 -7.461314891788433101e-01 -7.479922630174906661e-01
-6.822995250883712171e-01 -7.231362031522197142e-01 -7.570253755110090133e-01 -7.490903392032457475e-01 -7.565451973867448610e-01 -7.493489444378607089e-01 -7.457776346817830415e-01
-8.278297067610069782e-01 -7.844134896739703988e-01 -7.375345090675374804e-01 -7.516891895696489190e-01 -7.451348124243428739e-01 -7.459560606058232013e-01 -7.460565998444934621e-01
-6.389015832651862015e-01 -8.153174472600674960e-01 -7.595340736671121196e-01 -7.423959374988063908e-01 -7.410372648368688253e-01 -7.468869201487464693e-01 -7.479130556601696345e-01
-8.568199782363350447e-01 -6.772216588159034600e-01 -7.712095922354806898e-01 -7.293879687333156836e-01 -7.613352911412197832e-01 -7.423260182304101118e-01 -7.453464553788049507e-01
-6.442759343313246845e-01 -7.856956555875171944e-01 -7.292494014081158937e-01 -7.588410141205185200e-01 -7.479154857799432676e-01 -7.502499055659594962e-01 -7.445537564639931327e-01
-7.078994400741822624e-01 -7.149871732052860418e-01 -7.329163014076063298e-01 -7.516574996659882713e-01 -7.363902223453867579e-01 -7.517392501963426898e-01 -7.477889371818469133e-01
-7.604957852567160170e-01 -7.448549317177369788e-01 -7.494434264282905378e-01 -7.476646079485883556e-01 -7.381226242380501956e-01 -7.407928683372548839e-01 -7.423606679351382187e-01
-7.726760090723270302e-01 -7.681133511667560532e-01 -7.338625630513557763e-01 -7.383139535548466359e-01 -7.436202156958429121e-01 -7.445859863217766383e-01 -7.454881900664696026e-01
-6.843694708879402011e-01 -6.866565091761676065e-01 -7.554731024524403704e-01 -7.558367528656715351e-01 -7.497177229978193580e-01 -7.438654346012617546e-01 -7.469594467455458187e-01
-7.254552935309841466e-01 -7.336428241890484703e-01 -7.474439279160522975e-01 -7.792358751722615606e-01 -7.523478303301374126e-01 -7.446168971212860921e-01 -7.470925258911602640e-01
-8.129024209982235183e-01 -7.079862812118824511e-01 -7.414454465822171159e-01 -7.401894649215186028e-01 -7.368222627826981341e-01 -7.470740625937154489e-01 -7.465310339351434177e-01
-7.185683715963877560e-01 -7.496128775598580596e-01 -7.212114238919398179e-01 -7.549934762144889788e-01 -7.472200281770576824e-01 -7.482105820468549773e-01 -7.443424299149081769e-01
-7.628450261976525981e-01 -7.407949431945778374e-01 -7.571364892869535401e-01 -7.387878344249678708e-01 -7.481760301994228035e-01 -7.528443905680100023e-01 -7.486257061086079023e-01
-8.185757795166793693e-01 -7.758975484495798103e-01 -7.263295455929282829e-01 -7.425320043164060912e-01 -7.541433497368831285e-01 -7.413941248626733094e-01 -7.476498565384955830e-01
-8.678480071216936320e-01 -7.049667200589835314e-01 -7.506973733263637705e-01 -7.526536626842111888e-01 -7.458986474038946657e-01 -7.466956794430830158e-01 -7.457504235796091896e-01
-7.338510570215024398e-01 -6.856354612011317240e-01 -7.429605859316978922e-01 -7.457740380636990185e-01 -7.410202633934683814e-01 -7.479935829730436359e-01 -7.459569985477140230e-01
