(-0.7463222967902247+0j)
-7.405485213705260694e-01 -7.790064141525260277e-01 -7.438026014565186639e-01 -7.428161258583938498e-01 -7.346936777047470279e-01 -7.420856172832778208e-01 -7.453927971879620307e-01
-6.800366316993522453e-01 -7.113621016896087834e-01 -7.550658902097917569e-01 -7.506520032742740600e-01 -7.503629877959206995e-01 -7.451106734702248602e-01 -7.453332303663382508e-01
-6.718503740279875291e-01 -6.682722255659874211e-01 -7.270808869230893645e-01 -7.278597637519593766e-01 -7.345026154094569382e-01 -7.408957557450412956e-01 -7.451283579600739282e-01
-7.239370516781148401e-01 -7.668577273323912147e-01 -7.392420873317057106e-01 -7.347744220851909480e-01 -7.439828010703626315e-01 -7.464680209323806270e-01 -7.472102009250736199e-01
-7.392179303621650988e-01 -7.114813228562866243e-01 -7.365615526049257289e-01 -7.703830714699695381e-01 -7.500096656411689988e-01 -7.501712542161849129e-01 -7.489401903941141914e-01
-7.655530997025450368e-01 -7.509543157562499349e-01 -7.630008370863147205e-01 -7.523034346528563177e-01 -7.511824854745342561e-01 -7.443948178857840992e-01 -7.444808634347290788e-01
-7.035139873344318229e-01 -7.576783422060071604e-01 -7.230157366744227598e-01 -7.381445200611091995e-01 -7.417201108294151357e-01 -7.482967086578878879e-01 -7.490057311073472501e-01
-7.239744798025500305e-01 -7.419991258168469050e-01 -7.451225002990069513e-01 -7.142106437280293374e-01 -7.488727261377209343e-01 -7.502970943520060887e-01 -7.439259749302631342e-01
-7.381834596655864056e-01 -7.719544602493895180e-01 -7.432760297111200565e-01 -7.540087113725155721e-01 -7.488465751478330379e-01 -7.445286140417943788e-01 -7.417862884625368025e-01
-6.984192341083090838e-01 -8.022177125279955634e-01 -7.706916397534191443e-01 -7.791367809995608518e-01 -7.579938500305444249e-01 -7.490313919105338059e-01 -7.462073007662519686e-01
-7.434466139906210636e-01 -7.780871599646196346e-01 -7.812289294327864342e-01 -7.629236799906659039e-01 -7.473689643608278921e-01 -7.457113966956299134e-01 -7.457205545967313665e-01
-7.006199544079889652e-01 -7.964141653062207782e-01 -7.488622900004358041e-01 -7.484403113345241554e-01 -7.548385827372836587e-01 -7.461004478859158962e-01 -7.498859962278148217e-01
-7.129878169193875070e-01 -7.474788671032532861e-01 -7.669971446574409546e-01 -7.440440182415903880e-01 -7.533668443289225358e-01 -7.446119061421114793e-01 -7.440114924574472433e-01
-6.535427964527414924e-01 -7.430653537018612198e-01 -7.434267153295515129e-01 -7.518162370080820889e-01 -7.497373756128482558e-01 -7.498112096331797094e-01 -7.481185535004055698e-01
-7.467748192368497406e-01 -7.283940417614768181e-01 -7.197062146608719235e-01 -7.392868599538509056e-01 -7.499027830523417038e-01 -7.475550983334207089e-01 -7.497331234435922198e-01
-6.384102477618572857e-01 -6.981746400223216575e-01 -7.371886757115700961e-01 -7.665520453614975693e-01 -7.602798117131812639e-01 -7.501540611030064198e-01 -7.480212799811969404e-01
-6.450921100454457546e-01 -7.406246280592637676e-01 -7.678115068361401896e-01 -7.585914133491451494e-01 -7.657611955304292062e-01 -7.541941361848616410e-01 -7.479390265450454045e-01
-6.245313098707273580e-01 -7.667249001193681135e-01 -7.253036412529237920e-01 -7.526427819956441612e-01 -7.461229742788269004e-01 -7.426810615293266693e-01 -7.437897183915552768e-01
-6.901440356688453015e-01 -7.429927081761082963e-01 -7.526708832291348905e-01 -7.758587057926791264e-01 -7.529506590283798761e-01 -7.482829286807455293e-01 -7.470696028369765429e-01
-7.498047229112647649e-01 -7.341053794308413094e-01 -7.433507311677532980e-01 -7.539848539924977056e-01 -7.483396731837630433e-01 -7.467874884833026750e-01 -7.477493133049870622e-01
-6.659687720065393668e-01 -6.806194117982469205e-01 -7.127753671525333123e-01 -7.557067351655616383e-01 -7.510547734125747610e-01 -7.489035600122917469e-01 -7.456919073401202525e-01
-6.630912700507465285e-01 -7.295184959308340655e-01 -7.668066017925299072e-01 -7.564670861958810999e-01 -7.401048156977225734e-01 -7.445725606996567159e-01 -7.460515063222772358e-01
-6.891160279903805197e-01 -7.133598085109561504e-01 -7.422852567741375918e-01 -7.623538265256564195e-01 -7.508786378001646167e-01 -7.469231356972128033e-01 -7.443706828333462866e-01
-6.806421728522689119e-01 -7.109060576144441423e-01 -6.740024625788720858e-01 -7.399247832167403782e-01 -7.449879463148358916e-01 -7.463852195113849231e-01 -7.441273448967553605e-01
-6.873131128160325787e-01 -7.398026852095267447e-01 -7.765097170977312002e-01 -7.548563275728871202e-01 -7.470217522991056125e-01 -7.454298324096324535e-01 -7.453736648103379547e-01
-7.036060461214410644e-01 -7.320782884381284994e-01 -6.918921889519559221e-01 -7.530671332001955820e-01 -7.549217159245067421e-01 -7.525057603724373267e-01 -7.494844386942692838e-01
-6.768182968112328446e-01 -7.341063709046071750e-01 -7.096324845729453656e-01 -7.391485294954063257e-01 -7.429304899564095344e-01 -7.436394184859371759e-01 -7.441429789535859429e-01
-7.245586396417920128e-01 -6.755475393399179573e-01 -7.406365293254442150e-01 -7.290465816970763679e-01 -7.386634847506821089e-01 -7.419553472448686682e-01 -7.458204130754750860e-01
-6.422210458418244894e-01 -7.021448931035050300e-01 -7.044824710053934069e-01 -7.296702175110354460e-01 -7.284009026298560174e-01 -7.376024829906282498e-01 -7.417702927179398165e-01
-6.351159657876750408e-01 -7.174853818914511683e-01 -7.199731360853454110e-01 -7.564557080686338253e-01 -7.501969995367565591e-01 -7.510335618772305821e-01 -7.466233158578927664e-01
-7.219458811558350231e-01 -7.344980447866082951e-01 -7.135669785605741611e-01 -7.369905207234472844e-01 -7.489200448388009246e-01 -7.472311357524791253e-01 -7.453000046347117991e-01
-7.498328174732775686e-01 -6.819631364364221460e-01 -6.975356391619788043e-01 -7.315610674707315741e-01 -7.492529532313705332e-01 -7.471781291644068457e-01 -7.451668546842792340e-01
-5.864214129191323011e-01 -7.598002935241856548e-01 -7.663352002652339401e-01 -7.553675863991491379e-01 -7.453168566793820782e-01 -7.465239120475486434e-01 -7.468679369274711100e-01
-6.677336689873065723e-01 -6.884274149814126886e-01 -7.375598128280791421e-01 -7.478719799755180198e-01 -7.509884594600593211e-01 -7.460754622198655373e-01 -7.489450613741890361e-01
-7.436224152039403457e-01 -7.660447048439199547e-01 -7.256626721167755978e-01 -7.568205533440189869e-01 -7.536585701532458881e-01 -7.440684554092584779e-01 -7.460240890873595099e-01
-6.554727139949106940e-01 -6.971432575283817989e-01 -7.014059569543389383e-01 -7.413478675764058057e-01 -7.442377199419907274e-01 -7.510981868953610086e-01 -7.487414459930604727e-01
-6.664386902582992711e-01 -7.195068430720900077e-01 -6.973194363802763807e-01 -7.506853593957055759e-01 -7.531912119774155645e-01 -7.437298216378409599e-01 -7.445860671178082812e-01
-6.860732802363217475e-01 -7.535848532262638955e-01 -7.413051864349405884e-01 -7.575077490750178333e-01 -7.438777643962910524e-01 -7.487829397235826745e-01 -7.450691733055432309e-01
-7.254416673103657454e-01 -7.116020602734109968e-01 -7.513705170094112651e-01 -7.364016786817504379e-01 -7.473818885750427299e-01 -7.423273726228662994e-01 -7.473562488977947282e-01
-7.351637039185954237e-01 -7.866030384458476687e-01 -7.525296838066939387e-01 -7.367973213746594752e-01 -7.473185334502430166e-01 -7.524416694561462116e-01 -7.477251813704823835e-01
-6.514181362559923194e-01 -6.724618169699024817e-01 -7.238944418317265761e-01 -7.436081409812556053e-01 -7.474177996229314225e-01 -7.449453408244726127e-01 -7.472638399202072845e-01
-5.758017803379398281e-01 -6.973194026728765094e-01 -7.147852545284956172e-01 -7.388021269700305593e-01 -7.392828390868698696e-01 -7.402799210702938337e-01 -7.451003820463233396e-01
-5.819922455925834459e-01 -7.317795349522668857e-01 -7.428887309965626073e-01 -7.312995859732505100e-01 -7.434088751178138388e-01 -7.487264455852126188e-01 -7.496216318442390225e-01
-6.957750346802102914e-01 -7.236669626343827932e-01 -7.488332686761191015e-01 -7.484559548640756788e-01 -7.522607530277818366e-01 -7.481613564992299903e-01 -7.478457612146938160e-01
-6.434310415739583622e-01 -7.392811553780542777e-01 -7.091853240740080278e-01 -7.366140483927932081e-01 -7.435166366217456080e-01 -7.437607678917450560e-01 -7.441024283169372922e-01
-7.274558112593696446e-01 -7.532511958001313346e-01 -7.361572964041942502e-01 -7.348975432789558448e-01 -7.247693160376993404e-01 -7.360478376739052475e-01 -7.436323980575925141e-01
-7.907241974359859871e-01 -7.588603676714918977e-01 -7.499374028577324713e-01 -7.706465260207342460e-01 -7.496208148309662089e-01 -7.494663629353233159e-01 -7.447789941230963384e-01
-6.253656365180579879e-01 -7.463650745646877027e-01 -7.377502783708894674e-01 -7.448528622365483409e-01 -7.585582221831694838e-01 -7.455206995115293278e-01 -7.465993727699096194e-01
-7.394606236309879677e-01 -7.381116495545063660e-01 -7.364291822618814765e-01 -7.416258613502539898e-01 -7.529690607562569138e-01 -7.507651676133831886e-01 -7.486588625562066168e-01
-5.988061923660856767e-01 -7.414847936310766663e-01 -8.067821537600623483e-01 -7.652265226324090897e-01 -7.421503977871506397e-01 -7.420646915712006964e-01 -7.423608666576395620e-01
